      50   1.874548302E-12
      51   1.553361257E-12
      52   1.494743851E-12
      53   1.439382967E-12
      54   1.387041769E-12
      55   1.337504563E-12
      56   5.609956621E-13
      57   5.416509841E-13
      58   5.232899337E-13
      59   5.058469360E-13
      60   4.892617905E-13
      61   5.289137146E-13
      62   5.121228030E-13
      63   4.961189654E-13
      64   4.808537665E-13
      65   4.662824402E-13
      66   1.054182094E-12
      67   1.023176738E-12
      68   9.935194415E-13
      69   9.651331717E-13
      70   9.379463218E-13
      71   5.351691339E-13
      72   5.205069659E-13
      73   5.064392100E-13
      74   4.929341644E-13
      75   4.799622128E-13
      76   9.676145027E-13
      77   9.428038744E-13
      78   9.189354219E-13
      79   8.959620363E-13
      80   8.738395169E-13
      81   1.174409114E-12
      82   1.146110100E-12
      83   1.118821764E-12
      84   1.092496546E-12
      85   1.067089650E-12
      86   1.285789411E-12
      87   1.256566924E-12
      88   1.228329465E-12
      89   1.201033255E-12
      90   1.174636920E-12
      91   2.470780234E-12
      92   2.417645175E-12
      93   2.366205916E-12
      94   2.316391055E-12
      95   2.268132908E-12
      96   2.053230897E-12
      97   2.011328225E-12
      98   1.970695332E-12
      99   1.931281425E-12
     100   1.893038229E-12
     101   2.107557367E-12
     102   2.066633923E-12
     103   2.026890963E-12
     104   1.988283516E-12
     105   1.950768733E-12
     106   2.173267755E-12
     107   2.133022056E-12
     108   2.093884037E-12
     109   2.055813418E-12
     110   2.018771735E-12
     111   2.074167330E-12
     112   2.037456404E-12
     113   2.001711554E-12
     114   1.966899179E-12
     115   1.932987125E-12
     116   1.768830151E-12
     117   1.738849979E-12
     118   1.709625609E-12
     119   1.681131849E-12
     120   1.653344546E-12
     121   1.411584262E-12
     122   1.388631672E-12
     123   1.366234387E-12
     124   1.344374637E-12
     125   1.323035357E-12
     126   1.134924560E-12
     127   1.117191364E-12
     128   1.099870568E-12
     129   1.082949482E-12
     130   1.066415902E-12
     131   1.145016716E-12
     132   1.127798419E-12
     133   1.110965607E-12
     134   1.094506857E-12
     135   1.078411168E-12
     136   6.514867352E-13
     137   6.420448984E-13
     138   6.328068423E-13
     139   6.237667446E-13
     140   6.149189894E-13
     141   0.000000000E+00
     142   0.000000000E+00
     143   0.000000000E+00
     144   0.000000000E+00
     145   0.000000000E+00
     146   4.407713032E-13
     147   4.348149342E-13
     148   4.289784922E-13
     149   4.232587789E-13
     150   4.176527024E-13
     151   2.167979366E-14
     152   2.139639766E-14
     153   2.111852237E-14
     154   2.084602531E-14
     155   2.057876857E-14
     156   3.284636666E-13
     157   3.243058986E-13
     158   3.202265792E-13
     159   3.162237469E-13
     160   3.122955016E-13
     161   5.491901377E-13
     162   5.424516084E-13
     163   5.358363449E-13
     164   5.293413589E-13
     165   5.229637522E-13
     166   1.614683548E-13
     167   1.595461125E-13
     168   1.576579928E-13
     169   1.558031929E-13
     170   1.539809333E-13
     171   2.190442742E-13
     172   2.165119704E-13
     173   2.140233271E-13
     174   2.115773462E-13
     175   2.091730582E-13
     176   1.150248737E-12
     177   1.137324594E-12
     178   1.124617056E-12
     179   1.112121311E-12
     180   1.099832678E-12
     181   5.014088753E-13
     182   4.959289969E-13
     183   4.905384643E-13
     184   4.852353458E-13
     185   4.800177614E-13
     186   1.657359478E-12
     187   1.639727995E-12
     188   1.622376376E-12
     189   1.605298729E-12
     190   1.588489319E-12
     191   1.264927572E-12
     192   1.251819515E-12
     193   1.238914159E-12
     194   1.226207347E-12
     195   1.213695027E-12
     196   1.887315657E-12
     197   1.868251862E-12
     198   1.849475462E-12
     199   1.830980707E-12
     200   1.812761994E-12
     201   1.708336533E-12
     202   1.691505631E-12
     203   1.674922243E-12
     204   1.658581538E-12
     205   1.642478804E-12
     206   0.000000000E+00
     207   0.000000000E+00
     208   0.000000000E+00
     209   0.000000000E+00
     210   0.000000000E+00
     211   0.000000000E+00
     212   0.000000000E+00
     213   0.000000000E+00
     214   0.000000000E+00
     215   0.000000000E+00
     216   0.000000000E+00
     217   0.000000000E+00
     218   0.000000000E+00
     219   0.000000000E+00
     220   0.000000000E+00
     221   0.000000000E+00
     222   0.000000000E+00
     223   0.000000000E+00
     224   0.000000000E+00
     225   0.000000000E+00
     226   0.000000000E+00
     227   0.000000000E+00
     228   0.000000000E+00
     229   0.000000000E+00
     230   0.000000000E+00
     231   0.000000000E+00
     232   0.000000000E+00
     233   0.000000000E+00
     234   0.000000000E+00
     235   0.000000000E+00
     236   0.000000000E+00
     237   0.000000000E+00
     238   0.000000000E+00
     239   0.000000000E+00
     240   0.000000000E+00
     241   0.000000000E+00
     242   0.000000000E+00
     243   0.000000000E+00
     244   0.000000000E+00
     245   0.000000000E+00
     246   0.000000000E+00
     247   0.000000000E+00
     248   0.000000000E+00
     249   0.000000000E+00
     250   0.000000000E+00
     251   2.727058222E-12
     252   2.705500450E-12
     253   2.684197297E-12
     254   2.663144769E-12
     255   2.642338950E-12
     256   6.143150137E-12
     257   6.095528818E-12
     258   6.048459098E-12
     259   6.001932489E-12
     260   5.955940669E-12
     261   3.706362064E-11
     262   3.678176801E-11
     263   3.650311825E-11
     264   3.622762302E-11
     265   3.595523488E-11
     266   3.947539309E-11
     267   3.918080060E-11
     268   3.888949353E-11
     269   3.860142321E-11
     270   3.831654186E-11
     271   8.409239787E-11
     272   8.347633635E-11
     273   8.286702003E-11
     274   8.226435079E-11
     275   8.166823231E-11
     276   8.923776439E-11
     277   8.859576608E-11
     278   8.796067099E-11
     279   8.733238048E-11
     280   8.671079770E-11
     281   6.854803929E-10
     282   6.806360085E-10
     283   6.758427971E-10
     284   6.711000407E-10
     285   6.664070334E-10
     286   1.219542248E-09
     287   1.211073204E-09
     288   1.202692075E-09
     289   1.194397647E-09
     290   1.186188728E-09
     291   1.918199205E-09
     292   1.905105695E-09
     293   1.892145792E-09
     294   1.879317685E-09
     295   1.866619593E-09
     296   2.524718500E-09
     297   2.507774081E-09
     298   2.490999672E-09
     299   2.474393008E-09
     300   2.457951858E-09
     301   3.331019968E-09
     302   3.309033037E-09
     303   3.287263083E-09
     304   3.265707260E-09
     305   3.244362768E-09
     306   5.665001481E-09
     307   5.628215757E-09
     308   5.591787176E-09
     309   5.555711129E-09
     310   5.519983084E-09
     311   5.485687360E-09
     312   5.450635044E-09
     313   5.415917624E-09
     314   5.381530845E-09
     315   5.347470523E-09
     316   6.341462907E-09
     317   6.301579492E-09
     318   6.262071157E-09
     319   6.222933212E-09
     320   6.184161042E-09
     321   7.914000235E-09
     322   7.864997137E-09
     323   7.816447772E-09
     324   7.768346555E-09
     325   7.720687987E-09
     326   8.358998828E-09
     327   8.308029323E-09
     328   8.257524585E-09
     329   8.207478982E-09
     330   8.157886964E-09
     331   1.033639032E-08
     332   1.027430989E-08
     333   1.021278708E-08
     334   1.015181522E-08
     335   1.009138775E-08
     336   1.035405289E-08
     337   1.029278631E-08
     338   1.023206190E-08
     339   1.017187330E-08
     340   1.011221422E-08
     341   1.306789419E-08
     342   1.299169655E-08
     343   1.291616343E-08
     344   1.284128712E-08
     345   1.276706003E-08
     346   1.486518102E-08
     347   1.477974895E-08
     348   1.469505124E-08
     349   1.461107952E-08
     350   1.452782551E-08
     351   1.378950754E-08
     352   1.371138002E-08
     353   1.363391459E-08
     354   1.355710381E-08
     355   1.348094030E-08
     356   1.754748170E-08
     357   1.744945108E-08
     358   1.735223965E-08
     359   1.725583832E-08
     360   1.716023811E-08
     361   1.579608114E-08
     362   1.570905039E-08
     363   1.562273693E-08
     364   1.553713289E-08
     365   1.545223052E-08
     366   2.172482782E-08
     367   2.160675810E-08
     368   2.148964830E-08
     369   2.137348804E-08
     370   2.125826708E-08
     371   2.033134164E-08
     372   2.022232641E-08
     373   2.011418562E-08
     374   2.000690997E-08
     375   1.990049023E-08
     376   2.238739783E-08
     377   2.226894599E-08
     378   2.215143176E-08
     379   2.203484528E-08
     380   2.191917680E-08
     381   2.587267236E-08
     382   2.573756702E-08
     383   2.560351719E-08
     384   2.547051190E-08
     385   2.533854034E-08
     386   2.406484092E-08
     387   2.394079534E-08
     388   2.381770642E-08
     389   2.369556434E-08
     390   2.357435941E-08
     391   2.973564013E-08
     392   2.958431371E-08
     393   2.943413953E-08
     394   2.928510591E-08
     395   2.913720134E-08
     396   2.921430870E-08
     397   2.906750313E-08
     398   2.892180136E-08
     399   2.877719235E-08
     400   2.863366521E-08
     401   3.363273786E-08
     402   3.346582601E-08
     403   3.330015360E-08
     404   3.313570840E-08
     405   3.297247831E-08
     406   3.712131469E-08
     407   3.693934746E-08
     408   3.675871495E-08
     409   3.657940415E-08
     410   3.640140218E-08
     411   3.762661704E-08
     412   3.744440582E-08
     413   3.726351497E-08
     414   3.708393176E-08
     415   3.690564363E-08
     416   4.202032075E-08
     417   4.181926658E-08
     418   4.161965194E-08
     419   4.142146313E-08
     420   4.122468658E-08
     421   4.435973034E-08
     422   4.414999166E-08
     423   4.394173698E-08
     424   4.373495234E-08
     425   4.352962393E-08
     426   4.826682726E-08
     427   4.804128134E-08
     428   4.781731266E-08
     429   4.759490655E-08
     430   4.737404852E-08
     431   5.194189441E-08
     432   5.170197804E-08
     433   5.146372007E-08
     434   5.122710527E-08
     435   5.099211855E-08
     436   5.801387826E-08
     437   5.774897471E-08
     438   5.748588143E-08
     439   5.722458197E-08
     440   5.696506005E-08
     441   5.969920729E-08
     442   5.942968491E-08
     443   5.916198362E-08
     444   5.889608707E-08
     445   5.863197905E-08
     446   6.721304514E-08
     447   6.691298690E-08
     448   6.661493351E-08
     449   6.631886714E-08
     450   6.602477016E-08
     451   7.043329743E-08
     452   7.012233364E-08
     453   6.981342468E-08
     454   6.950655249E-08
     455   6.920169919E-08
     456   7.738426292E-08
     457   7.704634037E-08
     458   7.671062647E-08
     459   7.637710201E-08
     460   7.604574799E-08
     461   8.489642868E-08
     462   8.452970545E-08
     463   8.416535327E-08
     464   8.380335175E-08
     465   8.344368071E-08
     466   8.478733495E-08
     467   8.442499591E-08
     468   8.406497460E-08
     469   8.370725131E-08
     470   8.335180650E-08
     471   1.049666190E-07
     472   1.045227856E-07
     473   1.040817611E-07
     474   1.036435221E-07
     475   1.032080452E-07
     476   1.029411170E-07
     477   1.025104010E-07
     478   1.020823827E-07
     479   1.016570394E-07
     480   1.012343490E-07
     481   1.187855763E-07
     482   1.182937105E-07
     483   1.178048935E-07
     484   1.173191002E-07
     485   1.168363055E-07
     486   1.194688904E-07
     487   1.189792638E-07
     488   1.184926410E-07
     489   1.180089976E-07
     490   1.175283092E-07
     491   1.240625898E-07
     492   1.235592933E-07
     493   1.230590533E-07
     494   1.225618450E-07
     495   1.220676440E-07
     496   1.496934204E-07
     497   1.490922420E-07
     498   1.484946779E-07
     499   1.479006992E-07
     500   1.473102773E-07
     501   1.412238161E-07
     502   1.406622900E-07
     503   1.401041063E-07
     504   1.395492385E-07
     505   1.389976605E-07
     506   1.645191394E-07
     507   1.638714263E-07
     508   1.632275307E-07
     509   1.625874228E-07
     510   1.619510728E-07
     511   1.663460851E-07
     512   1.656975624E-07
     513   1.650528248E-07
     514   1.644118429E-07
     515   1.637745877E-07
     516   1.773541529E-07
     517   1.766693878E-07
     518   1.759885809E-07
     519   1.753117018E-07
     520   1.746387202E-07
     521   2.031501353E-07
     522   2.023732705E-07
     523   2.016008534E-07
     524   2.008328502E-07
     525   2.000692272E-07
     526   1.851412939E-07
     527   1.844400012E-07
     528   1.837426855E-07
     529   1.830493168E-07
     530   1.823598655E-07
     531   2.289843050E-07
     532   2.281250768E-07
     533   2.272706758E-07
     534   2.264210658E-07
     535   2.255762110E-07
     536   2.294287331E-07
     537   2.285758382E-07
     538   2.277276904E-07
     539   2.268842545E-07
     540   2.260454957E-07
     541   2.664382465E-07
     542   2.654568901E-07
     543   2.644809457E-07
     544   2.635103734E-07
     545   2.625451340E-07
     546   2.815227216E-07
     547   2.804952665E-07
     548   2.794734258E-07
     549   2.784571588E-07
     550   2.774464250E-07
     551   2.628577888E-07
     552   2.619071278E-07
     553   2.609616147E-07
     554   2.600212124E-07
     555   2.590858843E-07
     556   3.257975066E-07
     557   3.246297736E-07
     558   3.234683076E-07
     559   3.223130636E-07
     560   3.211639974E-07
     561   3.195702375E-07
     562   3.184349969E-07
     563   3.173057947E-07
     564   3.161825884E-07
     565   3.150653354E-07
     566   3.672262494E-07
     567   3.659331992E-07
     568   3.646469665E-07
     569   3.633675035E-07
     570   3.620947626E-07
     571   3.725064096E-07
     572   3.712062127E-07
     573   3.699128113E-07
     574   3.686261580E-07
     575   3.673462061E-07
     576   3.926937251E-07
     577   3.913349233E-07
     578   3.899831619E-07
     579   3.886383924E-07
     580   3.873005666E-07
     581   4.370020277E-07
     582   4.355028784E-07
     583   4.340114301E-07
     584   4.325276304E-07
     585   4.310514269E-07
     586   4.289203303E-07
     587   4.274614176E-07
     588   4.260099357E-07
     589   4.245658342E-07
     590   4.231290632E-07
     591   4.887354659E-07
     592   4.870871170E-07
     593   4.854470930E-07
     594   4.838153381E-07
     595   4.821917967E-07
     596   5.095608761E-07
     597   5.078566591E-07
     598   5.061609775E-07
     599   5.044737742E-07
     600   5.027949929E-07
     601   5.388958311E-07
     602   5.371084486E-07
     603   5.353299438E-07
     604   5.335602580E-07
     605   5.317993331E-07
     606   5.604949442E-07
     607   5.586512108E-07
     608   5.568165599E-07
     609   5.549909318E-07
     610   5.531742676E-07
     611   5.489223757E-07
     612   5.471314381E-07
     613   5.453492510E-07
     614   5.435757575E-07
     615   5.418109011E-07
     616   6.514204717E-07
     617   6.493123148E-07
     618   6.472143752E-07
     619   6.451265869E-07
     620   6.430488845E-07
     621   6.486934569E-07
     622   6.466109739E-07
     623   6.445385028E-07
     624   6.424759796E-07
     625   6.404233407E-07
     626   7.038725335E-07
     627   7.016309013E-07
     628   6.993999604E-07
     629   6.971796431E-07
     630   6.949698819E-07
     631   7.054496566E-07
     632   7.032207477E-07
     633   7.010023857E-07
     634   6.987945042E-07
     635   6.965970372E-07
     636   7.629879463E-07
     637   7.605961346E-07
     638   7.582155520E-07
     639   7.558461284E-07
     640   7.534877942E-07
     641   8.274144769E-07
     642   8.248408704E-07
     643   8.222792528E-07
     644   8.197295497E-07
     645   8.171916873E-07
     646   8.035592561E-07
     647   8.010791349E-07
     648   7.986104781E-07
     649   7.961532151E-07
     650   7.937072759E-07
     651   9.064345029E-07
     652   9.036582870E-07
     653   9.008948060E-07
     654   8.981439821E-07
     655   8.954057383E-07
     656   9.041181508E-07
     657   9.013700713E-07
     658   8.986345021E-07
     659   8.959113672E-07
     660   8.932005915E-07
     661   9.723755492E-07
     662   9.694422896E-07
     663   9.665222827E-07
     664   9.636154488E-07
     665   9.607217087E-07
     666   1.041566561E-06
     667   1.038448099E-06
     668   1.035343620E-06
     669   1.032253042E-06
     670   1.029176282E-06
     671   1.033579434E-06
     672   1.030507876E-06
     673   1.027449989E-06
     674   1.024405692E-06
     675   1.021374906E-06
     676   1.163838287E-06
     677   1.160405136E-06
     678   1.156987153E-06
     679   1.153584250E-06
     680   1.150196337E-06
     681   1.149514671E-06
     682   1.146148595E-06
     683   1.142797284E-06
     684   1.139460649E-06
     685   1.136138607E-06
     686   1.291857983E-06
     687   1.288102582E-06
     688   1.284363533E-06
     689   1.280640740E-06
     690   1.276934109E-06
     691   1.281126928E-06
     692   1.277429592E-06
     693   1.273748239E-06
     694   1.270082776E-06
     695   1.266433113E-06
     696   1.300695394E-06
     697   1.296968474E-06
     698   1.293257548E-06
     699   1.289562526E-06
     700   1.285883318E-06
     701   1.479593849E-06
     702   1.475384478E-06
     703   1.471193045E-06
     704   1.467019448E-06
     705   1.462863585E-06
     706   1.363303561E-06
     707   1.359452421E-06
     708   1.355617576E-06
     709   1.351798935E-06
     710   1.347996407E-06
     711   1.547564224E-06
     712   1.543223230E-06
     713   1.538900476E-06
     714   1.534595859E-06
     715   1.530309278E-06
     716   1.506378682E-06
     717   1.502182641E-06
     718   1.498004108E-06
     719   1.493842985E-06
     720   1.489699177E-06
     721   1.628591906E-06
     722   1.624086811E-06
     723   1.619600384E-06
     724   1.615132520E-06
     725   1.610683120E-06
     726   1.717053490E-06
     727   1.712336310E-06
     728   1.707638542E-06
     729   1.702960080E-06
     730   1.698300819E-06
     731   1.653959733E-06
     732   1.649446882E-06
     733   1.644952476E-06
     734   1.640476415E-06
     735   1.636018599E-06
     736   1.860959016E-06
     737   1.855915767E-06
     738   1.850892991E-06
     739   1.845890577E-06
     740   1.840908416E-06
     741   1.848137184E-06
     742   1.843162387E-06
     743   1.838207649E-06
     744   1.833272863E-06
     745   1.828357923E-06
     746   1.995765079E-06
     747   1.990428808E-06
     748   1.985113912E-06
     749   1.979820275E-06
     750   1.974547784E-06
     751   2.027632896E-06
     752   2.022247417E-06
     753   2.016883365E-06
     754   2.011540628E-06
     755   2.006219092E-06
     756   1.960505447E-06
     757   1.955332609E-06
     758   1.950180218E-06
     759   1.945048165E-06
     760   1.939936343E-06
     761   2.315550574E-06
     762   2.309480979E-06
     763   2.303435217E-06
     764   2.297413165E-06
     765   2.291414697E-06
     766   2.218816404E-06
     767   2.213038236E-06
     768   2.207282610E-06
     769   2.201549409E-06
     770   2.195838515E-06
     771   2.385852652E-06
     772   2.379679683E-06
     773   2.373530640E-06
     774   2.367405399E-06
     775   2.361303839E-06
     776   2.392943286E-06
     777   2.386791760E-06
     778   2.380663925E-06
     779   2.374559659E-06
     780   2.368478840E-06
     781   2.545553378E-06
     782   2.539051326E-06
     783   2.532574154E-06
     784   2.526121736E-06
     785   2.519693946E-06
     786   2.612160946E-06
     787   2.605531096E-06
     788   2.598926454E-06
     789   2.592346894E-06
     790   2.585792287E-06
     791   2.643161494E-06
     792   2.636495261E-06
     793   2.629854215E-06
     794   2.623238230E-06
     795   2.616647179E-06
     796   2.787242598E-06
     797   2.780257027E-06
     798   2.773297686E-06
     799   2.766364441E-06
     800   2.759457164E-06
     801   2.833301140E-06
     802   2.826244350E-06
     803   2.819213891E-06
     804   2.812209633E-06
     805   2.805231446E-06
     806   2.885738033E-06
     807   2.878595117E-06
     808   2.871478689E-06
     809   2.864388619E-06
     810   2.857324775E-06
     811   2.906162659E-06
     812   2.899013427E-06
     813   2.891890544E-06
     814   2.884793880E-06
     815   2.877723307E-06
     816   2.912954081E-06
     817   2.905831944E-06
     818   2.898735895E-06
     819   2.891665807E-06
     820   2.884621554E-06
     821   3.153347277E-06
     822   3.145684221E-06
     823   3.138049066E-06
     824   3.130441674E-06
     825   3.122861912E-06
     826   3.157912238E-06
     827   3.150284431E-06
     828   3.142684227E-06
     829   3.135111494E-06
     830   3.127566099E-06
     831   3.389561033E-06
     832   3.381422831E-06
     833   3.373313904E-06
     834   3.365234110E-06
     835   3.357183311E-06
     836   3.322458458E-06
     837   3.314528963E-06
     838   3.306627821E-06
     839   3.298754898E-06
     840   3.290910058E-06
     841   3.395715578E-06
     842   3.387659314E-06
     843   3.379631685E-06
     844   3.371632557E-06
     845   3.363661794E-06
     846   3.703428225E-06
     847   3.694693725E-06
     848   3.685990088E-06
     849   3.677317170E-06
     850   3.668674827E-06
     851   3.600324468E-06
     852   3.591882911E-06
     853   3.583471007E-06
     854   3.575088618E-06
     855   3.566735608E-06
     856   3.829355842E-06
     857   3.820429605E-06
     858   3.811534542E-06
     859   3.802670508E-06
     860   3.793837359E-06
     861   3.705884252E-06
     862   3.697295876E-06
     863   3.688737321E-06
     864   3.680208448E-06
     865   3.671709121E-06
     866   3.995265844E-06
     867   3.986060162E-06
     868   3.976886261E-06
     869   3.967743994E-06
     870   3.958633215E-06
     871   4.222706011E-06
     872   4.213031999E-06
     873   4.203391194E-06
     874   4.193783442E-06
     875   4.184208594E-06
     876   4.137405559E-06
     877   4.127980945E-06
     878   4.118588497E-06
     879   4.109228069E-06
     880   4.099899515E-06
     881   4.423931493E-06
     882   4.413911263E-06
     883   4.403925038E-06
     884   4.393972665E-06
     885   4.384053991E-06
     886   4.396138789E-06
     887   4.386237576E-06
     888   4.376369775E-06
     889   4.366535236E-06
     890   4.356733810E-06
     891   4.591059182E-06
     892   4.580776855E-06
     893   4.570529032E-06
     894   4.560315559E-06
     895   4.550136283E-06
     896   4.614002568E-06
     897   4.603726393E-06
     898   4.593484510E-06
     899   4.583276767E-06
     900   4.573103011E-06
     901   4.549373113E-06
     902   4.539296982E-06
     903   4.529254289E-06
     904   4.519244887E-06
     905   4.509268629E-06
     906   4.878933221E-06
     907   4.868186672E-06
     908   4.857475590E-06
     909   4.846799820E-06
     910   4.836159205E-06
     911   4.703762782E-06
     912   4.693458811E-06
     913   4.683188660E-06
     914   4.672952182E-06
     915   4.662749230E-06
     916   5.010862988E-06
     917   4.999946075E-06
     918   4.989064800E-06
     919   4.978219007E-06
     920   4.967408542E-06
     921   4.884269446E-06
     922   4.873685980E-06
     923   4.863136876E-06
     924   4.852621986E-06
     925   4.842141161E-06
     926   4.912804509E-06
     927   4.902216568E-06
     928   4.891662819E-06
     929   4.881143114E-06
     930   4.870657307E-06
     931   5.381219718E-06
     932   5.369684413E-06
     933   5.358186160E-06
     934   5.346724799E-06
     935   5.335300173E-06
     936   4.998328237E-06
     937   4.987670821E-06
     938   4.977047454E-06
     939   4.966457991E-06
     940   4.955902289E-06
     941   5.419566113E-06
     942   5.408071806E-06
     943   5.396614026E-06
     944   5.385192621E-06
     945   5.373807436E-06
     946   5.329590090E-06
     947   5.318346229E-06
     948   5.307137913E-06
     949   5.295964991E-06
     950   5.284827315E-06
     951   5.485788235E-06
     952   5.474275563E-06
     953   5.462799094E-06
     954   5.451358677E-06
     955   5.439954161E-06
     956   5.539353800E-06
     957   5.527789387E-06
     958   5.516261150E-06
     959   5.504768940E-06
     960   5.493312605E-06
     961   5.314986226E-06
     962   5.303947833E-06
     963   5.292943791E-06
     964   5.281973960E-06
     965   5.271038196E-06
     966   5.897423569E-06
     967   5.885238810E-06
     968   5.873091774E-06
     969   5.860982306E-06
     970   5.848910252E-06
     971   5.527816373E-06
     972   5.516453955E-06
     973   5.505126534E-06
     974   5.493833966E-06
     975   5.482576110E-06
     976   6.041855158E-06
     977   6.029499626E-06
     978   6.017181955E-06
     979   6.004901992E-06
     980   5.992659583E-06
     981   5.930256096E-06
     982   5.918190468E-06
     983   5.906161626E-06
     984   5.894169420E-06
     985   5.882213701E-06
     986   5.845789468E-06
     987   5.833955886E-06
     988   5.822158200E-06
     989   5.810396264E-06
     990   5.798669935E-06
     991   6.286533717E-06
     992   6.273872018E-06
     993   6.261248533E-06
     994   6.248663108E-06
     995   6.236115592E-06
     996   6.239855647E-06
     997   6.227350926E-06
     998   6.214883757E-06
     999   6.202453989E-06
    1000   6.190061474E-06
    1001   6.260525719E-06
    1002   6.248042118E-06
    1003   6.235595819E-06
    1004   6.223186673E-06
    1005   6.210814533E-06
    1006   6.204374569E-06
    1007   6.192064302E-06
    1008   6.179790636E-06
    1009   6.167553427E-06
    1010   6.155352530E-06
    1011   6.274675207E-06
    1012   6.262286905E-06
    1013   6.249935254E-06
    1014   6.237620111E-06
    1015   6.225341331E-06
    1016   6.671713621E-06
    1017   6.658606129E-06
    1018   6.645537226E-06
    1019   6.632506761E-06
    1020   6.619514583E-06
    1021   6.532989095E-06
    1022   6.520216878E-06
    1023   6.507482079E-06
    1024   6.494784553E-06
    1025   6.482124154E-06
    1026   6.709179736E-06
    1027   6.696126857E-06
    1028   6.683112033E-06
    1029   6.670135116E-06
    1030   6.657195960E-06
    1031   6.776192831E-06
    1032   6.763073387E-06
    1033   6.749992007E-06
    1034   6.736948544E-06
    1035   6.723942852E-06
    1036   6.993120837E-06
    1037   6.979646616E-06
    1038   6.966211300E-06
    1039   6.952814740E-06
    1040   6.939456786E-06
    1041   7.289793984E-06
    1042   7.275815472E-06
    1043   7.261877128E-06
    1044   7.247978798E-06
    1045   7.234120330E-06
    1046   7.114014241E-06
    1047   7.100437878E-06
    1048   7.086900342E-06
    1049   7.073401484E-06
    1050   7.059941157E-06
    1051   7.197484524E-06
    1052   7.183814088E-06
    1053   7.170182562E-06
    1054   7.156589799E-06
    1055   7.143035652E-06
    1056   7.032931554E-06
    1057   7.019636787E-06
    1058   7.006379683E-06
    1059   6.993160099E-06
    1060   6.979977893E-06
    1061   7.196041657E-06
    1062   7.182502538E-06
    1063   7.169001593E-06
    1064   7.155538679E-06
    1065   7.142113654E-06
    1066   7.333298128E-06
    1067   7.319565360E-06
    1068   7.305871131E-06
    1069   7.292215297E-06
    1070   7.278597715E-06
    1071   7.401058524E-06
    1072   7.387263448E-06
    1073   7.373506905E-06
    1074   7.359788753E-06
    1075   7.346108848E-06
    1076   7.386521267E-06
    1077   7.372817146E-06
    1078   7.359151127E-06
    1079   7.345523070E-06
    1080   7.331932833E-06
    1081   7.906811987E-06
    1082   7.892210303E-06
    1083   7.877649029E-06
    1084   7.863128017E-06
    1085   7.848647118E-06
    1086   7.885345949E-06
    1087   7.870850827E-06
    1088   7.856395638E-06
    1089   7.841980233E-06
    1090   7.827604467E-06
    1091   7.752116984E-06
    1092   7.737931958E-06
    1093   7.723785830E-06
    1094   7.709678459E-06
    1095   7.695609702E-06
    1096   7.785392676E-06
    1097   7.771211633E-06
    1098   7.757069300E-06
    1099   7.742965538E-06
    1100   7.728900206E-06
    1101   7.956927931E-06
    1102   7.942500138E-06
    1103   7.928111550E-06
    1104   7.913762027E-06
    1105   7.899451427E-06
    1106   7.891069299E-06
    1107   7.876825492E-06
    1108   7.862620216E-06
    1109   7.848453332E-06
    1110   7.834324704E-06
    1111   8.551418675E-06
    1112   8.536052244E-06
    1113   8.520727195E-06
    1114   8.505443379E-06
    1115   8.490200649E-06
    1116   8.882846932E-06
    1117   8.866956330E-06
    1118   8.851108329E-06
    1119   8.835302778E-06
    1120   8.819539526E-06
    1121   9.648021779E-06
    1122   9.630839194E-06
    1123   9.613702469E-06
    1124   9.596611442E-06
    1125   9.579565951E-06
    1126   9.553411791E-06
    1127   9.536473118E-06
    1128   9.519579454E-06
    1129   9.502730641E-06
    1130   9.485926520E-06
    1131   9.726565705E-06
    1132   9.709396127E-06
    1133   9.692271972E-06
    1134   9.675193079E-06
    1135   9.658159288E-06
    1136   9.821578063E-06
    1137   9.804316941E-06
    1138   9.787101284E-06
    1139   9.769930931E-06
    1140   9.752805723E-06
    1141   9.875766448E-06
    1142   9.858486017E-06
    1143   9.841250901E-06
    1144   9.824060943E-06
    1145   9.806915985E-06
    1146   1.026423935E-05
    1147   1.024635740E-05
    1148   1.022852214E-05
    1149   1.021073341E-05
    1150   1.019299104E-05
    1151   9.610609140E-06
    1152   9.593938526E-06
    1153   9.577311250E-06
    1154   9.560727161E-06
    1155   9.544186110E-06
    1156   9.691602183E-06
    1157   9.674863665E-06
    1158   9.658168473E-06
    1159   9.641516458E-06
    1160   9.624907472E-06
    1161   9.238001485E-06
    1162   9.222114982E-06
    1163   9.206269423E-06
    1164   9.190464669E-06
    1165   9.174700579E-06
    1166   9.533542113E-06
    1167   9.517217554E-06
    1168   9.500934889E-06
    1169   9.484693975E-06
    1170   9.468494669E-06
    1171   1.040118600E-05
    1172   1.038345167E-05
    1173   1.036576265E-05
    1174   1.034811880E-05
    1175   1.033051996E-05
    1176   1.101752177E-05
    1177   1.099881630E-05
    1178   1.098015843E-05
    1179   1.096154799E-05
    1180   1.094298482E-05
    1181   1.296435324E-05
    1182   1.294243548E-05
    1183   1.292057326E-05
    1184   1.289876638E-05
    1185   1.287701467E-05
    1186   1.463061870E-05
    1187   1.460598803E-05
    1188   1.458141951E-05
    1189   1.455691292E-05
    1190   1.453246806E-05
    1191   1.497500493E-05
    1192   1.494990014E-05
    1193   1.492485844E-05
    1194   1.489987959E-05
    1195   1.487496341E-05
    1196   1.585861050E-05
    1197   1.583213536E-05
    1198   1.580572646E-05
    1199   1.577938358E-05
    1200   1.575310651E-05
    1201   1.544633088E-05
    1202   1.542065119E-05
    1203   1.539503549E-05
    1204   1.536948356E-05
    1205   1.534399520E-05
    1206   1.693524575E-05
    1207   1.690720727E-05
    1208   1.687923836E-05
    1209   1.685133879E-05
    1210   1.682350834E-05
    1211   1.773987396E-05
    1212   1.771062437E-05
    1213   1.768144706E-05
    1214   1.765234180E-05
    1215   1.762330834E-05
    1216   1.983010527E-05
    1217   1.979754352E-05
    1218   1.976506191E-05
    1219   1.973266017E-05
    1220   1.970033804E-05
    1221   2.143490993E-05
    1222   2.139985693E-05
    1223   2.136488985E-05
    1224   2.133000839E-05
    1225   2.129521229E-05
    1226   2.034699578E-05
    1227   2.031385735E-05
    1228   2.028079982E-05
    1229   2.024782291E-05
    1230   2.021492636E-05
    1231   1.963982670E-05
    1232   1.960796972E-05
    1233   1.957619019E-05
    1234   1.954448786E-05
    1235   1.951286247E-05
    1236   1.531309973E-05
    1237   1.528836128E-05
    1238   1.526368273E-05
    1239   1.523906389E-05
    1240   1.521450456E-05
    1241   1.070504001E-05
    1242   1.068781549E-05
    1243   1.067063251E-05
    1244   1.065349093E-05
    1245   1.063639062E-05
    1246   5.216648953E-06
    1247   5.208288939E-06
    1248   5.199949005E-06
    1249   5.191629086E-06
    1250   5.183329120E-06
    1251  -1.188244539E-06
    1252  -1.186347900E-06
    1253  -1.184455798E-06
    1254  -1.182568219E-06
    1255  -1.180685149E-06
    1256  -7.391045656E-06
    1257  -7.379295186E-06
    1258  -7.367572715E-06
    1259  -7.355878155E-06
    1260  -7.344211418E-06
    1261  -1.170107235E-05
    1262  -1.168254334E-05
    1263  -1.166405830E-05
    1264  -1.164561710E-05
    1265  -1.162721960E-05
    1266  -1.498099417E-05
    1267  -1.495736484E-05
    1268  -1.493379137E-05
    1269  -1.491027359E-05
    1270  -1.488681132E-05
    1271  -1.326561741E-05
    1272  -1.324477591E-05
    1273  -1.322398348E-05
    1274  -1.320323998E-05
    1275  -1.318254524E-05
    1276  -2.807477712E-06
    1277  -2.803084163E-06
    1278  -2.798700920E-06
    1279  -2.794327950E-06
    1280  -2.789965221E-06
    1281   1.888242602E-05
    1282   1.885299122E-05
    1283   1.882362519E-05
    1284   1.879432772E-05
    1285   1.876509859E-05
    1286   5.190964263E-05
    1287   5.182903759E-05
    1288   5.174862016E-05
    1289   5.166838974E-05
    1290   5.158834576E-05
    1291   1.016683080E-04
    1292   1.015110484E-04
    1293   1.013541535E-04
    1294   1.011976220E-04
    1295   1.010414528E-04
    1296   1.551426324E-04
    1297   1.549035837E-04
    1298   1.546650870E-04
    1299   1.544271407E-04
    1300   1.541897431E-04
    1301   2.166188910E-04
    1302   2.162863984E-04
    1303   2.159546708E-04
    1304   2.156237058E-04
    1305   2.152935010E-04
    1306   2.703758619E-04
    1307   2.699624431E-04
    1308   2.695499719E-04
    1309   2.691384452E-04
    1310   2.687278602E-04
    1311   3.130949692E-04
    1312   3.126180538E-04
    1313   3.121422273E-04
    1314   3.116674862E-04
    1315   3.111938274E-04
    1316   3.485075590E-04
    1317   3.479787160E-04
    1318   3.474510758E-04
    1319   3.469246347E-04
    1320   3.463993893E-04
    1321   3.390888750E-04
    1322   3.385762690E-04
    1323   3.380648244E-04
    1324   3.375545379E-04
    1325   3.370454059E-04
    1326   2.965672125E-04
    1327   2.961205752E-04
    1328   2.956749460E-04
    1329   2.952303220E-04
    1330   2.947867002E-04
    1331   1.626058908E-04
    1332   1.623619210E-04
    1333   1.621184998E-04
    1334   1.618756257E-04
    1335   1.616332969E-04
    1336  -8.651248651E-05
    1337  -8.638317039E-05
    1338  -8.625414400E-05
    1339  -8.612540647E-05
    1340  -8.599695694E-05
    1341  -4.804055942E-04
    1342  -4.796901726E-04
    1343  -4.789763479E-04
    1344  -4.782641154E-04
    1345  -4.775534704E-04
    1346  -1.009092489E-03
    1347  -1.007595319E-03
    1348  -1.006101478E-03
    1349  -1.004610958E-03
    1350  -1.003123747E-03
    1351  -1.596685987E-03
    1352  -1.594325771E-03
    1353  -1.591970785E-03
    1354  -1.589621012E-03
    1355  -1.587276438E-03
    1356  -2.093728875E-03
    1357  -2.090645328E-03
    1358  -2.087568587E-03
    1359  -2.084498633E-03
    1360  -2.081435446E-03
    1361  -2.346616129E-03
    1362  -2.343172818E-03
    1363  -2.339737081E-03
    1364  -2.336308895E-03
    1365  -2.332888238E-03
    1366  -2.360397269E-03
    1367  -2.356946396E-03
    1368  -2.353503085E-03
    1369  -2.350067314E-03
    1370  -2.346639061E-03
    1371  -2.190403967E-03
    1372  -2.187213284E-03
    1373  -2.184029567E-03
    1374  -2.180852797E-03
    1375  -2.177682953E-03
    1376  -1.754321221E-03
    1377  -1.751775036E-03
    1378  -1.749234391E-03
    1379  -1.746699268E-03
    1380  -1.744169653E-03
    1381  -6.368595552E-04
    1382  -6.359385725E-04
    1383  -6.350195861E-04
    1384  -6.341025904E-04
    1385  -6.331875794E-04
    1386   1.337153626E-03
    1387   1.335226891E-03
    1388   1.333304319E-03
    1389   1.331385895E-03
    1390   1.329471609E-03
    1391   4.404046624E-03
    1392   4.397723513E-03
    1393   4.391414010E-03
    1394   4.385118076E-03
    1395   4.378835672E-03
    1396   9.043671501E-03
    1397   9.030733488E-03
    1398   9.017823218E-03
    1399   9.004940614E-03
    1400   8.992085595E-03
    1401   1.411202865E-02
    1402   1.409191171E-02
    1403   1.407183777E-02
    1404   1.405180668E-02
    1405   1.403181833E-02
    1406   1.790351183E-02
    1407   1.787808070E-02
    1408   1.785270373E-02
    1409   1.782738074E-02
    1410   1.780211160E-02
    1411   2.137692655E-02
    1412   2.134666904E-02
    1413   2.131647573E-02
    1414   2.128634644E-02
    1415   2.125628098E-02
    1416   2.282803244E-02
    1417   2.279583493E-02
    1418   2.276370549E-02
    1419   2.273164394E-02
    1420   2.269965007E-02
    1421   2.400668649E-02
    1422   2.397294554E-02
    1423   2.393927568E-02
    1424   2.390567669E-02
    1425   2.387214840E-02
    1426   2.431858299E-02
    1427   2.428452335E-02
    1428   2.425053522E-02
    1429   2.421661839E-02
    1430   2.418277266E-02
    1431   2.279844294E-02
    1432   2.276662376E-02
    1433   2.273487115E-02
    1434   2.270318492E-02
    1435   2.267156488E-02
    1436   2.139844151E-02
    1437   2.136868012E-02
    1438   2.133898077E-02
    1439   2.130934330E-02
    1440   2.127976753E-02
    1441   1.799593053E-02
    1442   1.797098814E-02
    1443   1.794609758E-02
    1444   1.792125869E-02
    1445   1.789647133E-02
    1446   1.366444785E-02
    1447   1.364557431E-02
    1448   1.362673983E-02
    1449   1.360794433E-02
    1450   1.358918769E-02
    1451   8.757275890E-03
    1452   8.745221828E-03
    1453   8.733192637E-03
    1454   8.721188249E-03
    1455   8.709208595E-03
    1456   4.029320655E-03
    1457   4.023793466E-03
    1458   4.018277642E-03
    1459   4.012773152E-03
    1460   4.007279965E-03
    1461   9.354833000E-04
    1462   9.342044438E-04
    1463   9.329282082E-04
    1464   9.316545861E-04
    1465   9.303835703E-04
    1466  -1.042008781E-03
    1467  -1.040589151E-03
    1468  -1.039172419E-03
    1469  -1.037758579E-03
    1470  -1.036347623E-03
    1471  -2.134207327E-03
    1472  -2.131309557E-03
    1473  -2.128417686E-03
    1474  -2.125531696E-03
    1475  -2.122651571E-03
    1476  -2.582306779E-03
    1477  -2.578812453E-03
    1478  -2.575325215E-03
    1479  -2.571845046E-03
    1480  -2.568371926E-03
    1481  -2.793760904E-03
    1482  -2.789993189E-03
    1483  -2.786233090E-03
    1484  -2.782480588E-03
    1485  -2.778735661E-03
    1486  -2.759898699E-03
    1487  -2.756189158E-03
    1488  -2.752487091E-03
    1489  -2.748792477E-03
    1490  -2.745105298E-03
    1491  -2.360957041E-03
    1492  -2.357794339E-03
    1493  -2.354637988E-03
    1494  -2.351487971E-03
    1495  -2.348344270E-03
    1496  -1.836714568E-03
    1497  -1.834262346E-03
    1498  -1.831815031E-03
    1499  -1.829372611E-03
    1500  -1.826935072E-03
    1501  -1.199844851E-03
    1502  -1.198248251E-03
    1503  -1.196654836E-03
    1504  -1.195064597E-03
    1505  -1.193477526E-03
    1506  -6.104030558E-04
    1507  -6.095935027E-04
    1508  -6.087855590E-04
    1509  -6.079792205E-04
    1510  -6.071744830E-04
    1511  -1.772012970E-04
    1512  -1.769670586E-04
    1513  -1.767332845E-04
    1514  -1.764999732E-04
    1515  -1.762671236E-04
    1516   9.539062478E-05
    1517   9.526494543E-05
    1518   9.513951430E-05
    1519   9.501433073E-05
    1520   9.488939407E-05
    1521   2.396061044E-04
    1522   2.392914542E-04
    1523   2.389774234E-04
    1524   2.386640104E-04
    1525   2.383512135E-04
    1526   3.022936085E-04
    1527   3.018979362E-04
    1528   3.015030403E-04
    1529   3.011089187E-04
    1530   3.007155694E-04
    1531   3.034549161E-04
    1532   3.030590193E-04
    1533   3.026638967E-04
    1534   3.022695464E-04
    1535   3.018759662E-04
    1536   2.736559261E-04
    1537   2.733000667E-04
    1538   2.729449009E-04
    1539   2.725904270E-04
    1540   2.722366432E-04
    1541   2.282619593E-04
    1542   2.279660916E-04
    1543   2.276707987E-04
    1544   2.273760792E-04
    1545   2.270819317E-04
    1546   1.769893355E-04
    1547   1.767606671E-04
    1548   1.765324416E-04
    1549   1.763046578E-04
    1550   1.760773146E-04
    1551   1.050037329E-04
    1552   1.048685059E-04
    1553   1.047335400E-04
    1554   1.045988345E-04
    1555   1.044643887E-04
    1556   4.551533147E-05
    1557   4.545690358E-05
    1558   4.539858811E-05
    1559   4.534038479E-05
    1560   4.528229333E-05
    1561  -4.011635517E-06
    1562  -4.006502266E-06
    1563  -4.001378862E-06
    1564  -3.996265278E-06
    1565  -3.991161491E-06
    1566  -3.905148618E-05
    1567  -3.900167561E-05
    1568  -3.895196028E-05
    1569  -3.890233995E-05
    1570  -3.885281437E-05
    1571  -6.083728913E-05
    1572  -6.075993720E-05
    1573  -6.068273271E-05
    1574  -6.060567527E-05
    1575  -6.052876451E-05
    1576  -6.987902650E-05
    1577  -6.979045992E-05
    1578  -6.970206162E-05
    1579  -6.961383116E-05
    1580  -6.952576812E-05
    1581  -7.095442087E-05
    1582  -7.086477536E-05
    1583  -7.077529963E-05
    1584  -7.068599326E-05
    1585  -7.059685581E-05
    1586  -6.706397180E-05
    1587  -6.697950835E-05
    1588  -6.689520438E-05
    1589  -6.681105947E-05
    1590  -6.672707322E-05
    1591  -5.975973133E-05
    1592  -5.968470342E-05
    1593  -5.960981671E-05
    1594  -5.953507086E-05
    1595  -5.946046551E-05
    1596  -4.820045984E-05
    1597  -4.814013386E-05
    1598  -4.807992106E-05
    1599  -4.801982116E-05
    1600  -4.795983388E-05
    1601  -3.697116725E-05
    1602  -3.692503978E-05
    1603  -3.687899859E-05
    1604  -3.683304345E-05
    1605  -3.678717415E-05
    1606  -2.681141656E-05
    1607  -2.677806903E-05
    1608  -2.674478367E-05
    1609  -2.671156034E-05
    1610  -2.667839887E-05
    1611  -1.895209396E-05
    1612  -1.892859477E-05
    1613  -1.890513927E-05
    1614  -1.888172733E-05
    1615  -1.885835885E-05
    1616  -1.333083602E-05
    1617  -1.331435786E-05
    1618  -1.329791022E-05
    1619  -1.328149305E-05
    1620  -1.326510626E-05
    1621  -1.008580191E-05
    1622  -1.007337332E-05
    1623  -1.006096768E-05
    1624  -1.004858495E-05
    1625  -1.003622507E-05
    1626  -9.250064204E-06
    1627  -9.238700489E-06
    1628  -9.227357701E-06
    1629  -9.216035790E-06
    1630  -9.204734703E-06
    1631  -9.778535453E-06
    1632  -9.766559292E-06
    1633  -9.754605119E-06
    1634  -9.742672881E-06
    1635  -9.730762523E-06
    1636  -1.043844950E-05
    1637  -1.042570414E-05
    1638  -1.041298211E-05
    1639  -1.040028335E-05
    1640  -1.038760781E-05
    1641  -1.116025262E-05
    1642  -1.114666741E-05
    1643  -1.113310698E-05
    1644  -1.111957129E-05
    1645  -1.110606027E-05
    1646  -1.096643196E-05
    1647  -1.095312318E-05
    1648  -1.093983861E-05
    1649  -1.092657820E-05
    1650  -1.091334189E-05
    1651  -1.059312895E-05
    1652  -1.058031210E-05
    1653  -1.056751849E-05
    1654  -1.055474808E-05
    1655  -1.054200080E-05
    1656  -1.007234978E-05
    1657  -1.006019978E-05
    1658  -1.004807175E-05
    1659  -1.003596564E-05
    1660  -1.002388140E-05
    1661  -1.010763507E-05
    1662  -1.009547917E-05
    1663  -1.008334518E-05
    1664  -1.007123305E-05
    1665  -1.005914274E-05
    1666  -1.098492479E-05
    1667  -1.097175342E-05
    1668  -1.095860572E-05
    1669  -1.094548164E-05
    1670  -1.093238112E-05
    1671  -1.190817926E-05
    1672  -1.189394354E-05
    1673  -1.187973334E-05
    1674  -1.186554858E-05
    1675  -1.185138921E-05
    1676  -1.272341795E-05
    1677  -1.270825297E-05
    1678  -1.269311509E-05
    1679  -1.267800424E-05
    1680  -1.266292036E-05
    1681  -1.288410245E-05
    1682  -1.286879158E-05
    1683  -1.285350798E-05
    1684  -1.283825159E-05
    1685  -1.282302235E-05
    1686  -1.243786435E-05
    1687  -1.242312754E-05
    1688  -1.240841691E-05
    1689  -1.239373239E-05
    1690  -1.237907393E-05
    1691  -1.200192276E-05
    1692  -1.198774447E-05
    1693  -1.197359129E-05
    1694  -1.195946316E-05
    1695  -1.194536002E-05
    1696  -1.099778610E-05
    1697  -1.098483229E-05
    1698  -1.097190135E-05
    1699  -1.095899323E-05
    1700  -1.094610788E-05
    1701  -1.036925924E-05
    1702  -1.035708161E-05
    1703  -1.034492541E-05
    1704  -1.033279060E-05
    1705  -1.032067713E-05
    1706  -9.478906582E-06
    1707  -9.467807160E-06
    1708  -9.456727222E-06
    1709  -9.445666722E-06
    1710  -9.434625615E-06
    1711  -8.991740941E-06
    1712  -8.981242703E-06
    1713  -8.970762840E-06
    1714  -8.960301309E-06
    1715  -8.949858067E-06
    1716  -8.950944159E-06
    1717  -8.940523967E-06
    1718  -8.930121962E-06
    1719  -8.919738099E-06
    1720  -8.909372337E-06
    1721  -8.593942870E-06
    1722  -8.583967312E-06
    1723  -8.574009113E-06
    1724  -8.564068233E-06
    1725  -8.554144631E-06
    1726  -8.900024197E-06
    1727  -8.889723243E-06
    1728  -8.879440162E-06
    1729  -8.869174913E-06
    1730  -8.858927455E-06
    1731  -8.752358680E-06
    1732  -8.742257862E-06
    1733  -8.732174520E-06
    1734  -8.722108613E-06
    1735  -8.712060100E-06
    1736  -8.934160745E-06
    1737  -8.923879778E-06
    1738  -8.913616546E-06
    1739  -8.903371010E-06
    1740  -8.893143128E-06
    1741  -8.943519326E-06
    1742  -8.933257113E-06
    1743  -8.923012552E-06
    1744  -8.912785603E-06
    1745  -8.902576227E-06
    1746  -8.483120857E-06
    1747  -8.473414770E-06
    1748  -8.463725330E-06
    1749  -8.454052501E-06
    1750  -8.444396245E-06
    1751  -8.303053141E-06
    1752  -8.293580177E-06
    1753  -8.284123415E-06
    1754  -8.274682818E-06
    1755  -8.265258350E-06
    1756  -7.755685392E-06
    1757  -7.746862087E-06
    1758  -7.738053830E-06
    1759  -7.729260587E-06
    1760  -7.720482324E-06
    1761  -7.658969371E-06
    1762  -7.650280807E-06
    1763  -7.641607019E-06
    1764  -7.632947974E-06
    1765  -7.624303639E-06
    1766  -7.277341906E-06
    1767  -7.269109618E-06
    1768  -7.260891292E-06
    1769  -7.252686895E-06
    1770  -7.244496396E-06
    1771  -7.319801048E-06
    1772  -7.311544081E-06
    1773  -7.303301078E-06
    1774  -7.295072006E-06
    1775  -7.286856835E-06
    1776  -7.502741161E-06
    1777  -7.494301632E-06
    1778  -7.485876335E-06
    1779  -7.477465238E-06
    1780  -7.469068309E-06
    1781  -7.445941463E-06
    1782  -7.437589314E-06
    1783  -7.429251209E-06
    1784  -7.420927118E-06
    1785  -7.412617009E-06
    1786  -7.479417300E-06
    1787  -7.471051061E-06
    1788  -7.462698852E-06
    1789  -7.454360641E-06
    1790  -7.446036397E-06
    1791  -7.269710810E-06
    1792  -7.261601819E-06
    1793  -7.253506388E-06
    1794  -7.245424486E-06
    1795  -7.237356085E-06
    1796  -7.209258779E-06
    1797  -7.201239581E-06
    1798  -7.193233756E-06
    1799  -7.185241274E-06
    1800  -7.177262106E-06
    1801  -7.054442311E-06
    1802  -7.046617084E-06
    1803  -7.038804870E-06
    1804  -7.031005640E-06
    1805  -7.023219366E-06
    1806  -6.842354848E-06
    1807  -6.834785872E-06
    1808  -6.827229447E-06
    1809  -6.819685547E-06
    1810  -6.812154144E-06
    1811  -6.883753256E-06
    1812  -6.876159486E-06
    1813  -6.868578273E-06
    1814  -6.861009592E-06
    1815  -6.853453414E-06
    1816  -6.786849059E-06
    1817  -6.779382779E-06
    1818  -6.771928812E-06
    1819  -6.764487132E-06
    1820  -6.757057712E-06
    1821  -7.012300503E-06
    1822  -7.004607359E-06
    1823  -6.996926869E-06
    1824  -6.989259004E-06
    1825  -6.981603736E-06
    1826  -6.894058147E-06
    1827  -6.886515414E-06
    1828  -6.878985053E-06
    1829  -6.871467037E-06
    1830  -6.863961338E-06
    1831  -6.863723807E-06
    1832  -6.856234746E-06
    1833  -6.848757936E-06
    1834  -6.841293350E-06
    1835  -6.833840961E-06
    1836  -6.940554605E-06
    1837  -6.933002315E-06
    1838  -6.925462345E-06
    1839  -6.917934669E-06
    1840  -6.910419259E-06
    1841  -6.878521683E-06
    1842  -6.871057199E-06
    1843  -6.863604860E-06
    1844  -6.856164637E-06
    1845  -6.848736507E-06
    1846  -6.730045687E-06
    1847  -6.722762088E-06
    1848  -6.715490307E-06
    1849  -6.708230317E-06
    1850  -6.700982094E-06
    1851  -6.406730538E-06
    1852  -6.399815556E-06
    1853  -6.392911763E-06
    1854  -6.386019136E-06
    1855  -6.379137650E-06
    1856  -6.177167941E-06
    1857  -6.170518675E-06
    1858  -6.163880139E-06
    1859  -6.157252311E-06
    1860  -6.150635168E-06
    1861  -6.130236056E-06
    1862  -6.123655019E-06
    1863  -6.117084574E-06
    1864  -6.110524698E-06
    1865  -6.103975368E-06
    1866  -6.063487859E-06
    1867  -6.056995902E-06
    1868  -6.050514366E-06
    1869  -6.044043227E-06
    1870  -6.037582465E-06
    1871  -6.176987512E-06
    1872  -6.170391689E-06
    1873  -6.163806426E-06
    1874  -6.157231699E-06
    1875  -6.150667486E-06
    1876  -6.038500014E-06
    1877  -6.032069236E-06
    1878  -6.025648726E-06
    1879  -6.019238462E-06
    1880  -6.012838421E-06
    1881  -6.201929299E-06
    1882  -6.195342014E-06
    1883  -6.188765218E-06
    1884  -6.182198888E-06
    1885  -6.175643004E-06
    1886  -6.099716294E-06
    1887  -6.093254730E-06
    1888  -6.086803429E-06
    1889  -6.080362367E-06
    1890  -6.073931523E-06
    1891  -6.043606831E-06
    1892  -6.037221615E-06
    1893  -6.030846513E-06
    1894  -6.024481504E-06
    1895  -6.018126565E-06
    1896  -6.055908028E-06
    1897  -6.049526670E-06
    1898  -6.043155394E-06
    1899  -6.036794178E-06
    1900  -6.030443000E-06
    1901  -5.672597778E-06
    1902  -5.666636036E-06
    1903  -5.660683687E-06
    1904  -5.654740712E-06
    1905  -5.648807091E-06
    1906  -5.694554329E-06
    1907  -5.688585195E-06
    1908  -5.682625441E-06
    1909  -5.676675048E-06
    1910  -5.670733996E-06
    1911  -5.550846635E-06
    1912  -5.545043345E-06
    1913  -5.539249151E-06
    1914  -5.533464035E-06
    1915  -5.527687976E-06
    1916  -5.535311737E-06
    1917  -5.529539774E-06
    1918  -5.523776836E-06
    1919  -5.518022901E-06
    1920  -5.512277953E-06
    1921  -5.504271323E-06
    1922  -5.498546652E-06
    1923  -5.492830907E-06
    1924  -5.487124070E-06
    1925  -5.481426122E-06
    1926  -5.532378963E-06
    1927  -5.526639980E-06
    1928  -5.520909923E-06
    1929  -5.515188773E-06
    1930  -5.509476511E-06
    1931  -5.659657381E-06
    1932  -5.653801554E-06
    1933  -5.647954810E-06
    1934  -5.642117130E-06
    1935  -5.636288497E-06
    1936  -5.513518805E-06
    1937  -5.507828900E-06
    1938  -5.502147797E-06
    1939  -5.496475480E-06
    1940  -5.490811929E-06
    1941  -5.416674246E-06
    1942  -5.411098668E-06
    1943  -5.405531694E-06
    1944  -5.399973307E-06
    1945  -5.394423489E-06
    1946  -5.348055128E-06
    1947  -5.342564312E-06
    1948  -5.337081947E-06
    1949  -5.331608017E-06
    1950  -5.326142504E-06
    1951  -5.055256189E-06
    1952  -5.050079276E-06
    1953  -5.044910310E-06
    1954  -5.039749277E-06
    1955  -5.034596159E-06
    1956  -5.087790835E-06
    1957  -5.082593908E-06
    1958  -5.077404941E-06
    1959  -5.072223915E-06
    1960  -5.067050816E-06
    1961  -4.779208292E-06
    1962  -4.774339002E-06
    1963  -4.769477149E-06
    1964  -4.764622720E-06
    1965  -4.759775698E-06
    1966  -4.851534741E-06
    1967  -4.846604319E-06
    1968  -4.841681410E-06
    1969  -4.836765997E-06
    1970  -4.831858066E-06
    1971  -4.886014017E-06
    1972  -4.881061140E-06
    1973  -4.876115789E-06
    1974  -4.871177950E-06
    1975  -4.866247608E-06
    1976  -4.810346687E-06
    1977  -4.805482838E-06
    1978  -4.800626362E-06
    1979  -4.795777245E-06
    1980  -4.790935471E-06
    1981  -4.872828510E-06
    1982  -4.867913908E-06
    1983  -4.863006736E-06
    1984  -4.858106982E-06
    1985  -4.853214628E-06
    1986  -4.702090134E-06
    1987  -4.697359661E-06
    1988  -4.692636323E-06
    1989  -4.687920106E-06
    1990  -4.683210994E-06
    1991  -4.771278216E-06
    1992  -4.766490180E-06
    1993  -4.761709347E-06
    1994  -4.756935704E-06
    1995  -4.752169235E-06
    1996  -4.538772717E-06
    1997  -4.534229401E-06
    1998  -4.529692903E-06
    1999  -4.525163211E-06
    2000  -4.520640309E-06
    2001  -4.263791791E-06
    2002  -4.259534386E-06
    2003  -4.255283353E-06
    2004  -4.251038682E-06
    2005  -4.246800358E-06
    2006  -4.154634610E-06
    2007  -4.150496528E-06
    2008  -4.146364625E-06
    2009  -4.142238889E-06
    2010  -4.138119308E-06
    2011  -3.983913869E-06
    2012  -3.979955684E-06
    2013  -3.976003394E-06
    2014  -3.972056989E-06
    2015  -3.968116456E-06
    2016  -4.007360044E-06
    2017  -4.003388429E-06
    2018  -3.999422715E-06
    2019  -3.995462890E-06
    2020  -3.991508944E-06
    2021  -3.938490201E-06
    2022  -3.934596488E-06
    2023  -3.930708547E-06
    2024  -3.926826366E-06
    2025  -3.922949933E-06
    2026  -3.899860825E-06
    2027  -3.896014808E-06
    2028  -3.892174478E-06
    2029  -3.888339823E-06
    2030  -3.884510833E-06
    2031  -3.968055176E-06
    2032  -3.964151531E-06
    2033  -3.960253644E-06
    2034  -3.956361503E-06
    2035  -3.952475096E-06
    2036  -3.812551845E-06
    2037  -3.808810381E-06
    2038  -3.805074422E-06
    2039  -3.801343957E-06
    2040  -3.797618975E-06
    2041  -3.845165008E-06
    2042  -3.841400774E-06
    2043  -3.837642065E-06
    2044  -3.833888870E-06
    2045  -3.830141178E-06
    2046  -3.636580947E-06
    2047  -3.633029598E-06
    2048  -3.629483449E-06
    2049  -3.625942490E-06
    2050  -3.622406710E-06
    2051  -3.512124604E-06
    2052  -3.508703148E-06
    2053  -3.505286690E-06
    2054  -3.501875218E-06
    2055  -3.498468725E-06
    2056  -3.419621677E-06
    2057  -3.416298429E-06
    2058  -3.412980024E-06
    2059  -3.409666451E-06
    2060  -3.406357701E-06
    2061  -3.319749586E-06
    2062  -3.316531216E-06
    2063  -3.313317523E-06
    2064  -3.310108498E-06
    2065  -3.306904134E-06
    2066  -3.294524914E-06
    2067  -3.291338720E-06
    2068  -3.288157145E-06
    2069  -3.284980182E-06
    2070  -3.281807821E-06
    2071  -3.210679317E-06
    2072  -3.207581700E-06
    2073  -3.204488565E-06
    2074  -3.201399901E-06
    2075  -3.198315701E-06
    2076  -3.276882989E-06
    2077  -3.273729108E-06
    2078  -3.270579777E-06
    2079  -3.267434989E-06
    2080  -3.264294734E-06
    2081  -3.249248861E-06
    2082  -3.246129083E-06
    2083  -3.243013796E-06
    2084  -3.239902991E-06
    2085  -3.236796660E-06
    2086  -3.218303060E-06
    2087  -3.215220394E-06
    2088  -3.212142155E-06
    2089  -3.209068335E-06
    2090  -3.205998925E-06
    2091  -3.057657827E-06
    2092  -3.054736033E-06
    2093  -3.051818424E-06
    2094  -3.048904994E-06
    2095  -3.045995733E-06
    2096  -2.962947066E-06
    2097  -2.960122522E-06
    2098  -2.957302014E-06
    2099  -2.954485536E-06
    2100  -2.951673080E-06
    2101  -2.824265803E-06
    2102  -2.821579863E-06
    2103  -2.818897752E-06
    2104  -2.816219465E-06
    2105  -2.813544992E-06
    2106  -2.601736720E-06
    2107  -2.599268279E-06
    2108  -2.596803350E-06
    2109  -2.594341925E-06
    2110  -2.591883998E-06
    2111  -2.555169256E-06
    2112  -2.552750734E-06
    2113  -2.550335643E-06
    2114  -2.547923978E-06
    2115  -2.545515732E-06
    2116  -2.499813324E-06
    2117  -2.497452783E-06
    2118  -2.495095583E-06
    2119  -2.492741719E-06
    2120  -2.490391185E-06
    2121  -2.488651947E-06
    2122  -2.486307479E-06
    2123  -2.483966324E-06
    2124  -2.481628473E-06
    2125  -2.479293921E-06
    2126  -2.447535984E-06
    2127  -2.445235669E-06
    2128  -2.442938594E-06
    2129  -2.440644755E-06
    2130  -2.438354145E-06
    2131  -2.433935848E-06
    2132  -2.431653677E-06
    2133  -2.429374714E-06
    2134  -2.427098953E-06
    2135  -2.424826388E-06
    2136  -2.426738730E-06
    2137  -2.424468628E-06
    2138  -2.422201710E-06
    2139  -2.419937970E-06
    2140  -2.417677402E-06
    2141  -2.333535719E-06
    2142  -2.331357897E-06
    2143  -2.329183123E-06
    2144  -2.327011391E-06
    2145  -2.324842694E-06
    2146  -2.242725309E-06
    2147  -2.240637110E-06
    2148  -2.238551827E-06
    2149  -2.236469453E-06
    2150  -2.234389983E-06
    2151  -2.096976632E-06
    2152  -2.095028674E-06
    2153  -2.093083430E-06
    2154  -2.091140893E-06
    2155  -2.089201059E-06
    2156  -1.990873174E-06
    2157  -1.989028065E-06
    2158  -1.987185519E-06
    2159  -1.985345533E-06
    2160  -1.983508100E-06
    2161  -1.991268189E-06
    2162  -1.989426979E-06
    2163  -1.987588322E-06
    2164  -1.985752213E-06
    2165  -1.983918647E-06
    2166  -1.897647089E-06
    2167  -1.895896492E-06
    2168  -1.894148317E-06
    2169  -1.892402558E-06
    2170  -1.890659211E-06
    2171  -1.888960007E-06
    2172  -1.887221434E-06
    2173  -1.885485260E-06
    2174  -1.883751480E-06
    2175  -1.882020091E-06
    2176  -1.854457594E-06
    2177  -1.852754694E-06
    2178  -1.851054139E-06
    2179  -1.849355924E-06
    2180  -1.847660046E-06
    2181  -1.867521507E-06
    2182  -1.865810539E-06
    2183  -1.864101922E-06
    2184  -1.862395650E-06
    2185  -1.860691720E-06
    2186  -1.832393150E-06
    2187  -1.830718202E-06
    2188  -1.829045549E-06
    2189  -1.827375188E-06
    2190  -1.825707114E-06
    2191  -1.731263314E-06
    2192  -1.729684415E-06
    2193  -1.728107674E-06
    2194  -1.726533088E-06
    2195  -1.724960654E-06
    2196  -1.674692707E-06
    2197  -1.673168874E-06
    2198  -1.671647119E-06
    2199  -1.670127440E-06
    2200  -1.668609832E-06
    2201  -1.523211055E-06
    2202  -1.521828203E-06
    2203  -1.520447234E-06
    2204  -1.519068143E-06
    2205  -1.517690928E-06
    2206  -1.441016656E-06
    2207  -1.439711387E-06
    2208  -1.438407891E-06
    2209  -1.437106165E-06
    2210  -1.435806204E-06
    2211  -1.351952804E-06
    2212  -1.350730976E-06
    2213  -1.349510804E-06
    2214  -1.348292284E-06
    2215  -1.347075413E-06
    2216  -1.294648258E-06
    2217  -1.293480856E-06
    2218  -1.292315033E-06
    2219  -1.291150785E-06
    2220  -1.289988110E-06
    2221  -1.315565064E-06
    2222  -1.314381470E-06
    2223  -1.313199472E-06
    2224  -1.312019068E-06
    2225  -1.310840255E-06
    2226  -1.270554963E-06
    2227  -1.269414429E-06
    2228  -1.268275430E-06
    2229  -1.267137964E-06
    2230  -1.266002026E-06
    2231  -1.280946505E-06
    2232  -1.279799218E-06
    2233  -1.278653471E-06
    2234  -1.277509262E-06
    2235  -1.276366588E-06
    2236  -1.242782606E-06
    2237  -1.241671987E-06
    2238  -1.240562856E-06
    2239  -1.239455210E-06
    2240  -1.238349048E-06
    2241  -1.170527431E-06
    2242  -1.169483715E-06
    2243  -1.168441394E-06
    2244  -1.167400466E-06
    2245  -1.166360929E-06
    2246  -1.142382979E-06
    2247  -1.141366624E-06
    2248  -1.140351625E-06
    2249  -1.139337979E-06
    2250  -1.138325684E-06
    2251  -1.032963404E-06
    2252  -1.032046437E-06
    2253  -1.031130690E-06
    2254  -1.030216162E-06
    2255  -1.029302850E-06
    2256  -9.803924557E-07
    2257  -9.795240832E-07
    2258  -9.786568640E-07
    2259  -9.777907960E-07
    2260  -9.769258771E-07
    2261  -9.216059280E-07
    2262  -9.207914287E-07
    2263  -9.199780087E-07
    2264  -9.191656661E-07
    2265  -9.183543990E-07
    2266  -9.005312307E-07
    2267  -8.997371115E-07
    2268  -8.989440422E-07
    2269  -8.981520210E-07
    2270  -8.973610461E-07
    2271  -8.995923940E-07
    2272  -8.988008477E-07
    2273  -8.980103456E-07
    2274  -8.972208859E-07
    2275  -8.964324669E-07
    2276  -8.646048526E-07
    2277  -8.638457614E-07
    2278  -8.630876695E-07
    2279  -8.623305751E-07
    2280  -8.615744764E-07
    2281  -8.734677972E-07
    2282  -8.727026042E-07
    2283  -8.719384163E-07
    2284  -8.711752317E-07
    2285  -8.704130487E-07
    2286  -8.441188974E-07
    2287  -8.433810312E-07
    2288  -8.426441321E-07
    2289  -8.419081983E-07
    2290  -8.411732283E-07
    2291  -8.047138312E-07
    2292  -8.040119439E-07
    2293  -8.033109744E-07
    2294  -8.026109213E-07
    2295  -8.019117829E-07
    2296  -7.450704226E-07
    2297  -7.444219714E-07
    2298  -7.437743664E-07
    2299  -7.431276061E-07
    2300  -7.424816890E-07
    2301  -6.671845275E-07
    2302  -6.666051228E-07
    2303  -6.660264725E-07
    2304  -6.654485754E-07
    2305  -6.648714300E-07
    2306  -6.316581807E-07
    2307  -6.311108165E-07
    2308  -6.305641636E-07
    2309  -6.300182206E-07
    2310  -6.294729863E-07
    2311  -5.815126304E-07
    2312  -5.810098093E-07
    2313  -5.805076400E-07
    2314  -5.800061215E-07
    2315  -5.795052527E-07
    2316  -5.631913785E-07
    2317  -5.627054498E-07
    2318  -5.622201497E-07
    2319  -5.617354772E-07
    2320  -5.612514311E-07
    2321  -5.460401593E-07
    2322  -5.455700429E-07
    2323  -5.451005334E-07
    2324  -5.446316297E-07
    2325  -5.441633308E-07
    2326  -5.376042909E-07
    2327  -5.371424316E-07
    2328  -5.366811671E-07
    2329  -5.362204966E-07
    2330  -5.357604190E-07
    2331  -5.372773936E-07
    2332  -5.368168043E-07
    2333  -5.363568070E-07
    2334  -5.358974008E-07
    2335  -5.354385845E-07
    2336  -5.146987594E-07
    2337  -5.142584696E-07
    2338  -5.138187445E-07
    2339  -5.133795832E-07
    2340  -5.129409847E-07
    2341  -4.968094627E-07
    2342  -4.963853830E-07
    2343  -4.959618459E-07
    2344  -4.955388508E-07
    2345  -4.951163965E-07
    2346  -4.605598994E-07
    2347  -4.601675997E-07
    2348  -4.597758010E-07
    2349  -4.593845024E-07
    2350  -4.589937032E-07
    2351  -4.295272870E-07
    2352  -4.291621979E-07
    2353  -4.287975741E-07
    2354  -4.284334148E-07
    2355  -4.280697192E-07
    2356  -3.909351108E-07
    2357  -3.906035289E-07
    2358  -3.902723686E-07
    2359  -3.899416293E-07
    2360  -3.896113103E-07
    2361  -3.693505599E-07
    2362  -3.690379484E-07
    2363  -3.687257335E-07
    2364  -3.684139147E-07
    2365  -3.681024913E-07
    2366  -3.624326840E-07
    2367  -3.621265753E-07
    2368  -3.618208543E-07
    2369  -3.615155203E-07
    2370  -3.612105725E-07
    2371  -3.516601607E-07
    2372  -3.513637763E-07
    2373  -3.510677663E-07
    2374  -3.507721303E-07
    2375  -3.504768676E-07
    2376  -3.461456381E-07
    2377  -3.458545148E-07
    2378  -3.455637586E-07
    2379  -3.452733689E-07
    2380  -3.449833450E-07
    2381  -3.415610825E-07
    2382  -3.412744177E-07
    2383  -3.409881136E-07
    2384  -3.407021697E-07
    2385  -3.404165854E-07
    2386  -3.271599641E-07
    2387  -3.268859608E-07
    2388  -3.266123016E-07
    2389  -3.263389859E-07
    2390  -3.260660131E-07
    2391  -3.158945575E-07
    2392  -3.156305420E-07
    2393  -3.153668574E-07
    2394  -3.151035030E-07
    2395  -3.148404784E-07
    2396  -2.850808917E-07
    2397  -2.848431261E-07
    2398  -2.846056579E-07
    2399  -2.843684865E-07
    2400  -2.841316115E-07
    2401  -2.621871641E-07
    2402  -2.619689476E-07
    2403  -2.617510034E-07
    2404  -2.615333310E-07
    2405  -2.613159301E-07
    2406  -2.356865071E-07
    2407  -2.354907541E-07
    2408  -2.352952450E-07
    2409  -2.350999792E-07
    2410  -2.349049565E-07
    2411  -2.206664618E-07
    2412  -2.204835638E-07
    2413  -2.203008930E-07
    2414  -2.201184492E-07
    2415  -2.199362320E-07
    2416  -2.113638788E-07
    2417  -2.111890534E-07
    2418  -2.110144449E-07
    2419  -2.108400528E-07
    2420  -2.106658768E-07
    2421  -2.013817917E-07
    2422  -2.012155665E-07
    2423  -2.010495471E-07
    2424  -2.008837330E-07
    2425  -2.007181240E-07
    2426  -2.019918490E-07
    2427  -2.018254637E-07
    2428  -2.016592838E-07
    2429  -2.014933091E-07
    2430  -2.013275392E-07
    2431  -1.944912969E-07
    2432  -1.943314192E-07
    2433  -1.941717385E-07
    2434  -1.940122545E-07
    2435  -1.938529669E-07
    2436  -1.932611834E-07
    2437  -1.931026427E-07
    2438  -1.929442969E-07
    2439  -1.927861459E-07
    2440  -1.926281892E-07
    2441  -1.835762643E-07
    2442  -1.834259768E-07
    2443  -1.832758737E-07
    2444  -1.831259548E-07
    2445  -1.829762197E-07
    2446  -1.700558949E-07
    2447  -1.699169603E-07
    2448  -1.697781960E-07
    2449  -1.696396015E-07
    2450  -1.695011767E-07
    2451  -1.606253138E-07
    2452  -1.604943515E-07
    2453  -1.603635493E-07
    2454  -1.602329069E-07
    2455  -1.601024240E-07
    2456  -1.490615530E-07
    2457  -1.489402662E-07
    2458  -1.488191273E-07
    2459  -1.486981361E-07
    2460  -1.485772925E-07
    2461  -1.429848525E-07
    2462  -1.428687463E-07
    2463  -1.427527814E-07
    2464  -1.426369576E-07
    2465  -1.425212748E-07
    2466  -1.379649847E-07
    2467  -1.378531817E-07
    2468  -1.377415145E-07
    2469  -1.376299829E-07
    2470  -1.375185867E-07
    2471  -1.343977161E-07
    2472  -1.342890240E-07
    2473  -1.341804638E-07
    2474  -1.340720351E-07
    2475  -1.339637378E-07
    2476  -1.348444363E-07
    2477  -1.347356030E-07
    2478  -1.346269015E-07
    2479  -1.345183314E-07
    2480  -1.344098926E-07
    2481  -1.308130980E-07
    2482  -1.307077310E-07
    2483  -1.306024913E-07
    2484  -1.304973787E-07
    2485  -1.303923928E-07
    2486  -1.308712332E-07
    2487  -1.307660313E-07
    2488  -1.306609561E-07
    2489  -1.305560076E-07
    2490  -1.304511854E-07
    2491  -1.271979055E-07
    2492  -1.270958614E-07
    2493  -1.269939401E-07
    2494  -1.268921414E-07
    2495  -1.267904650E-07
    2496  -1.237299751E-07
    2497  -1.236309119E-07
    2498  -1.235319676E-07
    2499  -1.234331420E-07
    2500  -1.233344350E-07
    2501  -1.195251502E-07
    2502  -1.194296447E-07
    2503  -1.193342536E-07
    2504  -1.192389768E-07
    2505  -1.191438140E-07
    2506  -1.139163394E-07
    2507  -1.138254971E-07
    2508  -1.137347633E-07
    2509  -1.136441380E-07
    2510  -1.135536210E-07
    2511  -1.149245889E-07
    2512  -1.148331249E-07
    2513  -1.147417700E-07
    2514  -1.146505240E-07
    2515  -1.145593869E-07
    2516  -1.119017257E-07
    2517  -1.118128442E-07
    2518  -1.117240687E-07
    2519  -1.116353988E-07
    2520  -1.115468344E-07
    2521  -1.124221021E-07
    2522  -1.123329843E-07
    2523  -1.122439725E-07
    2524  -1.121550664E-07
    2525  -1.120662658E-07
    2526  -1.096052948E-07
    2527  -1.095185817E-07
    2528  -1.094319715E-07
    2529  -1.093454640E-07
    2530  -1.092590591E-07
    2531  -1.090823226E-07
    2532  -1.089961937E-07
    2533  -1.089101667E-07
    2534  -1.088242415E-07
    2535  -1.087384180E-07
    2536  -1.106413669E-07
    2537  -1.105541791E-07
    2538  -1.104670943E-07
    2539  -1.103801123E-07
    2540  -1.102932330E-07
    2541  -1.097892640E-07
    2542  -1.097029178E-07
    2543  -1.096166734E-07
    2544  -1.095305306E-07
    2545  -1.094444893E-07
    2546  -1.108818815E-07
    2547  -1.107948470E-07
    2548  -1.107079150E-07
    2549  -1.106210853E-07
    2550  -1.105343576E-07
    2551  -1.101231410E-07
    2552  -1.100368714E-07
    2553  -1.099507032E-07
    2554  -1.098646361E-07
    2555  -1.097786700E-07
    2556  -1.115651148E-07
    2557  -1.114778864E-07
    2558  -1.113907602E-07
    2559  -1.113037362E-07
    2560  -1.112168141E-07
    2561  -1.112658472E-07
    2562  -1.111790225E-07
    2563  -1.110922994E-07
    2564  -1.110056777E-07
    2565  -1.109191573E-07
    2566  -1.111250035E-07
    2567  -1.110384576E-07
    2568  -1.109520127E-07
    2569  -1.108656687E-07
    2570  -1.107794255E-07
    2571  -1.125640202E-07
    2572  -1.124765239E-07
    2573  -1.123891296E-07
    2574  -1.123018370E-07
    2575  -1.122146462E-07
    2576  -1.109705845E-07
    2577  -1.108844941E-07
    2578  -1.107985038E-07
    2579  -1.107126135E-07
    2580  -1.106268230E-07
    2581  -1.133850854E-07
    2582  -1.132972920E-07
    2583  -1.132096006E-07
    2584  -1.131220110E-07
    2585  -1.130345230E-07
    2586  -1.140596341E-07
    2587  -1.139714891E-07
    2588  -1.138834462E-07
    2589  -1.137955053E-07
    2590  -1.137076663E-07
    2591  -1.151927792E-07
    2592  -1.151039302E-07
    2593  -1.150151839E-07
    2594  -1.149265402E-07
    2595  -1.148379989E-07
    2596  -1.189464625E-07
    2597  -1.188548948E-07
    2598  -1.187634328E-07
    2599  -1.186720763E-07
    2600  -1.185808252E-07
    2601  -1.195758744E-07
    2602  -1.194839990E-07
    2603  -1.193922294E-07
    2604  -1.193005655E-07
    2605  -1.192090071E-07
    2606  -1.252234696E-07
    2607  -1.251274393E-07
    2608  -1.250315195E-07
    2609  -1.249357099E-07
    2610  -1.248400104E-07
    2611  -1.246937690E-07
    2612  -1.245983279E-07
    2613  -1.245029964E-07
    2614  -1.244077742E-07
    2615  -1.243126612E-07
    2616  -1.277396465E-07
    2617  -1.276420609E-07
    2618  -1.275445870E-07
    2619  -1.274472247E-07
    2620  -1.273499739E-07
    2621  -1.266783734E-07
    2622  -1.265817829E-07
    2623  -1.264853029E-07
    2624  -1.263889331E-07
    2625  -1.262926735E-07
    2626  -1.285486874E-07
    2627  -1.284508573E-07
    2628  -1.283531389E-07
    2629  -1.282555320E-07
    2630  -1.281580363E-07
    2631  -1.301165227E-07
    2632  -1.300176875E-07
    2633  -1.299189649E-07
    2634  -1.298203547E-07
    2635  -1.297218567E-07
    2636  -1.298813994E-07
    2637  -1.297829298E-07
    2638  -1.296845721E-07
    2639  -1.295863262E-07
    2640  -1.294881920E-07
    2641  -1.338206100E-07
    2642  -1.337193458E-07
    2643  -1.336181966E-07
    2644  -1.335171620E-07
    2645  -1.334162420E-07
    2646  -1.361963898E-07
    2647  -1.360935225E-07
    2648  -1.359907716E-07
    2649  -1.358881370E-07
    2650  -1.357856186E-07
    2651  -1.391578445E-07
    2652  -1.390529385E-07
    2653  -1.389481511E-07
    2654  -1.388434820E-07
    2655  -1.387389312E-07
    2656  -1.446804373E-07
    2657  -1.445715732E-07
    2658  -1.444628319E-07
    2659  -1.443542132E-07
    2660  -1.442457170E-07
    2661  -1.435884478E-07
    2662  -1.434806082E-07
    2663  -1.433728900E-07
    2664  -1.432652931E-07
    2665  -1.431578173E-07
    2666  -1.496681488E-07
    2667  -1.495559538E-07
    2668  -1.494438849E-07
    2669  -1.493319419E-07
    2670  -1.492201247E-07
    2671  -1.492677542E-07
    2672  -1.491560687E-07
    2673  -1.490445084E-07
    2674  -1.489330733E-07
    2675  -1.488217630E-07
    2676  -1.478570847E-07
    2677  -1.477466612E-07
    2678  -1.476363614E-07
    2679  -1.475261850E-07
    2680  -1.474161319E-07
    2681  -1.506034706E-07
    2682  -1.504912056E-07
    2683  -1.503790661E-07
    2684  -1.502670519E-07
    2685  -1.501551628E-07
    2686  -1.492762430E-07
    2687  -1.491651744E-07
    2688  -1.490542297E-07
    2689  -1.489434087E-07
    2690  -1.488327113E-07
    2691  -1.554996565E-07
    2692  -1.553841722E-07
    2693  -1.552688164E-07
    2694  -1.551535891E-07
    2695  -1.550384900E-07
    2696  -1.550873264E-07
    2697  -1.549723618E-07
    2698  -1.548575249E-07
    2699  -1.547428156E-07
    2700  -1.546282337E-07
    2701  -1.601974583E-07
    2702  -1.600789252E-07
    2703  -1.599605237E-07
    2704  -1.598422534E-07
    2705  -1.597241143E-07
    2706  -1.633664484E-07
    2707  -1.632457937E-07
    2708  -1.631252727E-07
    2709  -1.630048850E-07
    2710  -1.628846306E-07
    2711  -1.629725543E-07
    2712  -1.628524124E-07
    2713  -1.627324032E-07
    2714  -1.626125267E-07
    2715  -1.624927825E-07
    2716  -1.685018903E-07
    2717  -1.683779007E-07
    2718  -1.682540479E-07
    2719  -1.681303316E-07
    2720  -1.680067518E-07
    2721  -1.639901006E-07
    2722  -1.638696525E-07
    2723  -1.637493370E-07
    2724  -1.636291540E-07
    2725  -1.635091033E-07
    2726  -1.673191713E-07
    2727  -1.671965033E-07
    2728  -1.670739701E-07
    2729  -1.669515716E-07
    2730  -1.668293076E-07
    2731  -1.697625711E-07
    2732  -1.696383394E-07
    2733  -1.695142441E-07
    2734  -1.693902849E-07
    2735  -1.692664616E-07
    2736  -1.657341304E-07
    2737  -1.656130682E-07
    2738  -1.654921386E-07
    2739  -1.653713414E-07
    2740  -1.652506765E-07
    2741  -1.720070181E-07
    2742  -1.718816028E-07
    2743  -1.717563247E-07
    2744  -1.716311834E-07
    2745  -1.715061789E-07
    2746  -1.687627894E-07
    2747  -1.686399634E-07
    2748  -1.685172716E-07
    2749  -1.683947136E-07
    2750  -1.682722892E-07
    2751  -1.746748809E-07
    2752  -1.745479831E-07
    2753  -1.744212235E-07
    2754  -1.742946019E-07
    2755  -1.741681181E-07
    2756  -1.756642355E-07
    2757  -1.755368503E-07
    2758  -1.754096036E-07
    2759  -1.752824952E-07
    2760  -1.751555249E-07
    2761  -1.751682163E-07
    2762  -1.750414206E-07
    2763  -1.749147626E-07
    2764  -1.747882420E-07
    2765  -1.746618586E-07
    2766  -1.782845045E-07
    2767  -1.781556862E-07
    2768  -1.780270075E-07
    2769  -1.778984681E-07
    2770  -1.777700679E-07
    2771  -1.747617716E-07
    2772  -1.746357263E-07
    2773  -1.745098174E-07
    2774  -1.743840445E-07
    2775  -1.742584076E-07
    2776  -1.799198104E-07
    2777  -1.797902785E-07
    2778  -1.796608864E-07
    2779  -1.795316340E-07
    2780  -1.794025210E-07
    2781  -1.761981208E-07
    2782  -1.760714962E-07
    2783  -1.759450081E-07
    2784  -1.758186562E-07
    2785  -1.756924403E-07
    2786  -1.778474685E-07
    2787  -1.777198879E-07
    2788  -1.775924444E-07
    2789  -1.774651380E-07
    2790  -1.773379684E-07
    2791  -1.791825208E-07
    2792  -1.790542125E-07
    2793  -1.789260420E-07
    2794  -1.787980090E-07
    2795  -1.786701135E-07
    2796  -1.786129768E-07
    2797  -1.784853049E-07
    2798  -1.783577699E-07
    2799  -1.782303715E-07
    2800  -1.781031095E-07
    2801  -1.800582586E-07
    2802  -1.799297832E-07
    2803  -1.798014453E-07
    2804  -1.796732446E-07
    2805  -1.795451810E-07
    2806  -1.761535957E-07
    2807  -1.760281302E-07
    2808  -1.759027986E-07
    2809  -1.757776009E-07
    2810  -1.756525368E-07
    2811  -1.769155489E-07
    2812  -1.767897646E-07
    2813  -1.766641145E-07
    2814  -1.765385982E-07
    2815  -1.764132157E-07
    2816  -1.787315663E-07
    2817  -1.786047164E-07
    2818  -1.784780014E-07
    2819  -1.783514213E-07
    2820  -1.782249758E-07
    2821  -1.783855906E-07
    2822  -1.782592104E-07
    2823  -1.781329645E-07
    2824  -1.780068527E-07
    2825  -1.778808747E-07
    2826  -1.778365488E-07
    2827  -1.777107804E-07
    2828  -1.775851453E-07
    2829  -1.774596434E-07
    2830  -1.773342746E-07
    2831  -1.769729090E-07
    2832  -1.768479722E-07
    2833  -1.767231677E-07
    2834  -1.765984953E-07
    2835  -1.764739547E-07
    2836  -1.776629651E-07
    2837  -1.775377622E-07
    2838  -1.774126915E-07
    2839  -1.772877530E-07
    2840  -1.771629464E-07
    2841  -1.775008432E-07
    2842  -1.773759746E-07
    2843  -1.772512376E-07
    2844  -1.771266321E-07
    2845  -1.770021580E-07
    2846  -1.762607573E-07
    2847  -1.761369787E-07
    2848  -1.760133304E-07
    2849  -1.758898123E-07
    2850  -1.757664242E-07
    2851  -1.748333172E-07
    2852  -1.747107562E-07
    2853  -1.745883240E-07
    2854  -1.744660204E-07
    2855  -1.743438453E-07
    2856  -1.747505442E-07
    2857  -1.746282556E-07
    2858  -1.745060952E-07
    2859  -1.743840629E-07
    2860  -1.742621587E-07
    2861  -1.750440421E-07
    2862  -1.749217619E-07
    2863  -1.747996099E-07
    2864  -1.746775857E-07
    2865  -1.745556893E-07
    2866  -1.743086469E-07
    2867  -1.741870927E-07
    2868  -1.740656657E-07
    2869  -1.739443656E-07
    2870  -1.738231922E-07
    2871  -1.740228434E-07
    2872  -1.739016997E-07
    2873  -1.737806825E-07
    2874  -1.736597916E-07
    2875  -1.735390268E-07
    2876  -1.720873829E-07
    2877  -1.719677947E-07
    2878  -1.718483312E-07
    2879  -1.717289920E-07
    2880  -1.716097772E-07
    2881  -1.730169369E-07
    2882  -1.728969112E-07
    2883  -1.727770105E-07
    2884  -1.726572344E-07
    2885  -1.725375828E-07
    2886  -1.733712448E-07
    2887  -1.732511816E-07
    2888  -1.731312431E-07
    2889  -1.730114291E-07
    2890  -1.728917394E-07
    2891  -1.714024664E-07
    2892  -1.712839718E-07
    2893  -1.711656000E-07
    2894  -1.710473509E-07
    2895  -1.709292243E-07
    2896  -1.698412711E-07
    2897  -1.697240583E-07
    2898  -1.696069669E-07
    2899  -1.694899966E-07
    2900  -1.693731472E-07
    2901  -1.661507315E-07
    2902  -1.660362632E-07
    2903  -1.659219131E-07
    2904  -1.658076812E-07
    2905  -1.656935671E-07
    2906  -1.665478755E-07
    2907  -1.664333308E-07
    2908  -1.663189043E-07
    2909  -1.662045958E-07
    2910  -1.660904051E-07
    2911  -1.640951016E-07
    2912  -1.639824376E-07
    2913  -1.638698896E-07
    2914  -1.637574574E-07
    2915  -1.636451409E-07
    2916  -1.626551335E-07
    2917  -1.625436495E-07
    2918  -1.624322801E-07
    2919  -1.623210251E-07
    2920  -1.622098844E-07
    2921  -1.650876599E-07
    2922  -1.649747022E-07
    2923  -1.648618604E-07
    2924  -1.647491344E-07
    2925  -1.646365239E-07
    2926  -1.607522211E-07
    2927  -1.606424176E-07
    2928  -1.605327267E-07
    2929  -1.604231480E-07
    2930  -1.603136815E-07
    2931  -1.630337533E-07
    2932  -1.629225813E-07
    2933  -1.628115230E-07
    2934  -1.627005781E-07
    2935  -1.625897467E-07
    2936  -1.593528021E-07
    2937  -1.592443250E-07
    2938  -1.591359587E-07
    2939  -1.590277029E-07
    2940  -1.589195576E-07
    2941  -1.578294453E-07
    2942  -1.577221877E-07
    2943  -1.576150395E-07
    2944  -1.575080004E-07
    2945  -1.574010704E-07
    2946  -1.588651730E-07
    2947  -1.587573947E-07
    2948  -1.586497261E-07
    2949  -1.585421669E-07
    2950  -1.584347171E-07
    2951  -1.513090163E-07
    2952  -1.512065381E-07
    2953  -1.511041641E-07
    2954  -1.510018939E-07
    2955  -1.508997275E-07
    2956  -1.512779663E-07
    2957  -1.511756823E-07
    2958  -1.510735021E-07
    2959  -1.509714254E-07
    2960  -1.508694521E-07
    2961  -1.478822624E-07
    2962  -1.477824431E-07
    2963  -1.476827248E-07
    2964  -1.475831075E-07
    2965  -1.474835909E-07
    2966  -1.478169216E-07
    2967  -1.477173146E-07
    2968  -1.476178081E-07
    2969  -1.475184022E-07
    2970  -1.474190966E-07
    2971  -1.468018625E-07
    2972  -1.467031058E-07
    2973  -1.466044487E-07
    2974  -1.465058910E-07
    2975  -1.464074328E-07
    2976  -1.429476496E-07
    2977  -1.428516472E-07
    2978  -1.427557414E-07
    2979  -1.426599322E-07
    2980  -1.425642194E-07
    2981  -1.460754193E-07
    2982  -1.459774807E-07
    2983  -1.458796406E-07
    2984  -1.457818988E-07
    2985  -1.456842552E-07
    2986  -1.435084969E-07
    2987  -1.434124403E-07
    2988  -1.433164802E-07
    2989  -1.432206163E-07
    2990  -1.431248486E-07
    2991  -1.424060582E-07
    2992  -1.423108987E-07
    2993  -1.422158347E-07
    2994  -1.421208658E-07
    2995  -1.420259921E-07
    2996  -1.383544857E-07
    2997  -1.382621879E-07
    2998  -1.381699824E-07
    2999  -1.380778690E-07
    3000  -1.379858478E-07
    3001  -1.329166744E-07
    3002  -1.328281518E-07
    3003  -1.327397177E-07
    3004  -1.326513718E-07
    3005  -1.325631140E-07
    3006  -1.342860014E-07
    3007  -1.341967155E-07
    3008  -1.341075186E-07
    3009  -1.340184106E-07
    3010  -1.339293914E-07
    3011  -1.302370659E-07
    3012  -1.301506158E-07
    3013  -1.300642518E-07
    3014  -1.299779737E-07
    3015  -1.298917814E-07
    3016  -1.292743603E-07
    3017  -1.291886914E-07
    3018  -1.291031077E-07
    3019  -1.290176089E-07
    3020  -1.289321951E-07
    3021  -1.279431072E-07
    3022  -1.278584608E-07
    3023  -1.277738983E-07
    3024  -1.276894197E-07
    3025  -1.276050248E-07
    3026  -1.257894248E-07
    3027  -1.257063406E-07
    3028  -1.256233387E-07
    3029  -1.255404190E-07
    3030  -1.254575814E-07
    3031  -1.284914000E-07
    3032  -1.284066711E-07
    3033  -1.283220259E-07
    3034  -1.282374645E-07
    3035  -1.281529866E-07
    3036  -1.249500248E-07
    3037  -1.248677667E-07
    3038  -1.247855899E-07
    3039  -1.247034941E-07
    3040  -1.246214793E-07
    3041  -1.226999549E-07
    3042  -1.226193108E-07
    3043  -1.225387462E-07
    3044  -1.224582610E-07
    3045  -1.223778551E-07
    3046  -1.183440755E-07
    3047  -1.182664219E-07
    3048  -1.181888447E-07
    3049  -1.181113439E-07
    3050  -1.180339192E-07
    3051  -1.158464754E-07
    3052  -1.157705852E-07
    3053  -1.156947695E-07
    3054  -1.156190282E-07
    3055  -1.155433613E-07
    3056  -1.135336225E-07
    3057  -1.134593690E-07
    3058  -1.133851883E-07
    3059  -1.133110803E-07
    3060  -1.132370450E-07
    3061  -1.100728138E-07
    3062  -1.100009412E-07
    3063  -1.099291390E-07
    3064  -1.098574071E-07
    3065  -1.097857454E-07
    3066  -1.094107462E-07
    3067  -1.093394223E-07
    3068  -1.092681682E-07
    3069  -1.091969838E-07
    3070  -1.091258688E-07
    3071  -1.083255994E-07
    3072  -1.082550979E-07
    3073  -1.081846652E-07
    3074  -1.081143011E-07
    3075  -1.080440058E-07
    3076  -1.082062693E-07
    3077  -1.081359599E-07
    3078  -1.080657189E-07
    3079  -1.079955464E-07
    3080  -1.079254421E-07
    3081  -1.057668379E-07
    3082  -1.056982249E-07
    3083  -1.056296788E-07
    3084  -1.055611992E-07
    3085  -1.054927863E-07
    3086  -1.041979769E-07
    3087  -1.041304912E-07
    3088  -1.040630710E-07
    3089  -1.039957163E-07
    3090  -1.039284269E-07
    3091  -1.036109516E-07
    3092  -1.035439545E-07
    3093  -1.034770224E-07
    3094  -1.034101552E-07
    3095  -1.033433528E-07
    3096  -9.874875452E-08
    3097  -9.868500452E-08
    3098  -9.862131623E-08
    3099  -9.855768957E-08
    3100  -9.849412447E-08
    3101  -9.618754074E-08
    3102  -9.612554425E-08
    3103  -9.606360769E-08
    3104  -9.600173097E-08
    3105  -9.593991402E-08
    3106  -9.089968870E-08
    3107  -9.084119469E-08
    3108  -9.078275712E-08
    3109  -9.072437593E-08
    3110  -9.066605103E-08
    3111  -9.074779866E-08
    3112  -9.068949619E-08
    3113  -9.063124988E-08
    3114  -9.057305968E-08
    3115  -9.051492549E-08
    3116  -8.827993415E-08
    3117  -8.822330815E-08
    3118  -8.816673662E-08
    3119  -8.811021948E-08
    3120  -8.805375667E-08
    3121  -8.720407515E-08
    3122  -8.714822880E-08
    3123  -8.709243608E-08
    3124  -8.703669693E-08
    3125  -8.698101126E-08
    3126  -8.694660354E-08
    3127  -8.689101108E-08
    3128  -8.683547192E-08
    3129  -8.677998600E-08
    3130  -8.672455324E-08
    3131  -8.529802005E-08
    3132  -8.524356871E-08
    3133  -8.518916950E-08
    3134  -8.513482234E-08
    3135  -8.508052717E-08
    3136  -8.629085388E-08
    3137  -8.623585652E-08
    3138  -8.618091173E-08
    3139  -8.612601943E-08
    3140  -8.607117955E-08
    3141  -8.369475660E-08
    3142  -8.364149872E-08
    3143  -8.358829166E-08
    3144  -8.353513535E-08
    3145  -8.348202974E-08
    3146  -8.213381399E-08
    3147  -8.208163241E-08
    3148  -8.202950054E-08
    3149  -8.197741831E-08
    3150  -8.192538568E-08
    3151  -8.191503577E-08
    3152  -8.186307571E-08
    3153  -8.181116507E-08
    3154  -8.175930379E-08
    3155  -8.170749181E-08
    3156  -7.881931833E-08
    3157  -7.876940109E-08
    3158  -7.871953126E-08
    3159  -7.866970877E-08
    3160  -7.861993357E-08
    3161  -7.804776282E-08
    3162  -7.799841235E-08
    3163  -7.794910868E-08
    3164  -7.789985174E-08
    3165  -7.785064147E-08
    3166  -7.617562865E-08
    3167  -7.612753798E-08
    3168  -7.607949283E-08
    3169  -7.603149315E-08
    3170  -7.598353888E-08
    3171  -7.527035390E-08
    3172  -7.522290962E-08
    3173  -7.517551018E-08
    3174  -7.512815553E-08
    3175  -7.508084560E-08
    3176  -7.432919004E-08
    3177  -7.428241270E-08
    3178  -7.423567951E-08
    3179  -7.418899040E-08
    3180  -7.414234533E-08
    3181  -6.979456746E-08
    3182  -6.975071288E-08
    3183  -6.970689962E-08
    3184  -6.966312762E-08
    3185  -6.961939685E-08
    3186  -6.643895208E-08
    3187  -6.639727143E-08
    3188  -6.635562999E-08
    3189  -6.631402772E-08
    3190  -6.627246456E-08
    3191  -5.654217770E-08
    3192  -5.650676136E-08
    3193  -5.647137829E-08
    3194  -5.643602845E-08
    3195  -5.640071179E-08
    3196  -4.621960240E-08
    3197  -4.619069708E-08
    3198  -4.616181887E-08
    3199  -4.613296774E-08
    3200  -4.610414364E-08
    3201  -3.263984633E-08
    3202  -3.261946553E-08
    3203  -3.259910382E-08
    3204  -3.257876116E-08
    3205  -3.255843754E-08
    3206  -2.043287812E-08
    3207  -2.042013942E-08
    3208  -2.040741263E-08
    3209  -2.039469773E-08
    3210  -2.038199471E-08
    3211  -1.260884048E-08
    3212  -1.260099184E-08
    3213  -1.259315052E-08
    3214  -1.258531652E-08
    3215  -1.257748984E-08
    3216  -7.495068625E-09
    3217  -7.490410409E-09
    3218  -7.485756535E-09
    3219  -7.481106997E-09
    3220  -7.476461789E-09
    3221  -4.867681538E-09
    3222  -4.864660947E-09
    3223  -4.861643168E-09
    3224  -4.858628195E-09
    3225  -4.855616026E-09
    3226  -3.328313484E-09
    3227  -3.326251332E-09
    3228  -3.324191096E-09
    3229  -3.322132773E-09
    3230  -3.320076361E-09
    3231  -2.380052032E-09
    3232  -2.378579683E-09
    3233  -2.377108700E-09
    3234  -2.375639081E-09
    3235  -2.374170824E-09
    3236  -1.839685473E-09
    3237  -1.838549163E-09
    3238  -1.837413906E-09
    3239  -1.836279699E-09
    3240  -1.835146543E-09
    3241  -1.313479655E-09
    3242  -1.312669616E-09
    3243  -1.311860325E-09
    3244  -1.311051782E-09
    3245  -1.310243987E-09
    3246  -9.422122168E-10
    3247  -9.416320368E-10
    3248  -9.410523926E-10
    3249  -9.404732834E-10
    3250  -9.398947087E-10
    3251  -6.259694164E-10
    3252  -6.255845597E-10
    3253  -6.252000578E-10
    3254  -6.248159103E-10
    3255  -6.244321167E-10
    3256  -4.072365787E-10
    3257  -4.069865869E-10
    3258  -4.067368253E-10
    3259  -4.064872935E-10
    3260  -4.062379912E-10
    3261  -2.731044500E-10
    3262  -2.729370553E-10
    3263  -2.727698145E-10
    3264  -2.726027273E-10
    3265  -2.724357936E-10
    3266  -1.727310395E-10
    3267  -1.726253289E-10
    3268  -1.725197154E-10
    3269  -1.724141987E-10
    3270  -1.723087789E-10
    3271  -9.710700670E-11
    3272  -9.704766848E-11
    3273  -9.698838462E-11
    3274  -9.692915507E-11
    3275  -9.686997977E-11
    3276  -1.190434643E-11
    3277  -1.189708325E-11
    3278  -1.188982672E-11
    3279  -1.188257682E-11
    3280  -1.187533356E-11
    3281   7.209475604E-11
    3282   7.205083599E-11
    3283   7.200695607E-11
    3284   7.196311622E-11
    3285   7.191931639E-11
    3286   1.449090489E-10
    3287   1.448209047E-10
    3288   1.447328409E-10
    3289   1.446448575E-10
    3290   1.445569542E-10
    3291   1.931581481E-10
    3292   1.930408337E-10
    3293   1.929236261E-10
    3294   1.928065253E-10
    3295   1.926895311E-10
    3296   2.353332042E-10
    3297   2.351904915E-10
    3298   2.350479086E-10
    3299   2.349054554E-10
    3300   2.347631315E-10
    3301   2.538500523E-10
    3302   2.536963435E-10
    3303   2.535427743E-10
    3304   2.533893445E-10
    3305   2.532360539E-10
    3306   2.703840390E-10
    3307   2.702205661E-10
    3308   2.700572415E-10
    3309   2.698940649E-10
    3310   2.697310362E-10
    3311   2.877426566E-10
    3312   2.875689514E-10
    3313   2.873954034E-10
    3314   2.872220125E-10
    3315   2.870487785E-10
    3316   2.988348488E-10
    3317   2.986547193E-10
    3318   2.984747526E-10
    3319   2.982949485E-10
    3320   2.981153069E-10
    3321   3.108427107E-10
    3322   3.106556251E-10
    3323   3.104687084E-10
    3324   3.102819603E-10
    3325   3.100953806E-10
    3326   3.140030396E-10
    3327   3.138143359E-10
    3328   3.136258022E-10
    3329   3.134374383E-10
    3330   3.132492441E-10
    3331   3.105545783E-10
    3332   3.103682269E-10
    3333   3.101820432E-10
    3334   3.099960270E-10
    3335   3.098101780E-10
    3336   3.052729126E-10
    3337   3.050900050E-10
    3338   3.049072616E-10
    3339   3.047246824E-10
    3340   3.045422672E-10
    3341   3.053447870E-10
    3342   3.051621099E-10
    3343   3.049795967E-10
    3344   3.047972472E-10
    3345   3.046150611E-10
    3346   3.092798803E-10
    3347   3.090951253E-10
    3348   3.089105358E-10
    3349   3.087261116E-10
    3350   3.085418525E-10
    3351   3.038308411E-10
    3352   3.036496119E-10
    3353   3.034685447E-10
    3354   3.032876395E-10
    3355   3.031068959E-10
    3356   3.054262817E-10
    3357   3.052443720E-10
    3358   3.050626248E-10
    3359   3.048810399E-10
    3360   3.046996171E-10
    3361   2.997290977E-10
    3362   2.995508467E-10
    3363   2.993727546E-10
    3364   2.991948214E-10
    3365   2.990170467E-10
    3366   2.956081951E-10
    3367   2.954326558E-10
    3368   2.952572728E-10
    3369   2.950820459E-10
    3370   2.949069750E-10
    3371   2.825689568E-10
    3372   2.824014093E-10
    3373   2.822340107E-10
    3374   2.820667609E-10
    3375   2.818996597E-10
    3376   2.710460328E-10
    3377   2.708855556E-10
    3378   2.707252208E-10
    3379   2.705650284E-10
    3380   2.704049781E-10
    3381   2.621106280E-10
    3382   2.619556705E-10
    3383   2.618008504E-10
    3384   2.616461675E-10
    3385   2.614916216E-10
    3386   2.529320913E-10
    3387   2.527827808E-10
    3388   2.526336024E-10
    3389   2.524845560E-10
    3390   2.523356415E-10
    3391   2.413788108E-10
    3392   2.412365303E-10
    3393   2.410943756E-10
    3394   2.409523465E-10
    3395   2.408104429E-10
    3396   2.287806129E-10
    3397   2.286459569E-10
    3398   2.285114197E-10
    3399   2.283770012E-10
    3400   2.282427013E-10
    3401   2.182769170E-10
    3402   2.181486320E-10
    3403   2.180204600E-10
    3404   2.178924010E-10
    3405   2.177644548E-10
    3406   2.054413716E-10
    3407   2.053208074E-10
    3408   2.052003494E-10
    3409   2.050799972E-10
    3410   2.049597510E-10
    3411   1.980831959E-10
    3412   1.979671202E-10
    3413   1.978511465E-10
    3414   1.977352747E-10
    3415   1.976195046E-10
    3416   1.901203868E-10
    3417   1.900091403E-10
    3418   1.898979913E-10
    3419   1.897869399E-10
    3420   1.896759858E-10
    3421   1.806213204E-10
    3422   1.805157864E-10
    3423   1.804103450E-10
    3424   1.803049959E-10
    3425   1.801997390E-10
    3426   1.757242472E-10
    3427   1.756217243E-10
    3428   1.755192911E-10
    3429   1.754169475E-10
    3430   1.753146933E-10
    3431   1.673843581E-10
    3432   1.672868431E-10
    3433   1.671894134E-10
    3434   1.670920688E-10
    3435   1.669948091E-10
    3436   1.604767966E-10
    3437   1.603834418E-10
    3438   1.602901685E-10
    3439   1.601969766E-10
    3440   1.601038658E-10
    3441   1.547483686E-10
    3442   1.546584771E-10
    3443   1.545686638E-10
    3444   1.544789287E-10
    3445   1.543892717E-10
    3446   1.434565282E-10
    3447   1.433733168E-10
    3448   1.432901777E-10
    3449   1.432071109E-10
    3450   1.431241164E-10
    3451   1.395408408E-10
    3452   1.394600178E-10
    3453   1.393792651E-10
    3454   1.392985824E-10
    3455   1.392179698E-10
    3456   1.296160123E-10
    3457   1.295410464E-10
    3458   1.294661456E-10
    3459   1.293913096E-10
    3460   1.293165386E-10
    3461   1.240779791E-10
    3462   1.240063199E-10
    3463   1.239347227E-10
    3464   1.238631875E-10
    3465   1.237917142E-10
    3466   1.161155343E-10
    3467   1.160485703E-10
    3468   1.159816642E-10
    3469   1.159148160E-10
    3470   1.158480256E-10
    3471   1.078158893E-10
    3472   1.077538012E-10
    3473   1.076917668E-10
    3474   1.076297859E-10
    3475   1.075678585E-10
    3476   1.023681999E-10
    3477   1.023093338E-10
    3478   1.022505184E-10
    3479   1.021917538E-10
    3480   1.021330398E-10
    3481   9.382197585E-11
    3482   9.376810161E-11
    3483   9.371427377E-11
    3484   9.366049227E-11
    3485   9.360675704E-11
    3486   8.807950459E-11
    3487   8.802900029E-11
    3488   8.797853941E-11
    3489   8.792812191E-11
    3490   8.787774774E-11
    3491   8.223113575E-11
    3492   8.218405236E-11
    3493   8.213700940E-11
    3494   8.209000682E-11
    3495   8.204304457E-11
    3496   7.659249478E-11
    3497   7.654870261E-11
    3498   7.650494800E-11
    3499   7.646123088E-11
    3500   7.641755123E-11
