      50   1.547651136E-12
      51   1.257826074E-12
      52   1.210360939E-12
      53   1.165532756E-12
      54   1.123149747E-12
      55   1.083037256E-12
      56   4.475241552E-13
      57   4.320922878E-13
      58   4.174450916E-13
      59   4.035302552E-13
      60   3.902997550E-13
      61   4.181575664E-13
      62   4.048827230E-13
      63   3.922301379E-13
      64   3.801615183E-13
      65   3.686414723E-13
      66   8.293238630E-13
      67   8.049319847E-13
      68   7.816006228E-13
      69   7.592691764E-13
      70   7.378813123E-13
      71   4.211243940E-13
      72   4.095867394E-13
      73   3.985168275E-13
      74   3.878897121E-13
      75   3.776820881E-13
      76   7.631819165E-13
      77   7.436131494E-13
      78   7.247875000E-13
      79   7.066678125E-13
      80   6.892192246E-13
      81   9.278317663E-13
      82   9.054743743E-13
      83   8.839154606E-13
      84   8.631174498E-13
      85   8.430449510E-13
      86   1.017720835E-12
      87   9.945908156E-13
      88   9.722404602E-13
      89   9.506351166E-13
      90   9.297420371E-13
      91   1.961670603E-12
      92   1.919484138E-12
      93   1.878644050E-12
      94   1.839093649E-12
      95   1.800779198E-12
      96   1.638644894E-12
      97   1.605203162E-12
      98   1.572774815E-12
      99   1.541319319E-12
     100   1.510798144E-12
     101   1.694473227E-12
     102   1.661570834E-12
     103   1.629617549E-12
     104   1.598577214E-12
     105   1.568415380E-12
     106   1.762194946E-12
     107   1.729561706E-12
     108   1.697826629E-12
     109   1.666957054E-12
     110   1.636921791E-12
     111   1.698292060E-12
     112   1.668233793E-12
     113   1.638966534E-12
     114   1.610462768E-12
     115   1.582696169E-12
     116   1.456469173E-12
     117   1.431783255E-12
     118   1.407719671E-12
     119   1.384257676E-12
     120   1.361377384E-12
     121   1.161516237E-12
     122   1.142629794E-12
     123   1.124200281E-12
     124   1.106213077E-12
     125   1.088654139E-12
     126   9.330177546E-13
     127   9.184393522E-13
     128   9.041999824E-13
     129   8.902892135E-13
     130   8.766970117E-13
     131   9.392812241E-13
     132   9.251566944E-13
     133   9.113483856E-13
     134   8.978469280E-13
     135   8.846432967E-13
     136   5.333896121E-13
     137   5.256593279E-13
     138   5.180958843E-13
     139   5.106945145E-13
     140   5.034506207E-13
     141   0.000000000E+00
     142   0.000000000E+00
     143   0.000000000E+00
     144   0.000000000E+00
     145   0.000000000E+00
     146   3.603155479E-13
     147   3.554464189E-13
     148   3.506753260E-13
     149   3.459996550E-13
     150   3.414168781E-13
     151   1.771084797E-14
     152   1.747933361E-14
     153   1.725232928E-14
     154   1.702971858E-14
     155   1.681138885E-14
     156   2.679719571E-13
     157   2.645799070E-13
     158   2.612518579E-13
     159   2.579862097E-13
     160   2.547814120E-13
     161   4.472466261E-13
     162   4.417589374E-13
     163   4.363716333E-13
     164   4.310822802E-13
     165   4.258885177E-13
     166   1.313170346E-13
     167   1.297537366E-13
     168   1.282181894E-13
     169   1.267097401E-13
     170   1.252277548E-13
     171   1.781479413E-13
     172   1.760884276E-13
     173   1.740644226E-13
     174   1.720751150E-13
     175   1.701197159E-13
     176   9.372109275E-13
     177   9.266804676E-13
     178   9.163264959E-13
     179   9.061450904E-13
     180   8.961324375E-13
     181   4.098392858E-13
     182   4.053601679E-13
     183   4.009540791E-13
     184   3.966194404E-13
     185   3.923547153E-13
     186   1.359266407E-12
     187   1.344806126E-12
     188   1.330575373E-12
     189   1.316569316E-12
     190   1.302783250E-12
     191   1.039920041E-12
     192   1.029143668E-12
     193   1.018533939E-12
     194   1.008087437E-12
     195   9.978008306E-13
     196   1.553024638E-12
     197   1.537337521E-12
     198   1.521886892E-12
     199   1.506668023E-12
     200   1.491676302E-12
     201   1.405727732E-12
     202   1.391878198E-12
     203   1.378232333E-12
     204   1.364786164E-12
     205   1.351535813E-12
     206   0.000000000E+00
     207   0.000000000E+00
     208   0.000000000E+00
     209   0.000000000E+00
     210   0.000000000E+00
     211   0.000000000E+00
     212   0.000000000E+00
     213   0.000000000E+00
     214   0.000000000E+00
     215   0.000000000E+00
     216   0.000000000E+00
     217   0.000000000E+00
     218   0.000000000E+00
     219   0.000000000E+00
     220   0.000000000E+00
     221   0.000000000E+00
     222   0.000000000E+00
     223   0.000000000E+00
     224   0.000000000E+00
     225   0.000000000E+00
     226   0.000000000E+00
     227   0.000000000E+00
     228   0.000000000E+00
     229   0.000000000E+00
     230   0.000000000E+00
     231   0.000000000E+00
     232   0.000000000E+00
     233   0.000000000E+00
     234   0.000000000E+00
     235   0.000000000E+00
     236   0.000000000E+00
     237   0.000000000E+00
     238   0.000000000E+00
     239   0.000000000E+00
     240   0.000000000E+00
     241   0.000000000E+00
     242   0.000000000E+00
     243   0.000000000E+00
     244   0.000000000E+00
     245   0.000000000E+00
     246   0.000000000E+00
     247   0.000000000E+00
     248   0.000000000E+00
     249   0.000000000E+00
     250   0.000000000E+00
     251   2.527351884E-12
     252   2.507372818E-12
     253   2.487629725E-12
     254   2.468118904E-12
     255   2.448836725E-12
     256   5.820175524E-12
     257   5.775057884E-12
     258   5.730462843E-12
     259   5.686382359E-12
     260   5.642808548E-12
     261   3.589702450E-11
     262   3.562404332E-11
     263   3.535416421E-11
     264   3.508734032E-11
     265   3.482352574E-11
     266   3.901593130E-11
     267   3.872476763E-11
     268   3.843685114E-11
     269   3.815213373E-11
     270   3.787056817E-11
     271   8.409950476E-11
     272   8.348339117E-11
     273   8.287402335E-11
     274   8.227130318E-11
     275   8.167513432E-11
     276   9.049466418E-11
     277   8.984362343E-11
     278   8.919958312E-11
     279   8.856244324E-11
     280   8.793210557E-11
     281   6.890676272E-10
     282   6.841978914E-10
     283   6.793795963E-10
     284   6.746120202E-10
     285   6.698944537E-10
     286   1.247250573E-09
     287   1.238589111E-09
     288   1.230017560E-09
     289   1.221534680E-09
     290   1.213139253E-09
     291   1.998866447E-09
     292   1.985222308E-09
     293   1.971717394E-09
     294   1.958349819E-09
     295   1.945117725E-09
     296   2.683386638E-09
     297   2.665377332E-09
     298   2.647548721E-09
     299   2.629898396E-09
     300   2.612423988E-09
     301   3.601911601E-09
     302   3.578136607E-09
     303   3.554596235E-09
     304   3.531287407E-09
     305   3.508207097E-09
     306   6.212333832E-09
     307   6.171994002E-09
     308   6.132045821E-09
     309   6.092484235E-09
     310   6.053304272E-09
     311   6.097007216E-09
     312   6.058048703E-09
     313   6.019462406E-09
     314   5.981243597E-09
     315   5.943387625E-09
     316   7.148552635E-09
     317   7.103593185E-09
     318   7.059056550E-09
     319   7.014937447E-09
     320   6.971230671E-09
     321   9.060774478E-09
     322   9.004670611E-09
     323   8.949086225E-09
     324   8.894014925E-09
     325   8.839450416E-09
     326   9.717314735E-09
     327   9.658062816E-09
     328   9.599351188E-09
     329   9.541173302E-09
     330   9.483522708E-09
     331   1.221188497E-08
     332   1.213854032E-08
     333   1.206585445E-08
     334   1.199381950E-08
     335   1.192242772E-08
     336   1.243899651E-08
     337   1.236539298E-08
     338   1.229244080E-08
     339   1.222013233E-08
     340   1.214846000E-08
     341   1.597509903E-08
     342   1.588194977E-08
     343   1.578961285E-08
     344   1.569807886E-08
     345   1.560733852E-08
     346   1.848232639E-08
     347   1.837610613E-08
     348   1.827079893E-08
     349   1.816639436E-08
     350   1.806288214E-08
     351   1.744565381E-08
     352   1.734681158E-08
     353   1.724880700E-08
     354   1.715163062E-08
     355   1.705527314E-08
     356   2.261234433E-08
     357   2.248601838E-08
     358   2.236074808E-08
     359   2.223652170E-08
     360   2.211332768E-08
     361   2.076505949E-08
     362   2.065065145E-08
     363   2.053718633E-08
     364   2.042465380E-08
     365   2.031304367E-08
     366   2.907496556E-08
     367   2.891694944E-08
     368   2.876021801E-08
     369   2.860475737E-08
     370   2.845055382E-08
     371   2.774623365E-08
     372   2.759746028E-08
     373   2.744988028E-08
     374   2.730348091E-08
     375   2.715824963E-08
     376   3.109922920E-08
     377   3.093468302E-08
     378   3.077143931E-08
     379   3.060948436E-08
     380   3.044880465E-08
     381   3.648738146E-08
     382   3.629684683E-08
     383   3.610780075E-08
     384   3.592022776E-08
     385   3.573411259E-08
     386   3.452881117E-08
     387   3.435082761E-08
     388   3.417421667E-08
     389   3.399896427E-08
     390   3.382505653E-08
     391   4.316256499E-08
     392   4.294290817E-08
     393   4.272492387E-08
     394   4.250859514E-08
     395   4.229390526E-08
     396   4.312954300E-08
     397   4.291281163E-08
     398   4.269770981E-08
     399   4.248422127E-08
     400   4.227232989E-08
     401   5.032517532E-08
     402   5.007542258E-08
     403   4.982752445E-08
     404   4.958146260E-08
     405   4.933721895E-08
     406   5.628884499E-08
     407   5.601291928E-08
     408   5.573901748E-08
     409   5.546711983E-08
     410   5.519720684E-08
     411   5.796777298E-08
     412   5.768705737E-08
     413   5.740837593E-08
     414   5.713170906E-08
     415   5.685703738E-08
     416   6.529775796E-08
     417   6.498532850E-08
     418   6.467513600E-08
     419   6.436715916E-08
     420   6.406137693E-08
     421   6.962147855E-08
     422   6.929229898E-08
     423   6.896544852E-08
     424   6.864090523E-08
     425   6.831864746E-08
     426   7.613644096E-08
     427   7.578066320E-08
     428   7.542737339E-08
     429   7.507654840E-08
     430   7.472816535E-08
     431   8.220432418E-08
     432   8.182462753E-08
     433   8.144755552E-08
     434   8.107308400E-08
     435   8.070118912E-08
     436   9.190392593E-08
     437   9.148427330E-08
     438   9.106748846E-08
     439   9.065354533E-08
     440   9.024241814E-08
     441   9.435889527E-08
     442   9.393289575E-08
     443   9.350977459E-08
     444   9.308950594E-08
     445   9.267206421E-08
     446   1.054469207E-07
     447   1.049761755E-07
     448   1.045085756E-07
     449   1.040440930E-07
     450   1.035827002E-07
     451   1.094797557E-07
     452   1.089964013E-07
     453   1.085162410E-07
     454   1.080392465E-07
     455   1.075653902E-07
     456   1.188819972E-07
     457   1.183628618E-07
     458   1.178471195E-07
     459   1.173347408E-07
     460   1.168256963E-07
     461   1.289921561E-07
     462   1.284349546E-07
     463   1.278813557E-07
     464   1.273313283E-07
     465   1.267848419E-07
     466   1.277571292E-07
     467   1.272111585E-07
     468   1.266686802E-07
     469   1.261296646E-07
     470   1.255940821E-07
     471   1.567538102E-07
     472   1.560910034E-07
     473   1.554323916E-07
     474   1.547779394E-07
     475   1.541276120E-07
     476   1.532088452E-07
     477   1.525678040E-07
     478   1.519307777E-07
     479   1.512977328E-07
     480   1.506686362E-07
     481   1.767717815E-07
     482   1.760398072E-07
     483   1.753123700E-07
     484   1.745894324E-07
     485   1.738709574E-07
     486   1.785279841E-07
     487   1.777963120E-07
     488   1.770691288E-07
     489   1.763463976E-07
     490   1.756280824E-07
     491   1.866748179E-07
     492   1.859175164E-07
     493   1.851648139E-07
     494   1.844166733E-07
     495   1.836730576E-07
     496   2.273105352E-07
     497   2.263976414E-07
     498   2.254902361E-07
     499   2.245882751E-07
     500   2.236917151E-07
     501   2.164792913E-07
     502   2.156185387E-07
     503   2.147629095E-07
     504   2.139123634E-07
     505   2.130668599E-07
     506   2.546560208E-07
     507   2.536534381E-07
     508   2.526567645E-07
     509   2.516659536E-07
     510   2.506809597E-07
     511   2.595930425E-07
     512   2.585809838E-07
     513   2.575748321E-07
     514   2.565745415E-07
     515   2.555800666E-07
     516   2.786912579E-07
     517   2.776152299E-07
     518   2.765454217E-07
     519   2.754817854E-07
     520   2.744242738E-07
     521   3.206905885E-07
     522   3.194642382E-07
     523   3.182449091E-07
     524   3.170325475E-07
     525   3.158271006E-07
     526   2.917798235E-07
     527   2.906745969E-07
     528   2.895756382E-07
     529   2.884828999E-07
     530   2.873963353E-07
     531   3.597808219E-07
     532   3.584308001E-07
     533   3.570883626E-07
     534   3.557534529E-07
     535   3.544260146E-07
     536   3.572531211E-07
     537   3.559250426E-07
     538   3.546043559E-07
     539   3.532910065E-07
     540   3.519849399E-07
     541   4.101406805E-07
     542   4.086300334E-07
     543   4.071277171E-07
     544   4.056336705E-07
     545   4.041478329E-07
     546   4.281035799E-07
     547   4.265411580E-07
     548   4.249872740E-07
     549   4.234418658E-07
     550   4.219048717E-07
     551   3.952748221E-07
     552   3.938452568E-07
     553   3.924234327E-07
     554   3.910092942E-07
     555   3.896027860E-07
     556   4.837825969E-07
     557   4.820486091E-07
     558   4.803239272E-07
     559   4.786084846E-07
     560   4.769022155E-07
     561   4.700044155E-07
     562   4.683347728E-07
     563   4.666740112E-07
     564   4.650220678E-07
     565   4.633788803E-07
     566   5.346141842E-07
     567   5.327317399E-07
     568   5.308592206E-07
     569   5.289965566E-07
     570   5.271436790E-07
     571   5.382333151E-07
     572   5.363546648E-07
     573   5.344858332E-07
     574   5.326267520E-07
     575   5.307773536E-07
     576   5.637539435E-07
     577   5.618032378E-07
     578   5.598626394E-07
     579   5.579320786E-07
     580   5.560114862E-07
     581   6.239324610E-07
     582   6.217920409E-07
     583   6.196626161E-07
     584   6.175441114E-07
     585   6.154364523E-07
     586   6.113533015E-07
     587   6.092738685E-07
     588   6.072050269E-07
     589   6.051467048E-07
     590   6.030988310E-07
     591   6.965749144E-07
     592   6.942255892E-07
     593   6.918881293E-07
     594   6.895624549E-07
     595   6.872484870E-07
     596   7.279164654E-07
     597   7.254819621E-07
     598   7.230596517E-07
     599   7.206494529E-07
     600   7.182512850E-07
     601   7.723439912E-07
     602   7.697823196E-07
     603   7.672333715E-07
     604   7.646970629E-07
     605   7.621733102E-07
     606   8.059710218E-07
     607   8.033198013E-07
     608   8.006816411E-07
     609   7.980564554E-07
     610   7.954441593E-07
     611   7.909149441E-07
     612   7.883344712E-07
     613   7.857666065E-07
     614   7.832112680E-07
     615   7.806683742E-07
     616   9.382872941E-07
     617   9.352507656E-07
     618   9.322289538E-07
     619   9.292217636E-07
     620   9.262291009E-07
     621   9.333533277E-07
     622   9.303570088E-07
     623   9.273750953E-07
     624   9.244074950E-07
     625   9.214541164E-07
     626   1.010866012E-06
     627   1.007646694E-06
     628   1.004442730E-06
     629   1.001254023E-06
     630   9.980804758E-07
     631   1.011327442E-06
     632   1.008132095E-06
     633   1.004951868E-06
     634   1.001786665E-06
     635   9.986363923E-07
     636   1.090431532E-06
     637   1.087013251E-06
     638   1.083611018E-06
     639   1.080224734E-06
     640   1.076854298E-06
     641   1.175823196E-06
     642   1.172165892E-06
     643   1.168525625E-06
     644   1.164902290E-06
     645   1.161295781E-06
     646   1.131231069E-06
     647   1.127739615E-06
     648   1.124264300E-06
     649   1.120805025E-06
     650   1.117361692E-06
     651   1.259893759E-06
     652   1.256034973E-06
     653   1.252193887E-06
     654   1.248370394E-06
     655   1.244564387E-06
     656   1.238594613E-06
     657   1.234829887E-06
     658   1.231082300E-06
     659   1.227351748E-06
     660   1.223638127E-06
     661   1.314151234E-06
     662   1.310186977E-06
     663   1.306240630E-06
     664   1.302312087E-06
     665   1.298401240E-06
     666   1.390752376E-06
     667   1.386588447E-06
     668   1.382443190E-06
     669   1.378316494E-06
     670   1.374208248E-06
     671   1.366366927E-06
     672   1.362306401E-06
     673   1.358263948E-06
     674   1.354239463E-06
     675   1.350232837E-06
     676   1.526801211E-06
     677   1.522297373E-06
     678   1.517813434E-06
     679   1.513349277E-06
     680   1.508904785E-06
     681   1.499309878E-06
     682   1.494919512E-06
     683   1.490548402E-06
     684   1.486196436E-06
     685   1.481863502E-06
     686   1.676268595E-06
     687   1.671395721E-06
     688   1.666544064E-06
     689   1.661713502E-06
     690   1.656903911E-06
     691   1.656630910E-06
     692   1.651849868E-06
     693   1.647089494E-06
     694   1.642349668E-06
     695   1.637630272E-06
     696   1.681077502E-06
     697   1.676260661E-06
     698   1.671464493E-06
     699   1.666688881E-06
     700   1.661933706E-06
     701   1.918024311E-06
     702   1.912567627E-06
     703   1.907134197E-06
     704   1.901723887E-06
     705   1.896336567E-06
     706   1.778405685E-06
     707   1.773381940E-06
     708   1.768379452E-06
     709   1.763398102E-06
     710   1.758437770E-06
     711   2.035300539E-06
     712   2.029591422E-06
     713   2.023906291E-06
     714   2.018245015E-06
     715   2.012607459E-06
     716   1.996249563E-06
     717   1.990688980E-06
     718   1.985151597E-06
     719   1.979637287E-06
     720   1.974145922E-06
     721   2.167533401E-06
     722   2.161537458E-06
     723   2.155566360E-06
     724   2.149619970E-06
     725   2.143698152E-06
     726   2.284499414E-06
     727   2.278223317E-06
     728   2.271973047E-06
     729   2.265748463E-06
     730   2.259549425E-06
     731   2.192493189E-06
     732   2.186510943E-06
     733   2.180553147E-06
     734   2.174619669E-06
     735   2.168710377E-06
     736   2.452662921E-06
     737   2.446016138E-06
     738   2.439396338E-06
     739   2.432803375E-06
     740   2.426237104E-06
     741   2.418169864E-06
     742   2.411660659E-06
     743   2.405177700E-06
     744   2.398720847E-06
     745   2.392289960E-06
     746   2.588698888E-06
     747   2.581777233E-06
     748   2.574883302E-06
     749   2.568016946E-06
     750   2.561178019E-06
     751   2.599295107E-06
     752   2.592391268E-06
     753   2.585514899E-06
     754   2.578665853E-06
     755   2.571843985E-06
     756   2.477699217E-06
     757   2.471161752E-06
     758   2.464650127E-06
     759   2.458164205E-06
     760   2.451703853E-06
     761   2.878618748E-06
     762   2.871073221E-06
     763   2.863557322E-06
     764   2.856070898E-06
     765   2.848613794E-06
     766   2.717132418E-06
     767   2.710056553E-06
     768   2.703008291E-06
     769   2.695987490E-06
     770   2.688994008E-06
     771   2.890522562E-06
     772   2.883043849E-06
     773   2.875594123E-06
     774   2.868173235E-06
     775   2.860781036E-06
     776   2.883918862E-06
     777   2.876505188E-06
     778   2.869120066E-06
     779   2.861763348E-06
     780   2.854434889E-06
     781   3.067314265E-06
     782   3.059479491E-06
     783   3.051674696E-06
     784   3.043899729E-06
     785   3.036154437E-06
     786   3.155462464E-06
     787   3.147453676E-06
     788   3.139475340E-06
     789   3.131527301E-06
     790   3.123609407E-06
     791   3.203681893E-06
     792   3.195601989E-06
     793   3.187552614E-06
     794   3.179533613E-06
     795   3.171544835E-06
     796   3.390944460E-06
     797   3.382445852E-06
     798   3.373979154E-06
     799   3.365544206E-06
     800   3.357140850E-06
     801   3.462797575E-06
     802   3.454172924E-06
     803   3.445580454E-06
     804   3.437020005E-06
     805   3.428491420E-06
     806   3.549586869E-06
     807   3.540800763E-06
     808   3.532047238E-06
     809   3.523326134E-06
     810   3.514637290E-06
     811   3.602043465E-06
     812   3.593182349E-06
     813   3.584353891E-06
     814   3.575557931E-06
     815   3.566794308E-06
     816   3.634821335E-06
     817   3.625934241E-06
     818   3.617079701E-06
     819   3.608257556E-06
     820   3.599467647E-06
     821   3.946910384E-06
     822   3.937318865E-06
     823   3.927762265E-06
     824   3.918240417E-06
     825   3.908753153E-06
     826   3.948734581E-06
     827   3.939196575E-06
     828   3.929693085E-06
     829   3.920223945E-06
     830   3.910788990E-06
     831   4.215692674E-06
     832   4.205570963E-06
     833   4.195485661E-06
     834   4.185436593E-06
     835   4.175423587E-06
     836   4.102159067E-06
     837   4.092368712E-06
     838   4.082613363E-06
     839   4.072892855E-06
     840   4.063207022E-06
     841   4.161202167E-06
     842   4.151329801E-06
     843   4.141492527E-06
     844   4.131690178E-06
     845   4.121922589E-06
     846   4.505221552E-06
     847   4.494596029E-06
     848   4.484008053E-06
     849   4.473457446E-06
     850   4.462944032E-06
     851   4.344618104E-06
     852   4.334431426E-06
     853   4.324280533E-06
     854   4.314165257E-06
     855   4.304085431E-06
     856   4.577966962E-06
     857   4.567295710E-06
     858   4.556661727E-06
     859   4.546064839E-06
     860   4.535504875E-06
     861   4.383590103E-06
     862   4.373431146E-06
     863   4.363307463E-06
     864   4.353218891E-06
     865   4.343165267E-06
     866   4.674240019E-06
     867   4.663469880E-06
     868   4.652736923E-06
     869   4.642040976E-06
     870   4.631381870E-06
     871   4.896650291E-06
     872   4.885432306E-06
     873   4.874252827E-06
     874   4.863111678E-06
     875   4.852008683E-06
     876   4.764986508E-06
     877   4.754132325E-06
     878   4.743315186E-06
     879   4.732534924E-06
     880   4.721791372E-06
     881   5.071887606E-06
     882   5.060399752E-06
     883   5.048950884E-06
     884   5.037540825E-06
     885   5.026169401E-06
     886   5.015512940E-06
     887   5.004216739E-06
     888   4.992958659E-06
     889   4.981738527E-06
     890   4.970556174E-06
     891   5.210377672E-06
     892   5.198708293E-06
     893   5.187078073E-06
     894   5.175486837E-06
     895   5.163934411E-06
     896   5.206600055E-06
     897   5.195004064E-06
     898   5.183446769E-06
     899   5.171927998E-06
     900   5.160447581E-06
     901   5.099894639E-06
     902   5.088599191E-06
     903   5.077341228E-06
     904   5.066120585E-06
     905   5.054937095E-06
     906   5.440068134E-06
     907   5.428085605E-06
     908   5.416142622E-06
     909   5.404239012E-06
     910   5.392374602E-06
     911   5.232783420E-06
     912   5.221320587E-06
     913   5.209895378E-06
     914   5.198507628E-06
     915   5.187157175E-06
     916   5.585692861E-06
     917   5.573523595E-06
     918   5.561394055E-06
     919   5.549304068E-06
     920   5.537253462E-06
     921   5.467196419E-06
     922   5.455349840E-06
     923   5.443541723E-06
     924   5.431771903E-06
     925   5.420040214E-06
     926   5.524539009E-06
     927   5.512632675E-06
     928   5.500764790E-06
     929   5.488935188E-06
     930   5.477143705E-06
     931   6.071089558E-06
     932   6.058075432E-06
     933   6.045103108E-06
     934   6.032172406E-06
     935   6.019283149E-06
     936   5.648690640E-06
     937   5.636646523E-06
     938   5.624640887E-06
     939   5.612673566E-06
     940   5.600744397E-06
     941   6.124109391E-06
     942   6.111120824E-06
     943   6.098173534E-06
     944   6.085267347E-06
     945   6.072402088E-06
     946   6.022823095E-06
     947   6.010116717E-06
     948   5.997450507E-06
     949   5.984824295E-06
     950   5.972237914E-06
     951   6.214880486E-06
     952   6.201837715E-06
     953   6.188835958E-06
     954   6.175875045E-06
     955   6.162954805E-06
     956   6.305721572E-06
     957   6.292557227E-06
     958   6.279434062E-06
     959   6.266351908E-06
     960   6.253310593E-06
     961   6.080201218E-06
     962   6.067573594E-06
     963   6.054985267E-06
     964   6.042436074E-06
     965   6.029925855E-06
     966   6.756219346E-06
     967   6.742260215E-06
     968   6.728344301E-06
     969   6.714471426E-06
     970   6.700641413E-06
     971   6.317128907E-06
     972   6.304144058E-06
     973   6.291199204E-06
     974   6.278294180E-06
     975   6.265428823E-06
     976   6.876931003E-06
     977   6.862867750E-06
     978   6.848847591E-06
     979   6.834870351E-06
     980   6.820935855E-06
     981   6.741173976E-06
     982   6.727458464E-06
     983   6.713784768E-06
     984   6.700152718E-06
     985   6.686562144E-06
     986   6.668211580E-06
     987   6.654713176E-06
     988   6.641255717E-06
     989   6.627839039E-06
     990   6.614462977E-06
     991   7.220898301E-06
     992   7.206354699E-06
     993   7.191854991E-06
     994   7.177399001E-06
     995   7.162986554E-06
     996   7.208369022E-06
     997   7.193923393E-06
     998   7.179521144E-06
     999   7.165162102E-06
    1000   7.150846094E-06
    1001   7.212235172E-06
    1002   7.197853846E-06
    1003   7.183515492E-06
    1004   7.169219939E-06
    1005   7.154967016E-06
    1006   7.071992855E-06
    1007   7.057961123E-06
    1008   7.043971111E-06
    1009   7.030022653E-06
    1010   7.016115586E-06
    1011   7.055694605E-06
    1012   7.041764309E-06
    1013   7.027875228E-06
    1014   7.014027198E-06
    1015   7.000220058E-06
    1016   7.435111738E-06
    1017   7.420504446E-06
    1018   7.405940159E-06
    1019   7.391418707E-06
    1020   7.376939924E-06
    1021   7.276943170E-06
    1022   7.262716497E-06
    1023   7.248531504E-06
    1024   7.234388027E-06
    1025   7.220285907E-06
    1026   7.507068298E-06
    1027   7.492463107E-06
    1028   7.477900496E-06
    1029   7.463380301E-06
    1030   7.448902357E-06
    1031   7.594619205E-06
    1032   7.579915199E-06
    1033   7.565253855E-06
    1034   7.550635007E-06
    1035   7.536058491E-06
    1036   7.772409042E-06
    1037   7.757433302E-06
    1038   7.742500803E-06
    1039   7.727611378E-06
    1040   7.712764863E-06
    1041   7.969204631E-06
    1042   7.953923318E-06
    1043   7.938685917E-06
    1044   7.923492260E-06
    1045   7.908342179E-06
    1046   7.679009126E-06
    1047   7.664354528E-06
    1048   7.649741841E-06
    1049   7.635170904E-06
    1050   7.620641559E-06
    1051   7.830020079E-06
    1052   7.815148246E-06
    1053   7.800318743E-06
    1054   7.785531409E-06
    1055   7.770786084E-06
    1056   7.915622112E-06
    1057   7.900658743E-06
    1058   7.885737764E-06
    1059   7.870859013E-06
    1060   7.856022333E-06
    1061   8.522093391E-06
    1062   8.506059349E-06
    1063   8.490070515E-06
    1064   8.474126721E-06
    1065   8.458227796E-06
    1066   9.102260245E-06
    1067   9.085214813E-06
    1068   9.068217218E-06
    1069   9.051267279E-06
    1070   9.034364819E-06
    1071   9.428866389E-06
    1072   9.411291615E-06
    1073   9.393765932E-06
    1074   9.376289158E-06
    1075   9.358861111E-06
    1076   9.441073020E-06
    1077   9.423557115E-06
    1078   9.406089910E-06
    1079   9.388671225E-06
    1080   9.371300880E-06
    1081   1.003440893E-05
    1082   1.001587817E-05
    1083   9.997398686E-06
    1084   9.978970301E-06
    1085   9.960592824E-06
    1086   1.001174751E-05
    1087   9.993343565E-06
    1088   9.974990317E-06
    1089   9.956687583E-06
    1090   9.938435176E-06
    1091   9.959180172E-06
    1092   9.940956604E-06
    1093   9.922783009E-06
    1094   9.904659204E-06
    1095   9.886585008E-06
    1096   1.007456629E-05
    1097   1.005621553E-05
    1098   1.003791487E-05
    1099   1.001966411E-05
    1100   1.000146309E-05
    1101   1.010059666E-05
    1102   1.008228189E-05
    1103   1.006401688E-05
    1104   1.004580147E-05
    1105   1.002763546E-05
    1106   9.469793141E-06
    1107   9.452699652E-06
    1108   9.435652402E-06
    1109   9.418651227E-06
    1110   9.401695959E-06
    1111   9.552955474E-06
    1112   9.535789336E-06
    1113   9.518669427E-06
    1114   9.501595581E-06
    1115   9.484567632E-06
    1116   9.475488730E-06
    1117   9.458537945E-06
    1118   9.441632605E-06
    1119   9.424772547E-06
    1120   9.407957609E-06
    1121   1.052550215E-05
    1122   1.050675682E-05
    1123   1.048806153E-05
    1124   1.046941608E-05
    1125   1.045082032E-05
    1126   1.143467593E-05
    1127   1.141440168E-05
    1128   1.139418130E-05
    1129   1.137401461E-05
    1130   1.135390141E-05
    1131   1.310234783E-05
    1132   1.307921924E-05
    1133   1.305615183E-05
    1134   1.303314540E-05
    1135   1.301019972E-05
    1136   1.452618860E-05
    1137   1.450065927E-05
    1138   1.447519718E-05
    1139   1.444980210E-05
    1140   1.442447379E-05
    1141   1.532086449E-05
    1142   1.529405633E-05
    1143   1.526731847E-05
    1144   1.524065066E-05
    1145   1.521405267E-05
    1146   1.621636687E-05
    1147   1.618811536E-05
    1148   1.615993761E-05
    1149   1.613183337E-05
    1150   1.610380238E-05
    1151   1.566264114E-05
    1152   1.563547264E-05
    1153   1.560837476E-05
    1154   1.558134728E-05
    1155   1.555438993E-05
    1156   1.701779021E-05
    1157   1.698839852E-05
    1158   1.695908290E-05
    1159   1.692984311E-05
    1160   1.690067886E-05
    1161   1.809061610E-05
    1162   1.805950584E-05
    1163   1.802847576E-05
    1164   1.799752559E-05
    1165   1.796665505E-05
    1166   2.038042562E-05
    1167   2.034552763E-05
    1168   2.031071920E-05
    1169   2.027600002E-05
    1170   2.024136979E-05
    1171   2.211189620E-05
    1172   2.207419475E-05
    1173   2.203658965E-05
    1174   2.199908056E-05
    1175   2.196166716E-05
    1176   2.060290493E-05
    1177   2.056792546E-05
    1178   2.053303501E-05
    1179   2.049823325E-05
    1180   2.046351990E-05
    1181   1.927176578E-05
    1182   1.923918460E-05
    1183   1.920668598E-05
    1184   1.917426963E-05
    1185   1.914193528E-05
    1186   1.610643657E-05
    1187   1.607932135E-05
    1188   1.605227456E-05
    1189   1.602529594E-05
    1190   1.599838529E-05
    1191   1.112385874E-05
    1192   1.110521020E-05
    1193   1.108660850E-05
    1194   1.106805351E-05
    1195   1.104954506E-05
    1196   5.801708991E-06
    1197   5.792023333E-06
    1198   5.782361910E-06
    1199   5.772724640E-06
    1200   5.763111443E-06
    1201  -5.883798364E-07
    1202  -5.874016488E-07
    1203  -5.864258985E-07
    1204  -5.854525775E-07
    1205  -5.844816777E-07
    1206  -6.578442721E-06
    1207  -6.567551259E-06
    1208  -6.556686824E-06
    1209  -6.545849325E-06
    1210  -6.535038673E-06
    1211  -1.094050925E-05
    1212  -1.092247049E-05
    1213  -1.090447630E-05
    1214  -1.088652655E-05
    1215  -1.086862108E-05
    1216  -1.388485520E-05
    1217  -1.386205577E-05
    1218  -1.383931244E-05
    1219  -1.381662505E-05
    1220  -1.379399339E-05
    1221  -1.232902608E-05
    1222  -1.230886414E-05
    1223  -1.228875161E-05
    1224  -1.226868835E-05
    1225  -1.224867417E-05
    1226  -1.981135880E-06
    1227  -1.977909275E-06
    1228  -1.974690545E-06
    1229  -1.971479666E-06
    1230  -1.968276612E-06
    1231   2.023982061E-05
    1232   2.020699040E-05
    1233   2.017424002E-05
    1234   2.014156918E-05
    1235   2.010897765E-05
    1236   5.308662560E-05
    1237   5.300086369E-05
    1238   5.291530943E-05
    1239   5.282996216E-05
    1240   5.274482120E-05
    1241   9.830840165E-05
    1242   9.815022240E-05
    1243   9.799242461E-05
    1244   9.783500707E-05
    1245   9.767796853E-05
    1246   1.585395503E-04
    1247   1.582854806E-04
    1248   1.580320210E-04
    1249   1.577791698E-04
    1250   1.575269249E-04
    1251   2.110566895E-04
    1252   2.107198073E-04
    1253   2.103837310E-04
    1254   2.100484582E-04
    1255   2.097139861E-04
    1256   2.798921890E-04
    1257   2.794472094E-04
    1258   2.790032901E-04
    1259   2.785604277E-04
    1260   2.781186189E-04
    1261   3.061101152E-04
    1262   3.056253802E-04
    1263   3.051417958E-04
    1264   3.046593581E-04
    1265   3.041780637E-04
    1266   3.450209056E-04
    1267   3.444767086E-04
    1268   3.439337981E-04
    1269   3.433921700E-04
    1270   3.428518204E-04
    1271   3.494468690E-04
    1272   3.488978559E-04
    1273   3.483501356E-04
    1274   3.478037040E-04
    1275   3.472585571E-04
    1276   2.947954197E-04
    1277   2.943340810E-04
    1278   2.938738244E-04
    1279   2.934146466E-04
    1280   2.929565441E-04
    1281   1.668663164E-04
    1282   1.666061974E-04
    1283   1.663466862E-04
    1284   1.660877808E-04
    1285   1.658294795E-04
    1286  -8.053700221E-05
    1287  -8.041194475E-05
    1288  -8.028717835E-05
    1289  -8.016270210E-05
    1290  -8.003851511E-05
    1291  -4.882286442E-04
    1292  -4.874734568E-04
    1293  -4.867200202E-04
    1294  -4.859683291E-04
    1295  -4.852183779E-04
    1296  -1.000468955E-03
    1297  -9.989274008E-04
    1298  -9.973894064E-04
    1299  -9.958549611E-04
    1300  -9.943240542E-04
    1301  -1.574690801E-03
    1302  -1.572273777E-03
    1303  -1.569862315E-03
    1304  -1.567456395E-03
    1305  -1.565056003E-03
    1306  -2.031336893E-03
    1307  -2.028230874E-03
    1308  -2.025131972E-03
    1309  -2.022040168E-03
    1310  -2.018955438E-03
    1311  -2.299511973E-03
    1312  -2.296009289E-03
    1313  -2.292514603E-03
    1314  -2.289027888E-03
    1315  -2.285549123E-03
    1316  -2.414753657E-03
    1317  -2.411089387E-03
    1318  -2.407433452E-03
    1319  -2.403785826E-03
    1320  -2.400146483E-03
    1321  -2.168952539E-03
    1322  -2.165673700E-03
    1323  -2.162402289E-03
    1324  -2.159138286E-03
    1325  -2.155881667E-03
    1326  -1.696933818E-03
    1327  -1.694378195E-03
    1328  -1.691828341E-03
    1329  -1.689284238E-03
    1330  -1.686745870E-03
    1331  -6.193565353E-04
    1332  -6.184272681E-04
    1333  -6.175000908E-04
    1334  -6.165749971E-04
    1335  -6.156519806E-04
    1336   1.329350933E-03
    1337   1.327363861E-03
    1338   1.325381241E-03
    1339   1.323403060E-03
    1340   1.321429305E-03
    1341   4.485933868E-03
    1342   4.479253401E-03
    1343   4.472587845E-03
    1344   4.465937157E-03
    1345   4.459301292E-03
    1346   8.850925672E-03
    1347   8.837793735E-03
    1348   8.824691001E-03
    1349   8.811617385E-03
    1350   8.798572800E-03
    1351   1.390572839E-02
    1352   1.388517299E-02
    1353   1.386466313E-02
    1354   1.384419869E-02
    1355   1.382377951E-02
    1356   1.851387753E-02
    1357   1.848661114E-02
    1358   1.845940495E-02
    1359   1.843225876E-02
    1360   1.840517242E-02
    1361   2.140157404E-02
    1362   2.137017041E-02
    1363   2.133883584E-02
    1364   2.130757015E-02
    1365   2.127637312E-02
    1366   2.269379599E-02
    1367   2.266061793E-02
    1368   2.262751257E-02
    1369   2.259447970E-02
    1370   2.256151912E-02
    1371   2.346222175E-02
    1372   2.342804517E-02
    1373   2.339394321E-02
    1374   2.335991566E-02
    1375   2.332596229E-02
    1376   2.442839988E-02
    1377   2.439294502E-02
    1378   2.435756729E-02
    1379   2.432226647E-02
    1380   2.428704233E-02
    1381   2.285439686E-02
    1382   2.282134640E-02
    1383   2.278836757E-02
    1384   2.275546018E-02
    1385   2.272262402E-02
    1386   2.157930800E-02
    1387   2.154821390E-02
    1388   2.151718695E-02
    1389   2.148622697E-02
    1390   2.145533376E-02
    1391   1.772669084E-02
    1392   1.770123974E-02
    1393   1.767584341E-02
    1394   1.765050170E-02
    1395   1.762521445E-02
    1396   1.384848164E-02
    1397   1.382866979E-02
    1398   1.380890043E-02
    1399   1.378917342E-02
    1400   1.376948867E-02
    1401   8.753490769E-03
    1402   8.741012521E-03
    1403   8.728560936E-03
    1404   8.716135939E-03
    1405   8.703737452E-03
    1406   4.045207000E-03
    1407   4.039460967E-03
    1408   4.033727169E-03
    1409   4.028005570E-03
    1410   4.022296136E-03
    1411   9.078792168E-04
    1412   9.065941789E-04
    1413   9.053118675E-04
    1414   9.040322748E-04
    1415   9.027553930E-04
    1416  -1.050835319E-03
    1417  -1.049353182E-03
    1418  -1.047874178E-03
    1419  -1.046398299E-03
    1420  -1.044925536E-03
    1421  -2.141860771E-03
    1422  -2.138850425E-03
    1423  -2.135846422E-03
    1424  -2.132848743E-03
    1425  -2.129857370E-03
    1426  -2.684537549E-03
    1427  -2.680777692E-03
    1428  -2.677025729E-03
    1429  -2.673281637E-03
    1430  -2.669545394E-03
    1431  -2.759426520E-03
    1432  -2.755575262E-03
    1433  -2.751732061E-03
    1434  -2.747896894E-03
    1435  -2.744069740E-03
    1436  -2.715052376E-03
    1437  -2.711276226E-03
    1438  -2.707507947E-03
    1439  -2.703747520E-03
    1440  -2.699994921E-03
    1441  -2.361818342E-03
    1442  -2.358544859E-03
    1443  -2.355278176E-03
    1444  -2.352018276E-03
    1445  -2.348765138E-03
    1446  -1.844896912E-03
    1447  -1.842348712E-03
    1448  -1.839805787E-03
    1449  -1.837268124E-03
    1450  -1.834735708E-03
    1451  -1.222367804E-03
    1452  -1.220685261E-03
    1453  -1.219006189E-03
    1454  -1.217330579E-03
    1455  -1.215658422E-03
    1456  -5.968908042E-04
    1457  -5.960720239E-04
    1458  -5.952549273E-04
    1459  -5.944395096E-04
    1460  -5.936257662E-04
    1461  -1.812485619E-04
    1462  -1.810007853E-04
    1463  -1.807535165E-04
    1464  -1.805067540E-04
    1465  -1.802604965E-04
    1466   9.520476174E-05
    1467   9.507505498E-05
    1468   9.494561310E-05
    1469   9.481643540E-05
    1470   9.468752114E-05
    1471   2.419977294E-04
    1472   2.416691514E-04
    1473   2.413412421E-04
    1474   2.410139997E-04
    1475   2.406874225E-04
    1476   2.922839201E-04
    1477   2.918884074E-04
    1478   2.914936969E-04
    1479   2.910997865E-04
    1480   2.907066740E-04
    1481   3.027312798E-04
    1482   3.023230110E-04
    1483   3.019155676E-04
    1484   3.015089473E-04
    1485   3.011031479E-04
    1486   2.832156392E-04
    1487   2.828349730E-04
    1488   2.824550738E-04
    1489   2.820759395E-04
    1490   2.816975680E-04
    1491   2.314742381E-04
    1492   2.311641587E-04
    1493   2.308547020E-04
    1494   2.305458663E-04
    1495   2.302376499E-04
    1496   1.728711054E-04
    1497   1.726403028E-04
    1498   1.724099622E-04
    1499   1.721800822E-04
    1500   1.719506617E-04
    1501   1.064365778E-04
    1502   1.062949456E-04
    1503   1.061535959E-04
    1504   1.060125280E-04
    1505   1.058717411E-04
    1506   4.441431092E-05
    1507   4.435540600E-05
    1508   4.429661819E-05
    1509   4.423794717E-05
    1510   4.417939264E-05
    1511  -5.045956786E-06
    1512  -5.039286651E-06
    1513  -5.032629734E-06
    1514  -5.025985998E-06
    1515  -5.019355410E-06
    1516  -3.970414666E-05
    1517  -3.965183553E-05
    1518  -3.959962771E-05
    1519  -3.954752294E-05
    1520  -3.949552094E-05
    1521  -6.161536898E-05
    1522  -6.153445582E-05
    1523  -6.145370194E-05
    1524  -6.137310692E-05
    1525  -6.129267035E-05
    1526  -7.292397514E-05
    1527  -7.282852491E-05
    1528  -7.273326196E-05
    1529  -7.263818580E-05
    1530  -7.254329594E-05
    1531  -7.344950311E-05
    1532  -7.335367858E-05
    1533  -7.325804145E-05
    1534  -7.316259123E-05
    1535  -7.306732744E-05
    1536  -6.804711991E-05
    1537  -6.795863211E-05
    1538  -6.787031680E-05
    1539  -6.778217353E-05
    1540  -6.769420186E-05
    1541  -5.961823701E-05
    1542  -5.954096127E-05
    1543  -5.946383567E-05
    1544  -5.938685983E-05
    1545  -5.931003336E-05
    1546  -5.101804517E-05
    1547  -5.095213038E-05
    1548  -5.088634325E-05
    1549  -5.082068346E-05
    1550  -5.075515066E-05
    1551  -3.750189680E-05
    1552  -3.745360074E-05
    1553  -3.740539790E-05
    1554  -3.735728807E-05
    1555  -3.730927099E-05
    1556  -2.790722109E-05
    1557  -2.787139668E-05
    1558  -2.783564120E-05
    1559  -2.779995448E-05
    1560  -2.776433634E-05
    1561  -1.946812409E-05
    1562  -1.944321286E-05
    1563  -1.941834942E-05
    1564  -1.939353364E-05
    1565  -1.936876540E-05
    1566  -1.411349619E-05
    1567  -1.409549428E-05
    1568  -1.407752679E-05
    1569  -1.405959363E-05
    1570  -1.404169472E-05
    1571  -1.103330324E-05
    1572  -1.101927488E-05
    1573  -1.100527326E-05
    1574  -1.099129831E-05
    1575  -1.097734996E-05
    1576  -9.897144398E-06
    1577  -9.884600489E-06
    1578  -9.872080413E-06
    1579  -9.859584108E-06
    1580  -9.847111516E-06
    1581  -1.027680871E-05
    1582  -1.026382474E-05
    1583  -1.025086537E-05
    1584  -1.023793052E-05
    1585  -1.022502014E-05
    1586  -1.119197520E-05
    1587  -1.117787952E-05
    1588  -1.116381044E-05
    1589  -1.114976791E-05
    1590  -1.113575186E-05
    1591  -1.183795780E-05
    1592  -1.182309533E-05
    1593  -1.180826083E-05
    1594  -1.179345424E-05
    1595  -1.177867547E-05
    1596  -1.146476902E-05
    1597  -1.145042012E-05
    1598  -1.143609814E-05
    1599  -1.142180302E-05
    1600  -1.140753468E-05
    1601  -1.097002269E-05
    1602  -1.095633583E-05
    1603  -1.094267456E-05
    1604  -1.092903883E-05
    1605  -1.091542857E-05
    1606  -1.064016015E-05
    1607  -1.062692612E-05
    1608  -1.061371677E-05
    1609  -1.060053203E-05
    1610  -1.058737184E-05
    1611  -1.084751449E-05
    1612  -1.083406438E-05
    1613  -1.082063927E-05
    1614  -1.080723910E-05
    1615  -1.079386380E-05
    1616  -1.142850015E-05
    1617  -1.141437346E-05
    1618  -1.140027293E-05
    1619  -1.138619852E-05
    1620  -1.137215016E-05
    1621  -1.211114023E-05
    1622  -1.209621585E-05
    1623  -1.208131903E-05
    1624  -1.206644971E-05
    1625  -1.205160783E-05
    1626  -1.303801015E-05
    1627  -1.302199294E-05
    1628  -1.300600523E-05
    1629  -1.299004694E-05
    1630  -1.297411800E-05
    1631  -1.347182022E-05
    1632  -1.345532074E-05
    1633  -1.343885156E-05
    1634  -1.342241260E-05
    1635  -1.340600378E-05
    1636  -1.291787810E-05
    1637  -1.290210536E-05
    1638  -1.288636148E-05
    1639  -1.287064641E-05
    1640  -1.285496006E-05
    1641  -1.250177105E-05
    1642  -1.248655283E-05
    1643  -1.247136237E-05
    1644  -1.245619962E-05
    1645  -1.244106451E-05
    1646  -1.155923667E-05
    1647  -1.154520847E-05
    1648  -1.153120580E-05
    1649  -1.151722858E-05
    1650  -1.150327676E-05
    1651  -1.083990959E-05
    1652  -1.082679415E-05
    1653  -1.081370250E-05
    1654  -1.080063458E-05
    1655  -1.078759034E-05
    1656  -9.996603578E-06
    1657  -9.984544949E-06
    1658  -9.972508125E-06
    1659  -9.960493055E-06
    1660  -9.948499686E-06
    1661  -9.405945949E-06
    1662  -9.394633927E-06
    1663  -9.383342300E-06
    1664  -9.372071018E-06
    1665  -9.360820032E-06
    1666  -9.270566490E-06
    1667  -9.259450703E-06
    1668  -9.248354896E-06
    1669  -9.237279022E-06
    1670  -9.226223033E-06
    1671  -9.129070508E-06
    1672  -9.118157094E-06
    1673  -9.107263239E-06
    1674  -9.096388894E-06
    1675  -9.085534015E-06
    1676  -9.192385664E-06
    1677  -9.181429304E-06
    1678  -9.170492521E-06
    1679  -9.159575268E-06
    1680  -9.148677499E-06
    1681  -9.214163707E-06
    1682  -9.203214017E-06
    1683  -9.192283835E-06
    1684  -9.181373112E-06
    1685  -9.170481803E-06
    1686  -9.157172367E-06
    1687  -9.146322637E-06
    1688  -9.135492178E-06
    1689  -9.124680944E-06
    1690  -9.113888891E-06
    1691  -9.239173340E-06
    1692  -9.228258782E-06
    1693  -9.217363554E-06
    1694  -9.206487608E-06
    1695  -9.195630901E-06
    1696  -8.836688767E-06
    1697  -8.826280417E-06
    1698  -8.815890446E-06
    1699  -8.805518810E-06
    1700  -8.795165467E-06
    1701  -8.612183720E-06
    1702  -8.602069587E-06
    1703  -8.591973261E-06
    1704  -8.581894700E-06
    1705  -8.571833863E-06
    1706  -8.031866121E-06
    1707  -8.022461126E-06
    1708  -8.013072640E-06
    1709  -8.003700625E-06
    1710  -7.994345043E-06
    1711  -7.723006893E-06
    1712  -7.713989956E-06
    1713  -7.704988801E-06
    1714  -7.696003391E-06
    1715  -7.687033690E-06
    1716  -7.801894626E-06
    1717  -7.792812095E-06
    1718  -7.783745414E-06
    1719  -7.774694547E-06
    1720  -7.765659458E-06
    1721  -7.602233227E-06
    1722  -7.593408813E-06
    1723  -7.584599754E-06
    1724  -7.575806015E-06
    1725  -7.567027561E-06
    1726  -7.922776618E-06
    1727  -7.913606737E-06
    1728  -7.904452768E-06
    1729  -7.895314672E-06
    1730  -7.886192414E-06
    1731  -7.732589057E-06
    1732  -7.723665123E-06
    1733  -7.714756628E-06
    1734  -7.705863537E-06
    1735  -7.696985814E-06
    1736  -7.779739359E-06
    1737  -7.770786840E-06
    1738  -7.761849765E-06
    1739  -7.752928098E-06
    1740  -7.744021805E-06
    1741  -7.719609627E-06
    1742  -7.710751785E-06
    1743  -7.701909180E-06
    1744  -7.693081777E-06
    1745  -7.684269541E-06
    1746  -7.377653450E-06
    1747  -7.369212199E-06
    1748  -7.360785427E-06
    1749  -7.352373101E-06
    1750  -7.343975188E-06
    1751  -7.406075633E-06
    1752  -7.397626032E-06
    1753  -7.389190883E-06
    1754  -7.380770152E-06
    1755  -7.372363808E-06
    1756  -7.156477336E-06
    1757  -7.148335724E-06
    1758  -7.140207997E-06
    1759  -7.132094124E-06
    1760  -7.123994074E-06
    1761  -7.279046715E-06
    1762  -7.270789146E-06
    1763  -7.262545621E-06
    1764  -7.254316107E-06
    1765  -7.246100574E-06
    1766  -7.034269028E-06
    1767  -7.026311710E-06
    1768  -7.018367887E-06
    1769  -7.010437527E-06
    1770  -7.002520602E-06
    1771  -7.110486938E-06
    1772  -7.102466084E-06
    1773  -7.094458794E-06
    1774  -7.086465038E-06
    1775  -7.078484784E-06
    1776  -7.283705846E-06
    1777  -7.275512701E-06
    1778  -7.267333372E-06
    1779  -7.259167829E-06
    1780  -7.251016040E-06
    1781  -7.222130067E-06
    1782  -7.214028967E-06
    1783  -7.205941491E-06
    1784  -7.197867607E-06
    1785  -7.189807285E-06
    1786  -7.260920428E-06
    1787  -7.252798593E-06
    1788  -7.244690378E-06
    1789  -7.236595752E-06
    1790  -7.228514685E-06
    1791  -7.060788825E-06
    1792  -7.052912876E-06
    1793  -7.045050096E-06
    1794  -7.037200458E-06
    1795  -7.029363932E-06
    1796  -6.977084410E-06
    1797  -6.969323470E-06
    1798  -6.961575473E-06
    1799  -6.953840389E-06
    1800  -6.946118190E-06
    1801  -6.762203848E-06
    1802  -6.754702790E-06
    1803  -6.747214206E-06
    1804  -6.739738069E-06
    1805  -6.732274350E-06
    1806  -6.471484749E-06
    1807  -6.464326027E-06
    1808  -6.457179177E-06
    1809  -6.450044172E-06
    1810  -6.442920987E-06
    1811  -6.427842134E-06
    1812  -6.420751299E-06
    1813  -6.413672190E-06
    1814  -6.406604783E-06
    1815  -6.399549051E-06
    1816  -6.281910568E-06
    1817  -6.274999775E-06
    1818  -6.268100380E-06
    1819  -6.261212358E-06
    1820  -6.254335683E-06
    1821  -6.464344210E-06
    1822  -6.457252225E-06
    1823  -6.450171905E-06
    1824  -6.443103223E-06
    1825  -6.436046155E-06
    1826  -6.349518879E-06
    1827  -6.342571921E-06
    1828  -6.335636359E-06
    1829  -6.328712166E-06
    1830  -6.321799318E-06
    1831  -6.325018004E-06
    1832  -6.318116729E-06
    1833  -6.311226744E-06
    1834  -6.304348023E-06
    1835  -6.297480541E-06
    1836  -6.404319989E-06
    1837  -6.397351197E-06
    1838  -6.390393773E-06
    1839  -6.383447693E-06
    1840  -6.376512931E-06
    1841  -6.364903930E-06
    1842  -6.357996818E-06
    1843  -6.351100943E-06
    1844  -6.344216280E-06
    1845  -6.337342807E-06
    1846  -6.258605495E-06
    1847  -6.251832113E-06
    1848  -6.245069720E-06
    1849  -6.238318293E-06
    1850  -6.231577809E-06
    1851  -6.001093910E-06
    1852  -5.994616744E-06
    1853  -5.988150060E-06
    1854  -5.981693833E-06
    1855  -5.975248042E-06
    1856  -5.833847705E-06
    1857  -5.827567998E-06
    1858  -5.821298425E-06
    1859  -5.815038964E-06
    1860  -5.808789594E-06
    1861  -5.828699090E-06
    1862  -5.822441764E-06
    1863  -5.816194509E-06
    1864  -5.809957303E-06
    1865  -5.803730125E-06
    1866  -5.782091419E-06
    1867  -5.775900743E-06
    1868  -5.769720004E-06
    1869  -5.763549181E-06
    1870  -5.757388252E-06
    1871  -5.887325485E-06
    1872  -5.881038966E-06
    1873  -5.874762510E-06
    1874  -5.868496097E-06
    1875  -5.862239704E-06
    1876  -5.736988783E-06
    1877  -5.730879103E-06
    1878  -5.724779179E-06
    1879  -5.718688988E-06
    1880  -5.712608511E-06
    1881  -5.869681350E-06
    1882  -5.863446957E-06
    1883  -5.857222491E-06
    1884  -5.851007931E-06
    1885  -5.844803257E-06
    1886  -5.749556837E-06
    1887  -5.743466205E-06
    1888  -5.737385245E-06
    1889  -5.731313938E-06
    1890  -5.725252263E-06
    1891  -5.672976058E-06
    1892  -5.666982423E-06
    1893  -5.660998281E-06
    1894  -5.655023612E-06
    1895  -5.649058398E-06
    1896  -5.657323853E-06
    1897  -5.651362500E-06
    1898  -5.645410565E-06
    1899  -5.639468027E-06
    1900  -5.633534868E-06
    1901  -5.269131874E-06
    1902  -5.263594164E-06
    1903  -5.258065178E-06
    1904  -5.252544900E-06
    1905  -5.247033310E-06
    1906  -5.259395977E-06
    1907  -5.253882983E-06
    1908  -5.248378653E-06
    1909  -5.242882969E-06
    1910  -5.237395912E-06
    1911  -5.103638086E-06
    1912  -5.098302343E-06
    1913  -5.092974963E-06
    1914  -5.087655929E-06
    1915  -5.082345224E-06
    1916  -5.072490406E-06
    1917  -5.067201052E-06
    1918  -5.061919967E-06
    1919  -5.056647134E-06
    1920  -5.051382535E-06
    1921  -5.031850949E-06
    1922  -5.026617614E-06
    1923  -5.021392440E-06
    1924  -5.016175409E-06
    1925  -5.010966504E-06
    1926  -5.048219713E-06
    1927  -5.042982970E-06
    1928  -5.037754372E-06
    1929  -5.032533901E-06
    1930  -5.027321541E-06
    1931  -5.152497677E-06
    1932  -5.147166588E-06
    1933  -5.141843768E-06
    1934  -5.136529201E-06
    1935  -5.131222869E-06
    1936  -4.998854311E-06
    1937  -4.993695534E-06
    1938  -4.988544740E-06
    1939  -4.983401910E-06
    1940  -4.978267029E-06
    1941  -4.876638957E-06
    1942  -4.871619256E-06
    1943  -4.866607302E-06
    1944  -4.861603079E-06
    1945  -4.856606570E-06
    1946  -4.764266696E-06
    1947  -4.759375252E-06
    1948  -4.754491337E-06
    1949  -4.749614936E-06
    1950  -4.744746033E-06
    1951  -4.448773025E-06
    1952  -4.444217189E-06
    1953  -4.439668349E-06
    1954  -4.435126489E-06
    1955  -4.430591595E-06
    1956  -4.422467435E-06
    1957  -4.417950103E-06
    1958  -4.413439690E-06
    1959  -4.408936180E-06
    1960  -4.404439560E-06
    1961  -4.111569987E-06
    1962  -4.107380919E-06
    1963  -4.103198250E-06
    1964  -4.099021967E-06
    1965  -4.094852056E-06
    1966  -4.144444970E-06
    1967  -4.140233135E-06
    1968  -4.136027718E-06
    1969  -4.131828705E-06
    1970  -4.127636083E-06
    1971  -4.158587515E-06
    1972  -4.154372018E-06
    1973  -4.150162928E-06
    1974  -4.145960232E-06
    1975  -4.141763916E-06
    1976  -4.084928484E-06
    1977  -4.080798122E-06
    1978  -4.076674020E-06
    1979  -4.072556168E-06
    1980  -4.068444551E-06
    1981  -4.130143312E-06
    1982  -4.125977762E-06
    1983  -4.121818510E-06
    1984  -4.117665544E-06
    1985  -4.113518852E-06
    1986  -3.983336682E-06
    1987  -3.979329301E-06
    1988  -3.975327964E-06
    1989  -3.971332660E-06
    1990  -3.967343375E-06
    1991  -4.048133219E-06
    1992  -4.044070868E-06
    1993  -4.040014628E-06
    1994  -4.035964488E-06
    1995  -4.031920436E-06
    1996  -3.867678979E-06
    1997  -3.863807429E-06
    1998  -3.859941688E-06
    1999  -3.856081747E-06
    2000  -3.852227592E-06
    2001  -3.654399861E-06
    2002  -3.650750935E-06
    2003  -3.647107471E-06
    2004  -3.643469458E-06
    2005  -3.639836886E-06
    2006  -3.581745783E-06
    2007  -3.578178307E-06
    2008  -3.574616159E-06
    2009  -3.571059327E-06
    2010  -3.567507801E-06
    2011  -3.448987262E-06
    2012  -3.445560548E-06
    2013  -3.442138939E-06
    2014  -3.438722424E-06
    2015  -3.435310993E-06
    2016  -3.475173995E-06
    2017  -3.471729819E-06
    2018  -3.468290760E-06
    2019  -3.464856809E-06
    2020  -3.461427955E-06
    2021  -3.414307691E-06
    2022  -3.410932202E-06
    2023  -3.407561716E-06
    2024  -3.404196223E-06
    2025  -3.400835713E-06
    2026  -3.377810882E-06
    2027  -3.374479708E-06
    2028  -3.371153459E-06
    2029  -3.367832125E-06
    2030  -3.364515698E-06
    2031  -3.430278224E-06
    2032  -3.426903627E-06
    2033  -3.423534007E-06
    2034  -3.420169354E-06
    2035  -3.416809659E-06
    2036  -3.283640891E-06
    2037  -3.280418476E-06
    2038  -3.277200802E-06
    2039  -3.273987860E-06
    2040  -3.270779640E-06
    2041  -3.288018699E-06
    2042  -3.284799885E-06
    2043  -3.281585795E-06
    2044  -3.278376420E-06
    2045  -3.275171751E-06
    2046  -3.072157746E-06
    2047  -3.069157592E-06
    2048  -3.066161831E-06
    2049  -3.063170453E-06
    2050  -3.060183451E-06
    2051  -2.920735548E-06
    2052  -2.917890214E-06
    2053  -2.915049035E-06
    2054  -2.912212004E-06
    2055  -2.909379113E-06
    2056  -2.798419259E-06
    2057  -2.795699707E-06
    2058  -2.792984117E-06
    2059  -2.790272482E-06
    2060  -2.787564794E-06
    2061  -2.681769812E-06
    2062  -2.679169939E-06
    2063  -2.676573844E-06
    2064  -2.673981520E-06
    2065  -2.671392961E-06
    2066  -2.638512995E-06
    2067  -2.635961241E-06
    2068  -2.633413188E-06
    2069  -2.630868827E-06
    2070  -2.628328153E-06
    2071  -2.557950712E-06
    2072  -2.555482839E-06
    2073  -2.553018535E-06
    2074  -2.550557794E-06
    2075  -2.548100609E-06
    2076  -2.600339301E-06
    2077  -2.597836568E-06
    2078  -2.595337447E-06
    2079  -2.592841930E-06
    2080  -2.590350011E-06
    2081  -2.569430141E-06
    2082  -2.566963094E-06
    2083  -2.564499597E-06
    2084  -2.562039646E-06
    2085  -2.559583232E-06
    2086  -2.538780011E-06
    2087  -2.536348229E-06
    2088  -2.533919940E-06
    2089  -2.531495136E-06
    2090  -2.529073811E-06
    2091  -2.410504687E-06
    2092  -2.408201290E-06
    2093  -2.405901193E-06
    2094  -2.403604390E-06
    2095  -2.401310875E-06
    2096  -2.339955818E-06
    2097  -2.337725164E-06
    2098  -2.335497698E-06
    2099  -2.333273415E-06
    2100  -2.331052307E-06
    2101  -2.238591108E-06
    2102  -2.236462157E-06
    2103  -2.234336243E-06
    2104  -2.232213358E-06
    2105  -2.230093497E-06
    2106  -2.071364216E-06
    2107  -2.069398975E-06
    2108  -2.067436529E-06
    2109  -2.065476874E-06
    2110  -2.063520003E-06
    2111  -2.040539648E-06
    2112  -2.038608233E-06
    2113  -2.036679559E-06
    2114  -2.034753621E-06
    2115  -2.032830414E-06
    2116  -1.999289609E-06
    2117  -1.997401706E-06
    2118  -1.995516475E-06
    2119  -1.993633912E-06
    2120  -1.991754012E-06
    2121  -1.989596630E-06
    2122  -1.987722305E-06
    2123  -1.985850626E-06
    2124  -1.983981590E-06
    2125  -1.982115192E-06
    2126  -1.954449251E-06
    2127  -1.952612362E-06
    2128  -1.950778062E-06
    2129  -1.948946346E-06
    2130  -1.947117208E-06
    2131  -1.939257718E-06
    2132  -1.937439380E-06
    2133  -1.935623598E-06
    2134  -1.933810368E-06
    2135  -1.931999684E-06
    2136  -1.924394540E-06
    2137  -1.922594358E-06
    2138  -1.920796701E-06
    2139  -1.919001564E-06
    2140  -1.917208942E-06
    2141  -1.834416380E-06
    2142  -1.832704372E-06
    2143  -1.830994760E-06
    2144  -1.829287538E-06
    2145  -1.827582704E-06
    2146  -1.738961793E-06
    2147  -1.737342648E-06
    2148  -1.735725763E-06
    2149  -1.734111135E-06
    2150  -1.732498758E-06
    2151  -1.597325763E-06
    2152  -1.595841949E-06
    2153  -1.594360201E-06
    2154  -1.592880517E-06
    2155  -1.591402891E-06
    2156  -1.488169131E-06
    2157  -1.486789920E-06
    2158  -1.485412625E-06
    2159  -1.484037243E-06
    2160  -1.482663770E-06
    2161  -1.465447560E-06
    2162  -1.464092546E-06
    2163  -1.462739410E-06
    2164  -1.461388150E-06
    2165  -1.460038761E-06
    2166  -1.381683493E-06
    2167  -1.380408877E-06
    2168  -1.379136024E-06
    2169  -1.377864931E-06
    2170  -1.376595595E-06
    2171  -1.366355135E-06
    2172  -1.365097560E-06
    2173  -1.363841720E-06
    2174  -1.362587613E-06
    2175  -1.361335235E-06
    2176  -1.335988016E-06
    2177  -1.334761213E-06
    2178  -1.333536100E-06
    2179  -1.332312672E-06
    2180  -1.331090927E-06
    2181  -1.342192466E-06
    2182  -1.340962789E-06
    2183  -1.339734801E-06
    2184  -1.338508499E-06
    2185  -1.337283881E-06
    2186  -1.315511772E-06
    2187  -1.314309293E-06
    2188  -1.313108462E-06
    2189  -1.311909277E-06
    2190  -1.310711733E-06
    2191  -1.242400825E-06
    2192  -1.241267765E-06
    2193  -1.240136254E-06
    2194  -1.239006289E-06
    2195  -1.237877868E-06
    2196  -1.202650698E-06
    2197  -1.201556384E-06
    2198  -1.200463563E-06
    2199  -1.199372233E-06
    2200  -1.198282390E-06
    2201  -1.094942185E-06
    2202  -1.093948138E-06
    2203  -1.092955445E-06
    2204  -1.091964102E-06
    2205  -1.090974107E-06
    2206  -1.037655578E-06
    2207  -1.036715673E-06
    2208  -1.035777044E-06
    2209  -1.034839689E-06
    2210  -1.033903606E-06
    2211  -9.754702129E-07
    2212  -9.745886312E-07
    2213  -9.737082440E-07
    2214  -9.728290492E-07
    2215  -9.719510446E-07
    2216  -9.352072738E-07
    2217  -9.343639850E-07
    2218  -9.335218363E-07
    2219  -9.326808257E-07
    2220  -9.318409510E-07
    2221  -9.502614538E-07
    2222  -9.494065177E-07
    2223  -9.485527349E-07
    2224  -9.477001032E-07
    2225  -9.468486206E-07
    2226  -9.163833449E-07
    2227  -9.155607387E-07
    2228  -9.147392396E-07
    2229  -9.139188456E-07
    2230  -9.130995549E-07
    2231  -9.211276970E-07
    2232  -9.203026834E-07
    2233  -9.194787777E-07
    2234  -9.186559779E-07
    2235  -9.178342821E-07
    2236  -8.884647629E-07
    2237  -8.876707818E-07
    2238  -8.868778647E-07
    2239  -8.860860094E-07
    2240  -8.852952142E-07
    2241  -8.290835417E-07
    2242  -8.283442787E-07
    2243  -8.276060039E-07
    2244  -8.268687157E-07
    2245  -8.261324123E-07
    2246  -7.980792609E-07
    2247  -7.973692260E-07
    2248  -7.966601382E-07
    2249  -7.959519959E-07
    2250  -7.952447973E-07
    2251  -7.094330161E-07
    2252  -7.088032487E-07
    2253  -7.081743195E-07
    2254  -7.075462269E-07
    2255  -7.069189696E-07
    2256  -6.612203733E-07
    2257  -6.606347042E-07
    2258  -6.600498130E-07
    2259  -6.594656981E-07
    2260  -6.588823582E-07
    2261  -6.119150239E-07
    2262  -6.113742240E-07
    2263  -6.108341408E-07
    2264  -6.102947729E-07
    2265  -6.097561191E-07
    2266  -5.912462096E-07
    2267  -5.907248285E-07
    2268  -5.902041367E-07
    2269  -5.896841330E-07
    2270  -5.891648163E-07
    2271  -5.864436674E-07
    2272  -5.859276589E-07
    2273  -5.854123312E-07
    2274  -5.848976830E-07
    2275  -5.843837131E-07
    2276  -5.615123140E-07
    2277  -5.610193269E-07
    2278  -5.605269887E-07
    2279  -5.600352984E-07
    2280  -5.595442547E-07
    2281  -5.663931801E-07
    2282  -5.658969969E-07
    2283  -5.654014654E-07
    2284  -5.649065844E-07
    2285  -5.644123529E-07
    2286  -5.478916064E-07
    2287  -5.474126802E-07
    2288  -5.469343817E-07
    2289  -5.464567097E-07
    2290  -5.459796633E-07
    2291  -5.240464839E-07
    2292  -5.235894002E-07
    2293  -5.231329142E-07
    2294  -5.226770249E-07
    2295  -5.222217314E-07
    2296  -4.880778383E-07
    2297  -4.876530534E-07
    2298  -4.872288229E-07
    2299  -4.868051456E-07
    2300  -4.863820208E-07
    2301  -4.406696327E-07
    2302  -4.402869409E-07
    2303  -4.399047473E-07
    2304  -4.395230513E-07
    2305  -4.391418517E-07
    2306  -4.209318268E-07
    2307  -4.205670678E-07
    2308  -4.202027828E-07
    2309  -4.198389709E-07
    2310  -4.194756312E-07
    2311  -3.904519043E-07
    2312  -3.901142891E-07
    2313  -3.897771117E-07
    2314  -3.894403712E-07
    2315  -3.891040669E-07
    2316  -3.800773450E-07
    2317  -3.797494094E-07
    2318  -3.794218981E-07
    2319  -3.790948103E-07
    2320  -3.787681452E-07
    2321  -3.694055086E-07
    2322  -3.690874668E-07
    2323  -3.687698356E-07
    2324  -3.684526142E-07
    2325  -3.681358020E-07
    2326  -3.636435420E-07
    2327  -3.633311335E-07
    2328  -3.630191273E-07
    2329  -3.627075229E-07
    2330  -3.623963196E-07
    2331  -3.626650326E-07
    2332  -3.623541325E-07
    2333  -3.620436319E-07
    2334  -3.617335303E-07
    2335  -3.614238270E-07
    2336  -3.458894233E-07
    2337  -3.455935385E-07
    2338  -3.452980331E-07
    2339  -3.450029066E-07
    2340  -3.447081582E-07
    2341  -3.312988459E-07
    2342  -3.310160470E-07
    2343  -3.307336101E-07
    2344  -3.304515346E-07
    2345  -3.301698197E-07
    2346  -3.032731486E-07
    2347  -3.030148240E-07
    2348  -3.027568292E-07
    2349  -3.024991639E-07
    2350  -3.022418273E-07
    2351  -2.779364429E-07
    2352  -2.777002029E-07
    2353  -2.774642639E-07
    2354  -2.772286254E-07
    2355  -2.769932870E-07
    2356  -2.483234478E-07
    2357  -2.481128257E-07
    2358  -2.479024715E-07
    2359  -2.476923846E-07
    2360  -2.474825647E-07
    2361  -2.308845884E-07
    2362  -2.306891719E-07
    2363  -2.304940034E-07
    2364  -2.302990824E-07
    2365  -2.301044087E-07
    2366  -2.239936363E-07
    2367  -2.238044524E-07
    2368  -2.236155082E-07
    2369  -2.234268031E-07
    2370  -2.232383368E-07
    2371  -2.157303417E-07
    2372  -2.155485210E-07
    2373  -2.153669300E-07
    2374  -2.151855683E-07
    2375  -2.150044357E-07
    2376  -2.115202230E-07
    2377  -2.113423254E-07
    2378  -2.111646522E-07
    2379  -2.109872029E-07
    2380  -2.108099772E-07
    2381  -2.086047645E-07
    2382  -2.084296871E-07
    2383  -2.082548300E-07
    2384  -2.080801928E-07
    2385  -2.079057752E-07
    2386  -2.006856207E-07
    2387  -2.005175423E-07
    2388  -2.003496749E-07
    2389  -2.001820183E-07
    2390  -2.000145720E-07
    2391  -1.959874592E-07
    2392  -1.958236586E-07
    2393  -1.956600632E-07
    2394  -1.954966727E-07
    2395  -1.953334869E-07
    2396  -1.804228735E-07
    2397  -1.802723957E-07
    2398  -1.801221061E-07
    2399  -1.799720043E-07
    2400  -1.798220901E-07
    2401  -1.705482521E-07
    2402  -1.704063060E-07
    2403  -1.702645370E-07
    2404  -1.701229449E-07
    2405  -1.699815293E-07
    2406  -1.577945053E-07
    2407  -1.576634467E-07
    2408  -1.575325513E-07
    2409  -1.574018189E-07
    2410  -1.572712492E-07
    2411  -1.512688033E-07
    2412  -1.511434251E-07
    2413  -1.510182027E-07
    2414  -1.508931359E-07
    2415  -1.507682244E-07
    2416  -1.471725589E-07
    2417  -1.470508281E-07
    2418  -1.469292483E-07
    2419  -1.468078191E-07
    2420  -1.466865405E-07
    2421  -1.415015851E-07
    2422  -1.413847864E-07
    2423  -1.412681323E-07
    2424  -1.411516225E-07
    2425  -1.410352568E-07
    2426  -1.428477821E-07
    2427  -1.427301151E-07
    2428  -1.426125934E-07
    2429  -1.424952168E-07
    2430  -1.423779850E-07
    2431  -1.385042768E-07
    2432  -1.383904221E-07
    2433  -1.382767077E-07
    2434  -1.381631334E-07
    2435  -1.380496990E-07
    2436  -1.392469721E-07
    2437  -1.391327416E-07
    2438  -1.390186517E-07
    2439  -1.389047019E-07
    2440  -1.387908923E-07
    2441  -1.350362713E-07
    2442  -1.349257217E-07
    2443  -1.348153079E-07
    2444  -1.347050295E-07
    2445  -1.345948864E-07
    2446  -1.291007285E-07
    2447  -1.289952541E-07
    2448  -1.288899088E-07
    2449  -1.287846926E-07
    2450  -1.286796051E-07
    2451  -1.268389487E-07
    2452  -1.267355334E-07
    2453  -1.266322444E-07
    2454  -1.265290817E-07
    2455  -1.264260450E-07
    2456  -1.222965225E-07
    2457  -1.221970136E-07
    2458  -1.220976260E-07
    2459  -1.219983596E-07
    2460  -1.218992143E-07
    2461  -1.207726402E-07
    2462  -1.206745707E-07
    2463  -1.205766206E-07
    2464  -1.204787896E-07
    2465  -1.203810777E-07
    2466  -1.186639972E-07
    2467  -1.185678351E-07
    2468  -1.184717899E-07
    2469  -1.183758613E-07
    2470  -1.182800492E-07
    2471  -1.168923401E-07
    2472  -1.167978052E-07
    2473  -1.167033850E-07
    2474  -1.166090793E-07
    2475  -1.165148878E-07
    2476  -1.182885613E-07
    2477  -1.181930903E-07
    2478  -1.180977348E-07
    2479  -1.180024947E-07
    2480  -1.179073698E-07
    2481  -1.158635363E-07
    2482  -1.157702109E-07
    2483  -1.156769981E-07
    2484  -1.155838980E-07
    2485  -1.154909101E-07
    2486  -1.176366980E-07
    2487  -1.175421348E-07
    2488  -1.174476855E-07
    2489  -1.173533500E-07
    2490  -1.172591281E-07
    2491  -1.170461073E-07
    2492  -1.169522075E-07
    2493  -1.168584206E-07
    2494  -1.167647466E-07
    2495  -1.166711851E-07
    2496  -1.176741107E-07
    2497  -1.175798961E-07
    2498  -1.174857945E-07
    2499  -1.173918059E-07
    2500  -1.172979300E-07
    2501  -1.180639156E-07
    2502  -1.179695777E-07
    2503  -1.178753528E-07
    2504  -1.177812407E-07
    2505  -1.176872413E-07
    2506  -1.164209212E-07
    2507  -1.163280815E-07
    2508  -1.162353529E-07
    2509  -1.161427351E-07
    2510  -1.160502279E-07
    2511  -1.203341325E-07
    2512  -1.202383632E-07
    2513  -1.201427081E-07
    2514  -1.200471672E-07
    2515  -1.199517402E-07
    2516  -1.189268226E-07
    2517  -1.188323612E-07
    2518  -1.187380124E-07
    2519  -1.186437759E-07
    2520  -1.185496515E-07
    2521  -1.205596086E-07
    2522  -1.204640402E-07
    2523  -1.203685853E-07
    2524  -1.202732439E-07
    2525  -1.201780156E-07
    2526  -1.183233400E-07
    2527  -1.182297297E-07
    2528  -1.181362305E-07
    2529  -1.180428422E-07
    2530  -1.179495646E-07
    2531  -1.185936112E-07
    2532  -1.184999724E-07
    2533  -1.184064444E-07
    2534  -1.183130270E-07
    2535  -1.182197202E-07
    2536  -1.215091052E-07
    2537  -1.214133534E-07
    2538  -1.213177146E-07
    2539  -1.212221889E-07
    2540  -1.211267759E-07
    2541  -1.224521958E-07
    2542  -1.223558905E-07
    2543  -1.222596988E-07
    2544  -1.221636204E-07
    2545  -1.220676553E-07
    2546  -1.262276560E-07
    2547  -1.261285762E-07
    2548  -1.260296130E-07
    2549  -1.259307662E-07
    2550  -1.258320357E-07
    2551  -1.281971367E-07
    2552  -1.280967081E-07
    2553  -1.279963974E-07
    2554  -1.278962046E-07
    2555  -1.277961293E-07
    2556  -1.323678105E-07
    2557  -1.322643173E-07
    2558  -1.321609454E-07
    2559  -1.320576947E-07
    2560  -1.319545649E-07
    2561  -1.337719712E-07
    2562  -1.336675842E-07
    2563  -1.335633193E-07
    2564  -1.334591764E-07
    2565  -1.333551552E-07
    2566  -1.346862017E-07
    2567  -1.345813059E-07
    2568  -1.344765326E-07
    2569  -1.343718816E-07
    2570  -1.342673527E-07
    2571  -1.370610827E-07
    2572  -1.369545448E-07
    2573  -1.368481310E-07
    2574  -1.367418412E-07
    2575  -1.366356752E-07
    2576  -1.355331734E-07
    2577  -1.354280274E-07
    2578  -1.353230037E-07
    2579  -1.352181022E-07
    2580  -1.351133225E-07
    2581  -1.387565025E-07
    2582  -1.386490642E-07
    2583  -1.385417507E-07
    2584  -1.384345617E-07
    2585  -1.383274971E-07
    2586  -1.398177173E-07
    2587  -1.397096665E-07
    2588  -1.396017409E-07
    2589  -1.394939403E-07
    2590  -1.393862646E-07
    2591  -1.414441185E-07
    2592  -1.413350216E-07
    2593  -1.412260509E-07
    2594  -1.411172061E-07
    2595  -1.410084872E-07
    2596  -1.462567017E-07
    2597  -1.461441100E-07
    2598  -1.460316482E-07
    2599  -1.459193161E-07
    2600  -1.458071136E-07
    2601  -1.472290028E-07
    2602  -1.471158802E-07
    2603  -1.470028880E-07
    2604  -1.468900259E-07
    2605  -1.467772937E-07
    2606  -1.543373790E-07
    2607  -1.542190221E-07
    2608  -1.541008013E-07
    2609  -1.539827164E-07
    2610  -1.538647672E-07
    2611  -1.538017139E-07
    2612  -1.536839935E-07
    2613  -1.535664082E-07
    2614  -1.534489577E-07
    2615  -1.533316420E-07
    2616  -1.576415817E-07
    2617  -1.575211527E-07
    2618  -1.574008617E-07
    2619  -1.572807083E-07
    2620  -1.571606925E-07
    2621  -1.563642192E-07
    2622  -1.562449937E-07
    2623  -1.561259045E-07
    2624  -1.560069514E-07
    2625  -1.558881343E-07
    2626  -1.586261310E-07
    2627  -1.585054110E-07
    2628  -1.583848287E-07
    2629  -1.582643840E-07
    2630  -1.581440766E-07
    2631  -1.603908309E-07
    2632  -1.602689997E-07
    2633  -1.601473072E-07
    2634  -1.600257533E-07
    2635  -1.599043377E-07
    2636  -1.597322230E-07
    2637  -1.596111220E-07
    2638  -1.594901587E-07
    2639  -1.593693328E-07
    2640  -1.592486442E-07
    2641  -1.638712944E-07
    2642  -1.637472904E-07
    2643  -1.636234271E-07
    2644  -1.634997043E-07
    2645  -1.633761217E-07
    2646  -1.657849984E-07
    2647  -1.656597832E-07
    2648  -1.655347097E-07
    2649  -1.654097779E-07
    2650  -1.652849874E-07
    2651  -1.682692139E-07
    2652  -1.681423619E-07
    2653  -1.680156533E-07
    2654  -1.678890878E-07
    2655  -1.677626653E-07
    2656  -1.739612252E-07
    2657  -1.738303289E-07
    2658  -1.736995802E-07
    2659  -1.735689791E-07
    2660  -1.734385251E-07
    2661  -1.719737953E-07
    2662  -1.718446374E-07
    2663  -1.717156249E-07
    2664  -1.715867576E-07
    2665  -1.714580354E-07
    2666  -1.788299840E-07
    2667  -1.786959285E-07
    2668  -1.785620237E-07
    2669  -1.784282694E-07
    2670  -1.782946653E-07
    2671  -1.780884150E-07
    2672  -1.779551652E-07
    2673  -1.778220648E-07
    2674  -1.776891137E-07
    2675  -1.775563117E-07
    2676  -1.761719114E-07
    2677  -1.760403416E-07
    2678  -1.759089192E-07
    2679  -1.757776439E-07
    2680  -1.756465154E-07
    2681  -1.790534884E-07
    2682  -1.789200158E-07
    2683  -1.787866924E-07
    2684  -1.786535180E-07
    2685  -1.785204923E-07
    2686  -1.768243924E-07
    2687  -1.766928266E-07
    2688  -1.765614077E-07
    2689  -1.764301352E-07
    2690  -1.762990092E-07
    2691  -1.830445368E-07
    2692  -1.829085958E-07
    2693  -1.827728062E-07
    2694  -1.826371677E-07
    2695  -1.825016802E-07
    2696  -1.809890445E-07
    2697  -1.808548791E-07
    2698  -1.807208629E-07
    2699  -1.805869956E-07
    2700  -1.804532770E-07
    2701  -1.851606968E-07
    2702  -1.850236929E-07
    2703  -1.848868411E-07
    2704  -1.847501410E-07
    2705  -1.846135925E-07
    2706  -1.872681939E-07
    2707  -1.871298865E-07
    2708  -1.869917323E-07
    2709  -1.868537310E-07
    2710  -1.867158824E-07
    2711  -1.857738738E-07
    2712  -1.856369230E-07
    2713  -1.855001235E-07
    2714  -1.853634751E-07
    2715  -1.852269777E-07
    2716  -1.914478022E-07
    2717  -1.913069281E-07
    2718  -1.911662096E-07
    2719  -1.910256462E-07
    2720  -1.908852377E-07
    2721  -1.859697622E-07
    2722  -1.858331703E-07
    2723  -1.856967289E-07
    2724  -1.855604378E-07
    2725  -1.854242966E-07
    2726  -1.894135229E-07
    2727  -1.892746566E-07
    2728  -1.891359431E-07
    2729  -1.889973819E-07
    2730  -1.888589730E-07
    2731  -1.916982251E-07
    2732  -1.915579410E-07
    2733  -1.914178108E-07
    2734  -1.912778344E-07
    2735  -1.911380114E-07
    2736  -1.863609422E-07
    2737  -1.862248130E-07
    2738  -1.860888328E-07
    2739  -1.859530016E-07
    2740  -1.858173190E-07
    2741  -1.920445467E-07
    2742  -1.919045215E-07
    2743  -1.917646494E-07
    2744  -1.916249301E-07
    2745  -1.914853635E-07
    2746  -1.865743714E-07
    2747  -1.864385822E-07
    2748  -1.863029412E-07
    2749  -1.861674482E-07
    2750  -1.860321029E-07
    2751  -1.909773633E-07
    2752  -1.908386221E-07
    2753  -1.907000319E-07
    2754  -1.905615927E-07
    2755  -1.904233042E-07
    2756  -1.902173719E-07
    2757  -1.900794332E-07
    2758  -1.899416446E-07
    2759  -1.898040057E-07
    2760  -1.896665164E-07
    2761  -1.884004948E-07
    2762  -1.882641209E-07
    2763  -1.881278951E-07
    2764  -1.879918170E-07
    2765  -1.878558866E-07
    2766  -1.909544406E-07
    2767  -1.908164677E-07
    2768  -1.906786443E-07
    2769  -1.905409702E-07
    2770  -1.904034452E-07
    2771  -1.867231310E-07
    2772  -1.865884587E-07
    2773  -1.864539321E-07
    2774  -1.863195509E-07
    2775  -1.861853149E-07
    2776  -1.918852729E-07
    2777  -1.917471265E-07
    2778  -1.916091293E-07
    2779  -1.914712810E-07
    2780  -1.913335814E-07
    2781  -1.876343224E-07
    2782  -1.874994792E-07
    2783  -1.873647813E-07
    2784  -1.872302285E-07
    2785  -1.870958206E-07
    2786  -1.890158090E-07
    2787  -1.888802165E-07
    2788  -1.887447700E-07
    2789  -1.886094691E-07
    2790  -1.884743136E-07
    2791  -1.898912805E-07
    2792  -1.897553039E-07
    2793  -1.896194733E-07
    2794  -1.894837885E-07
    2795  -1.893482494E-07
    2796  -1.885498299E-07
    2797  -1.884150552E-07
    2798  -1.882804249E-07
    2799  -1.881459389E-07
    2800  -1.880115969E-07
    2801  -1.892431114E-07
    2802  -1.891080824E-07
    2803  -1.889731979E-07
    2804  -1.888384577E-07
    2805  -1.887038615E-07
    2806  -1.844202737E-07
    2807  -1.842889203E-07
    2808  -1.841577071E-07
    2809  -1.840266340E-07
    2810  -1.838957008E-07
    2811  -1.846832481E-07
    2812  -1.845519411E-07
    2813  -1.844207742E-07
    2814  -1.842897470E-07
    2815  -1.841588594E-07
    2816  -1.862152275E-07
    2817  -1.860830662E-07
    2818  -1.859510456E-07
    2819  -1.858191654E-07
    2820  -1.856874255E-07
    2821  -1.855819035E-07
    2822  -1.854504250E-07
    2823  -1.853190862E-07
    2824  -1.851878868E-07
    2825  -1.850568267E-07
    2826  -1.847563215E-07
    2827  -1.846256593E-07
    2828  -1.844951357E-07
    2829  -1.843647504E-07
    2830  -1.842345033E-07
    2831  -1.835127316E-07
    2832  -1.833831780E-07
    2833  -1.832537615E-07
    2834  -1.831244819E-07
    2835  -1.829953392E-07
    2836  -1.836754654E-07
    2837  -1.835460253E-07
    2838  -1.834167221E-07
    2839  -1.832875553E-07
    2840  -1.831585250E-07
    2841  -1.826464048E-07
    2842  -1.825179163E-07
    2843  -1.823895633E-07
    2844  -1.822613457E-07
    2845  -1.821332632E-07
    2846  -1.802098300E-07
    2847  -1.800832781E-07
    2848  -1.799568595E-07
    2849  -1.798305740E-07
    2850  -1.797044214E-07
    2851  -1.774889792E-07
    2852  -1.773645565E-07
    2853  -1.772402646E-07
    2854  -1.771161033E-07
    2855  -1.769920724E-07
    2856  -1.762691594E-07
    2857  -1.761458080E-07
    2858  -1.760225860E-07
    2859  -1.758994933E-07
    2860  -1.757765296E-07
    2861  -1.757237790E-07
    2862  -1.756010241E-07
    2863  -1.754783976E-07
    2864  -1.753558996E-07
    2865  -1.752335298E-07
    2866  -1.744616942E-07
    2867  -1.743400333E-07
    2868  -1.742184997E-07
    2869  -1.740970930E-07
    2870  -1.739758133E-07
    2871  -1.738412632E-07
    2872  -1.737202459E-07
    2873  -1.735993550E-07
    2874  -1.734785903E-07
    2875  -1.733579515E-07
    2876  -1.716359167E-07
    2877  -1.715166423E-07
    2878  -1.713974921E-07
    2879  -1.712784661E-07
    2880  -1.711595640E-07
    2881  -1.722258973E-07
    2882  -1.721064205E-07
    2883  -1.719870679E-07
    2884  -1.718678394E-07
    2885  -1.717487349E-07
    2886  -1.720450384E-07
    2887  -1.719258937E-07
    2888  -1.718068726E-07
    2889  -1.716879751E-07
    2890  -1.715692010E-07
    2891  -1.692767605E-07
    2892  -1.691597354E-07
    2893  -1.690428317E-07
    2894  -1.689260491E-07
    2895  -1.688093874E-07
    2896  -1.666103596E-07
    2897  -1.664953766E-07
    2898  -1.663805126E-07
    2899  -1.662657674E-07
    2900  -1.661511409E-07
    2901  -1.617307858E-07
    2902  -1.616193626E-07
    2903  -1.615080544E-07
    2904  -1.613968613E-07
    2905  -1.612857829E-07
    2906  -1.609712014E-07
    2907  -1.608604922E-07
    2908  -1.607498972E-07
    2909  -1.606394161E-07
    2910  -1.605290490E-07
    2911  -1.577564679E-07
    2912  -1.576481558E-07
    2913  -1.575399553E-07
    2914  -1.574318661E-07
    2915  -1.573238882E-07
    2916  -1.558254923E-07
    2917  -1.557186893E-07
    2918  -1.556119962E-07
    2919  -1.555054126E-07
    2920  -1.553989385E-07
    2921  -1.578167210E-07
    2922  -1.577087383E-07
    2923  -1.576008664E-07
    2924  -1.574931051E-07
    2925  -1.573854544E-07
    2926  -1.534065956E-07
    2927  -1.533018097E-07
    2928  -1.531971311E-07
    2929  -1.530925597E-07
    2930  -1.529880953E-07
    2931  -1.553568910E-07
    2932  -1.552509538E-07
    2933  -1.551451249E-07
    2934  -1.550394042E-07
    2935  -1.549337915E-07
    2936  -1.515785894E-07
    2937  -1.514754045E-07
    2938  -1.513723249E-07
    2939  -1.512693505E-07
    2940  -1.511664812E-07
    2941  -1.497146282E-07
    2942  -1.496128853E-07
    2943  -1.495112461E-07
    2944  -1.494097105E-07
    2945  -1.493082782E-07
    2946  -1.501000033E-07
    2947  -1.499981716E-07
    2948  -1.498964434E-07
    2949  -1.497948187E-07
    2950  -1.496932973E-07
    2951  -1.423078571E-07
    2952  -1.422114753E-07
    2953  -1.421151913E-07
    2954  -1.420190050E-07
    2955  -1.419229164E-07
    2956  -1.416607865E-07
    2957  -1.415650050E-07
    2958  -1.414693206E-07
    2959  -1.413737333E-07
    2960  -1.412782427E-07
    2961  -1.380636503E-07
    2962  -1.379704585E-07
    2963  -1.378773610E-07
    2964  -1.377843577E-07
    2965  -1.376914485E-07
    2966  -1.377260115E-07
    2967  -1.376332042E-07
    2968  -1.375404907E-07
    2969  -1.374478708E-07
    2970  -1.373553445E-07
    2971  -1.365875462E-07
    2972  -1.364956609E-07
    2973  -1.364038682E-07
    2974  -1.363121681E-07
    2975  -1.362205605E-07
    2976  -1.328652391E-07
    2977  -1.327760079E-07
    2978  -1.326868666E-07
    2979  -1.325978150E-07
    2980  -1.325088530E-07
    2981  -1.355770861E-07
    2982  -1.354861863E-07
    2983  -1.353953779E-07
    2984  -1.353046607E-07
    2985  -1.352140347E-07
    2986  -1.329131501E-07
    2987  -1.328241855E-07
    2988  -1.327353102E-07
    2989  -1.326465240E-07
    2990  -1.325578269E-07
    2991  -1.314339961E-07
    2992  -1.313461685E-07
    2993  -1.312584289E-07
    2994  -1.311707772E-07
    2995  -1.310832132E-07
    2996  -1.270529083E-07
    2997  -1.269681499E-07
    2998  -1.268834762E-07
    2999  -1.267988872E-07
    3000  -1.267143828E-07
    3001  -1.213581221E-07
    3002  -1.212772975E-07
    3003  -1.211965537E-07
    3004  -1.211158904E-07
    3005  -1.210353076E-07
    3006  -1.219411525E-07
    3007  -1.218600746E-07
    3008  -1.217790775E-07
    3009  -1.216981612E-07
    3010  -1.216173255E-07
    3011  -1.177987905E-07
    3012  -1.177205968E-07
    3013  -1.176424809E-07
    3014  -1.175644428E-07
    3015  -1.174864823E-07
    3016  -1.166434689E-07
    3017  -1.165661704E-07
    3018  -1.164889487E-07
    3019  -1.164118037E-07
    3020  -1.163347353E-07
    3021  -1.152679271E-07
    3022  -1.151916665E-07
    3023  -1.151154816E-07
    3024  -1.150393722E-07
    3025  -1.149633382E-07
    3026  -1.131622402E-07
    3027  -1.130874964E-07
    3028  -1.130128265E-07
    3029  -1.129382306E-07
    3030  -1.128637085E-07
    3031  -1.154100515E-07
    3032  -1.153339486E-07
    3033  -1.152579209E-07
    3034  -1.151819684E-07
    3035  -1.151060909E-07
    3036  -1.119343455E-07
    3037  -1.118606561E-07
    3038  -1.117870393E-07
    3039  -1.117134952E-07
    3040  -1.116400236E-07
    3041  -1.094994061E-07
    3042  -1.094274381E-07
    3043  -1.093555409E-07
    3044  -1.092837146E-07
    3045  -1.092119591E-07
    3046  -1.050511279E-07
    3047  -1.049821967E-07
    3048  -1.049133333E-07
    3049  -1.048445377E-07
    3050  -1.047758097E-07
    3051  -1.021739547E-07
    3052  -1.021070212E-07
    3053  -1.020401535E-07
    3054  -1.019733514E-07
    3055  -1.019066149E-07
    3056  -9.951643122E-08
    3057  -9.945134526E-08
    3058  -9.938632313E-08
    3059  -9.932136475E-08
    3060  -9.925647004E-08
    3061  -9.602086287E-08
    3062  -9.595816560E-08
    3063  -9.589552973E-08
    3064  -9.583295516E-08
    3065  -9.577044181E-08
    3066  -9.513862387E-08
    3067  -9.507660390E-08
    3068  -9.501464457E-08
    3069  -9.495274578E-08
    3070  -9.489090745E-08
    3071  -9.401969124E-08
    3072  -9.395850042E-08
    3073  -9.389736932E-08
    3074  -9.383629786E-08
    3075  -9.377528597E-08
    3076  -9.381662919E-08
    3077  -9.375566972E-08
    3078  -9.369476964E-08
    3079  -9.363392888E-08
    3080  -9.357314736E-08
    3081  -9.162939187E-08
    3082  -9.156995016E-08
    3083  -9.151056628E-08
    3084  -9.145124014E-08
    3085  -9.139197168E-08
    3086  -9.019894370E-08
    3087  -9.014052470E-08
    3088  -9.008216243E-08
    3089  -9.002385682E-08
    3090  -8.996560781E-08
    3091  -8.959910534E-08
    3092  -8.954116864E-08
    3093  -8.948328812E-08
    3094  -8.942546370E-08
    3095  -8.936769531E-08
    3096  -8.527414296E-08
    3097  -8.521909187E-08
    3098  -8.516409407E-08
    3099  -8.510914949E-08
    3100  -8.505425807E-08
    3101  -8.292483864E-08
    3102  -8.287139047E-08
    3103  -8.281799395E-08
    3104  -8.276464903E-08
    3105  -8.271135563E-08
    3106  -7.823433907E-08
    3107  -7.818399522E-08
    3108  -7.813369995E-08
    3109  -7.808345320E-08
    3110  -7.803325490E-08
    3111  -7.800059827E-08
    3112  -7.795048545E-08
    3113  -7.790042091E-08
    3114  -7.785040459E-08
    3115  -7.780043642E-08
    3116  -7.581140092E-08
    3117  -7.576277270E-08
    3118  -7.571419125E-08
    3119  -7.566565651E-08
    3120  -7.561716842E-08
    3121  -7.483273687E-08
    3122  -7.478481325E-08
    3123  -7.473693565E-08
    3124  -7.468910401E-08
    3125  -7.464131827E-08
    3126  -7.454198980E-08
    3127  -7.449432868E-08
    3128  -7.444671326E-08
    3129  -7.439914348E-08
    3130  -7.435161927E-08
    3131  -7.302210193E-08
    3132  -7.297548712E-08
    3133  -7.292891693E-08
    3134  -7.288239131E-08
    3135  -7.283591019E-08
    3136  -7.370835550E-08
    3137  -7.366137759E-08
    3138  -7.361444456E-08
    3139  -7.356755638E-08
    3140  -7.352071298E-08
    3141  -7.125500527E-08
    3142  -7.120966324E-08
    3143  -7.116436447E-08
    3144  -7.111910891E-08
    3145  -7.107389651E-08
    3146  -6.960875916E-08
    3147  -6.956453504E-08
    3148  -6.952035306E-08
    3149  -6.947621315E-08
    3150  -6.943211527E-08
    3151  -6.905939746E-08
    3152  -6.901559194E-08
    3153  -6.897182809E-08
    3154  -6.892810585E-08
    3155  -6.888442518E-08
    3156  -6.612977878E-08
    3157  -6.608789798E-08
    3158  -6.604605696E-08
    3159  -6.600425566E-08
    3160  -6.596249403E-08
    3161  -6.525488975E-08
    3162  -6.521362836E-08
    3163  -6.517240609E-08
    3164  -6.513122290E-08
    3165  -6.509007873E-08
    3166  -6.355240334E-08
    3167  -6.351228187E-08
    3168  -6.347219838E-08
    3169  -6.343215283E-08
    3170  -6.339214517E-08
    3171  -6.270628377E-08
    3172  -6.266675885E-08
    3173  -6.262727129E-08
    3174  -6.258782104E-08
    3175  -6.254840806E-08
    3176  -6.186732114E-08
    3177  -6.182838639E-08
    3178  -6.178948838E-08
    3179  -6.175062706E-08
    3180  -6.171180240E-08
    3181  -5.806947375E-08
    3182  -5.803298649E-08
    3183  -5.799653361E-08
    3184  -5.796011506E-08
    3185  -5.792373081E-08
    3186  -5.529016791E-08
    3187  -5.525548148E-08
    3188  -5.522082769E-08
    3189  -5.518620648E-08
    3190  -5.515161782E-08
    3191  -4.710517130E-08
    3192  -4.707566603E-08
    3193  -4.704618847E-08
    3194  -4.701673858E-08
    3195  -4.698731634E-08
    3196  -3.858978573E-08
    3197  -3.856565203E-08
    3198  -3.854154097E-08
    3199  -3.851745250E-08
    3200  -3.849338662E-08
    3201  -2.737334279E-08
    3202  -2.735625047E-08
    3203  -2.733917416E-08
    3204  -2.732211384E-08
    3205  -2.730506947E-08
    3206  -1.728630726E-08
    3207  -1.727553026E-08
    3208  -1.726476334E-08
    3209  -1.725400648E-08
    3210  -1.724325966E-08
    3211  -1.083038519E-08
    3212  -1.082364359E-08
    3213  -1.081690828E-08
    3214  -1.081017925E-08
    3215  -1.080345650E-08
    3216  -6.593815819E-09
    3217  -6.589717736E-09
    3218  -6.585623472E-09
    3219  -6.581533023E-09
    3220  -6.577446383E-09
    3221  -4.417907240E-09
    3222  -4.415165753E-09
    3223  -4.412426816E-09
    3224  -4.409690427E-09
    3225  -4.406956583E-09
    3226  -3.131372752E-09
    3227  -3.129432621E-09
    3228  -3.127494291E-09
    3229  -3.125557762E-09
    3230  -3.123623031E-09
    3231  -2.326441003E-09
    3232  -2.325001819E-09
    3233  -2.323563970E-09
    3234  -2.322127454E-09
    3235  -2.320692270E-09
    3236  -1.879457219E-09
    3237  -1.878296344E-09
    3238  -1.877136543E-09
    3239  -1.875977817E-09
    3240  -1.874820163E-09
    3241  -1.427224099E-09
    3242  -1.426343912E-09
    3243  -1.425464538E-09
    3244  -1.424585978E-09
    3245  -1.423708229E-09
    3246  -1.122545660E-09
    3247  -1.121854438E-09
    3248  -1.121163853E-09
    3249  -1.120473906E-09
    3250  -1.119784596E-09
    3251  -8.530773505E-10
    3252  -8.525528640E-10
    3253  -8.520288610E-10
    3254  -8.515053409E-10
    3255  -8.509823033E-10
    3256  -6.669763254E-10
    3257  -6.665668863E-10
    3258  -6.661578241E-10
    3259  -6.657491383E-10
    3260  -6.653408285E-10
    3261  -5.575275273E-10
    3262  -5.571858004E-10
    3263  -5.568443875E-10
    3264  -5.565032883E-10
    3265  -5.561625025E-10
    3266  -4.566690558E-10
    3267  -4.563895765E-10
    3268  -4.561103538E-10
    3269  -4.558313872E-10
    3270  -4.555526765E-10
    3271  -3.931336046E-10
    3272  -3.928933763E-10
    3273  -3.926533681E-10
    3274  -3.924135798E-10
    3275  -3.921740111E-10
    3276  -3.074454834E-10
    3277  -3.072579023E-10
    3278  -3.070704928E-10
    3279  -3.068832546E-10
    3280  -3.066961877E-10
    3281  -2.304894007E-10
    3282  -2.303489868E-10
    3283  -2.302087012E-10
    3284  -2.300685437E-10
    3285  -2.299285141E-10
    3286  -1.597189331E-10
    3287  -1.596217804E-10
    3288  -1.595247164E-10
    3289  -1.594277409E-10
    3290  -1.593308538E-10
    3291  -1.011168076E-10
    3292  -1.010553944E-10
    3293  -1.009940372E-10
    3294  -1.009327358E-10
    3295  -1.008714902E-10
    3296  -6.269209393E-11
    3297  -6.265407568E-11
    3298  -6.261609201E-11
    3299  -6.257814286E-11
    3300  -6.254022820E-11
    3301  -3.065492993E-11
    3302  -3.063636806E-11
    3303  -3.061782304E-11
    3304  -3.059929486E-11
    3305  -3.058078349E-11
    3306  -5.825657832E-12
    3307  -5.822135669E-12
    3308  -5.818616699E-12
    3309  -5.815100918E-12
    3310  -5.811588323E-12
    3311   1.600492218E-11
    3312   1.599526029E-11
    3313   1.598560714E-11
    3314   1.597596274E-11
    3315   1.596632705E-11
    3316   3.410579795E-11
    3317   3.408523990E-11
    3318   3.406470044E-11
    3319   3.404417953E-11
    3320   3.402367717E-11
    3321   4.812298230E-11
    3322   4.809401872E-11
    3323   4.806508129E-11
    3324   4.803616996E-11
    3325   4.800728471E-11
    3326   5.576560480E-11
    3327   5.573209182E-11
    3328   5.569860904E-11
    3329   5.566515642E-11
    3330   5.563173393E-11
    3331   5.770011449E-11
    3332   5.766549096E-11
    3333   5.763089858E-11
    3334   5.759633732E-11
    3335   5.756180715E-11
    3336   5.754230907E-11
    3337   5.750783195E-11
    3338   5.747338581E-11
    3339   5.743897061E-11
    3340   5.740458631E-11
    3341   5.862755035E-11
    3342   5.859247553E-11
    3343   5.855743219E-11
    3344   5.852242027E-11
    3345   5.848743974E-11
    3346   6.188542579E-11
    3347   6.184845719E-11
    3348   6.181152172E-11
    3349   6.177461931E-11
    3350   6.173774995E-11
    3351   6.392416642E-11
    3352   6.388603688E-11
    3353   6.384794145E-11
    3354   6.380988009E-11
    3355   6.377185274E-11
    3356   6.698976982E-11
    3357   6.694987121E-11
    3358   6.691000823E-11
    3359   6.687018085E-11
    3360   6.683038901E-11
    3361   6.795088316E-11
    3362   6.791047228E-11
    3363   6.787009745E-11
    3364   6.782975861E-11
    3365   6.778945572E-11
    3366   6.840517077E-11
    3367   6.836455012E-11
    3368   6.832396565E-11
    3369   6.828341730E-11
    3370   6.824290504E-11
    3371   6.662243153E-11
    3372   6.658292816E-11
    3373   6.654345991E-11
    3374   6.650402675E-11
    3375   6.646462863E-11
    3376   6.526900294E-11
    3377   6.523035936E-11
    3378   6.519175009E-11
    3379   6.515317509E-11
    3380   6.511463432E-11
    3381   6.475399801E-11
    3382   6.471571601E-11
    3383   6.467746795E-11
    3384   6.463925379E-11
    3385   6.460107349E-11
    3386   6.407676282E-11
    3387   6.403893710E-11
    3388   6.400114487E-11
    3389   6.396338608E-11
    3390   6.392566070E-11
    3391   6.210886733E-11
    3392   6.207225733E-11
    3393   6.203567969E-11
    3394   6.199913437E-11
    3395   6.196262134E-11
    3396   5.893123314E-11
    3397   5.889654730E-11
    3398   5.886189208E-11
    3399   5.882726744E-11
    3400   5.879267334E-11
    3401   5.549332454E-11
    3402   5.546071019E-11
    3403   5.542812458E-11
    3404   5.539556768E-11
    3405   5.536303945E-11
    3406   5.129802451E-11
    3407   5.126792004E-11
    3408   5.123784205E-11
    3409   5.120779053E-11
    3410   5.117776544E-11
    3411   4.847635379E-11
    3412   4.844794690E-11
    3413   4.841956498E-11
    3414   4.839120799E-11
    3415   4.836287590E-11
    3416   4.524352430E-11
    3417   4.521705062E-11
    3418   4.519060017E-11
    3419   4.516417292E-11
    3420   4.513776884E-11
    3421   4.156966152E-11
    3422   4.154537308E-11
    3423   4.152110592E-11
    3424   4.149686002E-11
    3425   4.147263535E-11
    3426   3.863840857E-11
    3427   3.861586574E-11
    3428   3.859334263E-11
    3429   3.857083922E-11
    3430   3.854835549E-11
    3431   3.465019202E-11
    3432   3.463000548E-11
    3433   3.460983658E-11
    3434   3.458968529E-11
    3435   3.456955160E-11
    3436   3.068315200E-11
    3437   3.066530258E-11
    3438   3.064746873E-11
    3439   3.062965044E-11
    3440   3.061184768E-11
    3441   2.685534332E-11
    3442   2.683974336E-11
    3443   2.682415698E-11
    3444   2.680858417E-11
    3445   2.679302493E-11
    3446   2.245797532E-11
    3447   2.244494865E-11
    3448   2.243193331E-11
    3449   2.241892929E-11
    3450   2.240593658E-11
    3451   1.928534426E-11
    3452   1.927417407E-11
    3453   1.926301357E-11
    3454   1.925186277E-11
    3455   1.924072164E-11
    3456   1.564494154E-11
    3457   1.563589299E-11
    3458   1.562685229E-11
    3459   1.561781942E-11
    3460   1.560879439E-11
    3461   1.236157956E-11
    3462   1.235444033E-11
    3463   1.234730728E-11
    3464   1.234018041E-11
    3465   1.233305970E-11
    3466   8.847193714E-12
    3467   8.842091526E-12
    3468   8.836993751E-12
    3469   8.831900383E-12
    3470   8.826811417E-12
    3471   5.434909336E-12
    3472   5.431779530E-12
    3473   5.428652426E-12
    3474   5.425528021E-12
    3475   5.422406314E-12
    3476   2.521838254E-12
    3477   2.520388088E-12
    3478   2.518939173E-12
    3479   2.517491506E-12
    3480   2.516045088E-12
    3481  -2.594566755E-13
    3482  -2.593076909E-13
    3483  -2.591588346E-13
    3484  -2.590101064E-13
    3485  -2.588615062E-13
    3486  -2.627678398E-12
    3487  -2.626171701E-12
    3488  -2.624666300E-12
    3489  -2.623162194E-12
    3490  -2.621659379E-12
    3491  -4.647710738E-12
    3492  -4.645049581E-12
    3493  -4.642390709E-12
    3494  -4.639734119E-12
    3495  -4.637079809E-12
    3496  -6.620117873E-12
    3497  -6.616332786E-12
    3498  -6.612550944E-12
    3499  -6.608772343E-12
    3500  -6.604996981E-12
