      50   3.377413797E-13
      51   2.777541778E-13
      52   2.672728881E-13
      53   2.573738923E-13
      54   2.480148416E-13
      55   2.391571687E-13
      56   1.000886123E-13
      57   9.663728083E-14
      58   9.336144080E-14
      59   9.024939277E-14
      60   8.729039629E-14
      61   9.477840787E-14
      62   9.176956953E-14
      63   8.890177048E-14
      64   8.616633139E-14
      65   8.355523044E-14
      66   1.875517909E-13
      67   1.820355617E-13
      68   1.767591686E-13
      69   1.717089067E-13
      70   1.668720361E-13
      71   9.719688102E-14
      72   9.453395277E-14
      73   9.197898107E-14
      74   8.952620824E-14
      75   8.717025540E-14
      76   1.821816053E-13
      77   1.775102821E-13
      78   1.730163509E-13
      79   1.686909421E-13
      80   1.645257337E-13
      81   2.274237421E-13
      82   2.219436519E-13
      83   2.166592793E-13
      84   2.115614139E-13
      85   2.066413810E-13
      86   2.560927599E-13
      87   2.502724699E-13
      88   2.446483694E-13
      89   2.392117390E-13
      90   2.339543381E-13
      91   5.064124319E-13
      92   4.955218419E-13
      93   4.849788240E-13
      94   4.747687435E-13
      95   4.648777280E-13
      96   4.330939734E-13
      97   4.242553209E-13
      98   4.156845063E-13
      99   4.073708162E-13
     100   3.993040674E-13
     101   4.575465680E-13
     102   4.486621686E-13
     103   4.400340500E-13
     104   4.316524490E-13
     105   4.235080632E-13
     106   4.854507496E-13
     107   4.764609209E-13
     108   4.677185187E-13
     109   4.592145457E-13
     110   4.509404097E-13
     111   4.727489723E-13
     112   4.643817338E-13
     113   4.562346859E-13
     114   4.483001696E-13
     115   4.405708563E-13
     116   4.120962517E-13
     117   4.051115695E-13
     118   3.983029717E-13
     119   3.916645888E-13
     120   3.851907940E-13
     121   3.370907999E-13
     122   3.316096487E-13
     123   3.262611060E-13
     124   3.210409283E-13
     125   3.159450406E-13
     126   2.742309108E-13
     127   2.699460529E-13
     128   2.657608427E-13
     129   2.616722144E-13
     130   2.576772187E-13
     131   2.790117345E-13
     132   2.748160693E-13
     133   2.707143369E-13
     134   2.667037541E-13
     135   2.627816401E-13
     136   1.600718580E-13
     137   1.577519760E-13
     138   1.554821634E-13
     139   1.532609896E-13
     140   1.510870749E-13
     141   0.000000000E+00
     142   0.000000000E+00
     143   0.000000000E+00
     144   0.000000000E+00
     145   0.000000000E+00
     146   1.110837114E-13
     147   1.095825802E-13
     148   1.081116731E-13
     149   1.066701841E-13
     150   1.052573340E-13
     151   5.562834219E-15
     152   5.490117431E-15
     153   5.418817205E-15
     154   5.348896983E-15
     155   5.280321381E-15
     156   8.603162510E-14
     157   8.494261719E-14
     158   8.387415659E-14
     159   8.282572964E-14
     160   8.179683859E-14
     161   1.471516058E-13
     162   1.453460646E-13
     163   1.435735516E-13
     164   1.418332662E-13
     165   1.401244316E-13
     166   4.436464638E-14
     167   4.383649583E-14
     168   4.331772073E-14
     169   4.280810049E-14
     170   4.230742095E-14
     171   6.188852951E-14
     172   6.117305518E-14
     173   6.046991661E-14
     174   5.977883185E-14
     175   5.909952694E-14
     176   3.351641090E-13
     177   3.313982201E-13
     178   3.276954467E-13
     179   3.240543862E-13
     180   3.204736747E-13
     181   1.510478282E-13
     182   1.493970322E-13
     183   1.477731514E-13
     184   1.461756039E-13
     185   1.446038232E-13
     186   5.170557005E-13
     187   5.115551079E-13
     188   5.061418264E-13
     189   5.008140177E-13
     190   4.955698918E-13
     191   4.090576195E-13
     192   4.048186805E-13
     193   4.006452920E-13
     194   3.965361095E-13
     195   3.924898227E-13
     196   6.328097796E-13
     197   6.264177616E-13
     198   6.201221057E-13
     199   6.139208847E-13
     200   6.078122191E-13
     201   5.937700229E-13
     202   5.879200719E-13
     203   5.821561497E-13
     204   5.764765775E-13
     205   5.708797175E-13
     206   0.000000000E+00
     207   0.000000000E+00
     208   0.000000000E+00
     209   0.000000000E+00
     210   0.000000000E+00
     211   0.000000000E+00
     212   0.000000000E+00
     213   0.000000000E+00
     214   0.000000000E+00
     215   0.000000000E+00
     216   0.000000000E+00
     217   0.000000000E+00
     218   0.000000000E+00
     219   0.000000000E+00
     220   0.000000000E+00
     221   0.000000000E+00
     222   0.000000000E+00
     223   0.000000000E+00
     224   0.000000000E+00
     225   0.000000000E+00
     226   0.000000000E+00
     227   0.000000000E+00
     228   0.000000000E+00
     229   0.000000000E+00
     230   0.000000000E+00
     231   0.000000000E+00
     232   0.000000000E+00
     233   0.000000000E+00
     234   0.000000000E+00
     235   0.000000000E+00
     236   0.000000000E+00
     237   0.000000000E+00
     238   0.000000000E+00
     239   0.000000000E+00
     240   0.000000000E+00
     241   0.000000000E+00
     242   0.000000000E+00
     243   0.000000000E+00
     244   0.000000000E+00
     245   0.000000000E+00
     246   0.000000000E+00
     247   0.000000000E+00
     248   0.000000000E+00
     249   0.000000000E+00
     250   0.000000000E+00
     251   1.333697787E-12
     252   1.323154721E-12
     253   1.312736180E-12
     254   1.302440210E-12
     255   1.292264896E-12
     256   3.080748387E-12
     257   3.056866617E-12
     258   3.033261469E-12
     259   3.009928689E-12
     260   2.986864101E-12
     261   1.903825319E-11
     262   1.889347560E-11
     263   1.875034321E-11
     264   1.860883118E-11
     265   1.846891516E-11
     266   2.074221381E-11
     267   2.058742117E-11
     268   2.043435484E-11
     269   2.028298925E-11
     270   2.013329930E-11
     271   4.444314640E-11
     272   4.411755559E-11
     273   4.379552963E-11
     274   4.347701669E-11
     275   4.316196585E-11
     276   4.796734121E-11
     277   4.762225242E-11
     278   4.728087427E-11
     279   4.694315374E-11
     280   4.660903877E-11
     281   3.355258330E-10
     282   3.331546257E-10
     283   3.308084664E-10
     284   3.284870035E-10
     285   3.261898916E-10
     286   6.055767265E-10
     287   6.013713325E-10
     288   5.972095932E-10
     289   5.930909064E-10
     290   5.890146802E-10
     291   9.607370405E-10
     292   9.541791085E-10
     293   9.476880941E-10
     294   9.412630901E-10
     295   9.349032044E-10
     296   1.286737617E-09
     297   1.278101794E-09
     298   1.269552619E-09
     299   1.261088934E-09
     300   1.252709606E-09
     301   1.723660547E-09
     302   1.712283249E-09
     303   1.701018228E-09
     304   1.689864010E-09
     305   1.678819147E-09
     306   2.975580708E-09
     307   2.956258755E-09
     308   2.937124394E-09
     309   2.918175205E-09
     310   2.899408805E-09
     311   2.930331822E-09
     312   2.911607657E-09
     313   2.893062385E-09
     314   2.874693735E-09
     315   2.856499471E-09
     316   3.441478444E-09
     317   3.419833926E-09
     318   3.398392961E-09
     319   3.377153005E-09
     320   3.356111553E-09
     321   4.348729051E-09
     322   4.321801936E-09
     323   4.295124147E-09
     324   4.268692613E-09
     325   4.242504315E-09
     326   4.633878631E-09
     327   4.605623274E-09
     328   4.577625564E-09
     329   4.549882378E-09
     330   4.522390642E-09
     331   5.788693677E-09
     332   5.753926748E-09
     333   5.719472097E-09
     334   5.685325995E-09
     335   5.651484769E-09
     336   5.836742653E-09
     337   5.802205714E-09
     338   5.767974412E-09
     339   5.734045151E-09
     340   5.700414388E-09
     341   7.414855284E-09
     342   7.371619977E-09
     343   7.328761721E-09
     344   7.286276146E-09
     345   7.244158942E-09
     346   8.494866177E-09
     347   8.446045107E-09
     348   8.397643703E-09
     349   8.349657167E-09
     350   8.302080773E-09
     351   7.932254095E-09
     352   7.887312145E-09
     353   7.842751060E-09
     354   7.798566547E-09
     355   7.754754375E-09
     356   1.015376707E-08
     357   1.009704211E-08
     358   1.004079118E-08
     359   9.985009008E-09
     360   9.929690398E-09
     361   9.189916265E-09
     362   9.139283117E-09
     363   9.089067276E-09
     364   9.039264168E-09
     365   8.989869281E-09
     366   1.263228204E-08
     367   1.256362833E-08
     368   1.249553278E-08
     369   1.242798936E-08
     370   1.236099212E-08
     371   1.182956068E-08
     372   1.176613141E-08
     373   1.170321092E-08
     374   1.164079379E-08
     375   1.157887468E-08
     376   1.299925038E-08
     377   1.293047127E-08
     378   1.286223660E-08
     379   1.279454061E-08
     380   1.272737767E-08
     381   1.491727982E-08
     382   1.483938280E-08
     383   1.476209435E-08
     384   1.468540814E-08
     385   1.460931794E-08
     386   1.383366920E-08
     387   1.376236162E-08
     388   1.369160398E-08
     389   1.362139063E-08
     390   1.355171600E-08
     391   1.690441529E-08
     392   1.681838773E-08
     393   1.673301520E-08
     394   1.664829108E-08
     395   1.656420880E-08
     396   1.643309599E-08
     397   1.635051762E-08
     398   1.626856014E-08
     399   1.618721734E-08
     400   1.610648309E-08
     401   1.863612598E-08
     402   1.854363900E-08
     403   1.845183881E-08
     404   1.836071862E-08
     405   1.827027173E-08
     406   2.024068212E-08
     407   2.014146309E-08
     408   2.004297183E-08
     409   1.994520123E-08
     410   1.984814429E-08
     411   2.019122415E-08
     412   2.009344583E-08
     413   1.999637604E-08
     414   1.990000797E-08
     415   1.980433485E-08
     416   2.213918621E-08
     417   2.203325709E-08
     418   2.192808641E-08
     419   2.182366695E-08
     420   2.171999157E-08
     421   2.291305370E-08
     422   2.280471775E-08
     423   2.269714833E-08
     424   2.259033822E-08
     425   2.248428029E-08
     426   2.441177820E-08
     427   2.429770447E-08
     428   2.418442846E-08
     429   2.407194274E-08
     430   2.396023999E-08
     431   2.568846764E-08
     432   2.556981421E-08
     433   2.545198097E-08
     434   2.533496037E-08
     435   2.521874495E-08
     436   2.798647827E-08
     437   2.785868613E-08
     438   2.773176729E-08
     439   2.760571380E-08
     440   2.748051782E-08
     441   2.808701493E-08
     442   2.796021125E-08
     443   2.783426436E-08
     444   2.770916654E-08
     445   2.758491019E-08
     446   3.070647037E-08
     447   3.056938791E-08
     448   3.043322137E-08
     449   3.029796261E-08
     450   3.016360358E-08
     451   3.122618817E-08
     452   3.108832420E-08
     453   3.095137123E-08
     454   3.081532125E-08
     455   3.068016633E-08
     456   3.317436525E-08
     457   3.302949903E-08
     458   3.288557964E-08
     459   3.274259886E-08
     460   3.260054854E-08
     461   3.515882985E-08
     462   3.500695585E-08
     463   3.485606380E-08
     464   3.470614525E-08
     465   3.455719184E-08
     466   3.397397694E-08
     467   3.382878901E-08
     468   3.368452978E-08
     469   3.354119136E-08
     470   3.339876592E-08
     471   4.056825944E-08
     472   4.039672346E-08
     473   4.022627315E-08
     474   4.005689937E-08
     475   3.988859307E-08
     476   3.850112767E-08
     477   3.834003508E-08
     478   3.817995143E-08
     479   3.802086830E-08
     480   3.786277737E-08
     481   4.308221718E-08
     482   4.290382290E-08
     483   4.272653438E-08
     484   4.255034248E-08
     485   4.237523819E-08
     486   4.209168025E-08
     487   4.191917337E-08
     488   4.174772480E-08
     489   4.157732593E-08
     490   4.140796818E-08
     491   4.251633500E-08
     492   4.234385494E-08
     493   4.217242233E-08
     494   4.200202870E-08
     495   4.183266568E-08
     496   4.997099711E-08
     497   4.977031037E-08
     498   4.957083017E-08
     499   4.937254685E-08
     500   4.917545086E-08
     501   4.604440680E-08
     502   4.586132765E-08
     503   4.567933825E-08
     504   4.549842998E-08
     505   4.531859429E-08
     506   5.240070400E-08
     507   5.219440201E-08
     508   5.198931595E-08
     509   5.178543628E-08
     510   5.158275356E-08
     511   5.168873101E-08
     512   5.148721549E-08
     513   5.128687613E-08
     514   5.108770379E-08
     515   5.088968944E-08
     516   5.366299956E-08
     517   5.345580652E-08
     518   5.324981112E-08
     519   5.304500415E-08
     520   5.284137649E-08
     521   5.972812259E-08
     522   5.949971677E-08
     523   5.927261861E-08
     524   5.904681816E-08
     525   5.882230554E-08
     526   5.268587616E-08
     527   5.248630845E-08
     528   5.228787250E-08
     529   5.209055977E-08
     530   5.189436181E-08
     531   6.293695443E-08
     532   6.270079325E-08
     533   6.246595882E-08
     534   6.223244121E-08
     535   6.200023061E-08
     536   6.074447904E-08
     537   6.051866313E-08
     538   6.029410409E-08
     539   6.007079259E-08
     540   5.984871942E-08
     541   6.795819195E-08
     542   6.770788554E-08
     543   6.745895949E-08
     544   6.721140367E-08
     545   6.696520805E-08
     546   6.922791858E-08
     547   6.897526194E-08
     548   6.872398594E-08
     549   6.847408054E-08
     550   6.822553578E-08
     551   6.236899004E-08
     552   6.214342407E-08
     553   6.191907958E-08
     554   6.169594776E-08
     555   6.147401989E-08
     556   7.447941980E-08
     557   7.421246847E-08
     558   7.394694980E-08
     559   7.368285355E-08
     560   7.342016958E-08
     561   7.040830646E-08
     562   7.015818814E-08
     563   6.990940024E-08
     564   6.966193334E-08
     565   6.941577810E-08
     566   7.790599172E-08
     567   7.763167485E-08
     568   7.735880428E-08
     569   7.708736988E-08
     570   7.681736158E-08
     571   7.619600300E-08
     572   7.593004836E-08
     573   7.566548374E-08
     574   7.540229944E-08
     575   7.514048590E-08
     576   7.758209995E-08
     577   7.731364978E-08
     578   7.704659054E-08
     579   7.678091264E-08
     580   7.651660657E-08
     581   8.354098357E-08
     582   8.325439357E-08
     583   8.296927578E-08
     584   8.268562014E-08
     585   8.240341666E-08
     586   7.954750920E-08
     587   7.927693944E-08
     588   7.900774780E-08
     589   7.873992492E-08
     590   7.847346155E-08
     591   8.802253442E-08
     592   8.772566247E-08
     593   8.743028987E-08
     594   8.713640654E-08
     595   8.684400249E-08
     596   8.919075285E-08
     597   8.889245602E-08
     598   8.859565316E-08
     599   8.830033432E-08
     600   8.800648961E-08
     601   9.156823037E-08
     602   9.126452148E-08
     603   9.096232108E-08
     604   9.066161919E-08
     605   9.036240593E-08
     606   9.235137929E-08
     607   9.204759186E-08
     608   9.174530091E-08
     609   9.144449665E-08
     610   9.114516933E-08
     611   8.757804034E-08
     612   8.729230448E-08
     613   8.700796473E-08
     614   8.672501200E-08
     615   8.644343728E-08
     616   1.005584768E-07
     617   1.002330448E-07
     618   9.990919006E-08
     619   9.958690235E-08
     620   9.926617159E-08
     621   9.687176570E-08
     622   9.656078090E-08
     623   9.625129122E-08
     624   9.594328709E-08
     625   9.563675902E-08
     626   1.016604835E-07
     627   1.013367240E-07
     628   1.010145087E-07
     629   1.006938277E-07
     630   1.003746714E-07
     631   9.852478105E-08
     632   9.821348633E-08
     633   9.790366460E-08
     634   9.759530661E-08
     635   9.728840313E-08
     636   1.029813691E-07
     637   1.026585435E-07
     638   1.023372335E-07
     639   1.020174296E-07
     640   1.016991225E-07
     641   1.078912401E-07
     642   1.075556530E-07
     643   1.072216293E-07
     644   1.068891591E-07
     645   1.065582329E-07
     646   1.010797478E-07
     647   1.007677733E-07
     648   1.004572409E-07
     649   1.001481417E-07
     650   9.984046687E-08
     651   1.099867812E-07
     652   1.096499151E-07
     653   1.093145943E-07
     654   1.089808093E-07
     655   1.086485507E-07
     656   1.057127690E-07
     657   1.053914536E-07
     658   1.050716009E-07
     659   1.047532021E-07
     660   1.044362484E-07
     661   1.096748204E-07
     662   1.093439763E-07
     663   1.090146270E-07
     664   1.086867635E-07
     665   1.083603768E-07
     666   1.133399957E-07
     667   1.130006544E-07
     668   1.126628348E-07
     669   1.123265279E-07
     670   1.119917245E-07
     671   1.085016520E-07
     672   1.081792102E-07
     673   1.078582036E-07
     674   1.075386238E-07
     675   1.072204622E-07
     676   1.179442315E-07
     677   1.175963134E-07
     678   1.172499325E-07
     679   1.169050798E-07
     680   1.165617462E-07
     681   1.125662813E-07
     682   1.122366582E-07
     683   1.119084808E-07
     684   1.115817408E-07
     685   1.112564296E-07
     686   1.224194657E-07
     687   1.220635952E-07
     688   1.217092742E-07
     689   1.213564937E-07
     690   1.210052448E-07
     691   1.176935222E-07
     692   1.173538584E-07
     693   1.170156628E-07
     694   1.166789271E-07
     695   1.163436428E-07
     696   1.162027205E-07
     697   1.158697614E-07
     698   1.155382313E-07
     699   1.152081221E-07
     700   1.148794256E-07
     701   1.289375187E-07
     702   1.285706979E-07
     703   1.282054402E-07
     704   1.278417369E-07
     705   1.274795790E-07
     706   1.158880419E-07
     707   1.155606745E-07
     708   1.152346924E-07
     709   1.149100876E-07
     710   1.145868525E-07
     711   1.283136384E-07
     712   1.279537123E-07
     713   1.275952986E-07
     714   1.272383886E-07
     715   1.268829742E-07
     716   1.215860491E-07
     717   1.212473693E-07
     718   1.209101026E-07
     719   1.205742412E-07
     720   1.202397773E-07
     721   1.277244617E-07
     722   1.273711437E-07
     723   1.270192897E-07
     724   1.266688917E-07
     725   1.263199416E-07
     726   1.305417245E-07
     727   1.301830933E-07
     728   1.298259381E-07
     729   1.294702506E-07
     730   1.291160228E-07
     731   1.217113614E-07
     732   1.213792703E-07
     733   1.210485366E-07
     734   1.207191529E-07
     735   1.203911117E-07
     736   1.325405580E-07
     737   1.321813695E-07
     738   1.318236391E-07
     739   1.314673590E-07
     740   1.311125214E-07
     741   1.274548900E-07
     742   1.271118082E-07
     743   1.267701098E-07
     744   1.264297874E-07
     745   1.260908335E-07
     746   1.332674603E-07
     747   1.329111302E-07
     748   1.325562273E-07
     749   1.322027440E-07
     750   1.318506728E-07
     751   1.307920363E-07
     752   1.304446471E-07
     753   1.300986401E-07
     754   1.297540079E-07
     755   1.294107433E-07
     756   1.218337825E-07
     757   1.215123213E-07
     758   1.211921307E-07
     759   1.208732041E-07
     760   1.205555347E-07
     761   1.382914254E-07
     762   1.379289315E-07
     763   1.375678610E-07
     764   1.372082065E-07
     765   1.368499605E-07
     766   1.270709185E-07
     767   1.267400046E-07
     768   1.264103817E-07
     769   1.260820431E-07
     770   1.257549820E-07
     771   1.312409285E-07
     772   1.309013659E-07
     773   1.305631195E-07
     774   1.302261824E-07
     775   1.298905479E-07
     776   1.267548532E-07
     777   1.264290053E-07
     778   1.261044122E-07
     779   1.257810676E-07
     780   1.254589650E-07
     781   1.303090245E-07
     782   1.299761790E-07
     783   1.296446071E-07
     784   1.293143024E-07
     785   1.289852583E-07
     786   1.294867804E-07
     787   1.291581338E-07
     788   1.288307367E-07
     789   1.285045830E-07
     790   1.281796662E-07
     791   1.271062237E-07
     792   1.267856532E-07
     793   1.264662938E-07
     794   1.261481396E-07
     795   1.258311845E-07
     796   1.303636172E-07
     797   1.300368914E-07
     798   1.297113923E-07
     799   1.293871138E-07
     800   1.290640498E-07
     801   1.290416855E-07
     802   1.287202865E-07
     803   1.284000868E-07
     804   1.280810804E-07
     805   1.277632613E-07
     806   1.280225823E-07
     807   1.277056947E-07
     808   1.273899823E-07
     809   1.270754391E-07
     810   1.267620595E-07
     811   1.254655200E-07
     812   1.251568717E-07
     813   1.248493610E-07
     814   1.245429822E-07
     815   1.242377298E-07
     816   1.220699269E-07
     817   1.217714674E-07
     818   1.214741012E-07
     819   1.211778229E-07
     820   1.208826272E-07
     821   1.278957241E-07
     822   1.275849204E-07
     823   1.272752483E-07
     824   1.269667022E-07
     825   1.266592768E-07
     826   1.236369890E-07
     827   1.233383490E-07
     828   1.230407896E-07
     829   1.227443058E-07
     830   1.224488923E-07
     831   1.276761874E-07
     832   1.273696419E-07
     833   1.270641991E-07
     834   1.267598537E-07
     835   1.264566005E-07
     836   1.203739812E-07
     837   1.200866924E-07
     838   1.198004310E-07
     839   1.195151918E-07
     840   1.192309702E-07
     841   1.185729974E-07
     842   1.182916854E-07
     843   1.180113734E-07
     844   1.177320565E-07
     845   1.174537301E-07
     846   1.249417081E-07
     847   1.246470343E-07
     848   1.243534017E-07
     849   1.240608055E-07
     850   1.237692407E-07
     851   1.174622848E-07
     852   1.171868750E-07
     853   1.169124327E-07
     854   1.166389533E-07
     855   1.163664324E-07
     856   1.205851760E-07
     857   1.203040917E-07
     858   1.200239890E-07
     859   1.197448635E-07
     860   1.194667105E-07
     861   1.123637809E-07
     862   1.121033782E-07
     863   1.118438796E-07
     864   1.115852811E-07
     865   1.113275783E-07
     866   1.165818274E-07
     867   1.163132057E-07
     868   1.160455113E-07
     869   1.157787400E-07
     870   1.155128876E-07
     871   1.185625408E-07
     872   1.182909199E-07
     873   1.180202312E-07
     874   1.177504707E-07
     875   1.174816340E-07
     876   1.119961209E-07
     877   1.117410045E-07
     878   1.114867587E-07
     879   1.112333797E-07
     880   1.109808635E-07
     881   1.157587102E-07
     882   1.154965160E-07
     883   1.152352117E-07
     884   1.149747932E-07
     885   1.147152564E-07
     886   1.115502048E-07
     887   1.112989656E-07
     888   1.110485742E-07
     889   1.107990269E-07
     890   1.105503197E-07
     891   1.132067727E-07
     892   1.129532301E-07
     893   1.127005383E-07
     894   1.124486935E-07
     895   1.121976919E-07
     896   1.108568446E-07
     897   1.106099474E-07
     898   1.103638741E-07
     899   1.101186210E-07
     900   1.098741846E-07
     901   1.067545767E-07
     902   1.065181325E-07
     903   1.062824729E-07
     904   1.060475945E-07
     905   1.058134939E-07
     906   1.118338842E-07
     907   1.115875541E-07
     908   1.113420369E-07
     909   1.110973291E-07
     910   1.108534272E-07
     911   1.053385513E-07
     912   1.051077987E-07
     913   1.048778035E-07
     914   1.046485624E-07
     915   1.044200721E-07
     916   1.095222086E-07
     917   1.092835981E-07
     918   1.090457666E-07
     919   1.088087106E-07
     920   1.085724267E-07
     921   1.042102542E-07
     922   1.039844465E-07
     923   1.037593720E-07
     924   1.035350274E-07
     925   1.033114096E-07
     926   1.024274182E-07
     927   1.022066695E-07
     928   1.019866336E-07
     929   1.017673075E-07
     930   1.015486881E-07
     931   1.098352927E-07
     932   1.095998473E-07
     933   1.093651581E-07
     934   1.091312219E-07
     935   1.088980355E-07
     936   9.997149585E-08
     937   9.975833701E-08
     938   9.954585919E-08
     939   9.933405949E-08
     940   9.912293502E-08
     941   1.069048648E-07
     942   1.066781313E-07
     943   1.064521183E-07
     944   1.062268228E-07
     945   1.060022418E-07
     946   1.042145175E-07
     947   1.039946557E-07
     948   1.037754889E-07
     949   1.035570142E-07
     950   1.033392286E-07
     951   1.068281767E-07
     952   1.066039832E-07
     953   1.063804948E-07
     954   1.061577084E-07
     955   1.059356212E-07
     956   1.073708593E-07
     957   1.071467030E-07
     958   1.069232479E-07
     959   1.067004912E-07
     960   1.064784298E-07
     961   1.025020832E-07
     962   1.022892025E-07
     963   1.020769842E-07
     964   1.018654257E-07
     965   1.016545242E-07
     966   1.126810899E-07
     967   1.124482777E-07
     968   1.122161864E-07
     969   1.119848128E-07
     970   1.117541540E-07
     971   1.044823689E-07
     972   1.042676056E-07
     973   1.040535037E-07
     974   1.038400606E-07
     975   1.036272736E-07
     976   1.130898495E-07
     977   1.128585819E-07
     978   1.126280230E-07
     979   1.123981699E-07
     980   1.121690197E-07
     981   1.102084826E-07
     982   1.099842537E-07
     983   1.097607085E-07
     984   1.095378441E-07
     985   1.093156578E-07
     986   1.085688707E-07
     987   1.083490957E-07
     988   1.081299873E-07
     989   1.079115429E-07
     990   1.076937598E-07
     991   1.175271161E-07
     992   1.172904049E-07
     993   1.170544081E-07
     994   1.168191229E-07
     995   1.165845463E-07
     996   1.180639815E-07
     997   1.178273804E-07
     998   1.175914897E-07
     999   1.173563067E-07
    1000   1.171218286E-07
    1001   1.197809541E-07
    1002   1.195421087E-07
    1003   1.193039770E-07
    1004   1.190665562E-07
    1005   1.188298433E-07
    1006   1.198332477E-07
    1007   1.195954834E-07
    1008   1.193584259E-07
    1009   1.191220726E-07
    1010   1.188864206E-07
    1011   1.221708436E-07
    1012   1.219296376E-07
    1013   1.216891452E-07
    1014   1.214493636E-07
    1015   1.212102901E-07
    1016   1.310158575E-07
    1017   1.307584590E-07
    1018   1.305018182E-07
    1019   1.302459323E-07
    1020   1.299907983E-07
    1021   1.295725595E-07
    1022   1.293192408E-07
    1023   1.290666641E-07
    1024   1.288148267E-07
    1025   1.285637257E-07
    1026   1.349166851E-07
    1027   1.346542013E-07
    1028   1.343924827E-07
    1029   1.341315264E-07
    1030   1.338713295E-07
    1031   1.385342938E-07
    1032   1.382660764E-07
    1033   1.379986372E-07
    1034   1.377319732E-07
    1035   1.374660813E-07
    1036   1.454654468E-07
    1037   1.451851665E-07
    1038   1.449056955E-07
    1039   1.446270307E-07
    1040   1.443491690E-07
    1041   1.547279432E-07
    1042   1.544312453E-07
    1043   1.541354000E-07
    1044   1.538404041E-07
    1045   1.535462541E-07
    1046   1.549917398E-07
    1047   1.546959540E-07
    1048   1.544010141E-07
    1049   1.541069170E-07
    1050   1.538136593E-07
    1051   1.622473996E-07
    1052   1.619392374E-07
    1053   1.616319523E-07
    1054   1.613255410E-07
    1055   1.610200002E-07
    1056   1.651903481E-07
    1057   1.648780791E-07
    1058   1.645666946E-07
    1059   1.642561914E-07
    1060   1.639465661E-07
    1061   1.763111745E-07
    1062   1.759794507E-07
    1063   1.756486623E-07
    1064   1.753188056E-07
    1065   1.749898773E-07
    1066   1.868041014E-07
    1067   1.864542810E-07
    1068   1.861054423E-07
    1069   1.857575816E-07
    1070   1.854106954E-07
    1071   1.946802037E-07
    1072   1.943173329E-07
    1073   1.939554756E-07
    1074   1.935946282E-07
    1075   1.932347869E-07
    1076   1.999392475E-07
    1077   1.995683027E-07
    1078   1.991983892E-07
    1079   1.988295033E-07
    1080   1.984616412E-07
    1081   2.206874660E-07
    1082   2.202799176E-07
    1083   2.198734971E-07
    1084   2.194682003E-07
    1085   2.190640232E-07
    1086   2.288614195E-07
    1087   2.284407184E-07
    1088   2.280211762E-07
    1089   2.276027887E-07
    1090   2.271855517E-07
    1091   2.363256526E-07
    1092   2.358932177E-07
    1093   2.354619687E-07
    1094   2.350319011E-07
    1095   2.346030108E-07
    1096   2.498889024E-07
    1097   2.494337314E-07
    1098   2.489798028E-07
    1099   2.485271123E-07
    1100   2.480756552E-07
    1101   2.660168742E-07
    1102   2.655345226E-07
    1103   2.650534818E-07
    1104   2.645737470E-07
    1105   2.640953135E-07
    1106   2.689082189E-07
    1107   2.684228250E-07
    1108   2.679387442E-07
    1109   2.674559717E-07
    1110   2.669745028E-07
    1111   2.921196120E-07
    1112   2.915946890E-07
    1113   2.910711797E-07
    1114   2.905490789E-07
    1115   2.900283817E-07
    1116   3.035261046E-07
    1117   3.029831241E-07
    1118   3.024415993E-07
    1119   3.019015250E-07
    1120   3.013628961E-07
    1121   3.340462416E-07
    1122   3.334513240E-07
    1123   3.328579942E-07
    1124   3.322662467E-07
    1125   3.316760757E-07
    1126   3.408374949E-07
    1127   3.402331731E-07
    1128   3.396304571E-07
    1129   3.390293413E-07
    1130   3.384298199E-07
    1131   3.609651223E-07
    1132   3.603279376E-07
    1133   3.596924386E-07
    1134   3.590586193E-07
    1135   3.584264738E-07
    1136   3.785258133E-07
    1137   3.778605658E-07
    1138   3.771970705E-07
    1139   3.765353212E-07
    1140   3.758753119E-07
    1141   3.930059229E-07
    1142   3.923182485E-07
    1143   3.916323774E-07
    1144   3.909483034E-07
    1145   3.902660201E-07
    1146   4.228750557E-07
    1147   4.221383396E-07
    1148   4.214035470E-07
    1149   4.206706712E-07
    1150   4.199397057E-07
    1151   4.154269375E-07
    1152   4.147063357E-07
    1153   4.139876073E-07
    1154   4.132707456E-07
    1155   4.125557443E-07
    1156   4.448999516E-07
    1157   4.441315579E-07
    1158   4.433651532E-07
    1159   4.426007305E-07
    1160   4.418382830E-07
    1161   4.505526179E-07
    1162   4.497778068E-07
    1163   4.490049927E-07
    1164   4.482341687E-07
    1165   4.474653279E-07
    1166   4.806409238E-07
    1167   4.798179086E-07
    1168   4.789970054E-07
    1169   4.781782071E-07
    1170   4.773615065E-07
    1171   5.133331177E-07
    1172   5.124578694E-07
    1173   5.115848577E-07
    1174   5.107140749E-07
    1175   5.098455136E-07
    1176   5.072794391E-07
    1177   5.064181837E-07
    1178   5.055591198E-07
    1179   5.047022399E-07
    1180   5.038475367E-07
    1181   5.488527232E-07
    1182   5.479248234E-07
    1183   5.469992747E-07
    1184   5.460760692E-07
    1185   5.451551989E-07
    1186   5.857103808E-07
    1187   5.847243364E-07
    1188   5.837407799E-07
    1189   5.827597029E-07
    1190   5.817810972E-07
    1191   5.930178670E-07
    1192   5.920237046E-07
    1193   5.910320401E-07
    1194   5.900428651E-07
    1195   5.890561714E-07
    1196   6.433526933E-07
    1197   6.422786487E-07
    1198   6.412072915E-07
    1199   6.401386127E-07
    1200   6.390726033E-07
    1201   6.435074448E-07
    1202   6.424376070E-07
    1203   6.413704349E-07
    1204   6.403059196E-07
    1205   6.392440524E-07
    1206   7.027889187E-07
    1207   7.016253609E-07
    1208   7.004646903E-07
    1209   6.993068975E-07
    1210   6.981519728E-07
    1211   7.054924265E-07
    1212   7.043292074E-07
    1213   7.031688627E-07
    1214   7.020113831E-07
    1215   7.008567591E-07
    1216   7.506748053E-07
    1217   7.494421702E-07
    1218   7.482125686E-07
    1219   7.469859906E-07
    1220   7.457624263E-07
    1221   8.018621329E-07
    1222   8.005508293E-07
    1223   7.992427397E-07
    1224   7.979378536E-07
    1225   7.966361605E-07
    1226   8.060877853E-07
    1227   8.047749388E-07
    1228   8.034652969E-07
    1229   8.021588493E-07
    1230   8.008555855E-07
    1231   8.989323922E-07
    1232   8.974742699E-07
    1233   8.960196924E-07
    1234   8.945686484E-07
    1235   8.931211263E-07
    1236   8.946946267E-07
    1237   8.932492395E-07
    1238   8.918073521E-07
    1239   8.903689532E-07
    1240   8.889340314E-07
    1241   9.213614626E-07
    1242   9.198789824E-07
    1243   9.184000773E-07
    1244   9.169247358E-07
    1245   9.154529465E-07
    1246   9.759909300E-07
    1247   9.744268420E-07
    1248   9.728665108E-07
    1249   9.713099244E-07
    1250   9.697570708E-07
    1251   9.617699739E-07
    1252   9.602348263E-07
    1253   9.587033513E-07
    1254   9.571755372E-07
    1255   9.556513723E-07
    1256   1.050519475E-06
    1257   1.048849333E-06
    1258   1.047183170E-06
    1259   1.045520975E-06
    1260   1.043862734E-06
    1261   1.024466223E-06
    1262   1.022843949E-06
    1263   1.021225525E-06
    1264   1.019610939E-06
    1265   1.018000180E-06
    1266   1.099786932E-06
    1267   1.098052252E-06
    1268   1.096321673E-06
    1269   1.094595182E-06
    1270   1.092872767E-06
    1271   1.150176626E-06
    1272   1.148369593E-06
    1273   1.146566815E-06
    1274   1.144768278E-06
    1275   1.142973971E-06
    1276   1.171598836E-06
    1277   1.169765348E-06
    1278   1.167936161E-06
    1279   1.166111261E-06
    1280   1.164290634E-06
    1281   1.227042967E-06
    1282   1.225130196E-06
    1283   1.223221893E-06
    1284   1.221318046E-06
    1285   1.219418640E-06
    1286   1.242510150E-06
    1287   1.240580786E-06
    1288   1.238655913E-06
    1289   1.236735516E-06
    1290   1.234819582E-06
    1291   1.343312498E-06
    1292   1.341234675E-06
    1293   1.339161670E-06
    1294   1.337093466E-06
    1295   1.335030050E-06
    1296   1.344884129E-06
    1297   1.342811889E-06
    1298   1.340744434E-06
    1299   1.338681750E-06
    1300   1.336623823E-06
    1301   1.392587628E-06
    1302   1.390450118E-06
    1303   1.388317526E-06
    1304   1.386189836E-06
    1305   1.384067034E-06
    1306   1.434508258E-06
    1307   1.432314820E-06
    1308   1.430126409E-06
    1309   1.427943010E-06
    1310   1.425764608E-06
    1311   1.486013643E-06
    1312   1.483750104E-06
    1313   1.481491732E-06
    1314   1.479238513E-06
    1315   1.476990430E-06
    1316   1.574743787E-06
    1317   1.572354191E-06
    1318   1.569970030E-06
    1319   1.567591287E-06
    1320   1.565217947E-06
    1321   1.580435806E-06
    1322   1.578046637E-06
    1323   1.575662880E-06
    1324   1.573284521E-06
    1325   1.570911543E-06
    1326   1.671313586E-06
    1327   1.668796547E-06
    1328   1.666285190E-06
    1329   1.663779498E-06
    1330   1.661279454E-06
    1331   1.715459375E-06
    1332   1.712885542E-06
    1333   1.710317498E-06
    1334   1.707755224E-06
    1335   1.705198705E-06
    1336   1.776294993E-06
    1337   1.773639844E-06
    1338   1.770990643E-06
    1339   1.768347373E-06
    1340   1.765710017E-06
    1341   1.815724657E-06
    1342   1.813020674E-06
    1343   1.810322727E-06
    1344   1.807630797E-06
    1345   1.804944867E-06
    1346   1.848226663E-06
    1347   1.845484487E-06
    1348   1.842748410E-06
    1349   1.840018412E-06
    1350   1.837294476E-06
    1351   1.902186108E-06
    1352   1.899374303E-06
    1353   1.896568728E-06
    1354   1.893769364E-06
    1355   1.890976194E-06
    1356   1.963987787E-06
    1357   1.961095316E-06
    1358   1.958209230E-06
    1359   1.955329511E-06
    1360   1.952456139E-06
    1361   1.983188209E-06
    1362   1.980278175E-06
    1363   1.977374541E-06
    1364   1.974477289E-06
    1365   1.971586400E-06
    1366   1.987787168E-06
    1367   1.984881046E-06
    1368   1.981981293E-06
    1369   1.979087889E-06
    1370   1.976200817E-06
    1371   2.042145363E-06
    1372   2.039170643E-06
    1373   2.036202418E-06
    1374   2.033240669E-06
    1375   2.030285377E-06
    1376   2.186729618E-06
    1377   2.183555845E-06
    1378   2.180388977E-06
    1379   2.177228993E-06
    1380   2.174075873E-06
    1381   2.173076030E-06
    1382   2.169933477E-06
    1383   2.166797735E-06
    1384   2.163668785E-06
    1385   2.160546608E-06
    1386   2.282272895E-06
    1387   2.278984317E-06
    1388   2.275702842E-06
    1389   2.272428450E-06
    1390   2.269161119E-06
    1391   2.244696980E-06
    1392   2.241474155E-06
    1393   2.238258267E-06
    1394   2.235049295E-06
    1395   2.231847218E-06
    1396   2.369978517E-06
    1397   2.366587990E-06
    1398   2.363204733E-06
    1399   2.359828727E-06
    1400   2.356459949E-06
    1401   2.428811025E-06
    1402   2.425348714E-06
    1403   2.421893802E-06
    1404   2.418446266E-06
    1405   2.415006087E-06
    1406   2.401818067E-06
    1407   2.398406394E-06
    1408   2.395001985E-06
    1409   2.391604819E-06
    1410   2.388214876E-06
    1411   2.529731805E-06
    1412   2.526151152E-06
    1413   2.522578095E-06
    1414   2.519012613E-06
    1415   2.515454686E-06
    1416   2.574985028E-06
    1417   2.571353173E-06
    1418   2.567728997E-06
    1419   2.564112477E-06
    1420   2.560503593E-06
    1421   2.703430505E-06
    1422   2.699630884E-06
    1423   2.695839267E-06
    1424   2.692055633E-06
    1425   2.688279959E-06
    1426   2.819255877E-06
    1427   2.815307340E-06
    1428   2.811367091E-06
    1429   2.807435109E-06
    1430   2.803511371E-06
    1431   2.802402482E-06
    1432   2.798491244E-06
    1433   2.794588188E-06
    1434   2.790693291E-06
    1435   2.786806532E-06
    1436   2.914978490E-06
    1437   2.910924278E-06
    1438   2.906878518E-06
    1439   2.902841187E-06
    1440   2.898812261E-06
    1441   2.918803872E-06
    1442   2.914758405E-06
    1443   2.910721344E-06
    1444   2.906692664E-06
    1445   2.902672342E-06
    1446   2.967773479E-06
    1447   2.963674345E-06
    1448   2.959583697E-06
    1449   2.955501512E-06
    1450   2.951427768E-06
    1451   3.040481586E-06
    1452   3.036296477E-06
    1453   3.032120003E-06
    1454   3.027952141E-06
    1455   3.023792866E-06
    1456   2.950866597E-06
    1457   2.946818769E-06
    1458   2.942779264E-06
    1459   2.938748060E-06
    1460   2.934725133E-06
    1461   3.152674063E-06
    1462   3.148364188E-06
    1463   3.144063144E-06
    1464   3.139770907E-06
    1465   3.135487455E-06
    1466   3.059919782E-06
    1467   3.055750954E-06
    1468   3.051590640E-06
    1469   3.047438816E-06
    1470   3.043295459E-06
    1471   3.190506208E-06
    1472   3.186174224E-06
    1473   3.181851057E-06
    1474   3.177536683E-06
    1475   3.173231077E-06
    1476   3.194771629E-06
    1477   3.190448528E-06
    1478   3.186134196E-06
    1479   3.181828610E-06
    1480   3.177531744E-06
    1481   3.337737362E-06
    1482   3.333236031E-06
    1483   3.328743799E-06
    1484   3.324260642E-06
    1485   3.319786536E-06
    1486   3.489495789E-06
    1487   3.484805607E-06
    1488   3.480124874E-06
    1489   3.475453566E-06
    1490   3.470791656E-06
    1491   3.440867431E-06
    1492   3.436258097E-06
    1493   3.431658020E-06
    1494   3.427067173E-06
    1495   3.422485532E-06
    1496   3.498299383E-06
    1497   3.493628756E-06
    1498   3.488967477E-06
    1499   3.484315520E-06
    1500   3.479672861E-06
    1501   3.554217504E-06
    1502   3.549488006E-06
    1503   3.544767942E-06
    1504   3.540057287E-06
    1505   3.535356016E-06
    1506   3.610369421E-06
    1507   3.605581133E-06
    1508   3.600802364E-06
    1509   3.596033089E-06
    1510   3.591273283E-06
    1511   3.723649939E-06
    1512   3.718727732E-06
    1513   3.713815278E-06
    1514   3.708912551E-06
    1515   3.704019527E-06
    1516   3.728799308E-06
    1517   3.723886529E-06
    1518   3.718983452E-06
    1519   3.714090053E-06
    1520   3.709206305E-06
    1521   3.851378050E-06
    1522   3.846320430E-06
    1523   3.841272765E-06
    1524   3.836235030E-06
    1525   3.831207199E-06
    1526   4.017839496E-06
    1527   4.012580544E-06
    1528   4.007331910E-06
    1529   4.002093568E-06
    1530   3.996865490E-06
    1531   4.071495305E-06
    1532   4.066183504E-06
    1533   4.060882092E-06
    1534   4.055591040E-06
    1535   4.050310323E-06
    1536   4.084063212E-06
    1537   4.078752337E-06
    1538   4.073451814E-06
    1539   4.068161617E-06
    1540   4.062881719E-06
    1541   4.075627594E-06
    1542   4.070344862E-06
    1543   4.065072394E-06
    1544   4.059810165E-06
    1545   4.054558146E-06
    1546   4.245485467E-06
    1547   4.240000343E-06
    1548   4.234525843E-06
    1549   4.229061939E-06
    1550   4.223608603E-06
    1551   4.099579660E-06
    1552   4.094300098E-06
    1553   4.089030729E-06
    1554   4.083771525E-06
    1555   4.078522461E-06
    1556   4.248775187E-06
    1557   4.243321047E-06
    1558   4.237877402E-06
    1559   4.232444226E-06
    1560   4.227021491E-06
    1561   4.218408695E-06
    1562   4.213010859E-06
    1563   4.207623378E-06
    1564   4.202246223E-06
    1565   4.196879370E-06
    1566   4.293785954E-06
    1567   4.288309186E-06
    1568   4.282842891E-06
    1569   4.277387040E-06
    1570   4.271941607E-06
    1571   4.371037796E-06
    1572   4.365480214E-06
    1573   4.359933225E-06
    1574   4.354396802E-06
    1575   4.348870918E-06
    1576   4.404037096E-06
    1577   4.398455300E-06
    1578   4.392884109E-06
    1579   4.387323497E-06
    1580   4.381773435E-06
    1581   4.465633184E-06
    1582   4.459991196E-06
    1583   4.454359894E-06
    1584   4.448739251E-06
    1585   4.443129239E-06
    1586   4.533850596E-06
    1587   4.528140457E-06
    1588   4.522441099E-06
    1589   4.516752493E-06
    1590   4.511074615E-06
    1591   4.601420074E-06
    1592   4.595643024E-06
    1593   4.589876847E-06
    1594   4.584121516E-06
    1595   4.578377003E-06
    1596   4.506814450E-06
    1597   4.501173881E-06
    1598   4.495543895E-06
    1599   4.489924465E-06
    1600   4.484315565E-06
    1601   4.516531757E-06
    1602   4.510896658E-06
    1603   4.505272099E-06
    1604   4.499658052E-06
    1605   4.494054493E-06
    1606   4.541392131E-06
    1607   4.535743633E-06
    1608   4.530105667E-06
    1609   4.524478207E-06
    1610   4.518861226E-06
    1611   4.587321050E-06
    1612   4.581633114E-06
    1613   4.575955749E-06
    1614   4.570288931E-06
    1615   4.564632633E-06
    1616   4.597825423E-06
    1617   4.592142079E-06
    1618   4.586469266E-06
    1619   4.580806958E-06
    1620   4.575155130E-06
    1621   4.598740088E-06
    1622   4.593073126E-06
    1623   4.587416632E-06
    1624   4.581770580E-06
    1625   4.576134946E-06
    1626   4.781351847E-06
    1627   4.775477950E-06
    1628   4.769614871E-06
    1629   4.763762583E-06
    1630   4.757921059E-06
    1631   4.943035224E-06
    1632   4.936981292E-06
    1633   4.930938475E-06
    1634   4.924906746E-06
    1635   4.918886078E-06
    1636   4.891897519E-06
    1637   4.885924506E-06
    1638   4.879962426E-06
    1639   4.874011252E-06
    1640   4.868070958E-06
    1641   4.993510465E-06
    1642   4.987431937E-06
    1643   4.981364502E-06
    1644   4.975308132E-06
    1645   4.969262800E-06
    1646   4.943626189E-06
    1647   4.937626642E-06
    1648   4.931638011E-06
    1649   4.925660268E-06
    1650   4.919693387E-06
    1651   5.003264919E-06
    1652   4.997211362E-06
    1653   4.991168784E-06
    1654   4.985137161E-06
    1655   4.979116463E-06
    1656   4.959913678E-06
    1657   4.953930670E-06
    1658   4.947958481E-06
    1659   4.941997085E-06
    1660   4.936046456E-06
    1661   4.955645920E-06
    1662   4.949686033E-06
    1663   4.943736891E-06
    1664   4.937798469E-06
    1665   4.931870739E-06
    1666   5.109928171E-06
    1667   5.103801159E-06
    1668   5.097685160E-06
    1669   5.091580147E-06
    1670   5.085486096E-06
    1671   5.190765849E-06
    1672   5.184560510E-06
    1673   5.178366292E-06
    1674   5.172183168E-06
    1675   5.166011112E-06
    1676   5.319741778E-06
    1677   5.313401204E-06
    1678   5.307071959E-06
    1679   5.300754016E-06
    1680   5.294447348E-06
    1681   5.379745489E-06
    1682   5.373352446E-06
    1683   5.366970792E-06
    1684   5.360600501E-06
    1685   5.354241544E-06
    1686   5.399979995E-06
    1687   5.393581914E-06
    1688   5.387195198E-06
    1689   5.380819819E-06
    1690   5.374455751E-06
    1691   5.562149999E-06
    1692   5.555579237E-06
    1693   5.549020112E-06
    1694   5.542472596E-06
    1695   5.535936661E-06
    1696   5.508161558E-06
    1697   5.501673735E-06
    1698   5.495197368E-06
    1699   5.488732430E-06
    1700   5.482278894E-06
    1701   5.606025561E-06
    1702   5.599441855E-06
    1703   5.592869740E-06
    1704   5.586309189E-06
    1705   5.579760175E-06
    1706   5.444062103E-06
    1707   5.437687323E-06
    1708   5.431323733E-06
    1709   5.424971308E-06
    1710   5.418630021E-06
    1711   5.390994831E-06
    1712   5.384700616E-06
    1713   5.378417418E-06
    1714   5.372145211E-06
    1715   5.365883970E-06
    1716   5.554958277E-06
    1717   5.548491504E-06
    1718   5.542036016E-06
    1719   5.535591788E-06
    1720   5.529158794E-06
    1721   5.506035318E-06
    1722   5.499644099E-06
    1723   5.493264001E-06
    1724   5.486895000E-06
    1725   5.480537068E-06
    1726   5.842521140E-06
    1727   5.835758963E-06
    1728   5.829008519E-06
    1729   5.822269781E-06
    1730   5.815542722E-06
    1731   5.798249632E-06
    1732   5.791558057E-06
    1733   5.784878060E-06
    1734   5.778209612E-06
    1735   5.771552689E-06
    1736   5.889580489E-06
    1737   5.882803066E-06
    1738   5.876037335E-06
    1739   5.869283269E-06
    1740   5.862540841E-06
    1741   5.855632664E-06
    1742   5.848913636E-06
    1743   5.842206166E-06
    1744   5.835510228E-06
    1745   5.828825795E-06
    1746   5.615544327E-06
    1747   5.609119219E-06
    1748   5.602705132E-06
    1749   5.596302040E-06
    1750   5.589909919E-06
    1751   5.757015610E-06
    1752   5.750447424E-06
    1753   5.743890471E-06
    1754   5.737344727E-06
    1755   5.730810166E-06
    1756   5.833282181E-06
    1757   5.826645910E-06
    1758   5.820020957E-06
    1759   5.813407297E-06
    1760   5.806804904E-06
    1761   6.340466934E-06
    1762   6.333274119E-06
    1763   6.326093536E-06
    1764   6.318925158E-06
    1765   6.311768957E-06
    1766   6.536899611E-06
    1767   6.529504928E-06
    1768   6.522122786E-06
    1769   6.514753155E-06
    1770   6.507396009E-06
    1771   6.907131399E-06
    1772   6.899339937E-06
    1773   6.891561650E-06
    1774   6.883796510E-06
    1775   6.876044487E-06
    1776   7.209913470E-06
    1777   7.201803332E-06
    1778   7.193706869E-06
    1779   7.185624052E-06
    1780   7.177554851E-06
    1781   7.188313876E-06
    1782   7.180250708E-06
    1783   7.172201100E-06
    1784   7.164165020E-06
    1785   7.156142439E-06
    1786   7.269424394E-06
    1787   7.261293046E-06
    1788   7.253175335E-06
    1789   7.245071228E-06
    1790   7.236980696E-06
    1791   7.160621040E-06
    1792   7.152633732E-06
    1793   7.144659782E-06
    1794   7.136699158E-06
    1795   7.128751831E-06
    1796   7.150210798E-06
    1797   7.142257282E-06
    1798   7.134317030E-06
    1799   7.126390011E-06
    1800   7.118476196E-06
    1801   6.898445226E-06
    1802   6.890793041E-06
    1803   6.883153580E-06
    1804   6.875526817E-06
    1805   6.867912723E-06
    1806   6.441825116E-06
    1807   6.434699204E-06
    1808   6.427585108E-06
    1809   6.420482804E-06
    1810   6.413392266E-06
    1811   6.226331011E-06
    1812   6.219462471E-06
    1813   6.212605291E-06
    1814   6.205759445E-06
    1815   6.198924908E-06
    1816   6.146033728E-06
    1817   6.139272415E-06
    1818   6.132522253E-06
    1819   6.125783217E-06
    1820   6.119055284E-06
    1821   6.913139611E-06
    1822   6.905555256E-06
    1823   6.897983375E-06
    1824   6.890423941E-06
    1825   6.882876927E-06
    1826   7.959714567E-06
    1827   7.951005908E-06
    1828   7.942311533E-06
    1829   7.933631411E-06
    1830   7.924965511E-06
    1831   9.422988327E-06
    1832   9.412706834E-06
    1833   9.402442159E-06
    1834   9.392194266E-06
    1835   9.381963118E-06
    1836   1.091160595E-05
    1837   1.089973260E-05
    1838   1.088787862E-05
    1839   1.087604397E-05
    1840   1.086422861E-05
    1841   1.171570607E-05
    1842   1.170299234E-05
    1843   1.169029929E-05
    1844   1.167762688E-05
    1845   1.166497506E-05
    1846   1.194992428E-05
    1847   1.193699146E-05
    1848   1.192407963E-05
    1849   1.191118873E-05
    1850   1.189831873E-05
    1851   1.189215966E-05
    1852   1.187932408E-05
    1853   1.186650928E-05
    1854   1.185371520E-05
    1855   1.184094180E-05
    1856   1.249690853E-05
    1857   1.248345652E-05
    1858   1.247002623E-05
    1859   1.245661760E-05
    1860   1.244323059E-05
    1861   1.407225610E-05
    1862   1.405714901E-05
    1863   1.404206623E-05
    1864   1.402700771E-05
    1865   1.401197341E-05
    1866   1.574226886E-05
    1867   1.572541418E-05
    1868   1.570858656E-05
    1869   1.569178593E-05
    1870   1.567501224E-05
    1871   1.714813398E-05
    1872   1.712982311E-05
    1873   1.711154155E-05
    1874   1.709328924E-05
    1875   1.707506611E-05
    1876   1.624889520E-05
    1877   1.623159073E-05
    1878   1.621431389E-05
    1879   1.619706462E-05
    1880   1.617984286E-05
    1881   1.431855308E-05
    1882   1.430334485E-05
    1883   1.428816083E-05
    1884   1.427300098E-05
    1885   1.425786524E-05
    1886   1.014929363E-05
    1887   1.013854226E-05
    1888   1.012780797E-05
    1889   1.011709071E-05
    1890   1.010639046E-05
    1891   4.841826784E-06
    1892   4.836711277E-06
    1893   4.831603874E-06
    1894   4.826504556E-06
    1895   4.821413306E-06
    1896  -1.893823515E-06
    1897  -1.891827916E-06
    1898  -1.889835470E-06
    1899  -1.887846169E-06
    1900  -1.885860008E-06
    1901  -9.126037998E-06
    1902  -9.116446786E-06
    1903  -9.106870687E-06
    1904  -9.097309668E-06
    1905  -9.087763697E-06
    1906  -1.628388872E-05
    1907  -1.626681966E-05
    1908  -1.624977742E-05
    1909  -1.623276194E-05
    1910  -1.621577318E-05
    1911  -2.149565675E-05
    1912  -2.147318351E-05
    1913  -2.145074549E-05
    1914  -2.142834262E-05
    1915  -2.140597483E-05
    1916  -2.466498586E-05
    1917  -2.463926637E-05
    1918  -2.461358709E-05
    1919  -2.458794794E-05
    1920  -2.456234883E-05
    1921  -2.269010368E-05
    1922  -2.266650503E-05
    1923  -2.264294317E-05
    1924  -2.261941804E-05
    1925  -2.259592954E-05
    1926  -1.230073797E-05
    1927  -1.228797787E-05
    1928  -1.227523761E-05
    1929  -1.226251716E-05
    1930  -1.224981647E-05
    1931   9.959713255E-06
    1932   9.949408327E-06
    1933   9.939119383E-06
    1934   9.928846392E-06
    1935   9.918589319E-06
    1936   4.465638282E-05
    1937   4.461029780E-05
    1938   4.456428408E-05
    1939   4.451834152E-05
    1940   4.447246997E-05
    1941   9.203848508E-05
    1942   9.194374655E-05
    1943   9.184915422E-05
    1944   9.175470779E-05
    1945   9.166040696E-05
    1946   1.528539943E-04
    1947   1.526970600E-04
    1948   1.525403673E-04
    1949   1.523839156E-04
    1950   1.522277045E-04
    1951   2.117291299E-04
    1952   2.115123054E-04
    1953   2.112958137E-04
    1954   2.110796543E-04
    1955   2.108638265E-04
    1956   2.766353233E-04
    1957   2.763527540E-04
    1958   2.760706174E-04
    1959   2.757889127E-04
    1960   2.755076390E-04
    1961   3.065071048E-04
    1962   3.061948204E-04
    1963   3.058830131E-04
    1964   3.055716818E-04
    1965   3.052608255E-04
    1966   3.408169606E-04
    1967   3.404706019E-04
    1968   3.401247709E-04
    1969   3.397794666E-04
    1970   3.394346878E-04
    1971   3.451117404E-04
    1972   3.447619059E-04
    1973   3.444126030E-04
    1974   3.440638308E-04
    1975   3.437155880E-04
    1976   2.891838692E-04
    1977   2.888914689E-04
    1978   2.885995119E-04
    1979   2.883079973E-04
    1980   2.880169241E-04
    1981   1.575516402E-04
    1982   1.573927379E-04
    1983   1.572340758E-04
    1984   1.570756536E-04
    1985   1.569174707E-04
    1986  -9.765046894E-05
    1987  -9.755222903E-05
    1988  -9.745413730E-05
    1989  -9.735619344E-05
    1990  -9.725839716E-05
    1991  -5.144580576E-04
    1992  -5.139417926E-04
    1993  -5.134263043E-04
    1994  -5.129115913E-04
    1995  -5.123976518E-04
    1996  -1.057476603E-03
    1997  -1.056418068E-03
    1998  -1.055361121E-03
    1999  -1.054305760E-03
    2000  -1.053251981E-03
    2001  -1.622579767E-03
    2002  -1.620959618E-03
    2003  -1.619341894E-03
    2004  -1.617726590E-03
    2005  -1.616113702E-03
    2006  -2.130394940E-03
    2007  -2.128273032E-03
    2008  -2.126154294E-03
    2009  -2.124038717E-03
    2010  -2.121926297E-03
    2011  -2.380216153E-03
    2012  -2.377851308E-03
    2013  -2.375489986E-03
    2014  -2.373132180E-03
    2015  -2.370777882E-03
    2016  -2.493808136E-03
    2017  -2.491336572E-03
    2018  -2.488868681E-03
    2019  -2.486404454E-03
    2020  -2.483943886E-03
    2021  -2.289380236E-03
    2022  -2.287116884E-03
    2023  -2.284856887E-03
    2024  -2.282600238E-03
    2025  -2.280346931E-03
    2026  -1.759063879E-03
    2027  -1.757329102E-03
    2028  -1.755596890E-03
    2029  -1.753867238E-03
    2030  -1.752140141E-03
    2031  -7.071140472E-04
    2032  -7.064184111E-04
    2033  -7.057238011E-04
    2034  -7.050302150E-04
    2035  -7.043376510E-04
    2036   1.249188909E-03
    2037   1.247963012E-03
    2038   1.246738919E-03
    2039   1.245516626E-03
    2040   1.244296129E-03
    2041   4.533773343E-03
    2042   4.529334994E-03
    2043   4.524903160E-03
    2044   4.520477826E-03
    2045   4.516058982E-03
    2046   8.842761291E-03
    2047   8.834125782E-03
    2048   8.825502916E-03
    2049   8.816892669E-03
    2050   8.808295017E-03
    2051   1.385838519E-02
    2052   1.384488457E-02
    2053   1.383140367E-02
    2054   1.381794245E-02
    2055   1.380450087E-02
    2056   1.837538859E-02
    2057   1.835753107E-02
    2058   1.833969957E-02
    2059   1.832189404E-02
    2060   1.830411442E-02
    2061   2.132322380E-02
    2062   2.130255174E-02
    2063   2.128190974E-02
    2064   2.126129772E-02
    2065   2.124071563E-02
    2066   2.319257468E-02
    2067   2.317014472E-02
    2068   2.314774729E-02
    2069   2.312538231E-02
    2070   2.310304974E-02
    2071   2.346970893E-02
    2072   2.344706570E-02
    2073   2.342445522E-02
    2074   2.340187743E-02
    2075   2.337933227E-02
    2076   2.398494451E-02
    2077   2.396185987E-02
    2078   2.393880854E-02
    2079   2.391579045E-02
    2080   2.389280555E-02
    2081   2.311400793E-02
    2082   2.309181493E-02
    2083   2.306965388E-02
    2084   2.304752471E-02
    2085   2.302542737E-02
    2086   2.139360536E-02
    2087   2.137311340E-02
    2088   2.135265087E-02
    2089   2.133221771E-02
    2090   2.131181387E-02
    2091   1.786963344E-02
    2092   1.785255782E-02
    2093   1.783550667E-02
    2094   1.781847993E-02
    2095   1.780147757E-02
    2096   1.370015055E-02
    2097   1.368709035E-02
    2098   1.367404882E-02
    2099   1.366102591E-02
    2100   1.364802161E-02
    2101   8.731468161E-03
    2102   8.723164340E-03
    2103   8.714872358E-03
    2104   8.706592195E-03
    2105   8.698323826E-03
    2106   4.090444077E-03
    2107   4.086563200E-03
    2108   4.082687844E-03
    2109   4.078817998E-03
    2110   4.074953651E-03
    2111   9.699369884E-04
    2112   9.690189221E-04
    2113   9.681021587E-04
    2114   9.671866957E-04
    2115   9.662725306E-04
    2116  -9.840049058E-04
    2117  -9.830757227E-04
    2118  -9.821478551E-04
    2119  -9.812213005E-04
    2120  -9.802960565E-04
    2121  -2.052105645E-03
    2122  -2.050172432E-03
    2123  -2.048241950E-03
    2124  -2.046314193E-03
    2125  -2.044389156E-03
    2126  -2.528776672E-03
    2127  -2.526400002E-03
    2128  -2.524026681E-03
    2129  -2.521656703E-03
    2130  -2.519290061E-03
    2131  -2.691364906E-03
    2132  -2.688841357E-03
    2133  -2.686321356E-03
    2134  -2.683804895E-03
    2135  -2.681291969E-03
    2136  -2.642181468E-03
    2137  -2.639709830E-03
    2138  -2.637241658E-03
    2139  -2.634776946E-03
    2140  -2.632315688E-03
    2141  -2.311493228E-03
    2142  -2.309335978E-03
    2143  -2.307181746E-03
    2144  -2.305030528E-03
    2145  -2.302882317E-03
    2146  -1.802099107E-03
    2147  -1.800421175E-03
    2148  -1.798745585E-03
    2149  -1.797072333E-03
    2150  -1.795401415E-03
    2151  -1.151593438E-03
    2152  -1.150523681E-03
    2153  -1.149455414E-03
    2154  -1.148388634E-03
    2155  -1.147323339E-03
    2156  -5.772268592E-04
    2157  -5.766918946E-04
    2158  -5.761576733E-04
    2159  -5.756241939E-04
    2160  -5.750914552E-04
    2161  -1.638983648E-04
    2162  -1.637468176E-04
    2163  -1.635954804E-04
    2164  -1.634443529E-04
    2165  -1.632934348E-04
    2166   1.046222535E-04
    2167   1.045257385E-04
    2168   1.044293570E-04
    2169   1.043331088E-04
    2170   1.042369935E-04
    2171   2.454126770E-04
    2172   2.451868025E-04
    2173   2.449612397E-04
    2174   2.447359880E-04
    2175   2.445110468E-04
    2176   2.967954706E-04
    2177   2.965229311E-04
    2178   2.962507669E-04
    2179   2.959789772E-04
    2180   2.957075614E-04
    2181   3.048405665E-04
    2182   3.045612806E-04
    2183   3.042823783E-04
    2184   3.040038590E-04
    2185   3.037257219E-04
    2186   2.796205787E-04
    2187   2.793649840E-04
    2188   2.791097396E-04
    2189   2.788548449E-04
    2190   2.786002992E-04
    2191   2.322652196E-04
    2192   2.320533954E-04
    2193   2.318418609E-04
    2194   2.316306154E-04
    2195   2.314196586E-04
    2196   1.804870525E-04
    2197   1.803228241E-04
    2198   1.801588197E-04
    2199   1.799950390E-04
    2200   1.798314815E-04
    2201   1.118999447E-04
    2202   1.117983560E-04
    2203   1.116969056E-04
    2204   1.115955932E-04
    2205   1.114944186E-04
    2206   5.275456439E-05
    2207   5.270677946E-05
    2208   5.265905942E-05
    2209   5.261140416E-05
    2210   5.256381357E-05
    2211   4.517401918E-06
    2212   4.513319314E-06
    2213   4.509242241E-06
    2214   4.505170691E-06
    2215   4.501104652E-06
    2216  -2.906915368E-05
    2217  -2.904294164E-05
    2218  -2.901676503E-05
    2219  -2.899062380E-05
    2220  -2.896451788E-05
    2221  -5.134959347E-05
    2222  -5.130339500E-05
    2223  -5.125725886E-05
    2224  -5.121118492E-05
    2225  -5.116517307E-05
    2226  -5.965370765E-05
    2227  -5.960015854E-05
    2228  -5.954668150E-05
    2229  -5.949327641E-05
    2230  -5.943994313E-05
    2231  -6.207174748E-05
    2232  -6.201615255E-05
    2233  -6.196063227E-05
    2234  -6.190518651E-05
    2235  -6.184981514E-05
    2236  -5.755518110E-05
    2237  -5.750374662E-05
    2238  -5.745238106E-05
    2239  -5.740108429E-05
    2240  -5.734985619E-05
    2241  -4.937229198E-05
    2242  -4.932826854E-05
    2243  -4.928430395E-05
    2244  -4.924039811E-05
    2245  -4.919655092E-05
    2246  -4.135872774E-05
    2247  -4.132193172E-05
    2248  -4.128518478E-05
    2249  -4.124848684E-05
    2250  -4.121183780E-05
    2251  -2.967049103E-05
    2252  -2.964415238E-05
    2253  -2.961784879E-05
    2254  -2.959158018E-05
    2255  -2.956534651E-05
    2256  -2.053335018E-05
    2257  -2.051516298E-05
    2258  -2.049699993E-05
    2259  -2.047886099E-05
    2260  -2.046074612E-05
    2261  -1.309088385E-05
    2262  -1.307931436E-05
    2263  -1.306776019E-05
    2264  -1.305622133E-05
    2265  -1.304469775E-05
    2266  -8.175443765E-06
    2267  -8.168234379E-06
    2268  -8.161034525E-06
    2269  -8.153844186E-06
    2270  -8.146663346E-06
    2271  -5.416921164E-06
    2272  -5.412154845E-06
    2273  -5.407394814E-06
    2274  -5.402641061E-06
    2275  -5.397893573E-06
    2276  -4.395150479E-06
    2277  -4.391291699E-06
    2278  -4.387437998E-06
    2279  -4.383589369E-06
    2280  -4.379745800E-06
    2281  -5.005743980E-06
    2282  -5.001358746E-06
    2283  -4.996979273E-06
    2284  -4.992605549E-06
    2285  -4.988237565E-06
    2286  -5.973328326E-06
    2287  -5.968106886E-06
    2288  -5.962892288E-06
    2289  -5.957684522E-06
    2290  -5.952483575E-06
    2291  -6.646861370E-06
    2292  -6.641063846E-06
    2293  -6.635273903E-06
    2294  -6.629491529E-06
    2295  -6.623716711E-06
    2296  -6.634791746E-06
    2297  -6.629017340E-06
    2298  -6.623250470E-06
    2299  -6.617491122E-06
    2300  -6.611739283E-06
    2301  -6.106407354E-06
    2302  -6.101104352E-06
    2303  -6.095808254E-06
    2304  -6.090519050E-06
    2305  -6.085236726E-06
    2306  -6.036989839E-06
    2307  -6.031758478E-06
    2308  -6.026533915E-06
    2309  -6.021316137E-06
    2310  -6.016105132E-06
    2311  -6.195856494E-06
    2312  -6.190499074E-06
    2313  -6.185148600E-06
    2314  -6.179805059E-06
    2315  -6.174468440E-06
    2316  -7.043264647E-06
    2317  -7.037187628E-06
    2318  -7.031118471E-06
    2319  -7.025057162E-06
    2320  -7.019003687E-06
    2321  -7.964294248E-06
    2322  -7.957437344E-06
    2323  -7.950589291E-06
    2324  -7.943750074E-06
    2325  -7.936919679E-06
    2326  -8.720120124E-06
    2327  -8.712628612E-06
    2328  -8.705146750E-06
    2329  -8.697674521E-06
    2330  -8.690211909E-06
    2331  -9.156651359E-06
    2332  -9.148801679E-06
    2333  -9.140962089E-06
    2334  -9.133132571E-06
    2335  -9.125313108E-06
    2336  -8.820018946E-06
    2337  -8.812474020E-06
    2338  -8.804938771E-06
    2339  -8.797413182E-06
    2340  -8.789897237E-06
    2341  -8.369061609E-06
    2342  -8.361917724E-06
    2343  -8.354782982E-06
    2344  -8.347657368E-06
    2345  -8.340540865E-06
    2346  -7.579107005E-06
    2347  -7.572651207E-06
    2348  -7.566203653E-06
    2349  -7.559764331E-06
    2350  -7.553333226E-06
    2351  -6.931875161E-06
    2352  -6.925983214E-06
    2353  -6.920098776E-06
    2354  -6.914221835E-06
    2355  -6.908352377E-06
    2356  -6.253965408E-06
    2357  -6.248660942E-06
    2358  -6.243363222E-06
    2359  -6.238072236E-06
    2360  -6.232787973E-06
    2361  -5.891632455E-06
    2362  -5.886645885E-06
    2363  -5.881665643E-06
    2364  -5.876691718E-06
    2365  -5.871724101E-06
    2366  -5.774429515E-06
    2367  -5.769552463E-06
    2368  -5.764681587E-06
    2369  -5.759816877E-06
    2370  -5.754958322E-06
    2371  -5.623183044E-06
    2372  -5.618443741E-06
    2373  -5.613710427E-06
    2374  -5.608983092E-06
    2375  -5.604261725E-06
    2376  -5.642229649E-06
    2377  -5.637484292E-06
    2378  -5.632744919E-06
    2379  -5.628011519E-06
    2380  -5.623284084E-06
    2381  -5.792250665E-06
    2382  -5.787389355E-06
    2383  -5.782534163E-06
    2384  -5.777685077E-06
    2385  -5.772842089E-06
    2386  -5.852313806E-06
    2387  -5.847412371E-06
    2388  -5.842517090E-06
    2389  -5.837627955E-06
    2390  -5.832744953E-06
    2391  -5.976867210E-06
    2392  -5.971871917E-06
    2393  -5.966882885E-06
    2394  -5.961900102E-06
    2395  -5.956923557E-06
    2396  -5.672373950E-06
    2397  -5.667643029E-06
    2398  -5.662918025E-06
    2399  -5.658198926E-06
    2400  -5.653485724E-06
    2401  -5.440902846E-06
    2402  -5.436374421E-06
    2403  -5.431851647E-06
    2404  -5.427334514E-06
    2405  -5.422823014E-06
    2406  -5.056416952E-06
    2407  -5.052217270E-06
    2408  -5.048022818E-06
    2409  -5.043833588E-06
    2410  -5.039649570E-06
    2411  -4.870207625E-06
    2412  -4.866170983E-06
    2413  -4.862139359E-06
    2414  -4.858112742E-06
    2415  -4.854091126E-06
    2416  -4.802538907E-06
    2417  -4.798566584E-06
    2418  -4.794599187E-06
    2419  -4.790636708E-06
    2420  -4.786679140E-06
    2421  -4.723044162E-06
    2422  -4.719145652E-06
    2423  -4.715251968E-06
    2424  -4.711363100E-06
    2425  -4.707479041E-06
    2426  -4.883187930E-06
    2427  -4.879165535E-06
    2428  -4.875148107E-06
    2429  -4.871135640E-06
    2430  -4.867128124E-06
    2431  -4.820894591E-06
    2432  -4.816931669E-06
    2433  -4.812973631E-06
    2434  -4.809020470E-06
    2435  -4.805072178E-06
    2436  -4.893829704E-06
    2437  -4.889815078E-06
    2438  -4.885805389E-06
    2439  -4.881800631E-06
    2440  -4.877800794E-06
    2441  -4.760771179E-06
    2442  -4.756873699E-06
    2443  -4.752981004E-06
    2444  -4.749093085E-06
    2445  -4.745209934E-06
    2446  -4.554308183E-06
    2447  -4.550587343E-06
    2448  -4.546871061E-06
    2449  -4.543159329E-06
    2450  -4.539452141E-06
    2451  -4.488674343E-06
    2452  -4.485014601E-06
    2453  -4.481359332E-06
    2454  -4.477708530E-06
    2455  -4.474062188E-06
    2456  -4.369640754E-06
    2457  -4.366085310E-06
    2458  -4.362534204E-06
    2459  -4.358987428E-06
    2460  -4.355444976E-06
    2461  -4.383408198E-06
    2462  -4.379848792E-06
    2463  -4.376293720E-06
    2464  -4.372742975E-06
    2465  -4.369196549E-06
    2466  -4.388073641E-06
    2467  -4.384517665E-06
    2468  -4.380966011E-06
    2469  -4.377418670E-06
    2470  -4.373875636E-06
    2471  -4.397766038E-06
    2472  -4.394209414E-06
    2473  -4.390657102E-06
    2474  -4.387109096E-06
    2475  -4.383565389E-06
    2476  -4.508327311E-06
    2477  -4.504688628E-06
    2478  -4.501054350E-06
    2479  -4.497424467E-06
    2480  -4.493798974E-06
    2481  -4.449783919E-06
    2482  -4.446199719E-06
    2483  -4.442619849E-06
    2484  -4.439044299E-06
    2485  -4.435473065E-06
    2486  -4.510443074E-06
    2487  -4.506817316E-06
    2488  -4.503195928E-06
    2489  -4.499578903E-06
    2490  -4.495966235E-06
    2491  -4.415574015E-06
    2492  -4.412031637E-06
    2493  -4.408493520E-06
    2494  -4.404959658E-06
    2495  -4.401430043E-06
    2496  -4.289660802E-06
    2497  -4.286226326E-06
    2498  -4.282795973E-06
    2499  -4.279369736E-06
    2500  -4.275947609E-06
    2501  -4.112057925E-06
    2502  -4.108772221E-06
    2503  -4.105490454E-06
    2504  -4.102212618E-06
    2505  -4.098938705E-06
    2506  -3.887185255E-06
    2507  -3.884085426E-06
    2508  -3.880989304E-06
    2509  -3.877896882E-06
    2510  -3.874808155E-06
    2511  -3.914808876E-06
    2512  -3.911693230E-06
    2513  -3.908581302E-06
    2514  -3.905473087E-06
    2515  -3.902368577E-06
    2516  -3.836584392E-06
    2517  -3.833537066E-06
    2518  -3.830493368E-06
    2519  -3.827453294E-06
    2520  -3.824416838E-06
    2521  -3.903829832E-06
    2522  -3.900735238E-06
    2523  -3.897644323E-06
    2524  -3.894557080E-06
    2525  -3.891473503E-06
    2526  -3.857280089E-06
    2527  -3.854228443E-06
    2528  -3.851180418E-06
    2529  -3.848136006E-06
    2530  -3.845095203E-06
    2531  -3.877718488E-06
    2532  -3.874656729E-06
    2533  -3.871598594E-06
    2534  -3.868544078E-06
    2535  -3.865493176E-06
    2536  -3.932923851E-06
    2537  -3.929824620E-06
    2538  -3.926729052E-06
    2539  -3.923637139E-06
    2540  -3.920548877E-06
    2541  -3.848174807E-06
    2542  -3.845148323E-06
    2543  -3.842125407E-06
    2544  -3.839106055E-06
    2545  -3.836090261E-06
    2546  -3.768894028E-06
    2547  -3.765935713E-06
    2548  -3.762980879E-06
    2549  -3.760029521E-06
    2550  -3.757081634E-06
    2551  -3.607833982E-06
    2552  -3.605007633E-06
    2553  -3.602184604E-06
    2554  -3.599364890E-06
    2555  -3.596548486E-06
    2556  -3.539289858E-06
    2557  -3.536522626E-06
    2558  -3.533758638E-06
    2559  -3.530997889E-06
    2560  -3.528240374E-06
    2561  -3.466095955E-06
    2562  -3.463391237E-06
    2563  -3.460689684E-06
    2564  -3.457991290E-06
    2565  -3.455296052E-06
    2566  -3.444478024E-06
    2567  -3.441795409E-06
    2568  -3.439115926E-06
    2569  -3.436439571E-06
    2570  -3.433766339E-06
    2571  -3.494670648E-06
    2572  -3.491954230E-06
    2573  -3.489240979E-06
    2574  -3.486530889E-06
    2575  -3.483823955E-06
    2576  -3.457436385E-06
    2577  -3.454754123E-06
    2578  -3.452074980E-06
    2579  -3.449398953E-06
    2580  -3.446726036E-06
    2581  -3.523612475E-06
    2582  -3.520884165E-06
    2583  -3.518159023E-06
    2584  -3.515437043E-06
    2585  -3.512718221E-06
    2586  -3.491566388E-06
    2587  -3.488868114E-06
    2588  -3.486172966E-06
    2589  -3.483480941E-06
    2590  -3.480792033E-06
    2591  -3.408460989E-06
    2592  -3.405832018E-06
    2593  -3.403206088E-06
    2594  -3.400583193E-06
    2595  -3.397963329E-06
    2596  -3.328389760E-06
    2597  -3.325827489E-06
    2598  -3.323268176E-06
    2599  -3.320711816E-06
    2600  -3.318158404E-06
    2601  -3.134055684E-06
    2602  -3.131647651E-06
    2603  -3.129242392E-06
    2604  -3.126839902E-06
    2605  -3.124440179E-06
    2606  -3.102585122E-06
    2607  -3.100205839E-06
    2608  -3.097829292E-06
    2609  -3.095455476E-06
    2610  -3.093084388E-06
    2611  -2.981400276E-06
    2612  -2.979118301E-06
    2613  -2.976838945E-06
    2614  -2.974562204E-06
    2615  -2.972288074E-06
    2616  -3.006746826E-06
    2617  -3.004449846E-06
    2618  -3.002155497E-06
    2619  -2.999863776E-06
    2620  -2.997574677E-06
    2621  -2.968576328E-06
    2622  -2.966312831E-06
    2623  -2.964051922E-06
    2624  -2.961793597E-06
    2625  -2.959537851E-06
    2626  -3.009617157E-06
    2627  -3.007326733E-06
    2628  -3.005038922E-06
    2629  -3.002753722E-06
    2630  -3.000471127E-06
    2631  -3.027542333E-06
    2632  -3.025242642E-06
    2633  -3.022945571E-06
    2634  -3.020651115E-06
    2635  -3.018359271E-06
    2636  -2.964752719E-06
    2637  -2.962504991E-06
    2638  -2.960259819E-06
    2639  -2.958017198E-06
    2640  -2.955777124E-06
    2641  -2.926406416E-06
    2642  -2.924191958E-06
    2643  -2.921980012E-06
    2644  -2.919770576E-06
    2645  -2.917563644E-06
    2646  -2.783034240E-06
    2647  -2.780932250E-06
    2648  -2.778832641E-06
    2649  -2.776735409E-06
    2650  -2.774640550E-06
    2651  -2.624710817E-06
    2652  -2.622732143E-06
    2653  -2.620755706E-06
    2654  -2.618781502E-06
    2655  -2.616809528E-06
    2656  -2.541017820E-06
    2657  -2.539105842E-06
    2658  -2.537196022E-06
    2659  -2.535288356E-06
    2660  -2.533382841E-06
    2661  -2.405521148E-06
    2662  -2.403714523E-06
    2663  -2.401909932E-06
    2664  -2.400107373E-06
    2665  -2.398306843E-06
    2666  -2.451185690E-06
    2667  -2.449348219E-06
    2668  -2.447512814E-06
    2669  -2.445679471E-06
    2670  -2.443848188E-06
    2671  -2.425330126E-06
    2672  -2.423515438E-06
    2673  -2.421702786E-06
    2674  -2.419892167E-06
    2675  -2.418083578E-06
    2676  -2.394657536E-06
    2677  -2.392869143E-06
    2678  -2.391082753E-06
    2679  -2.389298363E-06
    2680  -2.387515970E-06
    2681  -2.422007933E-06
    2682  -2.420202485E-06
    2683  -2.418399056E-06
    2684  -2.416597641E-06
    2685  -2.414798239E-06
    2686  -2.356043667E-06
    2687  -2.354290658E-06
    2688  -2.352539605E-06
    2689  -2.350790505E-06
    2690  -2.349043355E-06
    2691  -2.362960630E-06
    2692  -2.361205740E-06
    2693  -2.359452803E-06
    2694  -2.357701817E-06
    2695  -2.355952781E-06
    2696  -2.223867454E-06
    2697  -2.222218924E-06
    2698  -2.220572226E-06
    2699  -2.218927357E-06
    2700  -2.217284316E-06
    2701  -2.146380232E-06
    2702  -2.144792085E-06
    2703  -2.143205701E-06
    2704  -2.141621075E-06
    2705  -2.140038207E-06
    2706  -2.061806878E-06
    2707  -2.060284126E-06
    2708  -2.058763060E-06
    2709  -2.057243677E-06
    2710  -2.055725976E-06
    2711  -1.977577696E-06
    2712  -1.976119843E-06
    2713  -1.974663601E-06
    2714  -1.973208969E-06
    2715  -1.971755943E-06
    2716  -2.006491680E-06
    2717  -2.005015233E-06
    2718  -2.003540415E-06
    2719  -2.002067224E-06
    2720  -2.000595656E-06
    2721  -1.939573881E-06
    2722  -1.938149295E-06
    2723  -1.936726278E-06
    2724  -1.935304828E-06
    2725  -1.933884942E-06
    2726  -1.974425065E-06
    2727  -1.972977540E-06
    2728  -1.971531605E-06
    2729  -1.970087260E-06
    2730  -1.968644501E-06
    2731  -1.993892228E-06
    2732  -1.992433105E-06
    2733  -1.990975582E-06
    2734  -1.989519659E-06
    2735  -1.988065332E-06
    2736  -1.914409207E-06
    2737  -1.913010807E-06
    2738  -1.911613939E-06
    2739  -1.910218601E-06
    2740  -1.908824789E-06
    2741  -1.914245629E-06
    2742  -1.912849897E-06
    2743  -1.911455692E-06
    2744  -1.910063010E-06
    2745  -1.908671850E-06
    2746  -1.766608276E-06
    2747  -1.765322535E-06
    2748  -1.764038197E-06
    2749  -1.762755260E-06
    2750  -1.761473722E-06
    2751  -1.696643221E-06
    2752  -1.695410644E-06
    2753  -1.694179409E-06
    2754  -1.692949514E-06
    2755  -1.691720959E-06
    2756  -1.593199180E-06
    2757  -1.592043851E-06
    2758  -1.590889778E-06
    2759  -1.589736959E-06
    2760  -1.588585393E-06
    2761  -1.514898377E-06
    2762  -1.513801816E-06
    2763  -1.512706446E-06
    2764  -1.511612264E-06
    2765  -1.510519269E-06
    2766  -1.503988651E-06
    2767  -1.502901954E-06
    2768  -1.501816434E-06
    2769  -1.500732090E-06
    2770  -1.499648920E-06
    2771  -1.459489975E-06
    2772  -1.458437332E-06
    2773  -1.457385827E-06
    2774  -1.456335459E-06
    2775  -1.455286226E-06
    2776  -1.495996913E-06
    2777  -1.494919881E-06
    2778  -1.493844013E-06
    2779  -1.492769305E-06
    2780  -1.491695756E-06
    2781  -1.455083315E-06
    2782  -1.454037621E-06
    2783  -1.452993054E-06
    2784  -1.451949612E-06
    2785  -1.450907293E-06
    2786  -1.444538332E-06
    2787  -1.443502077E-06
    2788  -1.442466938E-06
    2789  -1.441432911E-06
    2790  -1.440399996E-06
    2791  -1.409022698E-06
    2792  -1.408013731E-06
    2793  -1.407005847E-06
    2794  -1.405999045E-06
    2795  -1.404993323E-06
    2796  -1.335647680E-06
    2797  -1.334692964E-06
    2798  -1.333739272E-06
    2799  -1.332786601E-06
    2800  -1.331834950E-06
    2801  -1.267705796E-06
    2802  -1.266801261E-06
    2803  -1.265897693E-06
    2804  -1.264995093E-06
    2805  -1.264093457E-06
    2806  -1.174302513E-06
    2807  -1.173466115E-06
    2808  -1.172630610E-06
    2809  -1.171795998E-06
    2810  -1.170962276E-06
    2811  -1.137484082E-06
    2812  -1.136675348E-06
    2813  -1.135867477E-06
    2814  -1.135060466E-06
    2815  -1.134254315E-06
    2816  -1.128600123E-06
    2817  -1.127799130E-06
    2818  -1.126998988E-06
    2819  -1.126199698E-06
    2820  -1.125401258E-06
    2821  -1.118986060E-06
    2822  -1.118193296E-06
    2823  -1.117401375E-06
    2824  -1.116610294E-06
    2825  -1.115820053E-06
    2826  -1.111707745E-06
    2827  -1.110921530E-06
    2828  -1.110136149E-06
    2829  -1.109351600E-06
    2830  -1.108567883E-06
    2831  -1.099101563E-06
    2832  -1.098325635E-06
    2833  -1.097550529E-06
    2834  -1.096776243E-06
    2835  -1.096002776E-06
    2836  -1.083760699E-06
    2837  -1.082996949E-06
    2838  -1.082234007E-06
    2839  -1.081471870E-06
    2840  -1.080710538E-06
    2841  -1.043145883E-06
    2842  -1.042412049E-06
    2843  -1.041678988E-06
    2844  -1.040946701E-06
    2845  -1.040215185E-06
    2846  -9.755750504E-07
    2847  -9.748899556E-07
    2848  -9.742055821E-07
    2849  -9.735219291E-07
    2850  -9.728389954E-07
    2851  -8.984494616E-07
    2852  -8.978196337E-07
    2853  -8.971904679E-07
    2854  -8.965619632E-07
    2855  -8.959341187E-07
    2856  -8.368050125E-07
    2857  -8.362194246E-07
    2858  -8.356344513E-07
    2859  -8.350500915E-07
    2860  -8.344663445E-07
    2861  -7.966094611E-07
    2862  -7.960529753E-07
    2863  -7.954970724E-07
    2864  -7.949417516E-07
    2865  -7.943870120E-07
    2866  -7.712019453E-07
    2867  -7.706641475E-07
    2868  -7.701269122E-07
    2869  -7.695902384E-07
    2870  -7.690541253E-07
    2871  -7.601971958E-07
    2872  -7.596679948E-07
    2873  -7.591393462E-07
    2874  -7.586112493E-07
    2875  -7.580837032E-07
    2876  -7.472610079E-07
    2877  -7.467417160E-07
    2878  -7.462229653E-07
    2879  -7.457047549E-07
    2880  -7.451870841E-07
    2881  -7.459565470E-07
    2882  -7.454390607E-07
    2883  -7.449221127E-07
    2884  -7.444057022E-07
    2885  -7.438898285E-07
    2886  -7.356745091E-07
    2887  -7.351650392E-07
    2888  -7.346560984E-07
    2889  -7.341476859E-07
    2890  -7.336398009E-07
    2891  -7.036599290E-07
    2892  -7.031734721E-07
    2893  -7.026875195E-07
    2894  -7.022020704E-07
    2895  -7.017171242E-07
    2896  -6.607428984E-07
    2897  -6.602868992E-07
    2898  -6.598313718E-07
    2899  -6.593763157E-07
    2900  -6.589217302E-07
    2901  -6.044774379E-07
    2902  -6.040609877E-07
    2903  -6.036449678E-07
    2904  -6.032293774E-07
    2905  -6.028142161E-07
    2906  -5.692242575E-07
    2907  -5.688327690E-07
    2908  -5.684416842E-07
    2909  -5.680510027E-07
    2910  -5.676607237E-07
    2911  -5.365279316E-07
    2912  -5.361595637E-07
    2913  -5.357915750E-07
    2914  -5.354239650E-07
    2915  -5.350567332E-07
    2916  -5.194612767E-07
    2917  -5.191052374E-07
    2918  -5.187495641E-07
    2919  -5.183942561E-07
    2920  -5.180393131E-07
    2921  -5.217020668E-07
    2922  -5.213451033E-07
    2923  -5.209885061E-07
    2924  -5.206322747E-07
    2925  -5.202764085E-07
    2926  -5.059531602E-07
    2927  -5.056075637E-07
    2928  -5.052623213E-07
    2929  -5.049174323E-07
    2930  -5.045728964E-07
    2931  -5.093960599E-07
    2932  -5.090487049E-07
    2933  -5.087017051E-07
    2934  -5.083550600E-07
    2935  -5.080087691E-07
    2936  -4.886114681E-07
    2937  -4.882788531E-07
    2938  -4.879465776E-07
    2939  -4.876146412E-07
    2940  -4.872830433E-07
    2941  -4.666577761E-07
    2942  -4.663406454E-07
    2943  -4.660238379E-07
    2944  -4.657073531E-07
    2945  -4.653911906E-07
    2946  -4.422214558E-07
    2947  -4.419214412E-07
    2948  -4.416217319E-07
    2949  -4.413223273E-07
    2950  -4.410232271E-07
    2951  -3.901663370E-07
    2952  -3.899020861E-07
    2953  -3.896381037E-07
    2954  -3.893743892E-07
    2955  -3.891109424E-07
    2956  -3.619414154E-07
    2957  -3.616966951E-07
    2958  -3.614522228E-07
    2959  -3.612079984E-07
    2960  -3.609640213E-07
    2961  -3.351055092E-07
    2962  -3.348793159E-07
    2963  -3.346533514E-07
    2964  -3.344276156E-07
    2965  -3.342021081E-07
    2966  -3.246353685E-07
    2967  -3.244166115E-07
    2968  -3.241980756E-07
    2969  -3.239797604E-07
    2970  -3.237616656E-07
    2971  -3.175687690E-07
    2972  -3.173551337E-07
    2973  -3.171417140E-07
    2974  -3.169285095E-07
    2975  -3.167155199E-07
    2976  -3.070282034E-07
    2977  -3.068220058E-07
    2978  -3.066160159E-07
    2979  -3.064102333E-07
    2980  -3.062046579E-07
    2981  -3.112351287E-07
    2982  -3.110264561E-07
    2983  -3.108179933E-07
    2984  -3.106097401E-07
    2985  -3.104016960E-07
    2986  -3.008428156E-07
    2987  -3.006414483E-07
    2988  -3.004402830E-07
    2989  -3.002393196E-07
    2990  -3.000385578E-07
    2991  -2.892285580E-07
    2992  -2.890352880E-07
    2993  -2.888422117E-07
    2994  -2.886493287E-07
    2995  -2.884566389E-07
    2996  -2.669787034E-07
    2997  -2.668005989E-07
    2998  -2.666226725E-07
    2999  -2.664449241E-07
    3000  -2.662673533E-07
    3001  -2.405739588E-07
    3002  -2.404137364E-07
    3003  -2.402536740E-07
    3004  -2.400937714E-07
    3005  -2.399340283E-07
    3006  -2.285966940E-07
    3007  -2.284447016E-07
    3008  -2.282928606E-07
    3009  -2.281411710E-07
    3010  -2.279896325E-07
    3011  -2.121449301E-07
    3012  -2.120041104E-07
    3013  -2.118634308E-07
    3014  -2.117228912E-07
    3015  -2.115824914E-07
    3016  -2.056760208E-07
    3017  -2.055397212E-07
    3018  -2.054035571E-07
    3019  -2.052675283E-07
    3020  -2.051316345E-07
    3021  -2.013312734E-07
    3022  -2.011980737E-07
    3023  -2.010650062E-07
    3024  -2.009320707E-07
    3025  -2.007992669E-07
    3026  -1.968303624E-07
    3027  -1.967003556E-07
    3028  -1.965704775E-07
    3029  -1.964407280E-07
    3030  -1.963111069E-07
    3031  -1.995263352E-07
    3032  -1.993947650E-07
    3033  -1.992633248E-07
    3034  -1.991320145E-07
    3035  -1.990008340E-07
    3036  -1.907498878E-07
    3037  -1.906243119E-07
    3038  -1.904988599E-07
    3039  -1.903735317E-07
    3040  -1.902483271E-07
    3041  -1.808590582E-07
    3042  -1.807401893E-07
    3043  -1.806214375E-07
    3044  -1.805028027E-07
    3045  -1.803842848E-07
    3046  -1.645035321E-07
    3047  -1.643955901E-07
    3048  -1.642877544E-07
    3049  -1.641800247E-07
    3050  -1.640724010E-07
    3051  -1.492225397E-07
    3052  -1.491247850E-07
    3053  -1.490271263E-07
    3054  -1.489295635E-07
    3055  -1.488320965E-07
    3056  -1.355855141E-07
    3057  -1.354968382E-07
    3058  -1.354082492E-07
    3059  -1.353197471E-07
    3060  -1.352313317E-07
    3061  -1.240451057E-07
    3062  -1.239641098E-07
    3063  -1.238831933E-07
    3064  -1.238023560E-07
    3065  -1.237215978E-07
    3066  -1.191416105E-07
    3067  -1.190639432E-07
    3068  -1.189863518E-07
    3069  -1.189088363E-07
    3070  -1.188313965E-07
    3071  -1.158352621E-07
    3072  -1.157598731E-07
    3073  -1.156845576E-07
    3074  -1.156093156E-07
    3075  -1.155341470E-07
    3076  -1.147307897E-07
    3077  -1.146562408E-07
    3078  -1.145817645E-07
    3079  -1.145073607E-07
    3080  -1.144330294E-07
    3081  -1.112758438E-07
    3082  -1.112036571E-07
    3083  -1.111315405E-07
    3084  -1.110594942E-07
    3085  -1.109875178E-07
    3086  -1.083588224E-07
    3087  -1.082886418E-07
    3088  -1.082185293E-07
    3089  -1.081484850E-07
    3090  -1.080785086E-07
    3091  -1.055733935E-07
    3092  -1.055051275E-07
    3093  -1.054369277E-07
    3094  -1.053687940E-07
    3095  -1.053007263E-07
    3096  -9.732955169E-08
    3097  -9.726671789E-08
    3098  -9.720394492E-08
    3099  -9.714123270E-08
    3100  -9.707858115E-08
    3101  -9.095135775E-08
    3102  -9.089273619E-08
    3103  -9.083417128E-08
    3104  -9.077566296E-08
    3105  -9.071721114E-08
    3106  -8.253979187E-08
    3107  -8.248667746E-08
    3108  -8.243361430E-08
    3109  -8.238060233E-08
    3110  -8.232764148E-08
    3111  -8.010263312E-08
    3112  -8.005116982E-08
    3113  -7.999975609E-08
    3114  -7.994839188E-08
    3115  -7.989707712E-08
    3116  -7.669236831E-08
    3117  -7.664317500E-08
    3118  -7.659402901E-08
    3119  -7.654493027E-08
    3120  -7.649587873E-08
    3121  -7.518279137E-08
    3122  -7.513464357E-08
    3123  -7.508654201E-08
    3124  -7.503848662E-08
    3125  -7.499047735E-08
    3126  -7.477348810E-08
    3127  -7.472567897E-08
    3128  -7.467791567E-08
    3129  -7.463019815E-08
    3130  -7.458252636E-08
    3131  -7.335130424E-08
    3132  -7.330447927E-08
    3133  -7.325769913E-08
    3134  -7.321096376E-08
    3135  -7.316427309E-08
    3136  -7.441454978E-08
    3137  -7.436712177E-08
    3138  -7.431973908E-08
    3139  -7.427240167E-08
    3140  -7.422510947E-08
    3141  -7.255459428E-08
    3142  -7.250842527E-08
    3143  -7.246230032E-08
    3144  -7.241621936E-08
    3145  -7.237018235E-08
    3146  -7.183196552E-08
    3147  -7.178632895E-08
    3148  -7.174073585E-08
    3149  -7.169518618E-08
    3150  -7.164967987E-08
    3151  -7.236948846E-08
    3152  -7.232358329E-08
    3153  -7.227772180E-08
    3154  -7.223190391E-08
    3155  -7.218612957E-08
    3156  -7.023926909E-08
    3157  -7.019478570E-08
    3158  -7.015034456E-08
    3159  -7.010594560E-08
    3160  -7.006158879E-08
    3161  -7.000320018E-08
    3162  -6.995893638E-08
    3163  -6.991471455E-08
    3164  -6.987053464E-08
    3165  -6.982639658E-08
    3166  -6.851958573E-08
    3167  -6.847632841E-08
    3168  -6.843311205E-08
    3169  -6.838993658E-08
    3170  -6.834680197E-08
    3171  -6.772723478E-08
    3172  -6.768454506E-08
    3173  -6.764189570E-08
    3174  -6.759928663E-08
    3175  -6.755671781E-08
    3176  -6.675386662E-08
    3177  -6.671185664E-08
    3178  -6.666988630E-08
    3179  -6.662795555E-08
    3180  -6.658606435E-08
    3181  -6.234895739E-08
    3182  -6.230978117E-08
    3183  -6.227064186E-08
    3184  -6.223153941E-08
    3185  -6.219247379E-08
    3186  -5.875281783E-08
    3187  -5.871595910E-08
    3188  -5.867913504E-08
    3189  -5.864234562E-08
    3190  -5.860559078E-08
    3191  -4.906509757E-08
    3192  -4.903436466E-08
    3193  -4.900366061E-08
    3194  -4.897298539E-08
    3195  -4.894233897E-08
    3196  -3.868645126E-08
    3197  -3.866225711E-08
    3198  -3.863808564E-08
    3199  -3.861393684E-08
    3200  -3.858981067E-08
    3201  -2.535732676E-08
    3202  -2.534149327E-08
    3203  -2.532567461E-08
    3204  -2.530987076E-08
    3205  -2.529408169E-08
    3206  -1.340632993E-08
    3207  -1.339797186E-08
    3208  -1.338962162E-08
    3209  -1.338127917E-08
    3210  -1.337294452E-08
    3211  -5.327964655E-09
    3212  -5.324648151E-09
    3213  -5.321334742E-09
    3214  -5.318024425E-09
    3215  -5.314717196E-09
    3216  -1.064918462E-10
    3217  -1.064256611E-10
    3218  -1.063595377E-10
    3219  -1.062934759E-10
    3220  -1.062274756E-10
    3221   2.912224256E-09
    3222   2.910417105E-09
    3223   2.908611635E-09
    3224   2.906807845E-09
    3225   2.905005732E-09
    3226   4.663376411E-09
    3227   4.660487082E-09
    3228   4.657600438E-09
    3229   4.654716475E-09
    3230   4.651835189E-09
    3231   5.631810497E-09
    3232   5.628326544E-09
    3233   5.624845822E-09
    3234   5.621368329E-09
    3235   5.617894059E-09
    3236   6.630976021E-09
    3237   6.626880297E-09
    3238   6.622788367E-09
    3239   6.618700226E-09
    3240   6.614615870E-09
    3241   7.156145826E-09
    3242   7.151732538E-09
    3243   7.147323332E-09
    3244   7.142918202E-09
    3245   7.138517143E-09
    3246   7.957684650E-09
    3247   7.952784598E-09
    3248   7.947889070E-09
    3249   7.942998062E-09
    3250   7.938111566E-09
    3251   8.410881486E-09
    3252   8.405710332E-09
    3253   8.400543946E-09
    3254   8.395382322E-09
    3255   8.390225453E-09
    3256   8.846821846E-09
    3257   8.841391017E-09
    3258   8.835965186E-09
    3259   8.830544348E-09
    3260   8.825128498E-09
    3261   9.469693418E-09
    3262   9.463889132E-09
    3263   9.458090180E-09
    3264   9.452296557E-09
    3265   9.446508255E-09
    3266   9.498298009E-09
    3267   9.492485097E-09
    3268   9.486677520E-09
    3269   9.480875270E-09
    3270   9.475078343E-09
    3271   1.005183618E-08
    3272   1.004569390E-08
    3273   1.003955725E-08
    3274   1.003342622E-08
    3275   1.002730081E-08
    3276   1.019364830E-08
    3277   1.018742886E-08
    3278   1.018121512E-08
    3279   1.017500706E-08
    3280   1.016880468E-08
    3281   1.061390667E-08
    3282   1.060744069E-08
    3283   1.060098061E-08
    3284   1.059452644E-08
    3285   1.058807816E-08
    3286   1.095893317E-08
    3287   1.095226715E-08
    3288   1.094560722E-08
    3289   1.093895335E-08
    3290   1.093230555E-08
    3291   1.094814257E-08
    3292   1.094149323E-08
    3293   1.093484994E-08
    3294   1.092821270E-08
    3295   1.092158151E-08
    3296   1.159798196E-08
    3297   1.159094862E-08
    3298   1.158392167E-08
    3299   1.157690111E-08
    3300   1.156988694E-08
    3301   1.162070656E-08
    3302   1.161367010E-08
    3303   1.160664004E-08
    3304   1.159961635E-08
    3305   1.159259904E-08
    3306   1.183229397E-08
    3307   1.182514023E-08
    3308   1.181799297E-08
    3309   1.181085219E-08
    3310   1.180371788E-08
    3311   1.213271121E-08
    3312   1.212538691E-08
    3313   1.211806923E-08
    3314   1.211075818E-08
    3315   1.210345374E-08
    3316   1.225483182E-08
    3317   1.224744494E-08
    3318   1.224006474E-08
    3319   1.223269120E-08
    3320   1.222532433E-08
    3321   1.258639554E-08
    3322   1.257882021E-08
    3323   1.257125173E-08
    3324   1.256369008E-08
    3325   1.255613524E-08
    3326   1.276535307E-08
    3327   1.275768158E-08
    3328   1.275001701E-08
    3329   1.274235934E-08
    3330   1.273470857E-08
    3331   1.285872669E-08
    3332   1.285101068E-08
    3333   1.284330161E-08
    3334   1.283559948E-08
    3335   1.282790428E-08
    3336   1.291407555E-08
    3337   1.290633793E-08
    3338   1.289860727E-08
    3339   1.289088356E-08
    3340   1.288316677E-08
    3341   1.314778295E-08
    3342   1.313991709E-08
    3343   1.313205828E-08
    3344   1.312420653E-08
    3345   1.311636182E-08
    3346   1.346354081E-08
    3347   1.345549808E-08
    3348   1.344746255E-08
    3349   1.343943421E-08
    3350   1.343141306E-08
    3351   1.335135857E-08
    3352   1.334339474E-08
    3353   1.333543804E-08
    3354   1.332748845E-08
    3355   1.331954596E-08
    3356   1.360886162E-08
    3357   1.360075628E-08
    3358   1.359265818E-08
    3359   1.358456731E-08
    3360   1.357648367E-08
    3361   1.365543030E-08
    3362   1.364730932E-08
    3363   1.363919558E-08
    3364   1.363108907E-08
    3365   1.362298979E-08
    3366   1.393766794E-08
    3367   1.392939141E-08
    3368   1.392112226E-08
    3369   1.391286047E-08
    3370   1.390460602E-08
    3371   1.385782397E-08
    3372   1.384960706E-08
    3373   1.384139745E-08
    3374   1.383319514E-08
    3375   1.382500012E-08
    3376   1.387656173E-08
    3377   1.386834589E-08
    3378   1.386013734E-08
    3379   1.385193607E-08
    3380   1.384374208E-08
    3381   1.402610085E-08
    3382   1.401780874E-08
    3383   1.400952398E-08
    3384   1.400124657E-08
    3385   1.399297649E-08
    3386   1.417440746E-08
    3387   1.416604004E-08
    3388   1.415768003E-08
    3389   1.414932742E-08
    3390   1.414098219E-08
    3391   1.421692732E-08
    3392   1.420854717E-08
    3393   1.420017443E-08
    3394   1.419180908E-08
    3395   1.418345112E-08
    3396   1.418561362E-08
    3397   1.417726423E-08
    3398   1.416892221E-08
    3399   1.416058755E-08
    3400   1.415226024E-08
    3401   1.428548208E-08
    3402   1.427708626E-08
    3403   1.426869785E-08
    3404   1.426031682E-08
    3405   1.425194318E-08
    3406   1.417473976E-08
    3407   1.416642125E-08
    3408   1.415811006E-08
    3409   1.414980619E-08
    3410   1.414150961E-08
    3411   1.434311597E-08
    3412   1.433471098E-08
    3413   1.432631338E-08
    3414   1.431792315E-08
    3415   1.430954029E-08
    3416   1.435950649E-08
    3417   1.435110421E-08
    3418   1.434270929E-08
    3419   1.433432174E-08
    3420   1.432594155E-08
    3421   1.415482996E-08
    3422   1.414655954E-08
    3423   1.413829636E-08
    3424   1.413004042E-08
    3425   1.412179171E-08
    3426   1.428811287E-08
    3427   1.427977675E-08
    3428   1.427144792E-08
    3429   1.426312637E-08
    3430   1.425481211E-08
    3431   1.413259770E-08
    3432   1.412436432E-08
    3433   1.411613813E-08
    3434   1.410791913E-08
    3435   1.409970730E-08
    3436   1.410755166E-08
    3437   1.409934482E-08
    3438   1.409114514E-08
    3439   1.408295262E-08
    3440   1.407476723E-08
    3441   1.421200677E-08
    3442   1.420375118E-08
    3443   1.419550277E-08
    3444   1.418726155E-08
    3445   1.417902751E-08
    3446   1.379952242E-08
    3447   1.379151806E-08
    3448   1.378352066E-08
    3449   1.377553021E-08
    3450   1.376754671E-08
    3451   1.409867974E-08
    3452   1.409051369E-08
    3453   1.408235474E-08
    3454   1.407420287E-08
    3455   1.406605807E-08
    3456   1.373846244E-08
    3457   1.373051654E-08
    3458   1.372257753E-08
    3459   1.371464541E-08
    3460   1.370672016E-08
    3461   1.385402528E-08
    3462   1.384602411E-08
    3463   1.383802987E-08
    3464   1.383004255E-08
    3465   1.382206215E-08
    3466   1.369911719E-08
    3467   1.369121689E-08
    3468   1.368332342E-08
    3469   1.367543678E-08
    3470   1.366755696E-08
    3471   1.349319875E-08
    3472   1.348542841E-08
    3473   1.347766478E-08
    3474   1.346990785E-08
    3475   1.346215761E-08
    3476   1.362158681E-08
    3477   1.361375381E-08
    3478   1.360592757E-08
    3479   1.359810807E-08
    3480   1.359029531E-08
    3481   1.330740696E-08
    3482   1.329976561E-08
    3483   1.329213084E-08
    3484   1.328450265E-08
    3485   1.327688102E-08
    3486   1.331597830E-08
    3487   1.330834299E-08
    3488   1.330071425E-08
    3489   1.329309206E-08
    3490   1.328547643E-08
    3491   1.323706886E-08
    3492   1.322948966E-08
    3493   1.322191697E-08
    3494   1.321435078E-08
    3495   1.320679108E-08
    3496   1.314659590E-08
    3497   1.313907927E-08
    3498   1.313156908E-08
    3499   1.312406532E-08
    3500   1.311656800E-08
