      50   5.815408209E-14
      51   4.792614085E-14
      52   4.611760724E-14
      53   4.440954771E-14
      54   4.279465507E-14
      55   4.126627453E-14
      56   1.715718208E-14
      57   1.656555511E-14
      58   1.600401087E-14
      59   1.547054384E-14
      60   1.496331290E-14
      61   1.598856097E-14
      62   1.548098760E-14
      63   1.499720674E-14
      64   1.453575423E-14
      65   1.409527683E-14
      66   2.983241183E-14
      67   2.895498796E-14
      68   2.811571294E-14
      69   2.731240686E-14
      70   2.654304329E-14
      71   1.504857216E-14
      72   1.463628251E-14
      73   1.424070731E-14
      74   1.386095511E-14
      75   1.349619313E-14
      76   2.760395455E-14
      77   2.689616084E-14
      78   2.621524538E-14
      79   2.555986424E-14
      80   2.492875649E-14
      81   3.286354530E-14
      82   3.207165264E-14
      83   3.130804186E-14
      84   3.057138206E-14
      85   2.986041968E-14
      86   3.510163652E-14
      87   3.430387205E-14
      88   3.353299852E-14
      89   3.278782078E-14
      90   3.206720933E-14
      91   6.596371016E-14
      92   6.454513575E-14
      93   6.317183499E-14
      94   6.184190162E-14
      95   6.055352867E-14
      96   5.395291803E-14
      97   5.285183807E-14
      98   5.178412417E-14
      99   5.074844169E-14
     100   4.974352205E-14
     101   5.505631658E-14
     102   5.398726189E-14
     103   5.294904531E-14
     104   5.194049207E-14
     105   5.096048278E-14
     106   5.711749390E-14
     107   5.605976253E-14
     108   5.503114303E-14
     109   5.403057680E-14
     110   5.305705289E-14
     111   5.454461737E-14
     112   5.357922592E-14
     113   5.263923950E-14
     114   5.172377446E-14
     115   5.083198525E-14
     116   4.759277432E-14
     117   4.678611713E-14
     118   4.599979583E-14
     119   4.523313257E-14
     120   4.448547748E-14
     121   4.006841056E-14
     122   3.941689169E-14
     123   3.878113537E-14
     124   3.816063721E-14
     125   3.755491281E-14
     126   3.337418681E-14
     127   3.285271514E-14
     128   3.234337072E-14
     129   3.184578040E-14
     130   3.135958528E-14
     131   3.489604550E-14
     132   3.437129293E-14
     133   3.385828856E-14
     134   3.335668428E-14
     135   3.286614481E-14
     136   2.055259495E-14
     137   2.025473125E-14
     138   1.996329627E-14
     139   1.967810632E-14
     140   1.939898425E-14
     141   0.000000000E+00
     142   0.000000000E+00
     143   0.000000000E+00
     144   0.000000000E+00
     145   0.000000000E+00
     146   1.476218268E-14
     147   1.456269373E-14
     148   1.436722133E-14
     149   1.417565838E-14
     150   1.398790131E-14
     151   7.423162336E-16
     152   7.326127535E-16
     153   7.230983021E-16
     154   7.137680014E-16
     155   7.046171296E-16
     156   1.141564925E-14
     157   1.127114736E-14
     158   1.112937192E-14
     159   1.099025477E-14
     160   1.085372987E-14
     161   1.922235900E-14
     162   1.898650183E-14
     163   1.875495913E-14
     164   1.852762629E-14
     165   1.830440188E-14
     166   5.649275508E-15
     167   5.582022228E-15
     168   5.515962793E-15
     169   5.451069114E-15
     170   5.387313919E-15
     171   7.613445636E-15
     172   7.525428923E-15
     173   7.438929740E-15
     174   7.353913401E-15
     175   7.270346203E-15
     176   3.954639022E-14
     177   3.910204876E-14
     178   3.866515436E-14
     179   3.823554153E-14
     180   3.781304936E-14
     181   1.700910012E-14
     182   1.682320832E-14
     183   1.664034736E-14
     184   1.646045171E-14
     185   1.628345760E-14
     186   5.540904622E-14
     187   5.481958828E-14
     188   5.423948682E-14
     189   5.366854485E-14
     190   5.310657056E-14
     191   4.166376239E-14
     192   4.123201356E-14
     193   4.080694125E-14
     194   4.038840852E-14
     195   3.997628190E-14
     196   6.125524490E-14
     197   6.063650505E-14
     198   6.002709294E-14
     199   5.942682201E-14
     200   5.883551035E-14
     201   5.467923630E-14
     202   5.414052461E-14
     203   5.360973515E-14
     204   5.308671335E-14
     205   5.257130836E-14
     206   0.000000000E+00
     207   0.000000000E+00
     208   0.000000000E+00
     209   0.000000000E+00
     210   0.000000000E+00
     211   0.000000000E+00
     212   0.000000000E+00
     213   0.000000000E+00
     214   0.000000000E+00
     215   0.000000000E+00
     216   0.000000000E+00
     217   0.000000000E+00
     218   0.000000000E+00
     219   0.000000000E+00
     220   0.000000000E+00
     221   0.000000000E+00
     222   0.000000000E+00
     223   0.000000000E+00
     224   0.000000000E+00
     225   0.000000000E+00
     226   0.000000000E+00
     227   0.000000000E+00
     228   0.000000000E+00
     229   0.000000000E+00
     230   0.000000000E+00
     231   0.000000000E+00
     232   0.000000000E+00
     233   0.000000000E+00
     234   0.000000000E+00
     235   0.000000000E+00
     236   0.000000000E+00
     237   0.000000000E+00
     238   0.000000000E+00
     239   0.000000000E+00
     240   0.000000000E+00
     241   0.000000000E+00
     242   0.000000000E+00
     243   0.000000000E+00
     244   0.000000000E+00
     245   0.000000000E+00
     246   0.000000000E+00
     247   0.000000000E+00
     248   0.000000000E+00
     249   0.000000000E+00
     250   0.000000000E+00
     251   8.677834917E-14
     252   8.609235431E-14
     253   8.541446176E-14
     254   8.474454441E-14
     255   8.408247766E-14
     256   1.963099995E-13
     257   1.947882165E-13
     258   1.932840604E-13
     259   1.917972600E-13
     260   1.903275492E-13
     261   1.187996348E-12
     262   1.178962155E-12
     263   1.170030624E-12
     264   1.161200204E-12
     265   1.152469376E-12
     266   1.266328741E-12
     267   1.256878526E-12
     268   1.247533705E-12
     269   1.238292714E-12
     270   1.229154023E-12
     271   2.519690048E-12
     272   2.501230780E-12
     273   2.482973621E-12
     274   2.464915631E-12
     275   2.447053924E-12
     276   2.610954686E-12
     277   2.592170839E-12
     278   2.573588969E-12
     279   2.555206191E-12
     280   2.537019670E-12
     281   1.322317170E-11
     282   1.312972172E-11
     283   1.303725889E-11
     284   1.294576936E-11
     285   1.285523950E-11
     286   2.261165721E-11
     287   2.245463181E-11
     288   2.229923644E-11
     289   2.214544860E-11
     290   2.199324620E-11
     291   3.409512704E-11
     292   3.386239579E-11
     293   3.363203936E-11
     294   3.340402553E-11
     295   3.317832266E-11
     296   4.490990648E-11
     297   4.460849771E-11
     298   4.431011311E-11
     299   4.401471236E-11
     300   4.372225580E-11
     301   5.879561935E-11
     302   5.840752946E-11
     303   5.802326939E-11
     304   5.764278894E-11
     305   5.726603868E-11
     306   9.917579973E-11
     307   9.853180103E-11
     308   9.789405474E-11
     309   9.726248020E-11
     310   9.663699801E-11
     311   9.582532137E-11
     312   9.521301899E-11
     313   9.460656664E-11
     314   9.400589003E-11
     315   9.341091604E-11
     316   1.104946887E-10
     317   1.097997536E-10
     318   1.091113539E-10
     319   1.084294079E-10
     320   1.077538353E-10
     321   1.370937369E-10
     322   1.362448593E-10
     323   1.354038416E-10
     324   1.345705872E-10
     325   1.337450008E-10
     326   1.435576754E-10
     327   1.426823237E-10
     328   1.418149540E-10
     329   1.409554694E-10
     330   1.401037747E-10
     331   1.765790592E-10
     332   1.755185243E-10
     333   1.744675152E-10
     334   1.734259181E-10
     335   1.723936210E-10
     336   1.756998577E-10
     337   1.746602135E-10
     338   1.736297698E-10
     339   1.726084182E-10
     340   1.715960521E-10
     341   2.185129624E-10
     342   2.172388343E-10
     343   2.159758179E-10
     344   2.147237841E-10
     345   2.134826062E-10
     346   2.458878266E-10
     347   2.444746782E-10
     348   2.430736772E-10
     349   2.416846847E-10
     350   2.403075640E-10
     351   2.245166588E-10
     352   2.232446097E-10
     353   2.219833407E-10
     354   2.207327304E-10
     355   2.194926589E-10
     356   2.817297712E-10
     357   2.801558619E-10
     358   2.785951050E-10
     359   2.770473544E-10
     360   2.755124660E-10
     361   2.495041035E-10
     362   2.481294252E-10
     363   2.467660767E-10
     364   2.454139339E-10
     365   2.440728741E-10
     366   3.380688235E-10
     367   3.362314929E-10
     368   3.344091000E-10
     369   3.326014832E-10
     370   3.308084833E-10
     371   3.113150542E-10
     372   3.096458046E-10
     373   3.079899447E-10
     374   3.063473317E-10
     375   3.047178246E-10
     376   3.353605032E-10
     377   3.335861090E-10
     378   3.318257601E-10
     379   3.300793087E-10
     380   3.283466090E-10
     381   3.795298341E-10
     382   3.775479551E-10
     383   3.755815595E-10
     384   3.736304865E-10
     385   3.716945772E-10
     386   3.449718499E-10
     387   3.431936445E-10
     388   3.414291528E-10
     389   3.396782341E-10
     390   3.379407495E-10
     391   4.163637828E-10
     392   4.142448831E-10
     393   4.121421172E-10
     394   4.100553217E-10
     395   4.079843352E-10
     396   4.000626157E-10
     397   3.980522508E-10
     398   3.960570014E-10
     399   3.940767164E-10
     400   3.921112465E-10
     401   4.487660576E-10
     402   4.465389308E-10
     403   4.443283420E-10
     404   4.421341280E-10
     405   4.399561273E-10
     406   4.822872958E-10
     407   4.799231424E-10
     408   4.775763300E-10
     409   4.752466894E-10
     410   4.729340534E-10
     411   4.757003628E-10
     412   4.733967291E-10
     413   4.711097884E-10
     414   4.688393797E-10
     415   4.665853443E-10
     416   5.150001394E-10
     417   5.125360239E-10
     418   5.100895512E-10
     419   5.076605533E-10
     420   5.052488642E-10
     421   5.280103134E-10
     422   5.255138107E-10
     423   5.230349720E-10
     424   5.205736309E-10
     425   5.181296233E-10
     426   5.571490169E-10
     427   5.545455169E-10
     428   5.519602231E-10
     429   5.493929662E-10
     430   5.468435789E-10
     431   5.804283779E-10
     432   5.777474154E-10
     433   5.750849850E-10
     434   5.724409161E-10
     435   5.698150403E-10
     436   6.285698636E-10
     437   6.256996816E-10
     438   6.228491136E-10
     439   6.200179812E-10
     440   6.172061083E-10
     441   6.271136597E-10
     442   6.242824468E-10
     443   6.214703637E-10
     444   6.186772385E-10
     445   6.159029011E-10
     446   6.857271797E-10
     447   6.826658976E-10
     448   6.796250696E-10
     449   6.766045137E-10
     450   6.736040502E-10
     451   6.940852724E-10
     452   6.910208783E-10
     453   6.879767334E-10
     454   6.849526599E-10
     455   6.819484815E-10
     456   7.375533145E-10
     457   7.343325577E-10
     458   7.311328515E-10
     459   7.279540131E-10
     460   7.247958612E-10
     461   7.799721765E-10
     462   7.766029662E-10
     463   7.732555396E-10
     464   7.699297094E-10
     465   7.666252900E-10
     466   7.500295051E-10
     467   7.468242508E-10
     468   7.436394992E-10
     469   7.404750758E-10
     470   7.373308079E-10
     471   9.023918875E-10
     472   8.985762770E-10
     473   8.947848159E-10
     474   8.910173009E-10
     475   8.872735307E-10
     476   8.544812613E-10
     477   8.509060259E-10
     478   8.473531824E-10
     479   8.438225441E-10
     480   8.403139265E-10
     481   9.571588728E-10
     482   9.531954820E-10
     483   9.492566577E-10
     484   9.453421972E-10
     485   9.414519001E-10
     486   9.282693643E-10
     487   9.244649816E-10
     488   9.206839387E-10
     489   9.169260451E-10
     490   9.131911121E-10
     491   9.383549595E-10
     492   9.345482456E-10
     493   9.307646495E-10
     494   9.270039842E-10
     495   9.232660650E-10
     496   1.112159846E-09
     497   1.107693340E-09
     498   1.103253688E-09
     499   1.098840673E-09
     500   1.094454083E-09
     501   1.023495416E-09
     502   1.019425852E-09
     503   1.015380511E-09
     504   1.011359202E-09
     505   1.007361735E-09
     506   1.171847579E-09
     507   1.167234006E-09
     508   1.162647624E-09
     509   1.158088222E-09
     510   1.153555587E-09
     511   1.153342497E-09
     512   1.148846035E-09
     513   1.144375817E-09
     514   1.139931639E-09
     515   1.135513299E-09
     516   1.202618884E-09
     517   1.197975567E-09
     518   1.193359091E-09
     519   1.188769249E-09
     520   1.184205835E-09
     521   1.346791326E-09
     522   1.341641072E-09
     523   1.336520305E-09
     524   1.331428799E-09
     525   1.326366332E-09
     526   1.189514901E-09
     527   1.185009163E-09
     528   1.180528977E-09
     529   1.176074151E-09
     530   1.171644493E-09
     531   1.442979358E-09
     532   1.437564801E-09
     533   1.432180663E-09
     534   1.426826717E-09
     535   1.421502737E-09
     536   1.404159677E-09
     537   1.398939753E-09
     538   1.393748882E-09
     539   1.388586849E-09
     540   1.383453441E-09
     541   1.588849361E-09
     542   1.582997245E-09
     543   1.577177403E-09
     544   1.571389596E-09
     545   1.565633590E-09
     546   1.635696558E-09
     547   1.629726862E-09
     548   1.623789788E-09
     549   1.617885098E-09
     550   1.612012557E-09
     551   1.484008483E-09
     552   1.478641364E-09
     553   1.473303309E-09
     554   1.467994108E-09
     555   1.462713553E-09
     556   1.808521822E-09
     557   1.802039665E-09
     558   1.795592296E-09
     559   1.789179466E-09
     560   1.782800930E-09
     561   1.728492564E-09
     562   1.722352270E-09
     563   1.716244638E-09
     564   1.710169436E-09
     565   1.704126434E-09
     566   1.945411808E-09
     567   1.938561767E-09
     568   1.931747841E-09
     569   1.924969779E-09
     570   1.918227328E-09
     571   1.929717652E-09
     572   1.922982162E-09
     573   1.916281876E-09
     574   1.909616548E-09
     575   1.902985935E-09
     576   1.999199700E-09
     577   1.992282054E-09
     578   1.985400251E-09
     579   1.978554043E-09
     580   1.971743186E-09
     581   2.196433639E-09
     582   2.188898703E-09
     583   2.181402475E-09
     584   2.173944689E-09
     585   2.166525082E-09
     586   2.129510367E-09
     587   2.122267134E-09
     588   2.115060794E-09
     589   2.107891097E-09
     590   2.100757793E-09
     591   2.405270282E-09
     592   2.397158072E-09
     593   2.389086833E-09
     594   2.381056289E-09
     595   2.373066167E-09
     596   2.495003612E-09
     597   2.486659118E-09
     598   2.478356416E-09
     599   2.470095228E-09
     600   2.461875277E-09
     601   2.625554719E-09
     602   2.616846411E-09
     603   2.608181357E-09
     604   2.599559270E-09
     605   2.590979866E-09
     606   2.717979726E-09
     607   2.709039003E-09
     608   2.700142324E-09
     609   2.691289398E-09
     610   2.682479940E-09
     611   2.644030072E-09
     612   2.635403547E-09
     613   2.626819170E-09
     614   2.618276669E-09
     615   2.609775771E-09
     616   3.119124769E-09
     617   3.109030514E-09
     618   3.098985181E-09
     619   3.088988454E-09
     620   3.079040021E-09
     621   3.092443279E-09
     622   3.082515693E-09
     623   3.072635835E-09
     624   3.062803400E-09
     625   3.053018086E-09
     626   3.335581315E-09
     627   3.324958445E-09
     628   3.314386240E-09
     629   3.303864379E-09
     630   3.293392542E-09
     631   3.329379996E-09
     632   3.318860628E-09
     633   3.308391036E-09
     634   3.297970907E-09
     635   3.287599929E-09
     636   3.588622670E-09
     637   3.577373069E-09
     638   3.566176283E-09
     639   3.555031982E-09
     640   3.543939839E-09
     641   3.881096337E-09
     642   3.869024498E-09
     643   3.857008894E-09
     644   3.845049177E-09
     645   3.833145000E-09
     646   3.745874827E-09
     647   3.734313485E-09
     648   3.722805585E-09
     649   3.711350798E-09
     650   3.699948799E-09
     651   4.210881467E-09
     652   4.197984433E-09
     653   4.185146560E-09
     654   4.172367487E-09
     655   4.159646854E-09
     656   4.176298452E-09
     657   4.163604536E-09
     658   4.150968407E-09
     659   4.138389715E-09
     660   4.125868112E-09
     661   4.478638805E-09
     662   4.465128582E-09
     663   4.451679400E-09
     664   4.438290890E-09
     665   4.424962689E-09
     666   4.783657219E-09
     667   4.769334892E-09
     668   4.755076790E-09
     669   4.740882531E-09
     670   4.726751734E-09
     671   4.726408610E-09
     672   4.712362819E-09
     673   4.698379546E-09
     674   4.684458422E-09
     675   4.670599077E-09
     676   5.299073115E-09
     677   5.283441631E-09
     678   5.267879211E-09
     679   5.252385449E-09
     680   5.236959941E-09
     681   5.221803955E-09
     682   5.206513167E-09
     683   5.191289444E-09
     684   5.176132395E-09
     685   5.161041630E-09
     686   5.877345107E-09
     687   5.860259802E-09
     688   5.843248888E-09
     689   5.826311935E-09
     690   5.809448514E-09
     691   5.834970866E-09
     692   5.818131124E-09
     693   5.801364175E-09
     694   5.784669602E-09
     695   5.768046988E-09
     696   5.949602616E-09
     697   5.932555044E-09
     698   5.915580637E-09
     699   5.898678978E-09
     700   5.881849652E-09
     701   6.830291678E-09
     702   6.810859838E-09
     703   6.791510805E-09
     704   6.772244107E-09
     705   6.753059280E-09
     706   6.339524407E-09
     707   6.321616145E-09
     708   6.303783660E-09
     709   6.286026523E-09
     710   6.268344310E-09
     711   7.283548620E-09
     712   7.263117908E-09
     713   7.242773040E-09
     714   7.222513535E-09
     715   7.202338916E-09
     716   7.145033877E-09
     717   7.125131276E-09
     718   7.105311717E-09
     719   7.085574740E-09
     720   7.065919887E-09
     721   7.792568634E-09
     722   7.771012427E-09
     723   7.749545542E-09
     724   7.728167485E-09
     725   7.706877768E-09
     726   8.258876926E-09
     727   8.236187704E-09
     728   8.213591852E-09
     729   8.191088861E-09
     730   8.168678221E-09
     731   7.996237412E-09
     732   7.974419574E-09
     733   7.952690910E-09
     734   7.931050935E-09
     735   7.909499166E-09
     736   9.057417699E-09
     737   9.032871851E-09
     738   9.008425649E-09
     739   8.984078552E-09
     740   8.959830027E-09
     741   9.068363973E-09
     742   9.043953841E-09
     743   9.019642137E-09
     744   8.995428333E-09
     745   8.971311903E-09
     746   9.858242926E-09
     747   9.831883987E-09
     748   9.805630625E-09
     749   9.779482277E-09
     750   9.753438383E-09
     751   1.006445060E-08
     752   1.003771899E-08
     753   1.001109374E-08
     754   9.984574285E-09
     755   9.958160067E-09
     756   9.756541749E-09
     757   9.730798895E-09
     758   9.705157791E-09
     759   9.679617902E-09
     760   9.654178696E-09
     761   1.153693317E-08
     762   1.150669219E-08
     763   1.147656996E-08
     764   1.144656586E-08
     765   1.141667926E-08
     766   1.104608059E-08
     767   1.101731476E-08
     768   1.098866115E-08
     769   1.096011917E-08
     770   1.093168825E-08
     771   1.189054525E-08
     772   1.185978058E-08
     773   1.182913515E-08
     774   1.179860835E-08
     775   1.176819957E-08
     776   1.198304332E-08
     777   1.195223858E-08
     778   1.192155247E-08
     779   1.189098439E-08
     780   1.186053372E-08
     781   1.283957554E-08
     782   1.280677969E-08
     783   1.277410934E-08
     784   1.274156383E-08
     785   1.270914255E-08
     786   1.329156455E-08
     787   1.325782961E-08
     788   1.322422295E-08
     789   1.319074390E-08
     790   1.315739183E-08
     791   1.358691247E-08
     792   1.355264535E-08
     793   1.351850770E-08
     794   1.348449888E-08
     795   1.345061823E-08
     796   1.451739984E-08
     797   1.448101538E-08
     798   1.444476753E-08
     799   1.440865562E-08
     800   1.437267895E-08
     801   1.497969318E-08
     802   1.494238386E-08
     803   1.490521375E-08
     804   1.486818216E-08
     805   1.483128841E-08
     806   1.549608909E-08
     807   1.545773244E-08
     808   1.541951802E-08
     809   1.538144513E-08
     810   1.534351309E-08
     811   1.582077427E-08
     812   1.578185478E-08
     813   1.574307872E-08
     814   1.570444540E-08
     815   1.566595411E-08
     816   1.603452024E-08
     817   1.599531604E-08
     818   1.595625544E-08
     819   1.591733774E-08
     820   1.587856225E-08
     821   1.751481258E-08
     822   1.747224924E-08
     823   1.742984087E-08
     824   1.738758671E-08
     825   1.734548602E-08
     826   1.765793346E-08
     827   1.761528145E-08
     828   1.757278379E-08
     829   1.753043973E-08
     830   1.748824854E-08
     831   1.904591477E-08
     832   1.900018628E-08
     833   1.895462229E-08
     834   1.890922199E-08
     835   1.886398462E-08
     836   1.876759396E-08
     837   1.872280256E-08
     838   1.867817133E-08
     839   1.863369949E-08
     840   1.858938629E-08
     841   1.934911101E-08
     842   1.930320564E-08
     843   1.925746345E-08
     844   1.921188365E-08
     845   1.916646549E-08
     846   2.137162417E-08
     847   2.132121940E-08
     848   2.127099273E-08
     849   2.122094334E-08
     850   2.117107038E-08
     851   2.104829265E-08
     852   2.099894143E-08
     853   2.094976358E-08
     854   2.090075829E-08
     855   2.085192474E-08
     856   2.265031511E-08
     857   2.259751718E-08
     858   2.254490363E-08
     859   2.249247362E-08
     860   2.244022630E-08
     861   2.213368588E-08
     862   2.208239113E-08
     863   2.203127449E-08
     864   2.198033512E-08
     865   2.192957222E-08
     866   2.408394993E-08
     867   2.402845695E-08
     868   2.397315556E-08
     869   2.391804485E-08
     870   2.386312397E-08
     871   2.566116335E-08
     872   2.560237489E-08
     873   2.554378822E-08
     874   2.548540241E-08
     875   2.542721656E-08
     876   2.534471884E-08
     877   2.528698600E-08
     878   2.522945019E-08
     879   2.517211053E-08
     880   2.511496613E-08
     881   2.739649726E-08
     882   2.733444404E-08
     883   2.727260141E-08
     884   2.721096841E-08
     885   2.714954410E-08
     886   2.752992803E-08
     887   2.746792368E-08
     888   2.740612858E-08
     889   2.734454177E-08
     890   2.728316233E-08
     891   2.912946739E-08
     892   2.906422782E-08
     893   2.899920718E-08
     894   2.893440448E-08
     895   2.886981876E-08
     896   2.969157713E-08
     897   2.962544889E-08
     898   2.955954133E-08
     899   2.949385346E-08
     900   2.942838431E-08
     901   2.970636661E-08
     902   2.964057178E-08
     903   2.957499530E-08
     904   2.950963619E-08
     905   2.944449351E-08
     906   3.233997484E-08
     907   3.226874142E-08
     908   3.219774308E-08
     909   3.212697881E-08
     910   3.205644758E-08
     911   3.162486585E-08
     912   3.155558904E-08
     913   3.148653961E-08
     914   3.141771657E-08
     915   3.134911894E-08
     916   3.413710266E-08
     917   3.406272989E-08
     918   3.398859990E-08
     919   3.391471164E-08
     920   3.384106406E-08
     921   3.369336358E-08
     922   3.362035521E-08
     923   3.354758388E-08
     924   3.347504856E-08
     925   3.340274824E-08
     926   3.433347686E-08
     927   3.425948229E-08
     928   3.418572668E-08
     929   3.411220899E-08
     930   3.403892820E-08
     931   3.814670167E-08
     932   3.806492954E-08
     933   3.798342005E-08
     934   3.790217209E-08
     935   3.782118455E-08
     936   3.597484373E-08
     937   3.589813830E-08
     938   3.582167795E-08
     939   3.574546161E-08
     940   3.566948826E-08
     941   3.978373580E-08
     942   3.969935884E-08
     943   3.961525003E-08
     944   3.953140823E-08
     945   3.944783232E-08
     946   4.005422487E-08
     947   3.996972229E-08
     948   3.988548683E-08
     949   3.980151739E-08
     950   3.971781283E-08
     951   4.230106328E-08
     952   4.221228875E-08
     953   4.212379338E-08
     954   4.203557602E-08
     955   4.194763548E-08
     956   4.375199706E-08
     957   4.366065678E-08
     958   4.356960223E-08
     959   4.347883222E-08
     960   4.338834558E-08
     961   4.278212343E-08
     962   4.269327166E-08
     963   4.260469641E-08
     964   4.251639652E-08
     965   4.242837086E-08
     966   4.815658329E-08
     967   4.805708622E-08
     968   4.795789718E-08
     969   4.785901492E-08
     970   4.776043817E-08
     971   4.555690039E-08
     972   4.546325825E-08
     973   4.536990454E-08
     974   4.527683807E-08
     975   4.518405766E-08
     976   5.018972644E-08
     977   5.008708896E-08
     978   4.998476600E-08
     979   4.988275627E-08
     980   4.978105850E-08
     981   4.966796774E-08
     982   4.956691389E-08
     983   4.946616813E-08
     984   4.936572921E-08
     985   4.926559588E-08
     986   4.951395963E-08
     987   4.941372894E-08
     988   4.931380229E-08
     989   4.921417844E-08
     990   4.911485619E-08
     991   5.407926099E-08
     992   5.397034002E-08
     993   5.386174779E-08
     994   5.375348297E-08
     995   5.364554425E-08
     996   5.465619055E-08
     997   5.454665910E-08
     998   5.443745658E-08
     999   5.432858167E-08
    1000   5.422003305E-08
    1001   5.576321952E-08
    1002   5.565202666E-08
    1003   5.554116605E-08
    1004   5.543063636E-08
    1005   5.532043629E-08
    1006   5.598913148E-08
    1007   5.587804194E-08
    1008   5.576728269E-08
    1009   5.565685242E-08
    1010   5.554674985E-08
    1011   5.718761823E-08
    1012   5.707471079E-08
    1013   5.696213740E-08
    1014   5.684989673E-08
    1015   5.673798749E-08
    1016   6.133946216E-08
    1017   6.121895241E-08
    1018   6.109879745E-08
    1019   6.097899589E-08
    1020   6.085954634E-08
    1021   6.059876909E-08
    1022   6.048029642E-08
    1023   6.036217084E-08
    1024   6.024439100E-08
    1025   6.012695554E-08
    1026   6.279152189E-08
    1027   6.266935939E-08
    1028   6.254755306E-08
    1029   6.242610150E-08
    1030   6.230500334E-08
    1031   6.394922169E-08
    1032   6.382540906E-08
    1033   6.370195566E-08
    1034   6.357886009E-08
    1035   6.345612098E-08
    1036   6.639943334E-08
    1037   6.627149609E-08
    1038   6.614392824E-08
    1039   6.601672838E-08
    1040   6.588989509E-08
    1041   6.973469054E-08
    1042   6.960097109E-08
    1043   6.946763590E-08
    1044   6.933468349E-08
    1045   6.920211239E-08
    1046   6.886729255E-08
    1047   6.873586642E-08
    1048   6.860481615E-08
    1049   6.847414031E-08
    1050   6.834383748E-08
    1051   7.104568648E-08
    1052   7.091074691E-08
    1053   7.077619141E-08
    1054   7.064201854E-08
    1055   7.050822684E-08
    1056   7.108543817E-08
    1057   7.095106116E-08
    1058   7.081706482E-08
    1059   7.068344771E-08
    1060   7.055020842E-08
    1061   7.434168692E-08
    1062   7.420181545E-08
    1063   7.406233836E-08
    1064   7.392325415E-08
    1065   7.378456137E-08
    1066   7.692872213E-08
    1067   7.678466085E-08
    1068   7.664100386E-08
    1069   7.649774965E-08
    1070   7.635489671E-08
    1071   7.804458953E-08
    1072   7.789911965E-08
    1073   7.775405611E-08
    1074   7.760939740E-08
    1075   7.746514202E-08
    1076   7.779555956E-08
    1077   7.765122642E-08
    1078   7.750729458E-08
    1079   7.736376256E-08
    1080   7.722062886E-08
    1081   8.330433879E-08
    1082   8.315049883E-08
    1083   8.299708463E-08
    1084   8.284409461E-08
    1085   8.269152722E-08
    1086   8.386265353E-08
    1087   8.370849424E-08
    1088   8.355475963E-08
    1089   8.340144814E-08
    1090   8.324855823E-08
    1091   8.414055551E-08
    1092   8.398659292E-08
    1093   8.383305253E-08
    1094   8.367993280E-08
    1095   8.352723219E-08
    1096   8.649920730E-08
    1097   8.634164955E-08
    1098   8.618452189E-08
    1099   8.602782276E-08
    1100   8.587155060E-08
    1101   8.931013223E-08
    1102   8.914819183E-08
    1103   8.898669148E-08
    1104   8.882562959E-08
    1105   8.866500458E-08
    1106   8.741988198E-08
    1107   8.726208436E-08
    1108   8.710471360E-08
    1109   8.694776817E-08
    1110   8.679124654E-08
    1111   9.181618213E-08
    1112   9.165119349E-08
    1113   9.148664915E-08
    1114   9.132254754E-08
    1115   9.115888706E-08
    1116   9.206791775E-08
    1117   9.190321664E-08
    1118   9.173895710E-08
    1119   9.157513753E-08
    1120   9.141175637E-08
    1121   9.781111194E-08
    1122   9.763691583E-08
    1123   9.746318467E-08
    1124   9.728991678E-08
    1125   9.711711054E-08
    1126   9.647711909E-08
    1127   9.630606037E-08
    1128   9.613545619E-08
    1129   9.596530494E-08
    1130   9.579560502E-08
    1131   9.908640314E-08
    1132   9.891149334E-08
    1133   9.873704626E-08
    1134   9.856306027E-08
    1135   9.838953376E-08
    1136   1.011155778E-07
    1137   1.009378702E-07
    1138   1.007606308E-07
    1139   1.005838577E-07
    1140   1.004075495E-07
    1141   1.026467301E-07
    1142   1.024671208E-07
    1143   1.022879825E-07
    1144   1.021093135E-07
    1145   1.019311123E-07
    1146   1.082644764E-07
    1147   1.080758623E-07
    1148   1.078877407E-07
    1149   1.077001098E-07
    1150   1.075129680E-07
    1151   1.044226629E-07
    1152   1.042415308E-07
    1153   1.040608695E-07
    1154   1.038806776E-07
    1155   1.037009532E-07
    1156   1.096972118E-07
    1157   1.095077520E-07
    1158   1.093187826E-07
    1159   1.091303020E-07
    1160   1.089423083E-07
    1161   1.087778240E-07
    1162   1.085907598E-07
    1163   1.084041778E-07
    1164   1.082180762E-07
    1165   1.080324534E-07
    1166   1.133195271E-07
    1167   1.131254868E-07
    1168   1.129319444E-07
    1169   1.127388984E-07
    1170   1.125463469E-07
    1171   1.179139077E-07
    1172   1.177128610E-07
    1173   1.175123280E-07
    1174   1.173123070E-07
    1175   1.171127963E-07
    1176   1.132226160E-07
    1177   1.130303874E-07
    1178   1.128386480E-07
    1179   1.126473961E-07
    1180   1.124566299E-07
    1181   1.188135499E-07
    1182   1.186126817E-07
    1183   1.184123224E-07
    1184   1.182124704E-07
    1185   1.180131239E-07
    1186   1.228350693E-07
    1187   1.226282762E-07
    1188   1.224220050E-07
    1189   1.222162537E-07
    1190   1.220110207E-07
    1191   1.205337180E-07
    1192   1.203316497E-07
    1193   1.201300892E-07
    1194   1.199290346E-07
    1195   1.197284844E-07
    1196   1.268993248E-07
    1197   1.266874728E-07
    1198   1.264761509E-07
    1199   1.262653573E-07
    1200   1.260550903E-07
    1201   1.232961888E-07
    1202   1.230912076E-07
    1203   1.228867371E-07
    1204   1.226827757E-07
    1205   1.224793217E-07
    1206   1.305667155E-07
    1207   1.303505454E-07
    1208   1.301349118E-07
    1209   1.299198127E-07
    1210   1.297052466E-07
    1211   1.267099551E-07
    1212   1.265010351E-07
    1213   1.262926314E-07
    1214   1.260847423E-07
    1215   1.258773661E-07
    1216   1.300689156E-07
    1217   1.298553377E-07
    1218   1.296422855E-07
    1219   1.294297572E-07
    1220   1.292177510E-07
    1221   1.340628912E-07
    1222   1.338436550E-07
    1223   1.336249563E-07
    1224   1.334067931E-07
    1225   1.331891637E-07
    1226   1.303183252E-07
    1227   1.301060804E-07
    1228   1.298943536E-07
    1229   1.296831433E-07
    1230   1.294724477E-07
    1231   1.410055992E-07
    1232   1.407768796E-07
    1233   1.405487161E-07
    1234   1.403211069E-07
    1235   1.400940501E-07
    1236   1.366911143E-07
    1237   1.364702886E-07
    1238   1.362499976E-07
    1239   1.360302395E-07
    1240   1.358110127E-07
    1241   1.375739089E-07
    1242   1.373525510E-07
    1243   1.371317270E-07
    1244   1.369114350E-07
    1245   1.366916735E-07
    1246   1.429039851E-07
    1247   1.426749723E-07
    1248   1.424465096E-07
    1249   1.422185951E-07
    1250   1.419912273E-07
    1251   1.382363583E-07
    1252   1.380157096E-07
    1253   1.377955889E-07
    1254   1.375759943E-07
    1255   1.373569243E-07
    1256   1.480000420E-07
    1257   1.477647478E-07
    1258   1.475300143E-07
    1259   1.472958397E-07
    1260   1.470622221E-07
    1261   1.410035495E-07
    1262   1.407802660E-07
    1263   1.405575124E-07
    1264   1.403352871E-07
    1265   1.401135884E-07
    1266   1.473991852E-07
    1267   1.471666944E-07
    1268   1.469347532E-07
    1269   1.467033599E-07
    1270   1.464725127E-07
    1271   1.498141019E-07
    1272   1.495787302E-07
    1273   1.493439127E-07
    1274   1.491096477E-07
    1275   1.488759336E-07
    1276   1.481752779E-07
    1277   1.479433917E-07
    1278   1.477120494E-07
    1279   1.474812494E-07
    1280   1.472509898E-07
    1281   1.508393279E-07
    1282   1.506041926E-07
    1283   1.503696066E-07
    1284   1.501355683E-07
    1285   1.499020760E-07
    1286   1.487698700E-07
    1287   1.485388609E-07
    1288   1.483083894E-07
    1289   1.480784539E-07
    1290   1.478490528E-07
    1291   1.569163809E-07
    1292   1.566736642E-07
    1293   1.564315101E-07
    1294   1.561899171E-07
    1295   1.559488833E-07
    1296   1.535331554E-07
    1297   1.532965866E-07
    1298   1.530605642E-07
    1299   1.528250864E-07
    1300   1.525901516E-07
    1301   1.553147087E-07
    1302   1.550763131E-07
    1303   1.548384660E-07
    1304   1.546011657E-07
    1305   1.543644104E-07
    1306   1.559029450E-07
    1307   1.556645613E-07
    1308   1.554267240E-07
    1309   1.551894312E-07
    1310   1.549526815E-07
    1311   1.569610810E-07
    1312   1.567219933E-07
    1313   1.564834514E-07
    1314   1.562454538E-07
    1315   1.560079987E-07
    1316   1.614571281E-07
    1317   1.612121248E-07
    1318   1.609676788E-07
    1319   1.607237884E-07
    1320   1.604804519E-07
    1321   1.571708444E-07
    1322   1.569332468E-07
    1323   1.566961875E-07
    1324   1.564596650E-07
    1325   1.562236775E-07
    1326   1.613529049E-07
    1327   1.611099035E-07
    1328   1.608674507E-07
    1329   1.606255448E-07
    1330   1.603841841E-07
    1331   1.608360887E-07
    1332   1.605947742E-07
    1333   1.603540024E-07
    1334   1.601137717E-07
    1335   1.598740804E-07
    1336   1.621590776E-07
    1337   1.619166874E-07
    1338   1.616748402E-07
    1339   1.614335345E-07
    1340   1.611927686E-07
    1341   1.620309492E-07
    1342   1.617896521E-07
    1343   1.615488937E-07
    1344   1.613086723E-07
    1345   1.610689863E-07
    1346   1.619952299E-07
    1347   1.617548809E-07
    1348   1.615150664E-07
    1349   1.612757848E-07
    1350   1.610370346E-07
    1351   1.641717604E-07
    1352   1.639290823E-07
    1353   1.636869418E-07
    1354   1.634453375E-07
    1355   1.632042677E-07
    1356   1.668333175E-07
    1357   1.665876131E-07
    1358   1.663424510E-07
    1359   1.660978298E-07
    1360   1.658537477E-07
    1361   1.653295381E-07
    1362   1.650869416E-07
    1363   1.648448786E-07
    1364   1.646033477E-07
    1365   1.643623472E-07
    1366   1.621042178E-07
    1367   1.618672234E-07
    1368   1.616307482E-07
    1369   1.613947910E-07
    1370   1.611593500E-07
    1371   1.624731316E-07
    1372   1.622364628E-07
    1373   1.620003107E-07
    1374   1.617646739E-07
    1375   1.615295509E-07
    1376   1.692653752E-07
    1377   1.690197070E-07
    1378   1.687745733E-07
    1379   1.685299725E-07
    1380   1.682859030E-07
    1381   1.635563308E-07
    1382   1.633198069E-07
    1383   1.630837956E-07
    1384   1.628482955E-07
    1385   1.626133052E-07
    1386   1.674137625E-07
    1387   1.671725322E-07
    1388   1.669318231E-07
    1389   1.666916334E-07
    1390   1.664519617E-07
    1391   1.609478882E-07
    1392   1.607168072E-07
    1393   1.604862236E-07
    1394   1.602561358E-07
    1395   1.600265425E-07
    1396   1.665586497E-07
    1397   1.663203684E-07
    1398   1.660825980E-07
    1399   1.658453372E-07
    1400   1.656085844E-07
    1401   1.671604898E-07
    1402   1.669221997E-07
    1403   1.666844188E-07
    1404   1.664471456E-07
    1405   1.662103787E-07
    1406   1.611769589E-07
    1407   1.609480144E-07
    1408   1.607195573E-07
    1409   1.604915863E-07
    1410   1.602641000E-07
    1411   1.646704723E-07
    1412   1.644373931E-07
    1413   1.642048084E-07
    1414   1.639727168E-07
    1415   1.637411169E-07
    1416   1.619371552E-07
    1417   1.617087530E-07
    1418   1.614808337E-07
    1419   1.612533959E-07
    1420   1.610264382E-07
    1421   1.643754002E-07
    1422   1.641443737E-07
    1423   1.639138338E-07
    1424   1.636837793E-07
    1425   1.634542088E-07
    1426   1.661848873E-07
    1427   1.659521354E-07
    1428   1.657198720E-07
    1429   1.654880960E-07
    1430   1.652568059E-07
    1431   1.608027514E-07
    1432   1.605783233E-07
    1433   1.603543647E-07
    1434   1.601308743E-07
    1435   1.599078508E-07
    1436   1.634685979E-07
    1437   1.632412425E-07
    1438   1.630143610E-07
    1439   1.627879521E-07
    1440   1.625620146E-07
    1441   1.606802922E-07
    1442   1.604575891E-07
    1443   1.602353486E-07
    1444   1.600135696E-07
    1445   1.597922507E-07
    1446   1.612053465E-07
    1447   1.609826872E-07
    1448   1.607604888E-07
    1449   1.605387502E-07
    1450   1.603174701E-07
    1451   1.633405377E-07
    1452   1.631157056E-07
    1453   1.628913373E-07
    1454   1.626674317E-07
    1455   1.624439875E-07
    1456   1.566130089E-07
    1457   1.563981762E-07
    1458   1.561837853E-07
    1459   1.559698349E-07
    1460   1.557563238E-07
    1461   1.648315868E-07
    1462   1.646062531E-07
    1463   1.643813812E-07
    1464   1.641569698E-07
    1465   1.639330175E-07
    1466   1.567765427E-07
    1467   1.565629507E-07
    1468   1.563497948E-07
    1469   1.561370740E-07
    1470   1.559247871E-07
    1471   1.594445094E-07
    1472   1.592280199E-07
    1473   1.590119711E-07
    1474   1.587963616E-07
    1475   1.585811904E-07
    1476   1.550320699E-07
    1477   1.548222836E-07
    1478   1.546129228E-07
    1479   1.544039864E-07
    1480   1.541954733E-07
    1481   1.569990664E-07
    1482   1.567873347E-07
    1483   1.565760310E-07
    1484   1.563651542E-07
    1485   1.561547031E-07
    1486   1.592417262E-07
    1487   1.590276916E-07
    1488   1.588140882E-07
    1489   1.586009150E-07
    1490   1.583881706E-07
    1491   1.529628879E-07
    1492   1.527579811E-07
    1493   1.525534858E-07
    1494   1.523494009E-07
    1495   1.521457252E-07
    1496   1.521739671E-07
    1497   1.519707976E-07
    1498   1.517680347E-07
    1499   1.515656773E-07
    1500   1.513637244E-07
    1501   1.514007446E-07
    1502   1.511992799E-07
    1503   1.509982170E-07
    1504   1.507975549E-07
    1505   1.505972926E-07
    1506   1.500964095E-07
    1507   1.498973427E-07
    1508   1.496986716E-07
    1509   1.495003952E-07
    1510   1.493025124E-07
    1511   1.501406057E-07
    1512   1.499421383E-07
    1513   1.497440641E-07
    1514   1.495463822E-07
    1515   1.493490914E-07
    1516   1.451682737E-07
    1517   1.449770111E-07
    1518   1.447861263E-07
    1519   1.445956182E-07
    1520   1.444054859E-07
    1521   1.446274820E-07
    1522   1.444375575E-07
    1523   1.442480069E-07
    1524   1.440588292E-07
    1525   1.438700234E-07
    1526   1.457761723E-07
    1527   1.455853658E-07
    1528   1.453949336E-07
    1529   1.452048749E-07
    1530   1.450151886E-07
    1531   1.430353223E-07
    1532   1.428487139E-07
    1533   1.426624705E-07
    1534   1.424765910E-07
    1535   1.422910746E-07
    1536   1.393849932E-07
    1537   1.392037383E-07
    1538   1.390228368E-07
    1539   1.388422876E-07
    1540   1.386620900E-07
    1541   1.357840827E-07
    1542   1.356080826E-07
    1543   1.354324245E-07
    1544   1.352571074E-07
    1545   1.350821306E-07
    1546   1.387193941E-07
    1547   1.385401701E-07
    1548   1.383612931E-07
    1549   1.381827624E-07
    1550   1.380045771E-07
    1551   1.316807609E-07
    1552   1.315111784E-07
    1553   1.313419234E-07
    1554   1.311729948E-07
    1555   1.310043920E-07
    1556   1.339627526E-07
    1557   1.337907850E-07
    1558   1.336191484E-07
    1559   1.334478418E-07
    1560   1.332768644E-07
    1561   1.299528720E-07
    1562   1.297865856E-07
    1563   1.296206181E-07
    1564   1.294549687E-07
    1565   1.292896367E-07
    1566   1.287701718E-07
    1567   1.286059242E-07
    1568   1.284419906E-07
    1569   1.282783702E-07
    1570   1.281150623E-07
    1571   1.272578859E-07
    1572   1.270960831E-07
    1573   1.269345887E-07
    1574   1.267734019E-07
    1575   1.266125220E-07
    1576   1.241494507E-07
    1577   1.239921003E-07
    1578   1.238350489E-07
    1579   1.236782956E-07
    1580   1.235218398E-07
    1581   1.220166538E-07
    1582   1.218624950E-07
    1583   1.217086282E-07
    1584   1.215550527E-07
    1585   1.214017676E-07
    1586   1.204600323E-07
    1587   1.203083194E-07
    1588   1.201568929E-07
    1589   1.200057522E-07
    1590   1.198548964E-07
    1591   1.195409684E-07
    1592   1.193908856E-07
    1593   1.192410852E-07
    1594   1.190915666E-07
    1595   1.189423291E-07
    1596   1.152465541E-07
    1597   1.151023156E-07
    1598   1.149583477E-07
    1599   1.148146498E-07
    1600   1.146712211E-07
    1601   1.140789287E-07
    1602   1.139365969E-07
    1603   1.137945313E-07
    1604   1.136527313E-07
    1605   1.135111961E-07
    1606   1.129905022E-07
    1607   1.128499668E-07
    1608   1.127096934E-07
    1609   1.125696813E-07
    1610   1.124299300E-07
    1611   1.114918995E-07
    1612   1.113536578E-07
    1613   1.112156731E-07
    1614   1.110779447E-07
    1615   1.109404720E-07
    1616   1.081869166E-07
    1617   1.080531874E-07
    1618   1.079197060E-07
    1619   1.077864718E-07
    1620   1.076534842E-07
    1621   1.041080189E-07
    1622   1.039797281E-07
    1623   1.038516742E-07
    1624   1.037238568E-07
    1625   1.035962752E-07
    1626   1.039792850E-07
    1627   1.038515463E-07
    1628   1.037240429E-07
    1629   1.035967741E-07
    1630   1.034697395E-07
    1631   1.036938048E-07
    1632   1.035668068E-07
    1633   1.034400421E-07
    1634   1.033135099E-07
    1635   1.031872098E-07
    1636   9.959458705E-08
    1637   9.947298194E-08
    1638   9.935159941E-08
    1639   9.923043892E-08
    1640   9.910949994E-08
    1641   9.964124662E-08
    1642   9.951995478E-08
    1643   9.939888427E-08
    1644   9.927803457E-08
    1645   9.915740512E-08
    1646   9.752458440E-08
    1647   9.740622932E-08
    1648   9.728808956E-08
    1649   9.717016460E-08
    1650   9.705245393E-08
    1651   9.757147371E-08
    1652   9.745341990E-08
    1653   9.733558021E-08
    1654   9.721795413E-08
    1655   9.710054114E-08
    1656   9.502345713E-08
    1657   9.490883294E-08
    1658   9.479441602E-08
    1659   9.468020588E-08
    1660   9.456620202E-08
    1661   9.246045710E-08
    1662   9.234925992E-08
    1663   9.223826321E-08
    1664   9.212746650E-08
    1665   9.201686930E-08
    1666   9.261019539E-08
    1667   9.249915199E-08
    1668   9.238830819E-08
    1669   9.227766351E-08
    1670   9.216721748E-08
    1671   9.131437307E-08
    1672   9.120521064E-08
    1673   9.109624384E-08
    1674   9.098747221E-08
    1675   9.087889527E-08
    1676   9.097924180E-08
    1677   9.087080409E-08
    1678   9.076256013E-08
    1679   9.065450946E-08
    1680   9.054665163E-08
    1681   8.938726934E-08
    1682   8.928104561E-08
    1683   8.917501111E-08
    1684   8.906916540E-08
    1685   8.896350803E-08
    1686   8.724597592E-08
    1687   8.714260391E-08
    1688   8.703941551E-08
    1689   8.693641028E-08
    1690   8.683358780E-08
    1691   8.791252827E-08
    1692   8.780867413E-08
    1693   8.770500392E-08
    1694   8.760151719E-08
    1695   8.749821351E-08
    1696   8.611858115E-08
    1697   8.601714583E-08
    1698   8.591588963E-08
    1699   8.581481211E-08
    1700   8.571391286E-08
    1701   8.778435173E-08
    1702   8.768125795E-08
    1703   8.757834568E-08
    1704   8.747561448E-08
    1705   8.737306393E-08
    1706   8.605390689E-08
    1707   8.595314119E-08
    1708   8.585255238E-08
    1709   8.575214004E-08
    1710   8.565190375E-08
    1711   8.592140001E-08
    1712   8.582108314E-08
    1713   8.572094185E-08
    1714   8.562097574E-08
    1715   8.552118439E-08
    1716   8.854895743E-08
    1717   8.844587366E-08
    1718   8.834296980E-08
    1719   8.824024541E-08
    1720   8.813770010E-08
    1721   8.688901355E-08
    1722   8.678815573E-08
    1723   8.668747341E-08
    1724   8.658696620E-08
    1725   8.648663368E-08
    1726   9.079401462E-08
    1727   9.068892895E-08
    1728   9.058402562E-08
    1729   9.047930420E-08
    1730   9.037476428E-08
    1731   8.927930958E-08
    1732   8.917627518E-08
    1733   8.907341903E-08
    1734   8.897074074E-08
    1735   8.886823989E-08
    1736   9.135028124E-08
    1737   9.124516009E-08
    1738   9.114022028E-08
    1739   9.103546141E-08
    1740   9.093088305E-08
    1741   9.318758273E-08
    1742   9.308065492E-08
    1743   9.297391105E-08
    1744   9.286735069E-08
    1745   9.276097343E-08
    1746   9.237711533E-08
    1747   9.227142069E-08
    1748   9.216590734E-08
    1749   9.206057488E-08
    1750   9.195542288E-08
    1751   9.646969561E-08
    1752   9.635963320E-08
    1753   9.624975905E-08
    1754   9.614007272E-08
    1755   9.603057377E-08
    1756   9.648392815E-08
    1757   9.637416259E-08
    1758   9.626458423E-08
    1759   9.615519266E-08
    1760   9.604598745E-08
    1761   1.008369932E-07
    1762   1.007226007E-07
    1763   1.006084028E-07
    1764   1.004943989E-07
    1765   1.003805887E-07
    1766   9.962746973E-08
    1767   9.951476897E-08
    1768   9.940225934E-08
    1769   9.928994040E-08
    1770   9.917781173E-08
    1771   1.029918817E-07
    1772   1.028757036E-07
    1773   1.027597220E-07
    1774   1.026439364E-07
    1775   1.025283463E-07
    1776   1.082700990E-07
    1777   1.081483104E-07
    1778   1.080267271E-07
    1779   1.079053488E-07
    1780   1.077841749E-07
    1781   1.107851892E-07
    1782   1.106609209E-07
    1783   1.105368616E-07
    1784   1.104130108E-07
    1785   1.102893680E-07
    1786   1.157904144E-07
    1787   1.156608949E-07
    1788   1.155315926E-07
    1789   1.154025070E-07
    1790   1.152736377E-07
    1791   1.181799556E-07
    1792   1.180481319E-07
    1793   1.179165286E-07
    1794   1.177851453E-07
    1795   1.176539814E-07
    1796   1.238335029E-07
    1797   1.236957571E-07
    1798   1.235582409E-07
    1799   1.234209540E-07
    1800   1.232838958E-07
    1801   1.282936590E-07
    1802   1.281513476E-07
    1803   1.280092730E-07
    1804   1.278674344E-07
    1805   1.277258315E-07
    1806   1.313524640E-07
    1807   1.312071626E-07
    1808   1.310621022E-07
    1809   1.309172822E-07
    1810   1.307727021E-07
    1811   1.388576004E-07
    1812   1.387044205E-07
    1813   1.385514939E-07
    1814   1.383988200E-07
    1815   1.382463984E-07
    1816   1.432841175E-07
    1817   1.431264892E-07
    1818   1.429691209E-07
    1819   1.428120120E-07
    1820   1.426551619E-07
    1821   1.549983968E-07
    1822   1.548283492E-07
    1823   1.546585813E-07
    1824   1.544890924E-07
    1825   1.543198820E-07
    1826   1.596430617E-07
    1827   1.594683975E-07
    1828   1.592940198E-07
    1829   1.591199280E-07
    1830   1.589461214E-07
    1831   1.669007328E-07
    1832   1.667186262E-07
    1833   1.665368174E-07
    1834   1.663553059E-07
    1835   1.661740910E-07
    1836   1.778000209E-07
    1837   1.776065497E-07
    1838   1.774133942E-07
    1839   1.772205535E-07
    1840   1.770280271E-07
    1841   1.867712078E-07
    1842   1.865685261E-07
    1843   1.863661741E-07
    1844   1.861641512E-07
    1845   1.859624565E-07
    1846   1.959176632E-07
    1847   1.957056311E-07
    1848   1.954939430E-07
    1849   1.952825982E-07
    1850   1.950715959E-07
    1851   2.015967654E-07
    1852   2.013791758E-07
    1853   2.011619383E-07
    1854   2.009450521E-07
    1855   2.007285165E-07
    1856   2.105482577E-07
    1857   2.103216180E-07
    1858   2.100953441E-07
    1859   2.098694351E-07
    1860   2.096438903E-07
    1861   2.250020890E-07
    1862   2.247605408E-07
    1863   2.245193815E-07
    1864   2.242786100E-07
    1865   2.240382256E-07
    1866   2.374129641E-07
    1867   2.371587746E-07
    1868   2.369049931E-07
    1869   2.366516188E-07
    1870   2.363986507E-07
    1871   2.561795048E-07
    1872   2.559059549E-07
    1873   2.556328429E-07
    1874   2.553601678E-07
    1875   2.550879289E-07
    1876   2.636409485E-07
    1877   2.633601807E-07
    1878   2.630798612E-07
    1879   2.627999890E-07
    1880   2.625205632E-07
    1881   2.846580515E-07
    1882   2.843557063E-07
    1883   2.840538425E-07
    1884   2.837524591E-07
    1885   2.834515551E-07
    1886   2.938633298E-07
    1887   2.935520339E-07
    1888   2.932412324E-07
    1889   2.929309242E-07
    1890   2.926211083E-07
    1891   3.063657510E-07
    1892   3.060420682E-07
    1893   3.057188981E-07
    1894   3.053962396E-07
    1895   3.050740917E-07
    1896   3.240931105E-07
    1897   3.237516003E-07
    1898   3.234106297E-07
    1899   3.230701975E-07
    1900   3.227303025E-07
    1901   3.209548636E-07
    1902   3.206175490E-07
    1903   3.202807658E-07
    1904   3.199445131E-07
    1905   3.196087895E-07
    1906   3.402460513E-07
    1907   3.398893993E-07
    1908   3.395333077E-07
    1909   3.391777754E-07
    1910   3.388228013E-07
    1911   3.486956183E-07
    1912   3.483310646E-07
    1913   3.479670823E-07
    1914   3.476036702E-07
    1915   3.472408271E-07
    1916   3.646364494E-07
    1917   3.642562237E-07
    1918   3.638765924E-07
    1919   3.634975543E-07
    1920   3.631191081E-07
    1921   3.798857864E-07
    1922   3.794906894E-07
    1923   3.790962084E-07
    1924   3.787023422E-07
    1925   3.783090896E-07
    1926   4.006700598E-07
    1927   4.002544270E-07
    1928   3.998394405E-07
    1929   3.994250991E-07
    1930   3.990114015E-07
    1931   4.313052122E-07
    1932   4.308589574E-07
    1933   4.304133949E-07
    1934   4.299685232E-07
    1935   4.295243408E-07
    1936   4.440991319E-07
    1937   4.436408253E-07
    1938   4.431832277E-07
    1939   4.427263378E-07
    1940   4.422701540E-07
    1941   4.636380524E-07
    1942   4.631608130E-07
    1943   4.626843101E-07
    1944   4.622085422E-07
    1945   4.617335077E-07
    1946   4.893263099E-07
    1947   4.888239215E-07
    1948   4.883223063E-07
    1949   4.878214630E-07
    1950   4.873213897E-07
    1951   4.960187496E-07
    1952   4.955107939E-07
    1953   4.950036181E-07
    1954   4.944972205E-07
    1955   4.939915996E-07
    1956   5.349237053E-07
    1957   5.343773072E-07
    1958   5.338317459E-07
    1959   5.332870197E-07
    1960   5.327431267E-07
    1961   5.355700700E-07
    1962   5.350244051E-07
    1963   5.344795737E-07
    1964   5.339355742E-07
    1965   5.333924047E-07
    1966   5.764805462E-07
    1967   5.758946920E-07
    1968   5.753097304E-07
    1969   5.747256596E-07
    1970   5.741424778E-07
    1971   6.121682630E-07
    1972   6.115477174E-07
    1973   6.109281148E-07
    1974   6.103094534E-07
    1975   6.096917313E-07
    1976   6.334124850E-07
    1977   6.327720275E-07
    1978   6.321325409E-07
    1979   6.314940232E-07
    1980   6.308564724E-07
    1981   6.731416238E-07
    1982   6.724627114E-07
    1983   6.717848256E-07
    1984   6.711079643E-07
    1985   6.704321255E-07
    1986   6.822918805E-07
    1987   6.816054701E-07
    1988   6.809200951E-07
    1989   6.802357533E-07
    1990   6.795524426E-07
    1991   7.315555433E-07
    1992   7.308214183E-07
    1993   7.300883978E-07
    1994   7.293564796E-07
    1995   7.286256615E-07
    1996   7.407326754E-07
    1997   7.399912013E-07
    1998   7.392508399E-07
    1999   7.385115890E-07
    2000   7.377734465E-07
    2001   7.455720065E-07
    2002   7.448275511E-07
    2003   7.440842103E-07
    2004   7.433419816E-07
    2005   7.426008630E-07
    2006   7.778210176E-07
    2007   7.770462955E-07
    2008   7.762727302E-07
    2009   7.755003195E-07
    2010   7.747290611E-07
    2011   7.932905293E-07
    2012   7.925023619E-07
    2013   7.917153685E-07
    2014   7.909295468E-07
    2015   7.901448944E-07
    2016   8.420380881E-07
    2017   8.412035608E-07
    2018   8.403702734E-07
    2019   8.395382237E-07
    2020   8.387074090E-07
    2021   8.673298008E-07
    2022   8.664723319E-07
    2023   8.656161340E-07
    2024   8.647612044E-07
    2025   8.639075409E-07
    2026   8.976433873E-07
    2027   8.967581374E-07
    2028   8.958741964E-07
    2029   8.949915618E-07
    2030   8.941102308E-07
    2031   9.535295934E-07
    2032   9.525915417E-07
    2033   9.516548735E-07
    2034   9.507195861E-07
    2035   9.497856769E-07
    2036   9.586928634E-07
    2037   9.577520461E-07
    2038   9.568126130E-07
    2039   9.558745614E-07
    2040   9.549378886E-07
    2041   1.018861578E-06
    2042   1.017864161E-06
    2043   1.016868208E-06
    2044   1.015873716E-06
    2045   1.014880682E-06
    2046   1.022560954E-06
    2047   1.021562360E-06
    2048   1.020565227E-06
    2049   1.019569554E-06
    2050   1.018575337E-06
    2051   1.054890223E-06
    2052   1.053862565E-06
    2053   1.052836409E-06
    2054   1.051811751E-06
    2055   1.050788588E-06
    2056   1.097140349E-06
    2057   1.096074129E-06
    2058   1.095009463E-06
    2059   1.093946347E-06
    2060   1.092884778E-06
    2061   1.130953944E-06
    2062   1.129857527E-06
    2063   1.128762704E-06
    2064   1.127669472E-06
    2065   1.126577826E-06
    2066   1.182630782E-06
    2067   1.181487039E-06
    2068   1.180344954E-06
    2069   1.179204524E-06
    2070   1.178065746E-06
    2071   1.207630250E-06
    2072   1.206465146E-06
    2073   1.205301727E-06
    2074   1.204139990E-06
    2075   1.202979933E-06
    2076   1.288363170E-06
    2077   1.287123167E-06
    2078   1.285884953E-06
    2079   1.284648526E-06
    2080   1.283413880E-06
    2081   1.336068725E-06
    2082   1.334785894E-06
    2083   1.333504910E-06
    2084   1.332225768E-06
    2085   1.330948466E-06
    2086   1.388691108E-06
    2087   1.387360944E-06
    2088   1.386032691E-06
    2089   1.384706344E-06
    2090   1.383381899E-06
    2091   1.394681201E-06
    2092   1.393348491E-06
    2093   1.392017690E-06
    2094   1.390688795E-06
    2095   1.389361802E-06
    2096   1.440600713E-06
    2097   1.439227404E-06
    2098   1.437856059E-06
    2099   1.436486672E-06
    2100   1.435119241E-06
    2101   1.472551642E-06
    2102   1.471151212E-06
    2103   1.469752779E-06
    2104   1.468356340E-06
    2105   1.466961889E-06
    2106   1.449321955E-06
    2107   1.447946886E-06
    2108   1.446573774E-06
    2109   1.445202614E-06
    2110   1.443833403E-06
    2111   1.506037123E-06
    2112   1.504611626E-06
    2113   1.503188152E-06
    2114   1.501766698E-06
    2115   1.500347259E-06
    2116   1.542960423E-06
    2117   1.541503425E-06
    2118   1.540048491E-06
    2119   1.538595615E-06
    2120   1.537144794E-06
    2121   1.599020759E-06
    2122   1.597514381E-06
    2123   1.596010130E-06
    2124   1.594508003E-06
    2125   1.593007995E-06
    2126   1.634485023E-06
    2127   1.632948853E-06
    2128   1.631414848E-06
    2129   1.629883003E-06
    2130   1.628353314E-06
    2131   1.691579379E-06
    2132   1.689993275E-06
    2133   1.688409402E-06
    2134   1.686827754E-06
    2135   1.685248327E-06
    2136   1.761941649E-06
    2137   1.760293434E-06
    2138   1.758647531E-06
    2139   1.757003935E-06
    2140   1.755362642E-06
    2141   1.780075988E-06
    2142   1.778414694E-06
    2143   1.776755725E-06
    2144   1.775099076E-06
    2145   1.773444744E-06
    2146   1.816038271E-06
    2147   1.814347360E-06
    2148   1.812658810E-06
    2149   1.810972616E-06
    2150   1.809288773E-06
    2151   1.816486394E-06
    2152   1.814798994E-06
    2153   1.813113944E-06
    2154   1.811431239E-06
    2155   1.809750876E-06
    2156   1.848260062E-06
    2157   1.846547124E-06
    2158   1.844836566E-06
    2159   1.843128384E-06
    2160   1.841422573E-06
    2161   1.972853140E-06
    2162   1.971028958E-06
    2163   1.969207305E-06
    2164   1.967388175E-06
    2165   1.965571566E-06
    2166   1.989144690E-06
    2167   1.987309686E-06
    2168   1.985477220E-06
    2169   1.983647287E-06
    2170   1.981819883E-06
    2171   2.076851116E-06
    2172   2.074939610E-06
    2173   2.073030742E-06
    2174   2.071124506E-06
    2175   2.069220899E-06
    2176   2.124812088E-06
    2177   2.122860929E-06
    2178   2.120912456E-06
    2179   2.118966665E-06
    2180   2.117023550E-06
    2181   2.225397049E-06
    2182   2.223358206E-06
    2183   2.221322164E-06
    2184   2.219288917E-06
    2185   2.217258461E-06
    2186   2.280960355E-06
    2187   2.278875382E-06
    2188   2.276793267E-06
    2189   2.274714003E-06
    2190   2.272637587E-06
    2191   2.271874388E-06
    2192   2.269802455E-06
    2193   2.267733355E-06
    2194   2.265667083E-06
    2195   2.263603634E-06
    2196   2.347408142E-06
    2197   2.345272193E-06
    2198   2.343139158E-06
    2199   2.341009031E-06
    2200   2.338881808E-06
    2201   2.298532617E-06
    2202   2.296445887E-06
    2203   2.294361998E-06
    2204   2.292280944E-06
    2205   2.290202720E-06
    2206   2.338300302E-06
    2207   2.336182276E-06
    2208   2.334067127E-06
    2209   2.331954849E-06
    2210   2.329845437E-06
    2211   2.331189115E-06
    2212   2.329082301E-06
    2213   2.326978343E-06
    2214   2.324877233E-06
    2215   2.322778969E-06
    2216   2.340234281E-06
    2217   2.338124061E-06
    2218   2.336016694E-06
    2219   2.333912174E-06
    2220   2.331810497E-06
    2221   2.475352533E-06
    2222   2.473125495E-06
    2223   2.470901462E-06
    2224   2.468680427E-06
    2225   2.466462385E-06
    2226   2.484679925E-06
    2227   2.482449512E-06
    2228   2.480222101E-06
    2229   2.477997687E-06
    2230   2.475776263E-06
    2231   2.612316168E-06
    2232   2.609976431E-06
    2233   2.607639836E-06
    2234   2.605306378E-06
    2235   2.602976050E-06
    2236   2.656042518E-06
    2237   2.653668932E-06
    2238   2.651298526E-06
    2239   2.648931296E-06
    2240   2.646567234E-06
    2241   2.645755969E-06
    2242   2.643396846E-06
    2243   2.641040877E-06
    2244   2.638688057E-06
    2245   2.636338379E-06
    2246   2.761826763E-06
    2247   2.759369622E-06
    2248   2.756915759E-06
    2249   2.754465167E-06
    2250   2.752017841E-06
    2251   2.697282109E-06
    2252   2.694887717E-06
    2253   2.692496512E-06
    2254   2.690108489E-06
    2255   2.687723641E-06
    2256   2.767048708E-06
    2257   2.764597824E-06
    2258   2.762150194E-06
    2259   2.759705813E-06
    2260   2.757264676E-06
    2261   2.785393697E-06
    2262   2.782932015E-06
    2263   2.780473594E-06
    2264   2.778018430E-06
    2265   2.775566516E-06
    2266   2.879306485E-06
    2267   2.876767414E-06
    2268   2.874231700E-06
    2269   2.871699338E-06
    2270   2.869170320E-06
    2271   3.010086483E-06
    2272   3.007437925E-06
    2273   3.004792861E-06
    2274   3.002151285E-06
    2275   2.999513191E-06
    2276   3.009426158E-06
    2277   3.006783992E-06
    2278   3.004145305E-06
    2279   3.001510090E-06
    2280   2.998878341E-06
    2281   3.160698378E-06
    2282   3.157929479E-06
    2283   3.155164217E-06
    2284   3.152402585E-06
    2285   3.149644578E-06
    2286   3.196550958E-06
    2287   3.193756770E-06
    2288   3.190966244E-06
    2289   3.188179374E-06
    2290   3.185396154E-06
    2291   3.230875249E-06
    2292   3.228057216E-06
    2293   3.225242868E-06
    2294   3.222432198E-06
    2295   3.219625202E-06
    2296   3.225908987E-06
    2297   3.223101408E-06
    2298   3.220297492E-06
    2299   3.217497233E-06
    2300   3.214700625E-06
    2301   3.151702641E-06
    2302   3.148965600E-06
    2303   3.146232123E-06
    2304   3.143502203E-06
    2305   3.140775835E-06
    2306   3.254808463E-06
    2307   3.251988005E-06
    2308   3.249171212E-06
    2309   3.246358076E-06
    2310   3.243548593E-06
    2311   3.218844285E-06
    2312   3.216061021E-06
    2313   3.213281366E-06
    2314   3.210505313E-06
    2315   3.207732856E-06
    2316   3.288392647E-06
    2317   3.285555380E-06
    2318   3.282721783E-06
    2319   3.279891851E-06
    2320   3.277065576E-06
    2321   3.319887604E-06
    2322   3.317029328E-06
    2323   3.314174741E-06
    2324   3.311323838E-06
    2325   3.308476612E-06
    2326   3.385770209E-06
    2327   3.382861472E-06
    2328   3.379956482E-06
    2329   3.377055231E-06
    2330   3.374157715E-06
    2331   3.503312945E-06
    2332   3.500309676E-06
    2333   3.497310268E-06
    2334   3.494314713E-06
    2335   3.491323005E-06
    2336   3.489543734E-06
    2337   3.486558667E-06
    2338   3.483577428E-06
    2339   3.480600011E-06
    2340   3.477626410E-06
    2341   3.539380078E-06
    2342   3.536358841E-06
    2343   3.533341470E-06
    2344   3.530327959E-06
    2345   3.527318301E-06
    2346   3.493214933E-06
    2347   3.490239452E-06
    2348   3.487267770E-06
    2349   3.484299883E-06
    2350   3.481335783E-06
    2351   3.499383350E-06
    2352   3.496408948E-06
    2353   3.493438338E-06
    2354   3.490471511E-06
    2355   3.487508462E-06
    2356   3.419846143E-06
    2357   3.416945510E-06
    2358   3.414048566E-06
    2359   3.411155305E-06
    2360   3.408265720E-06
    2361   3.442220804E-06
    2362   3.439307371E-06
    2363   3.436397636E-06
    2364   3.433491591E-06
    2365   3.430589231E-06
    2366   3.561160973E-06
    2367   3.558153236E-06
    2368   3.555149307E-06
    2369   3.552149181E-06
    2370   3.549152851E-06
    2371   3.616931396E-06
    2372   3.613882992E-06
    2373   3.610838441E-06
    2374   3.607797735E-06
    2375   3.604760868E-06
    2376   3.716537268E-06
    2377   3.713411501E-06
    2378   3.710289676E-06
    2379   3.707171785E-06
    2380   3.704057823E-06
    2381   3.824676844E-06
    2382   3.821466876E-06
    2383   3.818260948E-06
    2384   3.815059052E-06
    2385   3.811861181E-06
    2386   3.830464024E-06
    2387   3.827255931E-06
    2388   3.824051865E-06
    2389   3.820851822E-06
    2390   3.817655794E-06
    2391   3.903053541E-06
    2392   3.899791482E-06
    2393   3.896533511E-06
    2394   3.893279621E-06
    2395   3.890029805E-06
    2396   3.776815733E-06
    2397   3.773665761E-06
    2398   3.770519729E-06
    2399   3.767377629E-06
    2400   3.764239455E-06
    2401   3.798447494E-06
    2402   3.795286072E-06
    2403   3.792128597E-06
    2404   3.788975059E-06
    2405   3.785825454E-06
    2406   3.756011722E-06
    2407   3.752892110E-06
    2408   3.749776384E-06
    2409   3.746664537E-06
    2410   3.743556561E-06
    2411   3.829333319E-06
    2412   3.826159400E-06
    2413   3.822989425E-06
    2414   3.819823388E-06
    2415   3.816661283E-06
    2416   3.919339531E-06
    2417   3.916097728E-06
    2418   3.912859946E-06
    2419   3.909626178E-06
    2420   3.906396416E-06
    2421   3.924630796E-06
    2422   3.921391315E-06
    2423   3.918155844E-06
    2424   3.914924375E-06
    2425   3.911696903E-06
    2426   4.102394305E-06
    2427   4.099015067E-06
    2428   4.095640003E-06
    2429   4.092269106E-06
    2430   4.088902369E-06
    2431   4.117372975E-06
    2432   4.113988369E-06
    2433   4.110607935E-06
    2434   4.107231665E-06
    2435   4.103859554E-06
    2436   4.296539188E-06
    2437   4.293014546E-06
    2438   4.289494239E-06
    2439   4.285978260E-06
    2440   4.282466602E-06
    2441   4.327712278E-06
    2442   4.324169329E-06
    2443   4.320630729E-06
    2444   4.317096471E-06
    2445   4.313566548E-06
    2446   4.274280845E-06
    2447   4.270788786E-06
    2448   4.267301004E-06
    2449   4.263817493E-06
    2450   4.260338245E-06
    2451   4.299038216E-06
    2452   4.295533089E-06
    2453   4.292032247E-06
    2454   4.288535683E-06
    2455   4.285043390E-06
    2456   4.202447361E-06
    2457   4.199027957E-06
    2458   4.195612725E-06
    2459   4.192201658E-06
    2460   4.188794748E-06
    2461   4.198190029E-06
    2462   4.194781024E-06
    2463   4.191376169E-06
    2464   4.187975458E-06
    2465   4.184578884E-06
    2466   4.201465099E-06
    2467   4.198060346E-06
    2468   4.194659730E-06
    2469   4.191263245E-06
    2470   4.187870883E-06
    2471   4.259422289E-06
    2472   4.255977548E-06
    2473   4.252536984E-06
    2474   4.249100591E-06
    2475   4.245668361E-06
    2476   4.460763709E-06
    2477   4.457163416E-06
    2478   4.453567479E-06
    2479   4.449975892E-06
    2480   4.446388649E-06
    2481   4.484565822E-06
    2482   4.480953606E-06
    2483   4.477345753E-06
    2484   4.473742255E-06
    2485   4.470143106E-06
    2486   4.569997306E-06
    2487   4.566323675E-06
    2488   4.562654471E-06
    2489   4.558989689E-06
    2490   4.555329320E-06
    2491   4.443936614E-06
    2492   4.440371482E-06
    2493   4.436810639E-06
    2494   4.433254077E-06
    2495   4.429701790E-06
    2496   4.305612363E-06
    2497   4.302165115E-06
    2498   4.298722006E-06
    2499   4.295283028E-06
    2500   4.291848176E-06
    2501   4.235021915E-06
    2502   4.231637958E-06
    2503   4.228258056E-06
    2504   4.224882201E-06
    2505   4.221510388E-06
    2506   4.286174920E-06
    2507   4.282756917E-06
    2508   4.279343002E-06
    2509   4.275933167E-06
    2510   4.272527406E-06
    2511   4.753742743E-06
    2512   4.749959422E-06
    2513   4.746180615E-06
    2514   4.742406317E-06
    2515   4.738636518E-06
    2516   5.095421292E-06
    2517   5.091374095E-06
    2518   5.087331718E-06
    2519   5.083294153E-06
    2520   5.079261393E-06
    2521   5.488251022E-06
    2522   5.483900446E-06
    2523   5.479555042E-06
    2524   5.475214800E-06
    2525   5.470879713E-06
    2526   5.529113316E-06
    2527   5.524739018E-06
    2528   5.520369908E-06
    2529   5.516005980E-06
    2530   5.511647223E-06
    2531   5.552190591E-06
    2532   5.547806706E-06
    2533   5.543428011E-06
    2534   5.539054498E-06
    2535   5.534686158E-06
    2536   5.616899120E-06
    2537   5.612472879E-06
    2538   5.608051869E-06
    2539   5.603636080E-06
    2540   5.599225504E-06
    2541   5.503738797E-06
    2542   5.499410257E-06
    2543   5.495086821E-06
    2544   5.490768482E-06
    2545   5.486455231E-06
    2546   5.348939162E-06
    2547   5.344740623E-06
    2548   5.340547025E-06
    2549   5.336358360E-06
    2550   5.332174622E-06
    2551   4.949659046E-06
    2552   4.945781522E-06
    2553   4.941908553E-06
    2554   4.938040131E-06
    2555   4.934176250E-06
    2556   4.560804981E-06
    2557   4.557239067E-06
    2558   4.553677332E-06
    2559   4.550119772E-06
    2560   4.546566379E-06
    2561   4.198912191E-06
    2562   4.195635630E-06
    2563   4.192362904E-06
    2564   4.189094005E-06
    2565   4.185828927E-06
    2566   4.178454228E-06
    2567   4.175199980E-06
    2568   4.171949533E-06
    2569   4.168702879E-06
    2570   4.165460014E-06
    2571   4.795241322E-06
    2572   4.791513967E-06
    2573   4.787790957E-06
    2574   4.784072285E-06
    2575   4.780357943E-06
    2576   5.897455028E-06
    2577   5.892879811E-06
    2578   5.888309916E-06
    2579   5.883745334E-06
    2580   5.879186059E-06
    2581   7.517273915E-06
    2582   7.511453339E-06
    2583   7.505639520E-06
    2584   7.499832449E-06
    2585   7.494032115E-06
    2586   8.806079110E-06
    2587   8.799273794E-06
    2588   8.792476363E-06
    2589   8.785686806E-06
    2590   8.778905111E-06
    2591   9.440879013E-06
    2592   9.433597194E-06
    2593   9.426323796E-06
    2594   9.419058806E-06
    2595   9.411802212E-06
    2596   9.630917862E-06
    2597   9.623503760E-06
    2598   9.616098217E-06
    2599   9.608701218E-06
    2600   9.601312751E-06
    2601   9.454358163E-06
    2602   9.447093961E-06
    2603   9.439838129E-06
    2604   9.432590652E-06
    2605   9.425351519E-06
    2606   1.024598342E-05
    2607   1.023812607E-05
    2608   1.023027776E-05
    2609   1.022243847E-05
    2610   1.021460818E-05
    2611   1.137777707E-05
    2612   1.136906847E-05
    2613   1.136036988E-05
    2614   1.135168126E-05
    2615   1.134300260E-05
    2616   1.322841337E-05
    2617   1.321830763E-05
    2618   1.320821347E-05
    2619   1.319813086E-05
    2620   1.318805979E-05
    2621   1.407526776E-05
    2622   1.406453557E-05
    2623   1.405381565E-05
    2624   1.404310798E-05
    2625   1.403241255E-05
    2626   1.374498349E-05
    2627   1.373452308E-05
    2628   1.372407460E-05
    2629   1.371363804E-05
    2630   1.370321338E-05
    2631   1.136077211E-05
    2632   1.135214258E-05
    2633   1.134352288E-05
    2634   1.133491300E-05
    2635   1.132631291E-05
    2636   7.059842271E-06
    2637   7.054489851E-06
    2638   7.049143515E-06
    2639   7.043803255E-06
    2640   7.038469061E-06
    2641   1.411809188E-06
    2642   1.410740850E-06
    2643   1.409673723E-06
    2644   1.408607807E-06
    2645   1.407543100E-06
    2646  -5.781611274E-06
    2647  -5.777244498E-06
    2648  -5.772882668E-06
    2649  -5.768525775E-06
    2650  -5.764173813E-06
    2651  -1.365646518E-05
    2652  -1.364617007E-05
    2653  -1.363588659E-05
    2654  -1.362561474E-05
    2655  -1.361535449E-05
    2656  -2.123511956E-05
    2657  -2.121914129E-05
    2658  -2.120318105E-05
    2659  -2.118723880E-05
    2660  -2.117131454E-05
    2661  -2.634740189E-05
    2662  -2.632761413E-05
    2663  -2.630784866E-05
    2664  -2.628810543E-05
    2665  -2.626838442E-05
    2666  -3.047458474E-05
    2667  -3.045174022E-05
    2668  -3.042892138E-05
    2669  -3.040612818E-05
    2670  -3.038336058E-05
    2671  -2.839218857E-05
    2672  -2.837094488E-05
    2673  -2.834972503E-05
    2674  -2.832852897E-05
    2675  -2.830735668E-05
    2676  -1.745454757E-05
    2677  -1.744151206E-05
    2678  -1.742849114E-05
    2679  -1.741548481E-05
    2680  -1.740249303E-05
    2681   4.785047259E-06
    2682   4.781480321E-06
    2683   4.777917370E-06
    2684   4.774358400E-06
    2685   4.770803405E-06
    2686   3.969080834E-05
    2687   3.966127649E-05
    2688   3.963177759E-05
    2689   3.960231158E-05
    2690   3.957287842E-05
    2691   8.984060833E-05
    2692   8.977388675E-05
    2693   8.970723947E-05
    2694   8.964066638E-05
    2695   8.957416737E-05
    2696   1.471001916E-04
    2697   1.469911477E-04
    2698   1.468822251E-04
    2699   1.467734234E-04
    2700   1.466647426E-04
    2701   2.125429227E-04
    2702   2.123856583E-04
    2703   2.122285683E-04
    2704   2.120716525E-04
    2705   2.119149107E-04
    2706   2.699103494E-04
    2707   2.697110065E-04
    2708   2.695118843E-04
    2709   2.693129825E-04
    2710   2.691143009E-04
    2711   3.091133229E-04
    2712   3.088854473E-04
    2713   3.086578235E-04
    2714   3.084304513E-04
    2715   3.082033302E-04
    2716   3.452796816E-04
    2717   3.450256126E-04
    2718   3.447718240E-04
    2719   3.445183153E-04
    2720   3.442650861E-04
    2721   3.337576290E-04
    2722   3.335124893E-04
    2723   3.332676197E-04
    2724   3.330230196E-04
    2725   3.327786887E-04
    2726   2.866209000E-04
    2727   2.864107674E-04
    2728   2.862008658E-04
    2729   2.859911948E-04
    2730   2.857817542E-04
    2731   1.502156060E-04
    2732   1.501056787E-04
    2733   1.499958721E-04
    2734   1.498861859E-04
    2735   1.497766200E-04
    2736  -1.118922065E-04
    2737  -1.118104737E-04
    2738  -1.117288304E-04
    2739  -1.116472765E-04
    2740  -1.115658119E-04
    2741  -5.355527868E-04
    2742  -5.351622999E-04
    2743  -5.347722399E-04
    2744  -5.343826062E-04
    2745  -5.339933982E-04
    2746  -1.068270093E-03
    2747  -1.067492604E-03
    2748  -1.066715963E-03
    2749  -1.065940170E-03
    2750  -1.065165222E-03
    2751  -1.698941954E-03
    2752  -1.697707706E-03
    2753  -1.696474803E-03
    2754  -1.695243243E-03
    2755  -1.694013022E-03
    2756  -2.182287385E-03
    2757  -2.180704871E-03
    2758  -2.179124077E-03
    2759  -2.177545002E-03
    2760  -2.175967642E-03
    2761  -2.439365922E-03
    2762  -2.437600184E-03
    2763  -2.435836364E-03
    2764  -2.434074457E-03
    2765  -2.432314461E-03
    2766  -2.542576788E-03
    2767  -2.540739666E-03
    2768  -2.538904534E-03
    2769  -2.537071390E-03
    2770  -2.535240231E-03
    2771  -2.313905859E-03
    2772  -2.312236976E-03
    2773  -2.310569898E-03
    2774  -2.308904623E-03
    2775  -2.307241147E-03
    2776  -1.851888499E-03
    2777  -1.850555246E-03
    2778  -1.849223432E-03
    2779  -1.847893056E-03
    2780  -1.846564114E-03
    2781  -7.383482254E-04
    2782  -7.378176122E-04
    2783  -7.372875708E-04
    2784  -7.367581004E-04
    2785  -7.362292001E-04
    2786   1.235250475E-03
    2787   1.234364356E-03
    2788   1.233479190E-03
    2789   1.232594975E-03
    2790   1.231711711E-03
    2791   4.490159123E-03
    2792   4.486943828E-03
    2793   4.483731986E-03
    2794   4.480523591E-03
    2795   4.477318638E-03
    2796   8.961872332E-03
    2797   8.955466419E-03
    2798   8.949067371E-03
    2799   8.942675180E-03
    2800   8.936289836E-03
    2801   1.409082538E-02
    2802   1.408077128E-02
    2803   1.407072793E-02
    2804   1.406069533E-02
    2805   1.405067345E-02
    2806   1.810823625E-02
    2807   1.809533865E-02
    2808   1.808245482E-02
    2809   1.806958475E-02
    2810   1.805672841E-02
    2811   2.121611019E-02
    2812   2.120102586E-02
    2813   2.118595761E-02
    2814   2.117090542E-02
    2815   2.115586927E-02
    2816   2.319613247E-02
    2817   2.317966963E-02
    2818   2.316322432E-02
    2819   2.314679650E-02
    2820   2.313038615E-02
    2821   2.390457580E-02
    2822   2.388764021E-02
    2823   2.387072262E-02
    2824   2.385382299E-02
    2825   2.383694131E-02
    2826   2.380599224E-02
    2827   2.378915632E-02
    2828   2.377233825E-02
    2829   2.375553801E-02
    2830   2.373875558E-02
    2831   2.290841701E-02
    2832   2.289224446E-02
    2833   2.287608903E-02
    2834   2.285995069E-02
    2835   2.284382943E-02
    2836   2.121421817E-02
    2837   2.119926806E-02
    2838   2.118433374E-02
    2839   2.116941519E-02
    2840   2.115451240E-02
    2841   1.812319463E-02
    2842   1.811044529E-02
    2843   1.809770939E-02
    2844   1.808498692E-02
    2845   1.807227787E-02
    2846   1.364224172E-02
    2847   1.363266149E-02
    2848   1.362309135E-02
    2849   1.361353129E-02
    2850   1.360398128E-02
    2851   8.593419988E-03
    2852   8.587395859E-03
    2853   8.581378063E-03
    2854   8.575366589E-03
    2855   8.569361431E-03
    2856   4.176175334E-03
    2857   4.173252888E-03
    2858   4.170333508E-03
    2859   4.167417191E-03
    2860   4.164503932E-03
    2861   9.984446810E-04
    2862   9.977471996E-04
    2863   9.970504487E-04
    2864   9.963544275E-04
    2865   9.956591348E-04
    2866  -9.474992606E-04
    2867  -9.468385219E-04
    2868  -9.461784742E-04
    2869  -9.455191163E-04
    2870  -9.448604475E-04
    2871  -1.996793882E-03
    2872  -1.995403841E-03
    2873  -1.994015251E-03
    2874  -1.992628110E-03
    2875  -1.991242416E-03
    2876  -2.471255231E-03
    2877  -2.469537889E-03
    2878  -2.467822336E-03
    2879  -2.466108571E-03
    2880  -2.464396590E-03
    2881  -2.646858745E-03
    2882  -2.645022562E-03
    2883  -2.643188288E-03
    2884  -2.641355922E-03
    2885  -2.639525460E-03
    2886  -2.578710916E-03
    2887  -2.576925105E-03
    2888  -2.575141148E-03
    2889  -2.573359044E-03
    2890  -2.571578788E-03
    2891  -2.263259470E-03
    2892  -2.261694825E-03
    2893  -2.260131802E-03
    2894  -2.258570398E-03
    2895  -2.257010612E-03
    2896  -1.754996940E-03
    2897  -1.753785762E-03
    2898  -1.752575837E-03
    2899  -1.751367164E-03
    2900  -1.750159741E-03
    2901  -1.124918051E-03
    2902  -1.124143047E-03
    2903  -1.123368844E-03
    2904  -1.122595440E-03
    2905  -1.121822835E-03
    2906  -5.684620530E-04
    2907  -5.680710887E-04
    2908  -5.676805276E-04
    2909  -5.672903692E-04
    2910  -5.669006128E-04
    2911  -1.488273168E-04
    2912  -1.487251353E-04
    2913  -1.486230591E-04
    2914  -1.485210878E-04
    2915  -1.484192215E-04
    2916   1.108468868E-04
    2917   1.107709122E-04
    2918   1.106950157E-04
    2919   1.106191972E-04
    2920   1.105434566E-04
    2921   2.515183942E-04
    2922   2.513462981E-04
    2923   2.511743786E-04
    2924   2.510026354E-04
    2925   2.508310684E-04
    2926   2.986936260E-04
    2927   2.984896003E-04
    2928   2.982857835E-04
    2929   2.980821755E-04
    2930   2.978787759E-04
    2931   3.071533069E-04
    2932   3.069438604E-04
    2933   3.067346280E-04
    2934   3.065256095E-04
    2935   3.063168046E-04
    2936   2.766369970E-04
    2937   2.764486805E-04
    2938   2.762605562E-04
    2939   2.760726238E-04
    2940   2.758848832E-04
    2941   2.346929213E-04
    2942   2.345334290E-04
    2943   2.343740992E-04
    2944   2.342149318E-04
    2945   2.340559264E-04
    2946   1.827346121E-04
    2947   1.826106402E-04
    2948   1.824867944E-04
    2949   1.823630746E-04
    2950   1.822394805E-04
    2951   1.142686455E-04
    2952   1.141912539E-04
    2953   1.141139410E-04
    2954   1.140367065E-04
    2955   1.139595504E-04
    2956   5.687978463E-05
    2957   5.684132635E-05
    2958   5.680290707E-05
    2959   5.676452673E-05
    2960   5.672618527E-05
    2961   9.585512095E-06
    2962   9.579041955E-06
    2963   9.572578364E-06
    2964   9.566121313E-06
    2965   9.559670793E-06
    2966  -2.415237936E-05
    2967  -2.413610418E-05
    2968  -2.411984543E-05
    2969  -2.410360311E-05
    2970  -2.408737719E-05
    2971  -4.499258165E-05
    2972  -4.496231419E-05
    2973  -4.493207726E-05
    2974  -4.490187082E-05
    2975  -4.487169483E-05
    2976  -5.345659644E-05
    2977  -5.342069544E-05
    2978  -5.338483059E-05
    2979  -5.334900184E-05
    2980  -5.331320915E-05
    2981  -5.614338822E-05
    2982  -5.610574599E-05
    2983  -5.606814161E-05
    2984  -5.603057501E-05
    2985  -5.599304616E-05
    2986  -5.177689679E-05
    2987  -5.174224023E-05
    2988  -5.170761846E-05
    2989  -5.167303142E-05
    2990  -5.163847908E-05
    2991  -4.530217515E-05
    2992  -4.527190307E-05
    2993  -4.524166132E-05
    2994  -4.521144986E-05
    2995  -4.518126865E-05
    2996  -3.584581017E-05
    2997  -3.582189702E-05
    2998  -3.579800779E-05
    2999  -3.577414245E-05
    3000  -3.575030097E-05
    3001  -2.541438060E-05
    3002  -2.539745461E-05
    3003  -2.538054552E-05
    3004  -2.536365331E-05
    3005  -2.534677796E-05
    3006  -1.713734169E-05
    3007  -1.712594718E-05
    3008  -1.711456404E-05
    3009  -1.710319223E-05
    3010  -1.709183176E-05
    3011  -1.002267420E-05
    3012  -1.001602124E-05
    3013  -1.000937491E-05
    3014  -1.000273520E-05
    3015  -9.996102081E-06
    3016  -5.275010854E-06
    3017  -5.271515154E-06
    3018  -5.268022928E-06
    3019  -5.264534171E-06
    3020  -5.261048879E-06
    3021  -2.542020553E-06
    3022  -2.540338766E-06
    3023  -2.538658648E-06
    3024  -2.536980196E-06
    3025  -2.535303408E-06
    3026  -1.709986482E-06
    3027  -1.708857033E-06
    3028  -1.707728702E-06
    3029  -1.706601488E-06
    3030  -1.705475390E-06
    3031  -2.315326858E-06
    3032  -2.313800101E-06
    3033  -2.312274854E-06
    3034  -2.310751114E-06
    3035  -2.309228880E-06
    3036  -3.340117341E-06
    3037  -3.337918449E-06
    3038  -3.335721727E-06
    3039  -3.333527173E-06
    3040  -3.331334785E-06
    3041  -4.093926063E-06
    3042  -4.091235346E-06
    3043  -4.088547281E-06
    3044  -4.085861864E-06
    3045  -4.083179092E-06
    3046  -4.151588353E-06
    3047  -4.148864214E-06
    3048  -4.146142755E-06
    3049  -4.143423973E-06
    3050  -4.140707864E-06
    3051  -3.879728543E-06
    3052  -3.877186958E-06
    3053  -3.874647870E-06
    3054  -3.872111276E-06
    3055  -3.869577172E-06
    3056  -3.720803577E-06
    3057  -3.718370088E-06
    3058  -3.715938987E-06
    3059  -3.713510268E-06
    3060  -3.711083930E-06
    3061  -3.996925758E-06
    3062  -3.994315947E-06
    3063  -3.991708691E-06
    3064  -3.989103987E-06
    3065  -3.986501832E-06
    3066  -4.863977787E-06
    3067  -4.860807006E-06
    3068  -4.857639325E-06
    3069  -4.854474739E-06
    3070  -4.851313245E-06
    3071  -5.863163738E-06
    3072  -5.859347816E-06
    3073  -5.855535618E-06
    3074  -5.851727140E-06
    3075  -5.847922376E-06
    3076  -6.694915750E-06
    3077  -6.690565578E-06
    3078  -6.686219644E-06
    3079  -6.681877943E-06
    3080  -6.677540469E-06
    3081  -6.906700729E-06
    3082  -6.902220223E-06
    3083  -6.897744075E-06
    3084  -6.893272280E-06
    3085  -6.888804832E-06
    3086  -6.741549249E-06
    3087  -6.737182961E-06
    3088  -6.732820913E-06
    3089  -6.728463100E-06
    3090  -6.724109517E-06
    3091  -6.361195063E-06
    3092  -6.357081778E-06
    3093  -6.352972481E-06
    3094  -6.348867168E-06
    3095  -6.344765833E-06
    3096  -5.588013384E-06
    3097  -5.584405886E-06
    3098  -5.580801881E-06
    3099  -5.577201364E-06
    3100  -5.573604330E-06
    3101  -4.978971401E-06
    3102  -4.975762267E-06
    3103  -4.972556234E-06
    3104  -4.969353299E-06
    3105  -4.966153458E-06
    3106  -4.361326157E-06
    3107  -4.358519641E-06
    3108  -4.355715833E-06
    3109  -4.352914729E-06
    3110  -4.350116327E-06
    3111  -4.144698727E-06
    3112  -4.142035895E-06
    3113  -4.139375628E-06
    3114  -4.136717923E-06
    3115  -4.134062776E-06
    3116  -3.915573598E-06
    3117  -3.913062005E-06
    3118  -3.910552827E-06
    3119  -3.908046063E-06
    3120  -3.905541708E-06
    3121  -3.829727385E-06
    3122  -3.827274789E-06
    3123  -3.824824550E-06
    3124  -3.822376662E-06
    3125  -3.819931123E-06
    3126  -3.897331210E-06
    3127  -3.894839311E-06
    3128  -3.892349800E-06
    3129  -3.889862676E-06
    3130  -3.887377934E-06
    3131  -4.018916981E-06
    3132  -4.016351442E-06
    3133  -4.013788359E-06
    3134  -4.011227728E-06
    3135  -4.008669547E-06
    3136  -4.335682455E-06
    3137  -4.332919113E-06
    3138  -4.330158413E-06
    3139  -4.327400350E-06
    3140  -4.324644922E-06
    3141  -4.426125051E-06
    3142  -4.423308554E-06
    3143  -4.420494744E-06
    3144  -4.417683619E-06
    3145  -4.414875174E-06
    3146  -4.453929101E-06
    3147  -4.451099413E-06
    3148  -4.448272421E-06
    3149  -4.445448121E-06
    3150  -4.442626510E-06
    3151  -4.436851343E-06
    3152  -4.434036975E-06
    3153  -4.431225284E-06
    3154  -4.428416266E-06
    3155  -4.425609919E-06
    3156  -4.201063726E-06
    3157  -4.198403141E-06
    3158  -4.195745082E-06
    3159  -4.193089547E-06
    3160  -4.190436533E-06
    3161  -4.112972311E-06
    3162  -4.110371633E-06
    3163  -4.107773421E-06
    3164  -4.105177671E-06
    3165  -4.102584381E-06
    3166  -4.019214801E-06
    3167  -4.016677418E-06
    3168  -4.014142437E-06
    3169  -4.011609855E-06
    3170  -4.009079669E-06
    3171  -4.010997663E-06
    3172  -4.008469457E-06
    3173  -4.005943642E-06
    3174  -4.003420213E-06
    3175  -4.000899167E-06
    3176  -3.971057676E-06
    3177  -3.968558583E-06
    3178  -3.966061849E-06
    3179  -3.963567471E-06
    3180  -3.961075445E-06
    3181  -3.631672944E-06
    3182  -3.629391026E-06
    3183  -3.627111258E-06
    3184  -3.624833637E-06
    3185  -3.622558161E-06
    3186  -3.166325465E-06
    3187  -3.164339063E-06
    3188  -3.162354529E-06
    3189  -3.160371862E-06
    3190  -3.158391058E-06
    3191  -2.130406207E-06
    3192  -2.129071784E-06
    3193  -2.127738615E-06
    3194  -2.126406697E-06
    3195  -2.125076029E-06
    3196  -7.917061290E-07
    3197  -7.912110033E-07
    3198  -7.907163418E-07
    3199  -7.902221441E-07
    3200  -7.897284095E-07
    3201   7.584614871E-07
    3202   7.579878926E-07
    3203   7.575147416E-07
    3204   7.570420335E-07
    3205   7.565697678E-07
    3206   2.041569491E-06
    3207   2.040296692E-06
    3208   2.039025083E-06
    3209   2.037754662E-06
    3210   2.036485428E-06
    3211   2.986268721E-06
    3212   2.984409855E-06
    3213   2.982552724E-06
    3214   2.980697326E-06
    3215   2.978843658E-06
    3216   3.427301228E-06
    3217   3.425171146E-06
    3218   3.423043050E-06
    3219   3.420916936E-06
    3220   3.418792803E-06
    3221   3.725110442E-06
    3222   3.722798862E-06
    3223   3.720489434E-06
    3224   3.718182153E-06
    3225   3.715877019E-06
    3226   3.801527009E-06
    3227   3.799171664E-06
    3228   3.796818507E-06
    3229   3.794467536E-06
    3230   3.792118748E-06
    3231   3.713280699E-06
    3232   3.710983587E-06
    3233   3.708688607E-06
    3234   3.706395754E-06
    3235   3.704105028E-06
    3236   3.780541028E-06
    3237   3.778205919E-06
    3238   3.775872973E-06
    3239   3.773542188E-06
    3240   3.771213559E-06
    3241   3.631190981E-06
    3242   3.628951578E-06
    3243   3.626714247E-06
    3244   3.624478984E-06
    3245   3.622245787E-06
    3246   3.655320041E-06
    3247   3.653069229E-06
    3248   3.650820494E-06
    3249   3.648573835E-06
    3250   3.646329250E-06
    3251   3.554634001E-06
    3252   3.552448551E-06
    3253   3.550265116E-06
    3254   3.548083694E-06
    3255   3.545904281E-06
    3256   3.488183480E-06
    3257   3.486042176E-06
    3258   3.483902844E-06
    3259   3.481765480E-06
    3260   3.479630083E-06
    3261   3.507374362E-06
    3262   3.505224577E-06
    3263   3.503076768E-06
    3264   3.500930932E-06
    3265   3.498787067E-06
    3266   3.323241470E-06
    3267   3.321207663E-06
    3268   3.319175721E-06
    3269   3.317145645E-06
    3270   3.315117430E-06
    3271   3.322542189E-06
    3272   3.320511916E-06
    3273   3.318483503E-06
    3274   3.316456948E-06
    3275   3.314432249E-06
    3276   3.185866375E-06
    3277   3.183922588E-06
    3278   3.181980580E-06
    3279   3.180040348E-06
    3280   3.178101890E-06
    3281   3.143180420E-06
    3282   3.141265598E-06
    3283   3.139352525E-06
    3284   3.137441199E-06
    3285   3.135531618E-06
    3286   3.084725634E-06
    3287   3.082849280E-06
    3288   3.080974637E-06
    3289   3.079101705E-06
    3290   3.077230479E-06
    3291   2.945997894E-06
    3292   2.944208645E-06
    3293   2.942421026E-06
    3294   2.940635034E-06
    3295   2.938850669E-06
    3296   2.989159895E-06
    3297   2.987347184E-06
    3298   2.985536122E-06
    3299   2.983726706E-06
    3300   2.981918935E-06
    3301   2.873330286E-06
    3302   2.871590456E-06
    3303   2.869852205E-06
    3304   2.868115532E-06
    3305   2.866380435E-06
    3306   2.810751057E-06
    3307   2.809051691E-06
    3308   2.807353866E-06
    3309   2.805657580E-06
    3310   2.803962830E-06
    3311   2.769202231E-06
    3312   2.767530512E-06
    3313   2.765860306E-06
    3314   2.764191612E-06
    3315   2.762524428E-06
    3316   2.690575017E-06
    3317   2.688953211E-06
    3318   2.687332872E-06
    3319   2.685713997E-06
    3320   2.684096584E-06
    3321   2.657913437E-06
    3322   2.656313730E-06
    3323   2.654715467E-06
    3324   2.653118646E-06
    3325   2.651523264E-06
    3326   2.595199860E-06
    3327   2.593640244E-06
    3328   2.592082034E-06
    3329   2.590525228E-06
    3330   2.588969824E-06
    3331   2.523471766E-06
    3332   2.521957531E-06
    3333   2.520444659E-06
    3334   2.518933148E-06
    3335   2.517422997E-06
    3336   2.446200279E-06
    3337   2.444734611E-06
    3338   2.443270259E-06
    3339   2.441807223E-06
    3340   2.440345501E-06
    3341   2.404428549E-06
    3342   2.402990063E-06
    3343   2.401552868E-06
    3344   2.400116962E-06
    3345   2.398682344E-06
    3346   2.373799981E-06
    3347   2.372381940E-06
    3348   2.370965170E-06
    3349   2.369549668E-06
    3350   2.368135434E-06
    3351   2.269774997E-06
    3352   2.268421120E-06
    3353   2.267068454E-06
    3354   2.265716997E-06
    3355   2.264366749E-06
    3356   2.231663555E-06
    3357   2.230334393E-06
    3358   2.229006417E-06
    3359   2.227679628E-06
    3360   2.226354023E-06
    3361   2.160202873E-06
    3362   2.158918185E-06
    3363   2.157634643E-06
    3364   2.156352245E-06
    3365   2.155070990E-06
    3366   2.129256398E-06
    3367   2.127991994E-06
    3368   2.126728716E-06
    3369   2.125466562E-06
    3370   2.124205532E-06
    3371   2.045299164E-06
    3372   2.044086417E-06
    3373   2.042874747E-06
    3374   2.041664155E-06
    3375   2.040454638E-06
    3376   1.977010272E-06
    3377   1.975839751E-06
    3378   1.974670269E-06
    3379   1.973501825E-06
    3380   1.972334418E-06
    3381   1.926114688E-06
    3382   1.924975986E-06
    3383   1.923838293E-06
    3384   1.922701609E-06
    3385   1.921565931E-06
    3386   1.874156105E-06
    3387   1.873049756E-06
    3388   1.871944386E-06
    3389   1.870839994E-06
    3390   1.869736579E-06
    3391   1.809892212E-06
    3392   1.808825373E-06
    3393   1.807759477E-06
    3394   1.806694523E-06
    3395   1.805630510E-06
    3396   1.740183395E-06
    3397   1.739159155E-06
    3398   1.738135820E-06
    3399   1.737113387E-06
    3400   1.736091856E-06
    3401   1.689514088E-06
    3402   1.688521132E-06
    3403   1.687529052E-06
    3404   1.686537845E-06
    3405   1.685547512E-06
    3406   1.616821689E-06
    3407   1.615872850E-06
    3408   1.614924846E-06
    3409   1.613977676E-06
    3410   1.613031339E-06
    3411   1.578367588E-06
    3412   1.577442673E-06
    3413   1.576518571E-06
    3414   1.575595280E-06
    3415   1.574672800E-06
    3416   1.526419411E-06
    3417   1.525526245E-06
    3418   1.524633864E-06
    3419   1.523742265E-06
    3420   1.522851448E-06
    3421   1.457002601E-06
    3422   1.456151299E-06
    3423   1.455300744E-06
    3424   1.454450933E-06
    3425   1.453601866E-06
    3426   1.428091700E-06
    3427   1.427258507E-06
    3428   1.426426044E-06
    3429   1.425594309E-06
    3430   1.424763301E-06
    3431   1.376168797E-06
    3432   1.375367067E-06
    3433   1.374566038E-06
    3434   1.373765709E-06
    3435   1.372966078E-06
    3436   1.342107379E-06
    3437   1.341326630E-06
    3438   1.340546562E-06
    3439   1.339767175E-06
    3440   1.338988467E-06
    3441   1.321860465E-06
    3442   1.321092611E-06
    3443   1.320325426E-06
    3444   1.319558909E-06
    3445   1.318793060E-06
    3446   1.255079335E-06
    3447   1.254351331E-06
    3448   1.253623960E-06
    3449   1.252897221E-06
    3450   1.252171114E-06
    3451   1.252084693E-06
    3452   1.251359477E-06
    3453   1.250634892E-06
    3454   1.249910935E-06
    3455   1.249187607E-06
    3456   1.191176987E-06
    3457   1.190488047E-06
    3458   1.189799705E-06
    3459   1.189111959E-06
    3460   1.188424810E-06
    3461   1.172120024E-06
    3462   1.171443084E-06
    3463   1.170766732E-06
    3464   1.170090964E-06
    3465   1.169415782E-06
    3466   1.129873410E-06
    3467   1.129221811E-06
    3468   1.128570775E-06
    3469   1.127920302E-06
    3470   1.127270391E-06
    3471   1.083639870E-06
    3472   1.083015833E-06
    3473   1.082392335E-06
    3474   1.081769375E-06
    3475   1.081146953E-06
    3476   1.062395653E-06
    3477   1.061784729E-06
    3478   1.061174333E-06
    3479   1.060564462E-06
    3480   1.059955118E-06
    3481   1.005204339E-06
    3482   1.004627133E-06
    3483   1.004050424E-06
    3484   1.003474211E-06
    3485   1.002898494E-06
    3486   9.723037484E-07
    3487   9.717462348E-07
    3488   9.711892006E-07
    3489   9.706326452E-07
    3490   9.700765680E-07
    3491   9.340893243E-07
    3492   9.335544893E-07
    3493   9.330201135E-07
    3494   9.324861965E-07
    3495   9.319527375E-07
    3496   8.972068594E-07
    3497   8.966938767E-07
    3498   8.961813337E-07
    3499   8.956692301E-07
    3500   8.951575653E-07
