      50   4.709556411E-14
      51   3.954011661E-14
      52   3.804803674E-14
      53   3.663885020E-14
      54   3.530652837E-14
      55   3.404558093E-14
      56   1.428274536E-14
      57   1.379023690E-14
      58   1.332277125E-14
      59   1.287867887E-14
      60   1.245642710E-14
      61   1.334630658E-14
      62   1.292261431E-14
      63   1.251878261E-14
      64   1.213358930E-14
      65   1.176590478E-14
      66   2.492171524E-14
      67   2.418872361E-14
      68   2.348760119E-14
      69   2.281652687E-14
      70   2.217380780E-14
      71   1.253932453E-14
      72   1.219578139E-14
      73   1.186616568E-14
      74   1.154973459E-14
      75   1.124579421E-14
      76   2.294363354E-14
      77   2.235533524E-14
      78   2.178937739E-14
      79   2.124464296E-14
      80   2.072008387E-14
      81   2.731101751E-14
      82   2.665292070E-14
      83   2.601832735E-14
      84   2.540613141E-14
      85   2.481529115E-14
      86   2.922093380E-14
      87   2.855682167E-14
      88   2.791509534E-14
      89   2.729475989E-14
      90   2.669487506E-14
      91   5.505573559E-14
      92   5.387174127E-14
      93   5.272553401E-14
      94   5.161552277E-14
      95   5.054019938E-14
      96   4.509662744E-14
      97   4.417628811E-14
      98   4.328383784E-14
      99   4.241816108E-14
     100   4.157819750E-14
     101   4.590288174E-14
     102   4.501156365E-14
     103   4.414595666E-14
     104   4.330508129E-14
     105   4.248800429E-14
     106   4.717965876E-14
     107   4.630596137E-14
     108   4.545631071E-14
     109   4.462983233E-14
     110   4.382569121E-14
     111   4.431586793E-14
     112   4.353151629E-14
     113   4.276780548E-14
     114   4.202401756E-14
     115   4.129946553E-14
     116   3.769887207E-14
     117   3.705990813E-14
     118   3.643705253E-14
     119   3.582976832E-14
     120   3.523754075E-14
     121   3.061661373E-14
     122   3.011878261E-14
     123   2.963299580E-14
     124   2.915886786E-14
     125   2.869602869E-14
     126   2.458214224E-14
     127   2.419804626E-14
     128   2.382288276E-14
     129   2.345637687E-14
     130   2.309826424E-14
     131   2.479340856E-14
     132   2.442057535E-14
     133   2.405608915E-14
     134   2.369970264E-14
     135   2.335117760E-14
     136   1.414688537E-14
     137   1.394185804E-14
     138   1.374125577E-14
     139   1.354495211E-14
     140   1.335282513E-14
     141   0.000000000E+00
     142   0.000000000E+00
     143   0.000000000E+00
     144   0.000000000E+00
     145   0.000000000E+00
     146   9.747115988E-15
     147   9.615398205E-15
     148   9.486332457E-15
     149   9.359848024E-15
     150   9.235876527E-15
     151   4.858637933E-16
     152   4.795126326E-16
     153   4.732851958E-16
     154   4.671782900E-16
     155   4.611888248E-16
     156   7.460708774E-15
     157   7.366269423E-15
     158   7.273611946E-15
     159   7.182691796E-15
     160   7.093465811E-15
     161   1.262103466E-14
     162   1.246617534E-14
     163   1.231414881E-14
     164   1.216488640E-14
     165   1.201832150E-14
     166   3.744262179E-15
     167   3.699687629E-15
     168   3.655904343E-15
     169   3.612893704E-15
     170   3.570637637E-15
     171   5.110616657E-15
     172   5.051534384E-15
     173   4.993470770E-15
     174   4.936402533E-15
     175   4.880307050E-15
     176   2.693062438E-14
     177   2.662803309E-14
     178   2.633051317E-14
     179   2.603795191E-14
     180   2.575023974E-14
     181   1.175112013E-14
     182   1.162269258E-14
     183   1.149635897E-14
     184   1.137207401E-14
     185   1.124979364E-14
     186   3.878122710E-14
     187   3.836866086E-14
     188   3.796264328E-14
     189   3.756303651E-14
     190   3.716970628E-14
     191   2.947265100E-14
     192   2.916723493E-14
     193   2.886654178E-14
     194   2.857047469E-14
     195   2.827893923E-14
     196   4.368183540E-14
     197   4.324060474E-14
     198   4.280602580E-14
     199   4.237796554E-14
     200   4.195629424E-14
     201   3.922618173E-14
     202   3.883971689E-14
     203   3.845893535E-14
     204   3.808372622E-14
     205   3.771398131E-14
     206   0.000000000E+00
     207   0.000000000E+00
     208   0.000000000E+00
     209   0.000000000E+00
     210   0.000000000E+00
     211   0.000000000E+00
     212   0.000000000E+00
     213   0.000000000E+00
     214   0.000000000E+00
     215   0.000000000E+00
     216   0.000000000E+00
     217   0.000000000E+00
     218   0.000000000E+00
     219   0.000000000E+00
     220   0.000000000E+00
     221   0.000000000E+00
     222   0.000000000E+00
     223   0.000000000E+00
     224   0.000000000E+00
     225   0.000000000E+00
     226   0.000000000E+00
     227   0.000000000E+00
     228   0.000000000E+00
     229   0.000000000E+00
     230   0.000000000E+00
     231   0.000000000E+00
     232   0.000000000E+00
     233   0.000000000E+00
     234   0.000000000E+00
     235   0.000000000E+00
     236   0.000000000E+00
     237   0.000000000E+00
     238   0.000000000E+00
     239   0.000000000E+00
     240   0.000000000E+00
     241   0.000000000E+00
     242   0.000000000E+00
     243   0.000000000E+00
     244   0.000000000E+00
     245   0.000000000E+00
     246   0.000000000E+00
     247   0.000000000E+00
     248   0.000000000E+00
     249   0.000000000E+00
     250   0.000000000E+00
     251   7.141624132E-14
     252   7.085168605E-14
     253   7.029379876E-14
     254   6.974247485E-14
     255   6.919761176E-14
     256   1.646348014E-13
     257   1.633585626E-13
     258   1.620971066E-13
     259   1.608502057E-13
     260   1.596176371E-13
     261   1.014174942E-12
     262   1.006462585E-12
     263   9.988378686E-13
     264   9.912994696E-13
     265   9.838460901E-13
     266   1.098869343E-12
     267   1.090668826E-12
     268   1.082559764E-12
     269   1.074540803E-12
     270   1.066610612E-12
     271   2.209024689E-12
     272   2.192841358E-12
     273   2.176835216E-12
     274   2.161003687E-12
     275   2.145344240E-12
     276   2.313908647E-12
     277   2.297261822E-12
     278   2.280793996E-12
     279   2.264502610E-12
     280   2.248385154E-12
     281   1.241888156E-11
     282   1.233111561E-11
     283   1.224427677E-11
     284   1.215835202E-11
     285   1.207332858E-11
     286   2.124455305E-11
     287   2.109702143E-11
     288   2.095102129E-11
     289   2.080653148E-11
     290   2.066353127E-11
     291   3.211629395E-11
     292   3.189707010E-11
     293   3.168008323E-11
     294   3.146530301E-11
     295   3.125269961E-11
     296   4.247746432E-11
     297   4.219238066E-11
     298   4.191015738E-11
     299   4.163075633E-11
     300   4.135414001E-11
     301   5.584498145E-11
     302   5.547636771E-11
     303   5.511139161E-11
     304   5.475000543E-11
     305   5.439216226E-11
     306   9.460764481E-11
     307   9.399330945E-11
     308   9.338493852E-11
     309   9.278245504E-11
     310   9.218578331E-11
     311   9.160528106E-11
     312   9.101994380E-11
     313   9.044019893E-11
     314   8.986597545E-11
     315   8.929720345E-11
     316   1.059658304E-10
     317   1.052993786E-10
     318   1.046391945E-10
     319   1.039851995E-10
     320   1.033373166E-10
     321   1.322974471E-10
     322   1.314782679E-10
     323   1.306666736E-10
     324   1.298625710E-10
     325   1.290658681E-10
     326   1.396201950E-10
     327   1.387688524E-10
     328   1.379252727E-10
     329   1.370893620E-10
     330   1.362610275E-10
     331   1.730790586E-10
     332   1.720395448E-10
     333   1.710093678E-10
     334   1.699884164E-10
     335   1.689765806E-10
     336   1.741639754E-10
     337   1.731334194E-10
     338   1.721119833E-10
     339   1.710995598E-10
     340   1.700960433E-10
     341   2.193287591E-10
     342   2.180498742E-10
     343   2.167821424E-10
     344   2.155254343E-10
     345   2.142796226E-10
     346   2.503620424E-10
     347   2.489231800E-10
     348   2.474966862E-10
     349   2.460824194E-10
     350   2.446802404E-10
     351   2.321122029E-10
     352   2.307971196E-10
     353   2.294931811E-10
     354   2.282002617E-10
     355   2.269182378E-10
     356   2.959382584E-10
     357   2.942849721E-10
     358   2.926455015E-10
     359   2.910196931E-10
     360   2.894073957E-10
     361   2.659609272E-10
     362   2.644955777E-10
     363   2.630423053E-10
     364   2.616009776E-10
     365   2.601714641E-10
     366   3.673075600E-10
     367   3.653113232E-10
     368   3.633313161E-10
     369   3.613673630E-10
     370   3.594192910E-10
     371   3.431416295E-10
     372   3.413017281E-10
     373   3.394765851E-10
     374   3.376660433E-10
     375   3.358699474E-10
     376   3.748288018E-10
     377   3.728455806E-10
     378   3.708780577E-10
     379   3.689260680E-10
     380   3.669894482E-10
     381   4.301510306E-10
     382   4.279048111E-10
     383   4.256761402E-10
     384   4.234648356E-10
     385   4.212707173E-10
     386   3.940292501E-10
     387   3.919981715E-10
     388   3.899827567E-10
     389   3.879828451E-10
     390   3.859982781E-10
     391   4.813360009E-10
     392   4.788864539E-10
     393   4.764555582E-10
     394   4.740431250E-10
     395   4.716489678E-10
     396   4.663363061E-10
     397   4.639929075E-10
     398   4.616671285E-10
     399   4.593587929E-10
     400   4.570677266E-10
     401   5.284342629E-10
     402   5.258117604E-10
     403   5.232087319E-10
     404   5.206249851E-10
     405   5.180603300E-10
     406   5.736414333E-10
     407   5.708294655E-10
     408   5.680381234E-10
     409   5.652672057E-10
     410   5.625165137E-10
     411   5.717691398E-10
     412   5.690002820E-10
     413   5.662514884E-10
     414   5.635225655E-10
     415   5.608133224E-10
     416   6.262031077E-10
     417   6.232069206E-10
     418   6.202321859E-10
     419   6.172786993E-10
     420   6.143462589E-10
     421   6.497293479E-10
     422   6.466573415E-10
     423   6.436070711E-10
     424   6.405783319E-10
     425   6.375709219E-10
     426   6.931042697E-10
     427   6.898654647E-10
     428   6.866493086E-10
     429   6.834555909E-10
     430   6.802841033E-10
     431   7.301817557E-10
     432   7.268090917E-10
     433   7.234597411E-10
     434   7.201334894E-10
     435   7.168301248E-10
     436   7.999239609E-10
     437   7.962713401E-10
     438   7.926436802E-10
     439   7.890407544E-10
     440   7.854623383E-10
     441   8.057734943E-10
     442   8.021356907E-10
     443   7.985224669E-10
     444   7.949336018E-10
     445   7.913688772E-10
     446   8.906994124E-10
     447   8.867230758E-10
     448   8.827733071E-10
     449   8.788498702E-10
     450   8.749525315E-10
     451   9.113258317E-10
     452   9.073023181E-10
     453   9.033053916E-10
     454   8.993348184E-10
     455   8.953903675E-10
     456   9.796789434E-10
     457   9.754008695E-10
     458   9.711507567E-10
     459   9.669283621E-10
     460   9.627334452E-10
     461   1.049119700E-09
     462   1.044587865E-09
     463   1.040085332E-09
     464   1.035611846E-09
     465   1.031167160E-09
     466   1.021982588E-09
     467   1.017615141E-09
     468   1.013275631E-09
     469   1.008963820E-09
     470   1.004679472E-09
     471   1.245442901E-09
     472   1.240176758E-09
     473   1.234943944E-09
     474   1.229744180E-09
     475   1.224577188E-09
     476   1.196232892E-09
     477   1.191227733E-09
     478   1.186253922E-09
     479   1.181311198E-09
     480   1.176399301E-09
     481   1.358659005E-09
     482   1.353033088E-09
     483   1.347442042E-09
     484   1.341885580E-09
     485   1.336363417E-09
     486   1.340396028E-09
     487   1.334902601E-09
     488   1.329442877E-09
     489   1.324016580E-09
     490   1.318623437E-09
     491   1.377392671E-09
     492   1.371804871E-09
     493   1.366251005E-09
     494   1.360730799E-09
     495   1.355243982E-09
     496   1.657138147E-09
     497   1.650482973E-09
     498   1.643867811E-09
     499   1.637292340E-09
     500   1.630756243E-09
     501   1.552164800E-09
     502   1.545993171E-09
     503   1.539858277E-09
     504   1.533759828E-09
     505   1.527697537E-09
     506   1.805260624E-09
     507   1.798153299E-09
     508   1.791087864E-09
     509   1.784063990E-09
     510   1.777081352E-09
     511   1.808408938E-09
     512   1.801358611E-09
     513   1.794349433E-09
     514   1.787381086E-09
     515   1.780453252E-09
     516   1.915800911E-09
     517   1.908403996E-09
     518   1.901049838E-09
     519   1.893738108E-09
     520   1.886468480E-09
     521   2.178799152E-09
     522   2.170467224E-09
     523   2.162182998E-09
     524   2.153946110E-09
     525   2.145756201E-09
     526   1.955634384E-09
     527   1.948226678E-09
     528   1.940860982E-09
     529   1.933536978E-09
     530   1.926254353E-09
     531   2.403322856E-09
     532   2.394304759E-09
     533   2.385337326E-09
     534   2.376420177E-09
     535   2.367552938E-09
     536   2.372007974E-09
     537   2.363190101E-09
     538   2.354421306E-09
     539   2.345701228E-09
     540   2.337029504E-09
     541   2.719618490E-09
     542   2.709601479E-09
     543   2.699639709E-09
     544   2.689732774E-09
     545   2.679880273E-09
     546   2.836002598E-09
     547   2.825652223E-09
     548   2.815358408E-09
     549   2.805120741E-09
     550   2.794938815E-09
     551   2.604918268E-09
     552   2.595497225E-09
     553   2.586127199E-09
     554   2.576807822E-09
     555   2.567538729E-09
     556   3.204725460E-09
     557   3.193238989E-09
     558   3.181814163E-09
     559   3.170450541E-09
     560   3.159147687E-09
     561   3.096605600E-09
     562   3.085605225E-09
     563   3.074663362E-09
     564   3.063779598E-09
     565   3.052953522E-09
     566   3.517345677E-09
     567   3.504960657E-09
     568   3.492640936E-09
     569   3.480386055E-09
     570   3.468195561E-09
     571   3.522465735E-09
     572   3.510170916E-09
     573   3.497940355E-09
     574   3.485773606E-09
     575   3.473670226E-09
     576   3.676639519E-09
     577   3.663917583E-09
     578   3.651261563E-09
     579   3.638671006E-09
     580   3.626145461E-09
     581   4.065163890E-09
     582   4.051218217E-09
     583   4.037344182E-09
     584   4.023541296E-09
     585   4.009809073E-09
     586   3.965018922E-09
     587   3.951532463E-09
     588   3.938114696E-09
     589   3.924765154E-09
     590   3.911483377E-09
     591   4.501118251E-09
     592   4.485937414E-09
     593   4.470833248E-09
     594   4.455805237E-09
     595   4.440852870E-09
     596   4.690288395E-09
     597   4.674601812E-09
     598   4.658993792E-09
     599   4.643463813E-09
     600   4.628011355E-09
     601   4.956055852E-09
     602   4.939617855E-09
     603   4.923261505E-09
     604   4.906986260E-09
     605   4.890791586E-09
     606   5.147979912E-09
     607   5.131045768E-09
     608   5.114195043E-09
     609   5.097427190E-09
     610   5.080741668E-09
     611   5.025083543E-09
     612   5.008688490E-09
     613   4.992373544E-09
     614   4.976138183E-09
     615   4.959981890E-09
     616   5.944829497E-09
     617   5.925590567E-09
     618   5.906444878E-09
     619   5.887391830E-09
     620   5.868430826E-09
     621   5.906599622E-09
     622   5.887637826E-09
     623   5.868767192E-09
     624   5.849987137E-09
     625   5.831297082E-09
     626   6.389419163E-09
     627   6.369070694E-09
     628   6.348819277E-09
     629   6.328664295E-09
     630   6.308605138E-09
     631   6.393675936E-09
     632   6.373474748E-09
     633   6.353369150E-09
     634   6.333358538E-09
     635   6.313442316E-09
     636   6.906927487E-09
     637   6.885275677E-09
     638   6.863725518E-09
     639   6.842276376E-09
     640   6.820927620E-09
     641   7.478533518E-09
     642   7.455272138E-09
     643   7.432119119E-09
     644   7.409073788E-09
     645   7.386135479E-09
     646   7.225226779E-09
     647   7.202926696E-09
     648   7.180729696E-09
     649   7.158635143E-09
     650   7.136642408E-09
     651   8.120123348E-09
     652   8.095253139E-09
     653   8.070497013E-09
     654   8.045854274E-09
     655   8.021324231E-09
     656   8.050154547E-09
     657   8.025685992E-09
     658   8.001328827E-09
     659   7.977082376E-09
     660   7.952945969E-09
     661   8.629561897E-09
     662   8.603530036E-09
     663   8.577615789E-09
     664   8.551818448E-09
     665   8.526137312E-09
     666   9.215146946E-09
     667   9.187556686E-09
     668   9.160090149E-09
     669   9.132746596E-09
     670   9.105525295E-09
     671   9.109243958E-09
     672   9.082173396E-09
     673   9.055223327E-09
     674   9.028393035E-09
     675   9.001681813E-09
     676   1.021748278E-08
     677   1.018734272E-08
     678   1.015733582E-08
     679   1.012746130E-08
     680   1.009771839E-08
     681   1.006376613E-08
     682   1.003429683E-08
     683   1.000495678E-08
     684   9.975745228E-09
     685   9.946661423E-09
     686   1.130322475E-08
     687   1.127036654E-08
     688   1.123765140E-08
     689   1.120507850E-08
     690   1.117264701E-08
     691   1.119962188E-08
     692   1.116729974E-08
     693   1.113511732E-08
     694   1.110307381E-08
     695   1.107116843E-08
     696   1.139394965E-08
     697   1.136130223E-08
     698   1.132879493E-08
     699   1.129642694E-08
     700   1.126419748E-08
     701   1.304315166E-08
     702   1.300604454E-08
     703   1.296909555E-08
     704   1.293230379E-08
     705   1.289566837E-08
     706   1.207530904E-08
     707   1.204119800E-08
     708   1.200723129E-08
     709   1.197340810E-08
     710   1.193972763E-08
     711   1.380151572E-08
     712   1.376280179E-08
     713   1.372425052E-08
     714   1.368586101E-08
     715   1.364763235E-08
     716   1.348081150E-08
     717   1.344326049E-08
     718   1.340586617E-08
     719   1.336862765E-08
     720   1.333154408E-08
     721   1.461965650E-08
     722   1.457921485E-08
     723   1.453894077E-08
     724   1.449883335E-08
     725   1.445889166E-08
     726   1.542545230E-08
     727   1.538307468E-08
     728   1.534087146E-08
     729   1.529884168E-08
     730   1.525698438E-08
     731   1.487410557E-08
     732   1.483352138E-08
     733   1.479310307E-08
     734   1.475284973E-08
     735   1.471276046E-08
     736   1.678715485E-08
     737   1.674166121E-08
     738   1.669635224E-08
     739   1.665122697E-08
     740   1.660628438E-08
     741   1.676914066E-08
     742   1.672400165E-08
     743   1.667904466E-08
     744   1.663426870E-08
     745   1.658967281E-08
     746   1.821230448E-08
     747   1.816360848E-08
     748   1.811510752E-08
     749   1.806680057E-08
     750   1.801868659E-08
     751   1.859378729E-08
     752   1.854440140E-08
     753   1.849521201E-08
     754   1.844621807E-08
     755   1.839741855E-08
     756   1.802986949E-08
     757   1.798229727E-08
     758   1.793491309E-08
     759   1.788771595E-08
     760   1.784070487E-08
     761   2.132019350E-08
     762   2.126430833E-08
     763   2.120864260E-08
     764   2.115319517E-08
     765   2.109796490E-08
     766   2.041570044E-08
     767   2.036253455E-08
     768   2.030957607E-08
     769   2.025682393E-08
     770   2.020427704E-08
     771   2.195513497E-08
     772   2.189832996E-08
     773   2.184174513E-08
     774   2.178537933E-08
     775   2.172923145E-08
     776   2.208787574E-08
     777   2.203109457E-08
     778   2.197453207E-08
     779   2.191818712E-08
     780   2.186205860E-08
     781   2.361794300E-08
     782   2.355761620E-08
     783   2.349752024E-08
     784   2.343765394E-08
     785   2.337801615E-08
     786   2.440121487E-08
     787   2.433928285E-08
     788   2.427758632E-08
     789   2.421612407E-08
     790   2.415489493E-08
     791   2.488763024E-08
     792   2.482486194E-08
     793   2.476233080E-08
     794   2.470003563E-08
     795   2.463797524E-08
     796   2.651500952E-08
     797   2.644855586E-08
     798   2.638235172E-08
     799   2.631639584E-08
     800   2.625068699E-08
     801   2.726614593E-08
     802   2.719823523E-08
     803   2.713057793E-08
     804   2.706317277E-08
     805   2.699601849E-08
     806   2.810441421E-08
     807   2.803484883E-08
     808   2.796554142E-08
     809   2.789649070E-08
     810   2.782769541E-08
     811   2.861414118E-08
     812   2.854374969E-08
     813   2.847361762E-08
     814   2.840374372E-08
     815   2.833412670E-08
     816   2.893289791E-08
     817   2.886215733E-08
     818   2.879167587E-08
     819   2.872145227E-08
     820   2.865148528E-08
     821   3.154478581E-08
     822   3.146812776E-08
     823   3.139174881E-08
     824   3.131564760E-08
     825   3.123982279E-08
     826   3.174953437E-08
     827   3.167284467E-08
     828   3.159643250E-08
     829   3.152029652E-08
     830   3.144443539E-08
     831   3.420368626E-08
     832   3.412156456E-08
     833   3.403973827E-08
     834   3.395820596E-08
     835   3.387696623E-08
     836   3.364597482E-08
     837   3.356567417E-08
     838   3.348566064E-08
     839   3.340593288E-08
     840   3.332648952E-08
     841   3.460898230E-08
     842   3.452687321E-08
     843   3.444505597E-08
     844   3.436352921E-08
     845   3.428229155E-08
     846   3.812897912E-08
     847   3.803905228E-08
     848   3.794944320E-08
     849   3.786015040E-08
     850   3.777117237E-08
     851   3.745669028E-08
     852   3.736886686E-08
     853   3.728135195E-08
     854   3.719414410E-08
     855   3.710724190E-08
     856   4.017979839E-08
     857   4.008613918E-08
     858   3.999280708E-08
     859   3.989980055E-08
     860   3.980711809E-08
     861   3.910069044E-08
     862   3.901007470E-08
     863   3.891977360E-08
     864   3.882978569E-08
     865   3.874010951E-08
     866   4.234988797E-08
     867   4.225230759E-08
     868   4.215506407E-08
     869   4.205815588E-08
     870   4.196158147E-08
     871   4.496067151E-08
     872   4.485766882E-08
     873   4.475501970E-08
     874   4.465272251E-08
     875   4.455077565E-08
     876   4.427205502E-08
     877   4.417120752E-08
     878   4.407070420E-08
     879   4.397054351E-08
     880   4.387072389E-08
     881   4.770160916E-08
     882   4.759356475E-08
     883   4.748588700E-08
     884   4.737857426E-08
     885   4.727162488E-08
     886   4.778825209E-08
     887   4.768062089E-08
     888   4.757335290E-08
     889   4.746644649E-08
     890   4.735990003E-08
     891   5.042809628E-08
     892   5.031515542E-08
     893   5.020259355E-08
     894   5.009040898E-08
     895   4.997860003E-08
     896   5.126636211E-08
     897   5.115218313E-08
     898   5.103838517E-08
     899   5.092496653E-08
     900   5.081192554E-08
     901   5.115382271E-08
     902   5.104052521E-08
     903   5.092760370E-08
     904   5.081505650E-08
     905   5.070288199E-08
     906   5.554253696E-08
     907   5.542019657E-08
     908   5.529825994E-08
     909   5.517672531E-08
     910   5.505559089E-08
     911   5.420201864E-08
     912   5.408328475E-08
     913   5.396494059E-08
     914   5.384698443E-08
     915   5.372941460E-08
     916   5.838466921E-08
     917   5.825746949E-08
     918   5.813068501E-08
     919   5.800431395E-08
     920   5.787835453E-08
     921   5.749098483E-08
     922   5.736641064E-08
     923   5.724224092E-08
     924   5.711847392E-08
     925   5.699510788E-08
     926   5.839571720E-08
     927   5.826986436E-08
     928   5.814441794E-08
     929   5.801937618E-08
     930   5.789473735E-08
     931   6.461635551E-08
     932   6.447784242E-08
     933   6.433977424E-08
     934   6.420214905E-08
     935   6.406496497E-08
     936   6.068157752E-08
     937   6.055219249E-08
     938   6.042322084E-08
     939   6.029466079E-08
     940   6.016651061E-08
     941   6.676875456E-08
     942   6.662714533E-08
     943   6.648598612E-08
     944   6.634527504E-08
     945   6.620501019E-08
     946   6.681854741E-08
     947   6.667758001E-08
     948   6.653705824E-08
     949   6.639698022E-08
     950   6.625734409E-08
     951   7.008666195E-08
     952   6.993957556E-08
     953   6.979295171E-08
     954   6.964678846E-08
     955   6.950108389E-08
     956   7.199586146E-08
     957   7.184555695E-08
     958   7.169572263E-08
     959   7.154635654E-08
     960   7.139745673E-08
     961   6.991576754E-08
     962   6.977056345E-08
     963   6.962581125E-08
     964   6.948150905E-08
     965   6.933765499E-08
     966   7.816365922E-08
     967   7.800216406E-08
     968   7.784116888E-08
     969   7.768067163E-08
     970   7.752067024E-08
     971   7.339122672E-08
     972   7.324037117E-08
     973   7.308998026E-08
     974   7.294005210E-08
     975   7.279058478E-08
     976   8.024601612E-08
     977   8.008191384E-08
     978   7.991831442E-08
     979   7.975521582E-08
     980   7.959261599E-08
     981   7.886254271E-08
     982   7.870208993E-08
     983   7.854212633E-08
     984   7.838264993E-08
     985   7.822365876E-08
     986   7.808228564E-08
     987   7.792422433E-08
     988   7.776664248E-08
     989   7.760953815E-08
     990   7.745290942E-08
     991   8.479508895E-08
     992   8.462430327E-08
     993   8.445403305E-08
     994   8.428427620E-08
     995   8.411503066E-08
     996   8.534354889E-08
     997   8.517251973E-08
     998   8.500200418E-08
     999   8.483200017E-08
    1000   8.466250567E-08
    1001   8.680209881E-08
    1002   8.662901387E-08
    1003   8.645644611E-08
    1004   8.628439348E-08
    1005   8.611285393E-08
    1006   8.690823871E-08
    1007   8.673580173E-08
    1008   8.656387744E-08
    1009   8.639246382E-08
    1010   8.622155885E-08
    1011   8.845279270E-08
    1012   8.827815737E-08
    1013   8.810403872E-08
    1014   8.793043470E-08
    1015   8.775734329E-08
    1016   9.446206209E-08
    1017   9.427647847E-08
    1018   9.409144122E-08
    1019   9.390694820E-08
    1020   9.372299727E-08
    1021   9.288483843E-08
    1022   9.270324540E-08
    1023   9.252218437E-08
    1024   9.234165328E-08
    1025   9.216165006E-08
    1026   9.577008358E-08
    1027   9.558376046E-08
    1028   9.539798055E-08
    1029   9.521274176E-08
    1030   9.502804197E-08
    1031   9.706932806E-08
    1032   9.688139132E-08
    1033   9.669399985E-08
    1034   9.650715154E-08
    1035   9.632084430E-08
    1036   1.003371857E-07
    1037   1.001438578E-07
    1038   9.995108808E-08
    1039   9.975887445E-08
    1040   9.956721475E-08
    1041   1.048862324E-07
    1042   1.046851083E-07
    1043   1.044845621E-07
    1044   1.042845916E-07
    1045   1.040851947E-07
    1046   1.030620344E-07
    1047   1.028653511E-07
    1048   1.026692303E-07
    1049   1.024736699E-07
    1050   1.022786676E-07
    1051   1.057429140E-07
    1052   1.055420728E-07
    1053   1.053418032E-07
    1054   1.051421031E-07
    1055   1.049429703E-07
    1056   1.052815161E-07
    1057   1.050824962E-07
    1058   1.048840401E-07
    1059   1.046861457E-07
    1060   1.044888108E-07
    1061   1.096383919E-07
    1062   1.094321108E-07
    1063   1.092264114E-07
    1064   1.090212914E-07
    1065   1.088167486E-07
    1066   1.131136927E-07
    1067   1.129018693E-07
    1068   1.126906404E-07
    1069   1.124800037E-07
    1070   1.122699570E-07
    1071   1.145314713E-07
    1072   1.143179924E-07
    1073   1.141051097E-07
    1074   1.138928211E-07
    1075   1.136811244E-07
    1076   1.140414410E-07
    1077   1.138298614E-07
    1078   1.136188699E-07
    1079   1.134084646E-07
    1080   1.131986432E-07
    1081   1.220092538E-07
    1082   1.217839366E-07
    1083   1.215592430E-07
    1084   1.213351706E-07
    1085   1.211117173E-07
    1086   1.226352288E-07
    1087   1.224097964E-07
    1088   1.221849850E-07
    1089   1.219607924E-07
    1090   1.217372162E-07
    1091   1.227458632E-07
    1092   1.225212597E-07
    1093   1.222972720E-07
    1094   1.220738980E-07
    1095   1.218511354E-07
    1096   1.256867456E-07
    1097   1.254578080E-07
    1098   1.252294953E-07
    1099   1.250018053E-07
    1100   1.247747357E-07
    1101   1.290962839E-07
    1102   1.288622018E-07
    1103   1.286287558E-07
    1104   1.283959435E-07
    1105   1.281637628E-07
    1106   1.255897935E-07
    1107   1.253630971E-07
    1108   1.251370140E-07
    1109   1.249115419E-07
    1110   1.246866786E-07
    1111   1.310289087E-07
    1112   1.307934569E-07
    1113   1.305586392E-07
    1114   1.303244533E-07
    1115   1.300908969E-07
    1116   1.304983547E-07
    1117   1.302649050E-07
    1118   1.300320813E-07
    1119   1.297998811E-07
    1120   1.295683024E-07
    1121   1.376956993E-07
    1122   1.374504710E-07
    1123   1.372058972E-07
    1124   1.369619756E-07
    1125   1.367187039E-07
    1126   1.349231117E-07
    1127   1.346838863E-07
    1128   1.344452966E-07
    1129   1.342073403E-07
    1130   1.339700152E-07
    1131   1.376532093E-07
    1132   1.374102204E-07
    1133   1.371678743E-07
    1134   1.369261688E-07
    1135   1.366851016E-07
    1136   1.394788699E-07
    1137   1.392337401E-07
    1138   1.389892559E-07
    1139   1.387454151E-07
    1140   1.385022154E-07
    1141   1.406127072E-07
    1142   1.403666657E-07
    1143   1.401212694E-07
    1144   1.398765161E-07
    1145   1.396324035E-07
    1146   1.473701865E-07
    1147   1.471134440E-07
    1148   1.468573719E-07
    1149   1.466019677E-07
    1150   1.463472293E-07
    1151   1.413856719E-07
    1152   1.411404236E-07
    1153   1.408958128E-07
    1154   1.406518374E-07
    1155   1.404084951E-07
    1156   1.478104265E-07
    1157   1.475551408E-07
    1158   1.473005158E-07
    1159   1.470465494E-07
    1160   1.467932393E-07
    1161   1.457662047E-07
    1162   1.455155319E-07
    1163   1.452655052E-07
    1164   1.450161224E-07
    1165   1.447673812E-07
    1166   1.508580676E-07
    1167   1.505997490E-07
    1168   1.503420933E-07
    1169   1.500850983E-07
    1170   1.498287617E-07
    1171   1.557896238E-07
    1172   1.555239978E-07
    1173   1.552590507E-07
    1174   1.549947799E-07
    1175   1.547311834E-07
    1176   1.483280433E-07
    1177   1.480762130E-07
    1178   1.478250235E-07
    1179   1.475744726E-07
    1180   1.473245582E-07
    1181   1.543477261E-07
    1182   1.540867832E-07
    1183   1.538265015E-07
    1184   1.535668787E-07
    1185   1.533079126E-07
    1186   1.582836544E-07
    1187   1.580171836E-07
    1188   1.577513852E-07
    1189   1.574862568E-07
    1190   1.572217962E-07
    1191   1.542321037E-07
    1192   1.539735419E-07
    1193   1.537156298E-07
    1194   1.534583652E-07
    1195   1.532017458E-07
    1196   1.613954775E-07
    1197   1.611260360E-07
    1198   1.608572686E-07
    1199   1.605891732E-07
    1200   1.603217474E-07
    1201   1.559601181E-07
    1202   1.557008328E-07
    1203   1.554421935E-07
    1204   1.551841982E-07
    1205   1.549268446E-07
    1206   1.643614213E-07
    1207   1.640892997E-07
    1208   1.638178534E-07
    1209   1.635470801E-07
    1210   1.632769776E-07
    1211   1.587399428E-07
    1212   1.584782116E-07
    1213   1.582171273E-07
    1214   1.579566875E-07
    1215   1.576968904E-07
    1216   1.621473722E-07
    1217   1.618811204E-07
    1218   1.616155238E-07
    1219   1.613505803E-07
    1220   1.610862878E-07
    1221   1.662720761E-07
    1222   1.660001675E-07
    1223   1.657289254E-07
    1224   1.654583476E-07
    1225   1.651884318E-07
    1226   1.607933685E-07
    1227   1.605314901E-07
    1228   1.602702509E-07
    1229   1.600096488E-07
    1230   1.597496819E-07
    1231   1.730698257E-07
    1232   1.727890960E-07
    1233   1.725090489E-07
    1234   1.722296820E-07
    1235   1.719509932E-07
    1236   1.668968193E-07
    1237   1.666271960E-07
    1238   1.663582256E-07
    1239   1.660899059E-07
    1240   1.658222348E-07
    1241   1.670378571E-07
    1242   1.667690914E-07
    1243   1.665009739E-07
    1244   1.662335025E-07
    1245   1.659666750E-07
    1246   1.723969078E-07
    1247   1.721206307E-07
    1248   1.718450172E-07
    1249   1.715700652E-07
    1250   1.712957725E-07
    1251   1.654778997E-07
    1252   1.652137690E-07
    1253   1.649502702E-07
    1254   1.646874012E-07
    1255   1.644251601E-07
    1256   1.755680674E-07
    1257   1.752889449E-07
    1258   1.750104874E-07
    1259   1.747326930E-07
    1260   1.744555595E-07
    1261   1.657174011E-07
    1262   1.654549824E-07
    1263   1.651931865E-07
    1264   1.649320115E-07
    1265   1.646714554E-07
    1266   1.717691108E-07
    1267   1.714981816E-07
    1268   1.712278929E-07
    1269   1.709582426E-07
    1270   1.706892289E-07
    1271   1.732396486E-07
    1272   1.729674731E-07
    1273   1.726959387E-07
    1274   1.724250431E-07
    1275   1.721547844E-07
    1276   1.701203707E-07
    1277   1.698541417E-07
    1278   1.695885371E-07
    1279   1.693235550E-07
    1280   1.690591935E-07
    1281   1.719010908E-07
    1282   1.716331233E-07
    1283   1.713657820E-07
    1284   1.710990649E-07
    1285   1.708329699E-07
    1286   1.682016603E-07
    1287   1.679404776E-07
    1288   1.676799027E-07
    1289   1.674199339E-07
    1290   1.671605692E-07
    1291   1.758949752E-07
    1292   1.756229026E-07
    1293   1.753514607E-07
    1294   1.750806476E-07
    1295   1.748104614E-07
    1296   1.705808759E-07
    1297   1.703180394E-07
    1298   1.700558100E-07
    1299   1.697941857E-07
    1300   1.695331646E-07
    1301   1.710442597E-07
    1302   1.707817206E-07
    1303   1.705197854E-07
    1304   1.702584524E-07
    1305   1.699977197E-07
    1306   1.702259174E-07
    1307   1.699656331E-07
    1308   1.697059454E-07
    1309   1.694468523E-07
    1310   1.691883522E-07
    1311   1.700276482E-07
    1312   1.697686571E-07
    1313   1.695102573E-07
    1314   1.692524470E-07
    1315   1.689952244E-07
    1316   1.734668187E-07
    1317   1.732035914E-07
    1318   1.729409627E-07
    1319   1.726789310E-07
    1320   1.724174943E-07
    1321   1.674667453E-07
    1322   1.672135831E-07
    1323   1.669609946E-07
    1324   1.667089781E-07
    1325   1.664575316E-07
    1326   1.704481912E-07
    1327   1.701914921E-07
    1328   1.699353725E-07
    1329   1.696798306E-07
    1330   1.694248646E-07
    1331   1.684875755E-07
    1332   1.682347809E-07
    1333   1.679825549E-07
    1334   1.677308956E-07
    1335   1.674798015E-07
    1336   1.685343371E-07
    1337   1.682824173E-07
    1338   1.680310620E-07
    1339   1.677802694E-07
    1340   1.675300378E-07
    1341   1.671874539E-07
    1342   1.669384778E-07
    1343   1.666900574E-07
    1344   1.664421912E-07
    1345   1.661948774E-07
    1346   1.660945835E-07
    1347   1.658481524E-07
    1348   1.656022693E-07
    1349   1.653569326E-07
    1350   1.651121407E-07
    1351   1.674152786E-07
    1352   1.671678060E-07
    1353   1.669208816E-07
    1354   1.666745039E-07
    1355   1.664286713E-07
    1356   1.692952907E-07
    1357   1.690459604E-07
    1358   1.687971805E-07
    1359   1.685489493E-07
    1360   1.683012653E-07
    1361   1.669074637E-07
    1362   1.666625518E-07
    1363   1.664181786E-07
    1364   1.661743424E-07
    1365   1.659310418E-07
    1366   1.627146402E-07
    1367   1.624767533E-07
    1368   1.622393877E-07
    1369   1.620025418E-07
    1370   1.617662143E-07
    1371   1.620157900E-07
    1372   1.617797874E-07
    1373   1.615443001E-07
    1374   1.613093266E-07
    1375   1.610748653E-07
    1376   1.676399950E-07
    1377   1.673966859E-07
    1378   1.671539061E-07
    1379   1.669116541E-07
    1380   1.666699283E-07
    1381   1.608910112E-07
    1382   1.606583416E-07
    1383   1.604261764E-07
    1384   1.601945140E-07
    1385   1.599633531E-07
    1386   1.635652514E-07
    1387   1.633295666E-07
    1388   1.630943909E-07
    1389   1.628597227E-07
    1390   1.626255606E-07
    1391   1.561354363E-07
    1392   1.559112648E-07
    1393   1.556875757E-07
    1394   1.554643678E-07
    1395   1.552416394E-07
    1396   1.603694632E-07
    1397   1.601400362E-07
    1398   1.599111012E-07
    1399   1.596826568E-07
    1400   1.594547015E-07
    1401   1.596602664E-07
    1402   1.594326680E-07
    1403   1.592055559E-07
    1404   1.589789288E-07
    1405   1.587527852E-07
    1406   1.526206388E-07
    1407   1.524038481E-07
    1408   1.521875190E-07
    1409   1.519716502E-07
    1410   1.517562403E-07
    1411   1.544296247E-07
    1412   1.542110406E-07
    1413   1.539929203E-07
    1414   1.537752625E-07
    1415   1.535580658E-07
    1416   1.503233219E-07
    1417   1.501113003E-07
    1418   1.498997270E-07
    1419   1.496886006E-07
    1420   1.494779199E-07
    1421   1.509971206E-07
    1422   1.507848970E-07
    1423   1.505731205E-07
    1424   1.503617898E-07
    1425   1.501509037E-07
    1426   1.510773571E-07
    1427   1.508657642E-07
    1428   1.506546155E-07
    1429   1.504439097E-07
    1430   1.502336457E-07
    1431   1.446391976E-07
    1432   1.444373285E-07
    1433   1.442358818E-07
    1434   1.440348561E-07
    1435   1.438342505E-07
    1436   1.455137725E-07
    1437   1.453113890E-07
    1438   1.451094274E-07
    1439   1.449078865E-07
    1440   1.447067652E-07
    1441   1.415749687E-07
    1442   1.413787456E-07
    1443   1.411829302E-07
    1444   1.409875213E-07
    1445   1.407925178E-07
    1446   1.406268045E-07
    1447   1.404325686E-07
    1448   1.402387348E-07
    1449   1.400453021E-07
    1450   1.398522693E-07
    1451   1.410622553E-07
    1452   1.408680884E-07
    1453   1.406743221E-07
    1454   1.404809553E-07
    1455   1.402879870E-07
    1456   1.338079401E-07
    1457   1.336243901E-07
    1458   1.334412175E-07
    1459   1.332584213E-07
    1460   1.330760005E-07
    1461   1.393032075E-07
    1462   1.391127725E-07
    1463   1.389227277E-07
    1464   1.387330721E-07
    1465   1.385438046E-07
    1466   1.310306959E-07
    1467   1.308521800E-07
    1468   1.306740286E-07
    1469   1.304962408E-07
    1470   1.303188156E-07
    1471   1.317855415E-07
    1472   1.316066066E-07
    1473   1.314280359E-07
    1474   1.312498284E-07
    1475   1.310719831E-07
    1476   1.267468657E-07
    1477   1.265753543E-07
    1478   1.264041909E-07
    1479   1.262333744E-07
    1480   1.260629040E-07
    1481   1.270562509E-07
    1482   1.268849006E-07
    1483   1.267138967E-07
    1484   1.265432382E-07
    1485   1.263729243E-07
    1486   1.276308949E-07
    1487   1.274593480E-07
    1488   1.272881467E-07
    1489   1.271172902E-07
    1490   1.269467774E-07
    1491   1.215303720E-07
    1492   1.213675717E-07
    1493   1.212050984E-07
    1494   1.210429511E-07
    1495   1.208811290E-07
    1496   1.199668675E-07
    1497   1.198066981E-07
    1498   1.196468493E-07
    1499   1.194873202E-07
    1500   1.193281099E-07
    1501   1.184932389E-07
    1502   1.183355633E-07
    1503   1.181782022E-07
    1504   1.180211547E-07
    1505   1.178644201E-07
    1506   1.166679166E-07
    1507   1.165131846E-07
    1508   1.163587602E-07
    1509   1.162046426E-07
    1510   1.160508311E-07
    1511   1.159368957E-07
    1512   1.157836413E-07
    1513   1.156306907E-07
    1514   1.154780429E-07
    1515   1.153256972E-07
    1516   1.114075407E-07
    1517   1.112607587E-07
    1518   1.111142666E-07
    1519   1.109680636E-07
    1520   1.108221490E-07
    1521   1.103512958E-07
    1522   1.102063827E-07
    1523   1.100617549E-07
    1524   1.099174116E-07
    1525   1.097733521E-07
    1526   1.106148849E-07
    1527   1.104701011E-07
    1528   1.103256013E-07
    1529   1.101813848E-07
    1530   1.100374509E-07
    1531   1.079689005E-07
    1532   1.078280409E-07
    1533   1.076874567E-07
    1534   1.075471473E-07
    1535   1.074071120E-07
    1536   1.047218976E-07
    1537   1.045857183E-07
    1538   1.044498044E-07
    1539   1.043141553E-07
    1540   1.041787703E-07
    1541   1.016769871E-07
    1542   1.015451958E-07
    1543   1.014136606E-07
    1544   1.012823808E-07
    1545   1.011513557E-07
    1546   1.036315834E-07
    1547   1.034976924E-07
    1548   1.033640608E-07
    1549   1.032306878E-07
    1550   1.030975728E-07
    1551   9.825280237E-08
    1552   9.812626946E-08
    1553   9.799998082E-08
    1554   9.787393583E-08
    1555   9.774813386E-08
    1556   9.993234759E-08
    1557   9.980406473E-08
    1558   9.967602873E-08
    1559   9.954823895E-08
    1560   9.942069476E-08
    1561   9.699504597E-08
    1562   9.687093202E-08
    1563   9.674705615E-08
    1564   9.662341774E-08
    1565   9.650001619E-08
    1566   9.630049019E-08
    1567   9.617765794E-08
    1568   9.605506054E-08
    1569   9.593269740E-08
    1570   9.581056794E-08
    1571   9.552799507E-08
    1572   9.540653544E-08
    1573   9.528530732E-08
    1574   9.516431010E-08
    1575   9.504354321E-08
    1576   9.363649114E-08
    1577   9.351781371E-08
    1578   9.339936176E-08
    1579   9.328113472E-08
    1580   9.316313202E-08
    1581   9.261425683E-08
    1582   9.249724577E-08
    1583   9.238045631E-08
    1584   9.226388791E-08
    1585   9.214754001E-08
    1586   9.213883153E-08
    1587   9.202278766E-08
    1588   9.190696288E-08
    1589   9.179135664E-08
    1590   9.167596838E-08
    1591   9.224501655E-08
    1592   9.212920359E-08
    1593   9.201360861E-08
    1594   9.189823104E-08
    1595   9.178307035E-08
    1596   8.990485732E-08
    1597   8.979233559E-08
    1598   8.968002498E-08
    1599   8.956792495E-08
    1600   8.945603497E-08
    1601   9.021057314E-08
    1602   9.009802095E-08
    1603   8.998567928E-08
    1604   8.987354760E-08
    1605   8.976162537E-08
    1606   9.086071673E-08
    1607   9.074770589E-08
    1608   9.063490575E-08
    1609   9.052231581E-08
    1610   9.040993553E-08
    1611   9.145721506E-08
    1612   9.134381492E-08
    1613   9.123062556E-08
    1614   9.111764646E-08
    1615   9.100487709E-08
    1616   9.075522313E-08
    1617   9.064304114E-08
    1618   9.053106703E-08
    1619   9.041930029E-08
    1620   9.030774038E-08
    1621   8.953691517E-08
    1622   8.942658009E-08
    1623   8.931644884E-08
    1624   8.920652090E-08
    1625   8.909679578E-08
    1626   9.182541539E-08
    1627   9.171260776E-08
    1628   9.160000787E-08
    1629   9.148761522E-08
    1630   9.137542931E-08
    1631   9.417046162E-08
    1632   9.405512731E-08
    1633   9.394000476E-08
    1634   9.382509344E-08
    1635   9.371039283E-08
    1636   9.311792669E-08
    1637   9.300422959E-08
    1638   9.289074059E-08
    1639   9.277745920E-08
    1640   9.266438491E-08
    1641   9.598234716E-08
    1642   9.586550925E-08
    1643   9.574888454E-08
    1644   9.563247252E-08
    1645   9.551627268E-08
    1646   9.681192407E-08
    1647   9.669443387E-08
    1648   9.657715742E-08
    1649   9.646009419E-08
    1650   9.634324369E-08
    1651   9.982909246E-08
    1652   9.970830711E-08
    1653   9.958774084E-08
    1654   9.946739312E-08
    1655   9.934726342E-08
    1656   1.003662397E-07
    1657   1.002451707E-07
    1658   1.001243206E-07
    1659   1.000036889E-07
    1660   9.988327502E-08
    1661   1.010952508E-07
    1662   1.009736690E-07
    1663   1.008523065E-07
    1664   1.007311625E-07
    1665   1.006102368E-07
    1666   1.051434444E-07
    1667   1.050173731E-07
    1668   1.048915285E-07
    1669   1.047659099E-07
    1670   1.046405168E-07
    1671   1.079039149E-07
    1672   1.077749204E-07
    1673   1.076461570E-07
    1674   1.075176243E-07
    1675   1.073893217E-07
    1676   1.121786119E-07
    1677   1.120449068E-07
    1678   1.119114405E-07
    1679   1.117782126E-07
    1680   1.116452225E-07
    1681   1.151861703E-07
    1682   1.150492883E-07
    1683   1.149126502E-07
    1684   1.147762554E-07
    1685   1.146401032E-07
    1686   1.174317602E-07
    1687   1.172926231E-07
    1688   1.171537330E-07
    1689   1.170150896E-07
    1690   1.168766921E-07
    1691   1.233060901E-07
    1692   1.231604243E-07
    1693   1.230150165E-07
    1694   1.228698660E-07
    1695   1.227249723E-07
    1696   1.255008310E-07
    1697   1.253530090E-07
    1698   1.252054481E-07
    1699   1.250581476E-07
    1700   1.249111068E-07
    1701   1.326593613E-07
    1702   1.325035664E-07
    1703   1.323480458E-07
    1704   1.321927988E-07
    1705   1.320378248E-07
    1706   1.350737635E-07
    1707   1.349155975E-07
    1708   1.347577092E-07
    1709   1.346000978E-07
    1710   1.344427628E-07
    1711   1.404424964E-07
    1712   1.402785238E-07
    1713   1.401148383E-07
    1714   1.399514391E-07
    1715   1.397883255E-07
    1716   1.510007265E-07
    1717   1.508249399E-07
    1718   1.506494600E-07
    1719   1.504742862E-07
    1720   1.502994178E-07
    1721   1.547589188E-07
    1722   1.545792799E-07
    1723   1.543999536E-07
    1724   1.542209391E-07
    1725   1.540422358E-07
    1726   1.686894000E-07
    1727   1.684941577E-07
    1728   1.682992541E-07
    1729   1.681046885E-07
    1730   1.679104600E-07
    1731   1.727190256E-07
    1732   1.725196961E-07
    1733   1.723207114E-07
    1734   1.721220708E-07
    1735   1.719237735E-07
    1736   1.831532863E-07
    1737   1.829425230E-07
    1738   1.827321233E-07
    1739   1.825220864E-07
    1740   1.823124114E-07
    1741   1.928354457E-07
    1742   1.926141773E-07
    1743   1.923932895E-07
    1744   1.921727814E-07
    1745   1.919526522E-07
    1746   1.967531439E-07
    1747   1.965280259E-07
    1748   1.963032940E-07
    1749   1.960789474E-07
    1750   1.958549852E-07
    1751   2.114399845E-07
    1752   2.111987523E-07
    1753   2.109579328E-07
    1754   2.107175249E-07
    1755   2.104775277E-07
    1756   2.181528388E-07
    1757   2.179046558E-07
    1758   2.176568961E-07
    1759   2.174095587E-07
    1760   2.171626427E-07
    1761   2.358233147E-07
    1762   2.355557897E-07
    1763   2.352887196E-07
    1764   2.350221035E-07
    1765   2.347559403E-07
    1766   2.409004690E-07
    1767   2.406279571E-07
    1768   2.403559074E-07
    1769   2.400843188E-07
    1770   2.398131903E-07
    1771   2.567402453E-07
    1772   2.564506342E-07
    1773   2.561615129E-07
    1774   2.558728802E-07
    1775   2.555847350E-07
    1776   2.767727146E-07
    1777   2.764613842E-07
    1778   2.761505789E-07
    1779   2.758402973E-07
    1780   2.755305384E-07
    1781   2.886060501E-07
    1782   2.882823193E-07
    1783   2.879591328E-07
    1784   2.876364896E-07
    1785   2.873143882E-07
    1786   3.050497069E-07
    1787   3.047084879E-07
    1788   3.043678412E-07
    1789   3.040277654E-07
    1790   3.036882593E-07
    1791   3.129612026E-07
    1792   3.126121103E-07
    1793   3.122636018E-07
    1794   3.119156758E-07
    1795   3.115683310E-07
    1796   3.278952591E-07
    1797   3.275305258E-07
    1798   3.271664007E-07
    1799   3.268028825E-07
    1800   3.264399698E-07
    1801   3.382234255E-07
    1802   3.378482470E-07
    1803   3.374736924E-07
    1804   3.370997604E-07
    1805   3.367264494E-07
    1806   3.444391755E-07
    1807   3.440581587E-07
    1808   3.436777738E-07
    1809   3.432980193E-07
    1810   3.429188940E-07
    1811   3.620268678E-07
    1812   3.616275001E-07
    1813   3.612287928E-07
    1814   3.608307445E-07
    1815   3.604333538E-07
    1816   3.717493366E-07
    1817   3.713403714E-07
    1818   3.709320807E-07
    1819   3.705244630E-07
    1820   3.701175169E-07
    1821   4.006339589E-07
    1822   4.001944263E-07
    1823   3.997556166E-07
    1824   3.993175283E-07
    1825   3.988801597E-07
    1826   4.117048951E-07
    1827   4.112544521E-07
    1828   4.108047479E-07
    1829   4.103557810E-07
    1830   4.099075496E-07
    1831   4.299881932E-07
    1832   4.295190299E-07
    1833   4.290506340E-07
    1834   4.285830038E-07
    1835   4.281161378E-07
    1836   4.585163205E-07
    1837   4.580173909E-07
    1838   4.575192752E-07
    1839   4.570219717E-07
    1840   4.565254785E-07
    1841   4.819371599E-07
    1842   4.814141679E-07
    1843   4.808920267E-07
    1844   4.803707345E-07
    1845   4.798502895E-07
    1846   5.040310013E-07
    1847   5.034855132E-07
    1848   5.029409101E-07
    1849   5.023971902E-07
    1850   5.018543515E-07
    1851   5.151097830E-07
    1852   5.145538091E-07
    1853   5.139987349E-07
    1854   5.134445584E-07
    1855   5.128912776E-07
    1856   5.334317782E-07
    1857   5.328575782E-07
    1858   5.322843049E-07
    1859   5.317119562E-07
    1860   5.311405301E-07
    1861   5.652737000E-07
    1862   5.646668576E-07
    1863   5.640609919E-07
    1864   5.634561007E-07
    1865   5.628521821E-07
    1866   5.920863011E-07
    1867   5.914523757E-07
    1868   5.908194679E-07
    1869   5.901875754E-07
    1870   5.895566961E-07
    1871   6.344499241E-07
    1872   6.337724548E-07
    1873   6.330960702E-07
    1874   6.324207677E-07
    1875   6.317465451E-07
    1876   6.480441651E-07
    1877   6.473540222E-07
    1878   6.466649812E-07
    1879   6.459770397E-07
    1880   6.452901954E-07
    1881   6.942211590E-07
    1882   6.934838025E-07
    1883   6.927476201E-07
    1884   6.920126093E-07
    1885   6.912787678E-07
    1886   7.110206659E-07
    1887   7.102674661E-07
    1888   7.095154624E-07
    1889   7.087646524E-07
    1890   7.080150335E-07
    1891   7.356778350E-07
    1892   7.349005737E-07
    1893   7.341245435E-07
    1894   7.333497419E-07
    1895   7.325761662E-07
    1896   7.731448154E-07
    1897   7.723301212E-07
    1898   7.715167140E-07
    1899   7.707045911E-07
    1900   7.698937499E-07
    1901   7.617449040E-07
    1902   7.609443314E-07
    1903   7.601450201E-07
    1904   7.593469676E-07
    1905   7.585501712E-07
    1906   8.042548468E-07
    1907   8.034118124E-07
    1908   8.025701028E-07
    1909   8.017297153E-07
    1910   8.008906470E-07
    1911   8.213245264E-07
    1912   8.204658494E-07
    1913   8.196085183E-07
    1914   8.187525303E-07
    1915   8.178978825E-07
    1916   8.551389745E-07
    1917   8.542472759E-07
    1918   8.533569713E-07
    1919   8.524680578E-07
    1920   8.515805325E-07
    1921   8.855227363E-07
    1922   8.846017558E-07
    1923   8.836822114E-07
    1924   8.827641000E-07
    1925   8.818474187E-07
    1926   9.256873242E-07
    1927   9.247270676E-07
    1928   9.237683045E-07
    1929   9.228110316E-07
    1930   9.218552460E-07
    1931   9.843393073E-07
    1932   9.833208497E-07
    1933   9.823039719E-07
    1934   9.812886706E-07
    1935   9.802749426E-07
    1936   9.989663996E-07
    1937   9.979354745E-07
    1938   9.969061445E-07
    1939   9.958784062E-07
    1940   9.948522564E-07
    1941   1.027998157E-06
    1942   1.026940001E-06
    1943   1.025883479E-06
    1944   1.024828586E-06
    1945   1.023775319E-06
    1946   1.071216810E-06
    1947   1.070116998E-06
    1948   1.069018879E-06
    1949   1.067922449E-06
    1950   1.066827706E-06
    1951   1.074232798E-06
    1952   1.073132713E-06
    1953   1.072034317E-06
    1954   1.070937607E-06
    1955   1.069842579E-06
    1956   1.147314627E-06
    1957   1.146142702E-06
    1958   1.144972571E-06
    1959   1.143804232E-06
    1960   1.142637680E-06
    1961   1.136690149E-06
    1962   1.135532033E-06
    1963   1.134375687E-06
    1964   1.133221106E-06
    1965   1.132068287E-06
    1966   1.209161944E-06
    1967   1.207933121E-06
    1968   1.206706170E-06
    1969   1.205481088E-06
    1970   1.204257870E-06
    1971   1.270296928E-06
    1972   1.269009247E-06
    1973   1.267723524E-06
    1974   1.266439753E-06
    1975   1.265157932E-06
    1976   1.302343244E-06
    1977   1.301026416E-06
    1978   1.299711584E-06
    1979   1.298398744E-06
    1980   1.297087892E-06
    1981   1.374069444E-06
    1982   1.372683595E-06
    1983   1.371299841E-06
    1984   1.369918179E-06
    1985   1.368538603E-06
    1986   1.385699725E-06
    1987   1.384305661E-06
    1988   1.382913699E-06
    1989   1.381523836E-06
    1990   1.380136067E-06
    1991   1.478287183E-06
    1992   1.476803704E-06
    1993   1.475322456E-06
    1994   1.473843436E-06
    1995   1.472366639E-06
    1996   1.487533278E-06
    1997   1.486044256E-06
    1998   1.484557468E-06
    1999   1.483072910E-06
    2000   1.481590579E-06
    2001   1.482662186E-06
    2002   1.481181745E-06
    2003   1.479703519E-06
    2004   1.478227506E-06
    2005   1.476753700E-06
    2006   1.528149948E-06
    2007   1.526627886E-06
    2008   1.525108097E-06
    2009   1.523590577E-06
    2010   1.522075320E-06
    2011   1.536404174E-06
    2012   1.534877692E-06
    2013   1.533353484E-06
    2014   1.531831545E-06
    2015   1.530311871E-06
    2016   1.606987506E-06
    2017   1.605394852E-06
    2018   1.603804565E-06
    2019   1.602216640E-06
    2020   1.600631072E-06
    2021   1.634001263E-06
    2022   1.632385839E-06
    2023   1.630772810E-06
    2024   1.629162170E-06
    2025   1.627553915E-06
    2026   1.673718147E-06
    2027   1.672067538E-06
    2028   1.670419369E-06
    2029   1.668773635E-06
    2030   1.667130333E-06
    2031   1.763364091E-06
    2032   1.761629350E-06
    2033   1.759897168E-06
    2034   1.758167539E-06
    2035   1.756440459E-06
    2036   1.758039496E-06
    2037   1.756314237E-06
    2038   1.754591516E-06
    2039   1.752871328E-06
    2040   1.751153668E-06
    2041   1.849997576E-06
    2042   1.848186517E-06
    2043   1.846378115E-06
    2044   1.844572366E-06
    2045   1.842769265E-06
    2046   1.836578988E-06
    2047   1.834785454E-06
    2048   1.832994546E-06
    2049   1.831206258E-06
    2050   1.829420587E-06
    2051   1.874584772E-06
    2052   1.872758582E-06
    2053   1.870935058E-06
    2054   1.869114197E-06
    2055   1.867295992E-06
    2056   1.933138236E-06
    2057   1.931259579E-06
    2058   1.929383659E-06
    2059   1.927510471E-06
    2060   1.925640009E-06
    2061   1.981250381E-06
    2062   1.979329635E-06
    2063   1.977411680E-06
    2064   1.975496511E-06
    2065   1.973584123E-06
    2066   2.064435678E-06
    2067   2.062439125E-06
    2068   2.060445467E-06
    2069   2.058454699E-06
    2070   2.056466814E-06
    2071   2.097165225E-06
    2072   2.095141911E-06
    2073   2.093121523E-06
    2074   2.091104057E-06
    2075   2.089089506E-06
    2076   2.219133204E-06
    2077   2.216997369E-06
    2078   2.214864615E-06
    2079   2.212734938E-06
    2080   2.210608330E-06
    2081   2.276602965E-06
    2082   2.274417076E-06
    2083   2.272234334E-06
    2084   2.270054733E-06
    2085   2.267878266E-06
    2086   2.337525489E-06
    2087   2.335286480E-06
    2088   2.333050686E-06
    2089   2.330818102E-06
    2090   2.328588721E-06
    2091   2.319929985E-06
    2092   2.317713138E-06
    2093   2.315499468E-06
    2094   2.313288967E-06
    2095   2.311081630E-06
    2096   2.370749705E-06
    2097   2.368489695E-06
    2098   2.366232916E-06
    2099   2.363979361E-06
    2100   2.361729024E-06
    2101   2.400650924E-06
    2102   2.398367851E-06
    2103   2.396088034E-06
    2104   2.393811465E-06
    2105   2.391538140E-06
    2106   2.342271595E-06
    2107   2.340049326E-06
    2108   2.337830218E-06
    2109   2.335614265E-06
    2110   2.333401461E-06
    2111   2.412210466E-06
    2112   2.409927257E-06
    2113   2.407647288E-06
    2114   2.405370553E-06
    2115   2.403097046E-06
    2116   2.450755624E-06
    2117   2.448441407E-06
    2118   2.446130467E-06
    2119   2.443822797E-06
    2120   2.441518391E-06
    2121   2.521864526E-06
    2122   2.519488770E-06
    2123   2.517116370E-06
    2124   2.514747319E-06
    2125   2.512381612E-06
    2126   2.564200385E-06
    2127   2.561790422E-06
    2128   2.559383856E-06
    2129   2.556980678E-06
    2130   2.554580884E-06
    2131   2.645584825E-06
    2132   2.643104202E-06
    2133   2.640627065E-06
    2134   2.638153410E-06
    2135   2.635683229E-06
    2136   2.749610739E-06
    2137   2.747038605E-06
    2138   2.744470079E-06
    2139   2.741905154E-06
    2140   2.739343822E-06
    2141   2.770706896E-06
    2142   2.768121075E-06
    2143   2.765538873E-06
    2144   2.762960282E-06
    2145   2.760385295E-06
    2146   2.813452135E-06
    2147   2.810832534E-06
    2148   2.808216589E-06
    2149   2.805604294E-06
    2150   2.802995643E-06
    2151   2.792859252E-06
    2152   2.790264863E-06
    2153   2.787674088E-06
    2154   2.785086920E-06
    2155   2.782503351E-06
    2156   2.814619325E-06
    2157   2.812010780E-06
    2158   2.809405861E-06
    2159   2.806804559E-06
    2160   2.804206868E-06
    2161   2.972787777E-06
    2162   2.970039014E-06
    2163   2.967294061E-06
    2164   2.964552912E-06
    2165   2.961815559E-06
    2166   2.966574050E-06
    2167   2.963837358E-06
    2168   2.961104451E-06
    2169   2.958375322E-06
    2170   2.955649965E-06
    2171   3.068729236E-06
    2172   3.065904819E-06
    2173   3.063084299E-06
    2174   3.060267670E-06
    2175   3.057454924E-06
    2176   3.116837668E-06
    2177   3.113975558E-06
    2178   3.111117389E-06
    2179   3.108263153E-06
    2180   3.105412843E-06
    2181   3.245284271E-06
    2182   3.242311038E-06
    2183   3.239341889E-06
    2184   3.236376816E-06
    2185   3.233415812E-06
    2186   3.309698929E-06
    2187   3.306673610E-06
    2188   3.303652437E-06
    2189   3.300635403E-06
    2190   3.297622499E-06
    2191   3.284150798E-06
    2192   3.281155677E-06
    2193   3.278164650E-06
    2194   3.275177712E-06
    2195   3.272194855E-06
    2196   3.380388973E-06
    2197   3.377313095E-06
    2198   3.374241415E-06
    2199   3.371173922E-06
    2200   3.368110611E-06
    2201   3.299041679E-06
    2202   3.296046634E-06
    2203   3.293055666E-06
    2204   3.290068768E-06
    2205   3.287085931E-06
    2206   3.346834903E-06
    2207   3.343803350E-06
    2208   3.340775914E-06
    2209   3.337752587E-06
    2210   3.334733363E-06
    2211   3.326407379E-06
    2212   3.323401136E-06
    2213   3.320398967E-06
    2214   3.317400864E-06
    2215   3.314406820E-06
    2216   3.325909370E-06
    2217   3.322910353E-06
    2218   3.319915391E-06
    2219   3.316924477E-06
    2220   3.313937602E-06
    2221   3.495954068E-06
    2222   3.492808811E-06
    2223   3.489667796E-06
    2224   3.486531016E-06
    2225   3.483398463E-06
    2226   3.477069652E-06
    2227   3.473948405E-06
    2228   3.470831358E-06
    2229   3.467718505E-06
    2230   3.464609837E-06
    2231   3.614933217E-06
    2232   3.611695480E-06
    2233   3.608462091E-06
    2234   3.605233042E-06
    2235   3.602008325E-06
    2236   3.629626862E-06
    2237   3.626383227E-06
    2238   3.623143939E-06
    2239   3.619908989E-06
    2240   3.616678370E-06
    2241   3.569762211E-06
    2242   3.566579186E-06
    2243   3.563400417E-06
    2244   3.560225895E-06
    2245   3.557055614E-06
    2246   3.678124050E-06
    2247   3.674851698E-06
    2248   3.671583710E-06
    2249   3.668320080E-06
    2250   3.665060800E-06
    2251   3.541362684E-06
    2252   3.538218997E-06
    2253   3.535079495E-06
    2254   3.531944170E-06
    2255   3.528813013E-06
    2256   3.577143244E-06
    2257   3.573974827E-06
    2258   3.570810617E-06
    2259   3.567650608E-06
    2260   3.564494791E-06
    2261   3.549611959E-06
    2262   3.546474874E-06
    2263   3.543341945E-06
    2264   3.540213167E-06
    2265   3.537088530E-06
    2266   3.632991431E-06
    2267   3.629787735E-06
    2268   3.626588275E-06
    2269   3.623393043E-06
    2270   3.620202032E-06
    2271   3.781922892E-06
    2272   3.778595199E-06
    2273   3.775271896E-06
    2274   3.771952976E-06
    2275   3.768638430E-06
    2276   3.778198207E-06
    2277   3.774881088E-06
    2278   3.771568336E-06
    2279   3.768259942E-06
    2280   3.764955900E-06
    2281   3.964573078E-06
    2282   3.961099952E-06
    2283   3.957631388E-06
    2284   3.954167378E-06
    2285   3.950707914E-06
    2286   3.992262683E-06
    2287   3.988772943E-06
    2288   3.985287777E-06
    2289   3.981807176E-06
    2290   3.978331133E-06
    2291   3.999320025E-06
    2292   3.995831739E-06
    2293   3.992348015E-06
    2294   3.988868844E-06
    2295   3.985394220E-06
    2296   3.946818456E-06
    2297   3.943383453E-06
    2298   3.939952932E-06
    2299   3.936526886E-06
    2300   3.933105307E-06
    2301   3.825116057E-06
    2302   3.821794202E-06
    2303   3.818476672E-06
    2304   3.815163460E-06
    2305   3.811854558E-06
    2306   3.944543150E-06
    2307   3.941125002E-06
    2308   3.937711295E-06
    2309   3.934302021E-06
    2310   3.930897173E-06
    2311   3.920265503E-06
    2312   3.916875736E-06
    2313   3.913490364E-06
    2314   3.910109379E-06
    2315   3.906732773E-06
    2316   4.028717829E-06
    2317   4.025241800E-06
    2318   4.021770268E-06
    2319   4.018303224E-06
    2320   4.014840662E-06
    2321   4.080562693E-06
    2322   4.077049510E-06
    2323   4.073540861E-06
    2324   4.070036740E-06
    2325   4.066537138E-06
    2326   4.171002806E-06
    2327   4.167419470E-06
    2328   4.163840750E-06
    2329   4.160266638E-06
    2330   4.156697125E-06
    2331   4.337975945E-06
    2332   4.334257149E-06
    2333   4.330543133E-06
    2334   4.326833888E-06
    2335   4.323129407E-06
    2336   4.361148867E-06
    2337   4.357418201E-06
    2338   4.353692319E-06
    2339   4.349971215E-06
    2340   4.346254879E-06
    2341   4.476350231E-06
    2342   4.472529189E-06
    2343   4.468713038E-06
    2344   4.464901769E-06
    2345   4.461095373E-06
    2346   4.455522905E-06
    2347   4.451727740E-06
    2348   4.447937423E-06
    2349   4.444151944E-06
    2350   4.440371296E-06
    2351   4.464762451E-06
    2352   4.460967498E-06
    2353   4.457177381E-06
    2354   4.453392093E-06
    2355   4.449611624E-06
    2356   4.324970490E-06
    2357   4.321302152E-06
    2358   4.317638479E-06
    2359   4.313979464E-06
    2360   4.310325097E-06
    2361   4.287391081E-06
    2362   4.283762311E-06
    2363   4.280138147E-06
    2364   4.276518580E-06
    2365   4.272903602E-06
    2366   4.380469328E-06
    2367   4.376769607E-06
    2368   4.373074572E-06
    2369   4.369384214E-06
    2370   4.365698525E-06
    2371   4.429328772E-06
    2372   4.425595667E-06
    2373   4.421867280E-06
    2374   4.418143602E-06
    2375   4.414424626E-06
    2376   4.562229299E-06
    2377   4.558392268E-06
    2378   4.554560076E-06
    2379   4.550732715E-06
    2380   4.546910176E-06
    2381   4.695643437E-06
    2382   4.691702485E-06
    2383   4.687766493E-06
    2384   4.683835452E-06
    2385   4.679909354E-06
    2386   4.655649308E-06
    2387   4.651750104E-06
    2388   4.647855797E-06
    2389   4.643966378E-06
    2390   4.640081839E-06
    2391   4.644463980E-06
    2392   4.640582272E-06
    2393   4.636705428E-06
    2394   4.632833440E-06
    2395   4.628966300E-06
    2396   4.398816700E-06
    2397   4.395147962E-06
    2398   4.391483812E-06
    2399   4.387824242E-06
    2400   4.384169245E-06
    2401   4.414329225E-06
    2402   4.410655210E-06
    2403   4.406985780E-06
    2404   4.403320927E-06
    2405   4.399660644E-06
    2406   4.504823783E-06
    2407   4.501082235E-06
    2408   4.497345346E-06
    2409   4.493613109E-06
    2410   4.489885516E-06
    2411   4.872446753E-06
    2412   4.868408256E-06
    2413   4.864374777E-06
    2414   4.860346310E-06
    2415   4.856322844E-06
    2416   5.302408364E-06
    2417   5.298022584E-06
    2418   5.293642243E-06
    2419   5.289267332E-06
    2420   5.284897842E-06
    2421   5.519870387E-06
    2422   5.515314158E-06
    2423   5.510763569E-06
    2424   5.506218610E-06
    2425   5.501679270E-06
    2426   5.808705655E-06
    2427   5.803920889E-06
    2428   5.799142033E-06
    2429   5.794369076E-06
    2430   5.789602010E-06
    2431   5.732056592E-06
    2432   5.727344668E-06
    2433   5.722638550E-06
    2434   5.717938231E-06
    2435   5.713243701E-06
    2436   5.833516962E-06
    2437   5.828731468E-06
    2438   5.823951860E-06
    2439   5.819178129E-06
    2440   5.814410265E-06
    2441   5.723008645E-06
    2442   5.718323414E-06
    2443   5.713643935E-06
    2444   5.708970198E-06
    2445   5.704302193E-06
    2446   5.461271963E-06
    2447   5.456810139E-06
    2448   5.452353781E-06
    2449   5.447902880E-06
    2450   5.443457427E-06
    2451   5.210681057E-06
    2452   5.206432642E-06
    2453   5.202189420E-06
    2454   5.197951384E-06
    2455   5.193718525E-06
    2456   4.748566669E-06
    2457   4.744702904E-06
    2458   4.740843854E-06
    2459   4.736989509E-06
    2460   4.733139863E-06
    2461   4.454451067E-06
    2462   4.450833973E-06
    2463   4.447221283E-06
    2464   4.443612990E-06
    2465   4.440009087E-06
    2466   4.431575504E-06
    2467   4.427984276E-06
    2468   4.424397412E-06
    2469   4.420814904E-06
    2470   4.417236745E-06
    2471   4.966937328E-06
    2472   4.962920395E-06
    2473   4.958908333E-06
    2474   4.954901134E-06
    2475   4.950898791E-06
    2476   6.252427548E-06
    2477   6.247381198E-06
    2478   6.242340955E-06
    2479   6.237306809E-06
    2480   6.232278750E-06
    2481   7.638850217E-06
    2482   7.632697296E-06
    2483   7.626551808E-06
    2484   7.620413738E-06
    2485   7.614283075E-06
    2486   9.089218240E-06
    2487   9.081911795E-06
    2488   9.074614156E-06
    2489   9.067325309E-06
    2490   9.060045240E-06
    2491   9.728603933E-06
    2492   9.720799196E-06
    2493   9.713003848E-06
    2494   9.705217873E-06
    2495   9.697441256E-06
    2496   9.879337204E-06
    2497   9.871427407E-06
    2498   9.863527105E-06
    2499   9.855636283E-06
    2500   9.847754927E-06
    2501   9.894995765E-06
    2502   9.887089256E-06
    2503   9.879192220E-06
    2504   9.871304641E-06
    2505   9.863426505E-06
    2506   1.029226643E-05
    2507   1.028405888E-05
    2508   1.027586114E-05
    2509   1.026767320E-05
    2510   1.025949505E-05
    2511   1.199762084E-05
    2512   1.198807240E-05
    2513   1.197853535E-05
    2514   1.196900968E-05
    2515   1.195949536E-05
    2516   1.354053394E-05
    2517   1.352977895E-05
    2518   1.351903676E-05
    2519   1.350830737E-05
    2520   1.349759074E-05
    2521   1.479004561E-05
    2522   1.477832144E-05
    2523   1.476661120E-05
    2524   1.475491487E-05
    2525   1.474323244E-05
    2526   1.398197025E-05
    2527   1.397090857E-05
    2528   1.395986000E-05
    2529   1.394882454E-05
    2530   1.393780216E-05
    2531   1.153559481E-05
    2532   1.152648656E-05
    2533   1.151738910E-05
    2534   1.150830240E-05
    2535   1.149922645E-05
    2536   7.478135579E-06
    2537   7.472242643E-06
    2538   7.466356670E-06
    2539   7.460477649E-06
    2540   7.454605569E-06
    2541   1.719749774E-06
    2542   1.718397238E-06
    2543   1.717046296E-06
    2544   1.715696948E-06
    2545   1.714349189E-06
    2546  -5.519559794E-06
    2547  -5.515227329E-06
    2548  -5.510899964E-06
    2549  -5.506577689E-06
    2550  -5.502260498E-06
    2551  -1.341212038E-05
    2552  -1.340161343E-05
    2553  -1.339111882E-05
    2554  -1.338063654E-05
    2555  -1.337016656E-05
    2556  -2.089671829E-05
    2557  -2.088037996E-05
    2558  -2.086406079E-05
    2559  -2.084776075E-05
    2560  -2.083147979E-05
    2561  -2.644271550E-05
    2562  -2.642208131E-05
    2563  -2.640147126E-05
    2564  -2.638088532E-05
    2565  -2.636032344E-05
    2566  -2.955945698E-05
    2567  -2.953643559E-05
    2568  -2.951344109E-05
    2569  -2.949047343E-05
    2570  -2.946753258E-05
    2571  -2.810181842E-05
    2572  -2.807997480E-05
    2573  -2.805815664E-05
    2574  -2.803636389E-05
    2575  -2.801459653E-05
    2576  -1.710127137E-05
    2577  -1.708800428E-05
    2578  -1.707475263E-05
    2579  -1.706151639E-05
    2580  -1.704829553E-05
    2581   5.230696848E-06
    2582   5.226646753E-06
    2583   5.222601361E-06
    2584   5.218560664E-06
    2585   5.214524654E-06
    2586   4.090159370E-05
    2587   4.086998505E-05
    2588   4.083841303E-05
    2589   4.080687757E-05
    2590   4.077537863E-05
    2591   8.893689284E-05
    2592   8.886829516E-05
    2593   8.879977681E-05
    2594   8.873133768E-05
    2595   8.866297764E-05
    2596   1.500190090E-04
    2597   1.499035209E-04
    2598   1.497881661E-04
    2599   1.496729445E-04
    2600   1.495578557E-04
    2601   2.101069239E-04
    2602   2.099454894E-04
    2603   2.097842410E-04
    2604   2.096231782E-04
    2605   2.094623009E-04
    2606   2.724305346E-04
    2607   2.722216155E-04
    2608   2.720129366E-04
    2609   2.718044976E-04
    2610   2.715962980E-04
    2611   3.103967112E-04
    2612   3.101591324E-04
    2613   3.099218262E-04
    2614   3.096847923E-04
    2615   3.094480302E-04
    2616   3.422880207E-04
    2617   3.420265325E-04
    2618   3.417653438E-04
    2619   3.415044543E-04
    2620   3.412438633E-04
    2621   3.369152558E-04
    2622   3.366583627E-04
    2623   3.364017633E-04
    2624   3.361454572E-04
    2625   3.358894439E-04
    2626   2.884027492E-04
    2627   2.881832646E-04
    2628   2.879640305E-04
    2629   2.877450464E-04
    2630   2.875263121E-04
    2631   1.513197634E-04
    2632   1.512048225E-04
    2633   1.510900125E-04
    2634   1.509753331E-04
    2635   1.508607843E-04
    2636  -1.097688308E-04
    2637  -1.096856095E-04
    2638  -1.096024829E-04
    2639  -1.095194507E-04
    2640  -1.094365128E-04
    2641  -5.261704767E-04
    2642  -5.257723151E-04
    2643  -5.253746054E-04
    2644  -5.249773467E-04
    2645  -5.245805384E-04
    2646  -1.077228881E-03
    2647  -1.076415264E-03
    2648  -1.075602569E-03
    2649  -1.074790793E-03
    2650  -1.073979937E-03
    2651  -1.663592770E-03
    2652  -1.662338648E-03
    2653  -1.661085944E-03
    2654  -1.659834655E-03
    2655  -1.658584780E-03
    2656  -2.177317917E-03
    2657  -2.175679604E-03
    2658  -2.174043139E-03
    2659  -2.172408520E-03
    2660  -2.170775744E-03
    2661  -2.403952187E-03
    2662  -2.402146741E-03
    2663  -2.400343327E-03
    2664  -2.398541944E-03
    2665  -2.396742587E-03
    2666  -2.548403129E-03
    2667  -2.546492782E-03
    2668  -2.544584582E-03
    2669  -2.542678526E-03
    2670  -2.540774611E-03
    2671  -2.349253280E-03
    2672  -2.347495514E-03
    2673  -2.345739721E-03
    2674  -2.343985897E-03
    2675  -2.342234039E-03
    2676  -1.796546469E-03
    2677  -1.795204761E-03
    2678  -1.793864556E-03
    2679  -1.792525851E-03
    2680  -1.791188644E-03
    2681  -7.345623189E-04
    2682  -7.340147510E-04
    2683  -7.334677951E-04
    2684  -7.329214504E-04
    2685  -7.323757159E-04
    2686   1.232198413E-03
    2687   1.231281599E-03
    2688   1.230365807E-03
    2689   1.229451037E-03
    2690   1.228537287E-03
    2691   4.530478644E-03
    2692   4.527114011E-03
    2693   4.523753124E-03
    2694   4.520395979E-03
    2695   4.517042570E-03
    2696   8.862144763E-03
    2697   8.855575345E-03
    2698   8.849013229E-03
    2699   8.842458405E-03
    2700   8.835910860E-03
    2701   1.397365581E-02
    2702   1.396331645E-02
    2703   1.395298855E-02
    2704   1.394267211E-02
    2705   1.393236710E-02
    2706   1.838722026E-02
    2707   1.837364034E-02
    2708   1.836007545E-02
    2709   1.834652558E-02
    2710   1.833299070E-02
    2711   2.114010305E-02
    2712   2.112451875E-02
    2713   2.110895168E-02
    2714   2.109340181E-02
    2715   2.107786911E-02
    2716   2.347066814E-02
    2717   2.345339760E-02
    2718   2.343614611E-02
    2719   2.341891365E-02
    2720   2.340170019E-02
    2721   2.347095505E-02
    2722   2.345371601E-02
    2723   2.343649595E-02
    2724   2.341929486E-02
    2725   2.340211269E-02
    2726   2.383820727E-02
    2727   2.382073058E-02
    2728   2.380327310E-02
    2729   2.378583480E-02
    2730   2.376841566E-02
    2731   2.330880591E-02
    2732   2.329174861E-02
    2733   2.327471002E-02
    2734   2.325769012E-02
    2735   2.324068889E-02
    2736   2.087065337E-02
    2737   2.085540819E-02
    2738   2.084017971E-02
    2739   2.082496790E-02
    2740   2.080977274E-02
    2741   1.832617423E-02
    2742   1.831281209E-02
    2743   1.829946456E-02
    2744   1.828613161E-02
    2745   1.827281324E-02
    2746   1.343153236E-02
    2747   1.342175687E-02
    2748   1.341199204E-02
    2749   1.340223786E-02
    2750   1.339249432E-02
    2751   8.682568640E-03
    2752   8.676260926E-03
    2753   8.669960083E-03
    2754   8.663666101E-03
    2755   8.657378970E-03
    2756   4.179615911E-03
    2757   4.176585007E-03
    2758   4.173557400E-03
    2759   4.170533083E-03
    2760   4.167512052E-03
    2761   9.727853202E-04
    2762   9.720811687E-04
    2763   9.713777815E-04
    2764   9.706751574E-04
    2765   9.699732954E-04
    2766  -9.681547245E-04
    2767  -9.674551908E-04
    2768  -9.667564149E-04
    2769  -9.660583958E-04
    2770  -9.653611325E-04
    2771  -1.980465109E-03
    2772  -1.979036717E-03
    2773  -1.977609870E-03
    2774  -1.976184566E-03
    2775  -1.974760801E-03
    2776  -2.541890857E-03
    2777  -2.540060842E-03
    2778  -2.538232802E-03
    2779  -2.536406736E-03
    2780  -2.534582639E-03
    2781  -2.640512371E-03
    2782  -2.638614770E-03
    2783  -2.636719213E-03
    2784  -2.634825699E-03
    2785  -2.632934223E-03
    2786  -2.576005157E-03
    2787  -2.574157234E-03
    2788  -2.572311298E-03
    2789  -2.570467348E-03
    2790  -2.568625379E-03
    2791  -2.287517363E-03
    2792  -2.285879327E-03
    2793  -2.284243050E-03
    2794  -2.282608529E-03
    2795  -2.280975762E-03
    2796  -1.765957799E-03
    2797  -1.764695499E-03
    2798  -1.763434552E-03
    2799  -1.762174956E-03
    2800  -1.760916709E-03
    2801  -1.151067760E-03
    2802  -1.150246449E-03
    2803  -1.149426016E-03
    2804  -1.148606461E-03
    2805  -1.147787782E-03
    2806  -5.618048234E-04
    2807  -5.614046775E-04
    2808  -5.610049590E-04
    2809  -5.606056672E-04
    2810  -5.602068015E-04
    2811  -1.481369790E-04
    2812  -1.480316559E-04
    2813  -1.479264450E-04
    2814  -1.478213463E-04
    2815  -1.477163595E-04
    2816   1.134887592E-04
    2817   1.134082136E-04
    2818   1.133277537E-04
    2819   1.132473794E-04
    2820   1.131670906E-04
    2821   2.514502100E-04
    2822   2.512720660E-04
    2823   2.510941113E-04
    2824   2.509163456E-04
    2825   2.507387685E-04
    2826   3.039549070E-04
    2827   3.037399459E-04
    2828   3.035252128E-04
    2829   3.033107074E-04
    2830   3.030964292E-04
    2831   3.053880233E-04
    2832   3.051724299E-04
    2833   3.049570647E-04
    2834   3.047419275E-04
    2835   3.045270178E-04
    2836   2.812062286E-04
    2837   2.810080565E-04
    2838   2.808100937E-04
    2839   2.806123402E-04
    2840   2.804147954E-04
    2841   2.387029263E-04
    2842   2.385350030E-04
    2843   2.383672569E-04
    2844   2.381996876E-04
    2845   2.380322950E-04
    2846   1.807867734E-04
    2847   1.806598164E-04
    2848   1.805329930E-04
    2849   1.804063032E-04
    2850   1.802797467E-04
    2851   1.159115947E-04
    2852   1.158303388E-04
    2853   1.157491682E-04
    2854   1.156680830E-04
    2855   1.155870830E-04
    2856   5.654554420E-05
    2857   5.650597419E-05
    2858   5.646644571E-05
    2859   5.642695868E-05
    2860   5.638751306E-05
    2861   9.135447126E-06
    2862   9.129065395E-06
    2863   9.122690350E-06
    2864   9.116321979E-06
    2865   9.109960275E-06
    2866  -2.482979235E-05
    2867  -2.481247729E-05
    2868  -2.479518034E-05
    2869  -2.477790147E-05
    2870  -2.476064065E-05
    2871  -4.568382473E-05
    2872  -4.565202256E-05
    2873  -4.562025358E-05
    2874  -4.558851775E-05
    2875  -4.555681503E-05
    2876  -5.475987946E-05
    2877  -5.472182533E-05
    2878  -5.468381087E-05
    2879  -5.464583600E-05
    2880  -5.460790067E-05
    2881  -5.645656889E-05
    2882  -5.641740374E-05
    2883  -5.637827932E-05
    2884  -5.633919559E-05
    2885  -5.630015249E-05
    2886  -5.298136576E-05
    2887  -5.294467506E-05
    2888  -5.290802247E-05
    2889  -5.287140792E-05
    2890  -5.283483136E-05
    2891  -4.586689186E-05
    2892  -4.583518298E-05
    2893  -4.580350698E-05
    2894  -4.577186379E-05
    2895  -4.574025339E-05
    2896  -3.668144447E-05
    2897  -3.665612947E-05
    2898  -3.663084066E-05
    2899  -3.660557801E-05
    2900  -3.658034148E-05
    2901  -2.621088162E-05
    2902  -2.619282383E-05
    2903  -2.617478470E-05
    2904  -2.615676419E-05
    2905  -2.613876229E-05
    2906  -1.734682919E-05
    2907  -1.733489877E-05
    2908  -1.732298066E-05
    2909  -1.731107483E-05
    2910  -1.729918127E-05
    2911  -1.028706104E-05
    2912  -1.027999818E-05
    2913  -1.027294259E-05
    2914  -1.026589425E-05
    2915  -1.025885318E-05
    2916  -5.457543506E-06
    2917  -5.453802901E-06
    2918  -5.450066140E-06
    2919  -5.446333218E-06
    2920  -5.442604129E-06
    2921  -2.783969914E-06
    2922  -2.782065042E-06
    2923  -2.780162125E-06
    2924  -2.778261159E-06
    2925  -2.776362143E-06
    2926  -1.897999042E-06
    2927  -1.896702595E-06
    2928  -1.895407475E-06
    2929  -1.894113682E-06
    2930  -1.892821213E-06
    2931  -2.472659890E-06
    2932  -2.470973794E-06
    2933  -2.469289421E-06
    2934  -2.467606771E-06
    2935  -2.465925840E-06
    2936  -3.471059973E-06
    2937  -3.468697100E-06
    2938  -3.466336640E-06
    2939  -3.463978588E-06
    2940  -3.461622941E-06
    2941  -4.232804845E-06
    2942  -4.229928321E-06
    2943  -4.227054729E-06
    2944  -4.224184063E-06
    2945  -4.221316321E-06
    2946  -4.443937907E-06
    2947  -4.440923024E-06
    2948  -4.437911208E-06
    2949  -4.434902454E-06
    2950  -4.431896760E-06
    2951  -4.018228048E-06
    2952  -4.015506594E-06
    2953  -4.012787903E-06
    2954  -4.010071972E-06
    2955  -4.007358797E-06
    2956  -3.895999339E-06
    2957  -3.893365127E-06
    2958  -3.890733586E-06
    2959  -3.888104712E-06
    2960  -3.885478501E-06
    2961  -4.184656990E-06
    2962  -4.181832382E-06
    2963  -4.179010633E-06
    2964  -4.176191738E-06
    2965  -4.173375695E-06
    2966  -5.058516545E-06
    2967  -5.055107841E-06
    2968  -5.051702581E-06
    2969  -5.048300762E-06
    2970  -5.044902377E-06
    2971  -6.064370029E-06
    2972  -6.060290399E-06
    2973  -6.056214885E-06
    2974  -6.052143480E-06
    2975  -6.048076179E-06
    2976  -6.705180778E-06
    2977  -6.700677635E-06
    2978  -6.696179026E-06
    2979  -6.691684946E-06
    2980  -6.687195389E-06
    2981  -7.200960410E-06
    2982  -7.196132411E-06
    2983  -7.191309266E-06
    2984  -7.186490968E-06
    2985  -7.181677511E-06
    2986  -6.976860084E-06
    2987  -6.972190165E-06
    2988  -6.967524932E-06
    2989  -6.962864380E-06
    2990  -6.958208503E-06
    2991  -6.531926758E-06
    2992  -6.527561955E-06
    2993  -6.523201527E-06
    2994  -6.518845465E-06
    2995  -6.514493766E-06
    2996  -5.809860501E-06
    2997  -5.805984676E-06
    2998  -5.802112729E-06
    2999  -5.798244654E-06
    3000  -5.794380446E-06
    3001  -5.070758393E-06
    3002  -5.067381264E-06
    3003  -5.064007508E-06
    3004  -5.060637121E-06
    3005  -5.057270097E-06
    3006  -4.729129228E-06
    3007  -4.725984861E-06
    3008  -4.722843628E-06
    3009  -4.719705526E-06
    3010  -4.716570550E-06
    3011  -4.344192874E-06
    3012  -4.341309241E-06
    3013  -4.338428479E-06
    3014  -4.335550582E-06
    3015  -4.332675549E-06
    3016  -4.175215703E-06
    3017  -4.172448827E-06
    3018  -4.169684700E-06
    3019  -4.166923320E-06
    3020  -4.164164681E-06
    3021  -4.078933752E-06
    3022  -4.076235152E-06
    3023  -4.073539230E-06
    3024  -4.070845980E-06
    3025  -4.068155401E-06
    3026  -4.067779703E-06
    3027  -4.065092926E-06
    3028  -4.062408811E-06
    3029  -4.059727353E-06
    3030  -4.057048549E-06
    3031  -4.325928112E-06
    3032  -4.323075538E-06
    3033  -4.320225785E-06
    3034  -4.317378848E-06
    3035  -4.314534725E-06
    3036  -4.414779416E-06
    3037  -4.411873044E-06
    3038  -4.408969541E-06
    3039  -4.406068903E-06
    3040  -4.403171127E-06
    3041  -4.465041063E-06
    3042  -4.462106432E-06
    3043  -4.459174693E-06
    3044  -4.456245843E-06
    3045  -4.453319877E-06
    3046  -4.285911336E-06
    3047  -4.283099058E-06
    3048  -4.280289548E-06
    3049  -4.277482800E-06
    3050  -4.274678813E-06
    3051  -4.047175119E-06
    3052  -4.044523842E-06
    3053  -4.041875168E-06
    3054  -4.039229096E-06
    3055  -4.036585622E-06
    3056  -3.782163721E-06
    3057  -3.779690102E-06
    3058  -3.777218908E-06
    3059  -3.774750138E-06
    3060  -3.772283787E-06
    3061  -3.541441271E-06
    3062  -3.539128871E-06
    3063  -3.536818734E-06
    3064  -3.534510859E-06
    3065  -3.532205242E-06
    3066  -3.496944878E-06
    3067  -3.494665253E-06
    3068  -3.492387856E-06
    3069  -3.490112685E-06
    3070  -3.487839736E-06
    3071  -3.515085627E-06
    3072  -3.512797904E-06
    3073  -3.510512415E-06
    3074  -3.508229154E-06
    3075  -3.505948121E-06
    3076  -3.600488002E-06
    3077  -3.598148504E-06
    3078  -3.595811285E-06
    3079  -3.593476342E-06
    3080  -3.591143674E-06
    3081  -3.582845666E-06
    3082  -3.580521407E-06
    3083  -3.578199408E-06
    3084  -3.575879668E-06
    3085  -3.573562183E-06
    3086  -3.556785946E-06
    3087  -3.554482328E-06
    3088  -3.552180948E-06
    3089  -3.549881801E-06
    3090  -3.547584887E-06
    3091  -3.531252894E-06
    3092  -3.528969510E-06
    3093  -3.526688340E-06
    3094  -3.524409382E-06
    3095  -3.522132632E-06
    3096  -3.343038768E-06
    3097  -3.340880576E-06
    3098  -3.338724474E-06
    3099  -3.336570458E-06
    3100  -3.334418526E-06
    3101  -3.251446274E-06
    3102  -3.249350594E-06
    3103  -3.247256941E-06
    3104  -3.245165310E-06
    3105  -3.243075699E-06
    3106  -3.098528967E-06
    3107  -3.096535062E-06
    3108  -3.094543080E-06
    3109  -3.092553020E-06
    3110  -3.090564880E-06
    3111  -3.154638462E-06
    3112  -3.152611711E-06
    3113  -3.150586912E-06
    3114  -3.148564063E-06
    3115  -3.146543162E-06
    3116  -3.146258234E-06
    3117  -3.144240108E-06
    3118  -3.142223923E-06
    3119  -3.140209677E-06
    3120  -3.138197367E-06
    3121  -3.185964328E-06
    3122  -3.183924005E-06
    3123  -3.181885641E-06
    3124  -3.179849235E-06
    3125  -3.177814782E-06
    3126  -3.254374045E-06
    3127  -3.252293243E-06
    3128  -3.250214436E-06
    3129  -3.248137622E-06
    3130  -3.246062797E-06
    3131  -3.267141676E-06
    3132  -3.265056045E-06
    3133  -3.262972410E-06
    3134  -3.260890769E-06
    3135  -3.258811119E-06
    3136  -3.384940951E-06
    3137  -3.382783564E-06
    3138  -3.380628238E-06
    3139  -3.378474972E-06
    3140  -3.376323762E-06
    3141  -3.351282356E-06
    3142  -3.349149819E-06
    3143  -3.347019317E-06
    3144  -3.344890846E-06
    3145  -3.342764406E-06
    3146  -3.343204750E-06
    3147  -3.341080732E-06
    3148  -3.338958737E-06
    3149  -3.336838763E-06
    3150  -3.334720808E-06
    3151  -3.374976146E-06
    3152  -3.372835342E-06
    3153  -3.370696576E-06
    3154  -3.368559842E-06
    3155  -3.366425140E-06
    3156  -3.275185159E-06
    3157  -3.273110945E-06
    3158  -3.271038700E-06
    3159  -3.268968422E-06
    3160  -3.266900109E-06
    3161  -3.278073605E-06
    3162  -3.276000843E-06
    3163  -3.273930046E-06
    3164  -3.271861212E-06
    3165  -3.269794338E-06
    3166  -3.241104551E-06
    3167  -3.239058400E-06
    3168  -3.237014185E-06
    3169  -3.234971905E-06
    3170  -3.232931556E-06
    3171  -3.242551192E-06
    3172  -3.240507353E-06
    3173  -3.238465445E-06
    3174  -3.236425467E-06
    3175  -3.234387416E-06
    3176  -3.219530770E-06
    3177  -3.217504633E-06
    3178  -3.215480409E-06
    3179  -3.213458094E-06
    3180  -3.211437687E-06
    3181  -2.985330663E-06
    3182  -2.983454866E-06
    3183  -2.981580837E-06
    3184  -2.979708573E-06
    3185  -2.977838071E-06
    3186  -2.699912307E-06
    3187  -2.698218510E-06
    3188  -2.696526306E-06
    3189  -2.694835694E-06
    3190  -2.693146671E-06
    3191  -1.993355529E-06
    3192  -1.992106951E-06
    3193  -1.990859545E-06
    3194  -1.989613311E-06
    3195  -1.988368246E-06
    3196  -1.089842128E-06
    3197  -1.089160550E-06
    3198  -1.088479612E-06
    3199  -1.087799313E-06
    3200  -1.087119650E-06
    3201  -2.460699945E-09
    3202  -2.459163448E-09
    3203  -2.457628390E-09
    3204  -2.456094769E-09
    3205  -2.454562582E-09
    3206   9.220031069E-07
    3207   9.214282920E-07
    3208   9.208540145E-07
    3209   9.202802737E-07
    3210   9.197070689E-07
    3211   1.590527555E-06
    3212   1.589537497E-06
    3213   1.588548364E-06
    3214   1.587560153E-06
    3215   1.586572864E-06
    3216   1.922957713E-06
    3217   1.921762587E-06
    3218   1.920568574E-06
    3219   1.919375675E-06
    3220   1.918183886E-06
    3221   2.133361109E-06
    3222   2.132037273E-06
    3223   2.130714669E-06
    3224   2.129393296E-06
    3225   2.128073151E-06
    3226   2.196869792E-06
    3227   2.195508658E-06
    3228   2.194148789E-06
    3229   2.192790183E-06
    3230   2.191432838E-06
    3231   2.159256914E-06
    3232   2.157921153E-06
    3233   2.156586632E-06
    3234   2.155253348E-06
    3235   2.153921300E-06
    3236   2.213986760E-06
    3237   2.212619257E-06
    3238   2.211253021E-06
    3239   2.209888050E-06
    3240   2.208524343E-06
    3241   2.141451961E-06
    3242   2.140131300E-06
    3243   2.138811860E-06
    3244   2.137493640E-06
    3245   2.136176639E-06
    3246   2.165790135E-06
    3247   2.164456521E-06
    3248   2.163124138E-06
    3249   2.161792984E-06
    3250   2.160463059E-06
    3251   2.108085814E-06
    3252   2.106789727E-06
    3253   2.105494834E-06
    3254   2.104201135E-06
    3255   2.102908629E-06
    3256   2.064837897E-06
    3257   2.063570347E-06
    3258   2.062303965E-06
    3259   2.061038748E-06
    3260   2.059774695E-06
    3261   2.070783273E-06
    3262   2.069514022E-06
    3263   2.068245937E-06
    3264   2.066979018E-06
    3265   2.065713262E-06
    3266   1.960322982E-06
    3267   1.959123274E-06
    3268   1.957924667E-06
    3269   1.956727159E-06
    3270   1.955530750E-06
    3271   1.958565625E-06
    3272   1.957368823E-06
    3273   1.956173118E-06
    3274   1.954978509E-06
    3275   1.953784993E-06
    3276   1.875622776E-06
    3277   1.874478406E-06
    3278   1.873335082E-06
    3279   1.872192805E-06
    3280   1.871051572E-06
    3281   1.844156437E-06
    3282   1.843032979E-06
    3283   1.841910547E-06
    3284   1.840789140E-06
    3285   1.839668757E-06
    3286   1.796550700E-06
    3287   1.795457908E-06
    3288   1.794366112E-06
    3289   1.793275312E-06
    3290   1.792185506E-06
    3291   1.696857464E-06
    3292   1.695826879E-06
    3293   1.694797233E-06
    3294   1.693768525E-06
    3295   1.692740753E-06
    3296   1.700452776E-06
    3297   1.699421574E-06
    3298   1.698391309E-06
    3299   1.697361981E-06
    3300   1.696333588E-06
    3301   1.614495794E-06
    3302   1.613518201E-06
    3303   1.612541495E-06
    3304   1.611565675E-06
    3305   1.610590742E-06
    3306   1.560439720E-06
    3307   1.559496287E-06
    3308   1.558553708E-06
    3309   1.557611984E-06
    3310   1.556671113E-06
    3311   1.519347303E-06
    3312   1.518430100E-06
    3313   1.517513727E-06
    3314   1.516598183E-06
    3315   1.515683468E-06
    3316   1.459533942E-06
    3317   1.458654174E-06
    3318   1.457775202E-06
    3319   1.456897025E-06
    3320   1.456019640E-06
    3321   1.427987589E-06
    3322   1.427128133E-06
    3323   1.426269451E-06
    3324   1.425411545E-06
    3325   1.424554412E-06
    3326   1.383651292E-06
    3327   1.382819771E-06
    3328   1.381988999E-06
    3329   1.381158976E-06
    3330   1.380329700E-06
    3331   1.337642439E-06
    3332   1.336839774E-06
    3333   1.336037830E-06
    3334   1.335236608E-06
    3335   1.334436106E-06
    3336   1.292008472E-06
    3337   1.291234351E-06
    3338   1.290460925E-06
    3339   1.289688194E-06
    3340   1.288916157E-06
    3341   1.267332341E-06
    3342   1.266574140E-06
    3343   1.265816620E-06
    3344   1.265059779E-06
    3345   1.264303616E-06
    3346   1.249731786E-06
    3347   1.248985232E-06
    3348   1.248239347E-06
    3349   1.247494129E-06
    3350   1.246749579E-06
    3351   1.193517872E-06
    3352   1.192805962E-06
    3353   1.192094688E-06
    3354   1.191384050E-06
    3355   1.190674048E-06
    3356   1.171572366E-06
    3357   1.170874587E-06
    3358   1.170177430E-06
    3359   1.169480896E-06
    3360   1.168784983E-06
    3361   1.131140437E-06
    3362   1.130467740E-06
    3363   1.129795642E-06
    3364   1.129124144E-06
    3365   1.128453245E-06
    3366   1.110685720E-06
    3367   1.110026168E-06
    3368   1.109367203E-06
    3369   1.108708825E-06
    3370   1.108051033E-06
    3371   1.061474989E-06
    3372   1.060845594E-06
    3373   1.060216758E-06
    3374   1.059588482E-06
    3375   1.058960763E-06
    3376   1.019626048E-06
    3377   1.019022361E-06
    3378   1.018419211E-06
    3379   1.017816596E-06
    3380   1.017214516E-06
    3381   9.858952389E-07
    3382   9.853123862E-07
    3383   9.847300503E-07
    3384   9.841482305E-07
    3385   9.835669262E-07
    3386   9.514079865E-07
    3387   9.508463525E-07
    3388   9.502852156E-07
    3389   9.497245754E-07
    3390   9.491644311E-07
    3391   9.114834112E-07
    3392   9.109461383E-07
    3393   9.104093404E-07
    3394   9.098730167E-07
    3395   9.093371669E-07
    3396   8.699473273E-07
    3397   8.694352924E-07
    3398   8.689237094E-07
    3399   8.684125778E-07
    3400   8.679018970E-07
    3401   8.395101193E-07
    3402   8.390167252E-07
    3403   8.385237659E-07
    3404   8.380312409E-07
    3405   8.375391498E-07
    3406   7.999689775E-07
    3407   7.994995121E-07
    3408   7.990304599E-07
    3409   7.985618203E-07
    3410   7.980935929E-07
    3411   7.787817509E-07
    3412   7.783253889E-07
    3413   7.778694279E-07
    3414   7.774138675E-07
    3415   7.769587071E-07
    3416   7.509349804E-07
    3417   7.504955802E-07
    3418   7.500565655E-07
    3419   7.496179359E-07
    3420   7.491796910E-07
    3421   7.140406401E-07
    3422   7.136234385E-07
    3423   7.132066023E-07
    3424   7.127901313E-07
    3425   7.123740250E-07
    3426   6.963490463E-07
    3427   6.959427750E-07
    3428   6.955368591E-07
    3429   6.951312983E-07
    3430   6.947260920E-07
    3431   6.672142624E-07
    3432   6.668255562E-07
    3433   6.664371895E-07
    3434   6.660491621E-07
    3435   6.656614734E-07
    3436   6.464037030E-07
    3437   6.460276682E-07
    3438   6.456519616E-07
    3439   6.452765825E-07
    3440   6.449015307E-07
    3441   6.323094933E-07
    3442   6.319421918E-07
    3443   6.315752103E-07
    3444   6.312085483E-07
    3445   6.308422056E-07
    3446   5.962317924E-07
    3447   5.958859503E-07
    3448   5.955404090E-07
    3449   5.951951682E-07
    3450   5.948502275E-07
    3451   5.905553002E-07
    3452   5.902132467E-07
    3453   5.898714904E-07
    3454   5.895300308E-07
    3455   5.891888675E-07
    3456   5.567634127E-07
    3457   5.564413980E-07
    3458   5.561196626E-07
    3459   5.557982061E-07
    3460   5.554770283E-07
    3461   5.420859162E-07
    3462   5.417728432E-07
    3463   5.414600413E-07
    3464   5.411475102E-07
    3465   5.408352497E-07
    3466   5.168026565E-07
    3467   5.165046158E-07
    3468   5.162068328E-07
    3469   5.159093072E-07
    3470   5.156120388E-07
    3471   4.906576932E-07
    3472   4.903751377E-07
    3473   4.900928261E-07
    3474   4.898107583E-07
    3475   4.895289340E-07
    3476   4.769434851E-07
    3477   4.766692220E-07
    3478   4.763951954E-07
    3479   4.761214051E-07
    3480   4.758478507E-07
    3481   4.483854160E-07
    3482   4.481279452E-07
    3483   4.478706961E-07
    3484   4.476136684E-07
    3485   4.473568620E-07
    3486   4.314673408E-07
    3487   4.312199398E-07
    3488   4.309727516E-07
    3489   4.307257758E-07
    3490   4.304790122E-07
    3491   4.118794072E-07
    3492   4.116435758E-07
    3493   4.114079470E-07
    3494   4.111725204E-07
    3495   4.109372959E-07
    3496   3.923473982E-07
    3497   3.921230715E-07
    3498   3.918989372E-07
    3499   3.916749949E-07
    3500   3.914512446E-07
