      50   1.192052536E-12
      51   9.706518127E-13
      52   9.340234424E-13
      53   8.994299816E-13
      54   8.667234368E-13
      55   8.357690283E-13
      56   3.442454922E-13
      57   3.323749579E-13
      58   3.211080102E-13
      59   3.104044099E-13
      60   3.002272161E-13
      61   3.193644929E-13
      62   3.092259375E-13
      63   2.995626270E-13
      64   2.903453154E-13
      65   2.815469725E-13
      66   6.309663690E-13
      67   6.124085346E-13
      68   5.946575626E-13
      69   5.776673465E-13
      70   5.613950269E-13
      71   3.173218438E-13
      72   3.086280946E-13
      73   3.002867948E-13
      74   2.922791469E-13
      75   2.845875904E-13
      76   5.677006562E-13
      77   5.531442292E-13
      78   5.391405778E-13
      79   5.256620633E-13
      80   5.126827531E-13
      81   6.840331960E-13
      82   6.675504683E-13
      83   6.516564096E-13
      84   6.363233176E-13
      85   6.215251009E-13
      86   7.434477549E-13
      87   7.265512151E-13
      88   7.102242215E-13
      89   6.944414610E-13
      90   6.791790113E-13
      91   1.417752754E-12
      92   1.387263447E-12
      93   1.357747204E-12
      94   1.329163052E-12
      95   1.301472155E-12
      96   1.170847833E-12
      97   1.146952979E-12
      98   1.123782212E-12
      99   1.101306568E-12
     100   1.079498517E-12
     101   1.198610400E-12
     102   1.175336412E-12
     103   1.152733789E-12
     104   1.130776954E-12
     105   1.109441540E-12
     106   1.238306756E-12
     107   1.215375150E-12
     108   1.193074688E-12
     109   1.171382421E-12
     110   1.150276431E-12
     111   1.195205582E-12
     112   1.174051501E-12
     113   1.153454106E-12
     114   1.133394034E-12
     115   1.113852758E-12
     116   1.027048758E-12
     117   1.009641152E-12
     118   9.926723931E-13
     119   9.761278532E-13
     120   9.599935085E-13
     121   8.175150658E-13
     122   8.042221379E-13
     123   7.912508131E-13
     124   7.785908001E-13
     125   7.662322160E-13
     126   6.590125276E-13
     127   6.487154569E-13
     128   6.386578529E-13
     129   6.288323475E-13
     130   6.192318536E-13
     131   6.664821655E-13
     132   6.564598773E-13
     133   6.466619687E-13
     134   6.370817913E-13
     135   6.277129415E-13
     136   3.811840237E-13
     137   3.756596176E-13
     138   3.702544432E-13
     139   3.649650941E-13
     140   3.597882842E-13
     141   0.000000000E+00
     142   0.000000000E+00
     143   0.000000000E+00
     144   0.000000000E+00
     145   0.000000000E+00
     146   2.644651949E-13
     147   2.608913409E-13
     148   2.573894437E-13
     149   2.539575845E-13
     150   2.505939079E-13
     151   1.324612649E-14
     152   1.307297451E-14
     153   1.290319562E-14
     154   1.273670277E-14
     155   1.257341171E-14
     156   2.044913135E-13
     157   2.019028158E-13
     158   1.993631578E-13
     159   1.968711183E-13
     160   1.944255143E-13
     161   3.480418900E-13
     162   3.437714374E-13
     163   3.395791028E-13
     164   3.354629924E-13
     165   3.314212696E-13
     166   1.040311292E-13
     167   1.027926634E-13
     168   1.015761822E-13
     169   1.003811683E-13
     170   9.920711951E-14
     171   1.433767079E-13
     172   1.417191737E-13
     173   1.400902177E-13
     174   1.384891866E-13
     175   1.369154458E-13
     176   7.648305064E-13
     177   7.562369052E-13
     178   7.477873308E-13
     179   7.394785827E-13
     180   7.313075486E-13
     181   3.386547533E-13
     182   3.349536084E-13
     183   3.313128084E-13
     184   3.277310483E-13
     185   3.242070585E-13
     186   1.136467293E-12
     187   1.124377215E-12
     188   1.112479043E-12
     189   1.100768738E-12
     190   1.089242364E-12
     191   8.798941462E-13
     192   8.707760722E-13
     193   8.617989993E-13
     194   8.529600352E-13
     195   8.442563614E-13
     196   1.331085476E-12
     197   1.317640168E-12
     198   1.304397553E-12
     199   1.291353578E-12
     200   1.278504288E-12
     201   1.222136195E-12
     202   1.210095444E-12
     203   1.198231764E-12
     204   1.186541698E-12
     205   1.175021875E-12
     206   0.000000000E+00
     207   0.000000000E+00
     208   0.000000000E+00
     209   0.000000000E+00
     210   0.000000000E+00
     211   0.000000000E+00
     212   0.000000000E+00
     213   0.000000000E+00
     214   0.000000000E+00
     215   0.000000000E+00
     216   0.000000000E+00
     217   0.000000000E+00
     218   0.000000000E+00
     219   0.000000000E+00
     220   0.000000000E+00
     221   0.000000000E+00
     222   0.000000000E+00
     223   0.000000000E+00
     224   0.000000000E+00
     225   0.000000000E+00
     226   0.000000000E+00
     227   0.000000000E+00
     228   0.000000000E+00
     229   0.000000000E+00
     230   0.000000000E+00
     231   0.000000000E+00
     232   0.000000000E+00
     233   0.000000000E+00
     234   0.000000000E+00
     235   0.000000000E+00
     236   0.000000000E+00
     237   0.000000000E+00
     238   0.000000000E+00
     239   0.000000000E+00
     240   0.000000000E+00
     241   0.000000000E+00
     242   0.000000000E+00
     243   0.000000000E+00
     244   0.000000000E+00
     245   0.000000000E+00
     246   0.000000000E+00
     247   0.000000000E+00
     248   0.000000000E+00
     249   0.000000000E+00
     250   0.000000000E+00
     251   2.650027076E-12
     252   2.629078245E-12
     253   2.608376842E-12
     254   2.587918984E-12
     255   2.567700867E-12
     256   6.171125255E-12
     257   6.123287075E-12
     258   6.076003004E-12
     259   6.029264520E-12
     260   5.983063259E-12
     261   3.848520678E-11
     262   3.819254362E-11
     263   3.790320616E-11
     264   3.761714423E-11
     265   3.733430856E-11
     266   4.240188659E-11
     267   4.208545460E-11
     268   4.177255159E-11
     269   4.146312528E-11
     270   4.115712436E-11
     271   9.348616186E-11
     272   9.280128156E-11
     273   9.212389994E-11
     274   9.145390794E-11
     275   9.079119846E-11
     276   1.027208102E-10
     277   1.019818116E-10
     278   1.012507591E-10
     279   1.005275394E-10
     280   9.981204094E-11
     281   7.985741779E-10
     282   7.929305442E-10
     283   7.873465263E-10
     284   7.818212875E-10
     285   7.763540057E-10
     286   1.471189104E-09
     287   1.460972513E-09
     288   1.450861976E-09
     289   1.440856032E-09
     290   1.430953241E-09
     291   2.398848049E-09
     292   2.382473659E-09
     293   2.366266356E-09
     294   2.350223872E-09
     295   2.334343981E-09
     296   3.283125302E-09
     297   3.261090904E-09
     298   3.239277587E-09
     299   3.217682403E-09
     300   3.196302453E-09
     301   4.490464436E-09
     302   4.460824407E-09
     303   4.431476878E-09
     304   4.402418013E-09
     305   4.373644039E-09
     306   7.891488760E-09
     307   7.840245326E-09
     308   7.789499402E-09
     309   7.739244567E-09
     310   7.689474505E-09
     311   7.902492805E-09
     312   7.851997643E-09
     313   7.801984920E-09
     314   7.752448507E-09
     315   7.703382378E-09
     316   9.460672905E-09
     317   9.401171817E-09
     318   9.342230301E-09
     319   9.283841362E-09
     320   9.225998113E-09
     321   1.222361157E-08
     322   1.214792357E-08
     323   1.207293639E-08
     324   1.199864139E-08
     325   1.192503010E-08
     326   1.332566405E-08
     327   1.324441000E-08
     328   1.316389687E-08
     329   1.308411567E-08
     330   1.300505757E-08
     331   1.702254089E-08
     332   1.692030340E-08
     333   1.681898422E-08
     334   1.671857238E-08
     335   1.661905706E-08
     336   1.759674325E-08
     337   1.749262050E-08
     338   1.738941920E-08
     339   1.728712850E-08
     340   1.718573772E-08
     341   2.292203163E-08
     342   2.278837547E-08
     343   2.265588491E-08
     344   2.252454645E-08
     345   2.239434676E-08
     346   2.691709729E-08
     347   2.676240133E-08
     348   2.660903513E-08
     349   2.645698350E-08
     350   2.630623146E-08
     351   2.580851254E-08
     352   2.566228867E-08
     353   2.551730399E-08
     354   2.537354453E-08
     355   2.523099653E-08
     356   3.396608246E-08
     357   3.377632781E-08
     358   3.358815885E-08
     359   3.340155797E-08
     360   3.321650779E-08
     361   3.165352165E-08
     362   3.147912208E-08
     363   3.130615987E-08
     364   3.113461927E-08
     365   3.096448473E-08
     366   4.471653073E-08
     367   4.447350611E-08
     368   4.423245730E-08
     369   4.399336293E-08
     370   4.375620195E-08
     371   4.305788048E-08
     372   4.282700713E-08
     373   4.259798570E-08
     374   4.237079644E-08
     375   4.214541986E-08
     376   4.854901597E-08
     377   4.829214287E-08
     378   4.803730307E-08
     379   4.778447515E-08
     380   4.753363802E-08
     381   5.710763503E-08
     382   5.680942284E-08
     383   5.651354043E-08
     384   5.621996360E-08
     385   5.592866845E-08
     386   5.419085595E-08
     387   5.391152164E-08
     388   5.363434158E-08
     389   5.335929368E-08
     390   5.308635611E-08
     391   6.751560640E-08
     392   6.717201553E-08
     393   6.683104083E-08
     394   6.649265581E-08
     395   6.615683432E-08
     396   6.701918508E-08
     397   6.668240525E-08
     398   6.634815761E-08
     399   6.601641682E-08
     400   6.568715788E-08
     401   7.740229737E-08
     402   7.701816687E-08
     403   7.663688881E-08
     404   7.625843504E-08
     405   7.588277773E-08
     406   8.568046665E-08
     407   8.526046437E-08
     408   8.484354278E-08
     409   8.442967184E-08
     410   8.401882186E-08
     411   8.722620930E-08
     412   8.680380635E-08
     413   8.638446429E-08
     414   8.596815362E-08
     415   8.555484519E-08
     416   9.742385462E-08
     417   9.695771178E-08
     418   9.649490647E-08
     419   9.603540692E-08
     420   9.557918171E-08
     421   1.031167867E-07
     422   1.026292368E-07
     423   1.021451367E-07
     424   1.016644537E-07
     425   1.011871558E-07
     426   1.124243730E-07
     427   1.118990254E-07
     428   1.113773517E-07
     429   1.108593175E-07
     430   1.103448891E-07
     431   1.214466215E-07
     432   1.208856671E-07
     433   1.203285903E-07
     434   1.197753554E-07
     435   1.192259272E-07
     436   1.363972214E-07
     437   1.357744031E-07
     438   1.351558409E-07
     439   1.345414962E-07
     440   1.339313306E-07
     441   1.409961725E-07
     442   1.403596209E-07
     443   1.397273703E-07
     444   1.390993822E-07
     445   1.384756181E-07
     446   1.591265553E-07
     447   1.584161689E-07
     448   1.577105289E-07
     449   1.570095933E-07
     450   1.563133201E-07
     451   1.668364403E-07
     452   1.660998555E-07
     453   1.653681381E-07
     454   1.646412452E-07
     455   1.639191345E-07
     456   1.829421252E-07
     457   1.821432512E-07
     458   1.813495987E-07
     459   1.805611222E-07
     460   1.797777768E-07
     461   2.002250222E-07
     462   1.993601193E-07
     463   1.985008084E-07
     464   1.976470415E-07
     465   1.967987710E-07
     466   1.994809167E-07
     467   1.986284342E-07
     468   1.977814046E-07
     469   1.969397816E-07
     470   1.961035192E-07
     471   2.461692613E-07
     472   2.451283765E-07
     473   2.440940795E-07
     474   2.430663150E-07
     475   2.420450280E-07
     476   2.404588966E-07
     477   2.394527924E-07
     478   2.384529895E-07
     479   2.374594354E-07
     480   2.364720780E-07
     481   2.764969021E-07
     482   2.753519873E-07
     483   2.742141692E-07
     484   2.730833891E-07
     485   2.719595892E-07
     486   2.767379365E-07
     487   2.756037646E-07
     488   2.744765508E-07
     489   2.733562384E-07
     490   2.722427710E-07
     491   2.861341854E-07
     492   2.849733976E-07
     493   2.838196592E-07
     494   2.826729131E-07
     495   2.815331030E-07
     496   3.441226953E-07
     497   3.427406765E-07
     498   3.413669664E-07
     499   3.400014985E-07
     500   3.386442071E-07
     501   3.242439872E-07
     502   3.229547466E-07
     503   3.216731802E-07
     504   3.203992270E-07
     505   3.191328269E-07
     506   3.771552490E-07
     507   3.756703858E-07
     508   3.741942743E-07
     509   3.727268458E-07
     510   3.712680323E-07
     511   3.808016985E-07
     512   3.793170915E-07
     513   3.778411495E-07
     514   3.763738052E-07
     515   3.749149920E-07
     516   4.050430232E-07
     517   4.034791505E-07
     518   4.019243176E-07
     519   4.003784548E-07
     520   3.988414934E-07
     521   4.619690221E-07
     522   4.602024102E-07
     523   4.584459124E-07
     524   4.566994518E-07
     525   4.549629520E-07
     526   4.188381187E-07
     527   4.172516107E-07
     528   4.156740999E-07
     529   4.141055183E-07
     530   4.125457989E-07
     531   5.131983505E-07
     532   5.112726531E-07
     533   5.093577743E-07
     534   5.074536330E-07
     535   5.055601493E-07
     536   5.084785685E-07
     537   5.065883136E-07
     538   5.047085796E-07
     539   5.028392885E-07
     540   5.009803633E-07
     541   5.837309961E-07
     542   5.815809741E-07
     543   5.794428087E-07
     544   5.773164131E-07
     545   5.752017009E-07
     546   6.109605692E-07
     547   6.087307861E-07
     548   6.065131876E-07
     549   6.043076851E-07
     550   6.021141908E-07
     551   5.665896775E-07
     552   5.645405285E-07
     553   5.625024761E-07
     554   5.604754401E-07
     555   5.584593414E-07
     556   6.951810098E-07
     557   6.926893216E-07
     558   6.902110056E-07
     559   6.877459663E-07
     560   6.852941090E-07
     561   6.765974295E-07
     562   6.741938863E-07
     563   6.718031278E-07
     564   6.694250636E-07
     565   6.670596040E-07
     566   7.695723627E-07
     567   7.668626009E-07
     568   7.641671260E-07
     569   7.614858378E-07
     570   7.588186370E-07
     571   7.735946274E-07
     572   7.708944716E-07
     573   7.682084282E-07
     574   7.655363989E-07
     575   7.628782864E-07
     576   8.090925993E-07
     577   8.062929709E-07
     578   8.035078484E-07
     579   8.007371317E-07
     580   7.979807216E-07
     581   8.940928224E-07
     582   8.910256086E-07
     583   8.879741510E-07
     584   8.849383420E-07
     585   8.819180746E-07
     586   8.732708843E-07
     587   8.703005751E-07
     588   8.673453949E-07
     589   8.644052410E-07
     590   8.614800118E-07
     591   9.889808601E-07
     592   9.856453428E-07
     593   9.823266716E-07
     594   9.790247332E-07
     595   9.757394153E-07
     596   1.023865878E-06
     597   1.020441577E-06
     598   1.017034427E-06
     599   1.013644312E-06
     600   1.010271119E-06
     601   1.072858047E-06
     602   1.069299645E-06
     603   1.065758918E-06
     604   1.062235748E-06
     605   1.058730019E-06
     606   1.104036425E-06
     607   1.100404726E-06
     608   1.096790918E-06
     609   1.093194882E-06
     610   1.089616503E-06
     611   1.068791422E-06
     612   1.065304337E-06
     613   1.061834290E-06
     614   1.058381171E-06
     615   1.054944868E-06
     616   1.253465655E-06
     617   1.249409132E-06
     618   1.245372269E-06
     619   1.241354939E-06
     620   1.237357016E-06
     621   1.234727279E-06
     622   1.230763467E-06
     623   1.226818713E-06
     624   1.222892893E-06
     625   1.218985887E-06
     626   1.327587919E-06
     627   1.323359932E-06
     628   1.319152110E-06
     629   1.314964325E-06
     630   1.310796451E-06
     631   1.320044878E-06
     632   1.315874120E-06
     633   1.311723098E-06
     634   1.307591686E-06
     635   1.303479763E-06
     636   1.415989542E-06
     637   1.411550703E-06
     638   1.407132704E-06
     639   1.402735415E-06
     640   1.398358705E-06
     641   1.521333625E-06
     642   1.516601638E-06
     643   1.511891695E-06
     644   1.507203659E-06
     645   1.502537394E-06
     646   1.462702624E-06
     647   1.458188110E-06
     648   1.453694464E-06
     649   1.449221558E-06
     650   1.444769264E-06
     651   1.634683001E-06
     652   1.629676315E-06
     653   1.624692595E-06
     654   1.619731702E-06
     655   1.614793496E-06
     656   1.617501881E-06
     657   1.612585462E-06
     658   1.607691425E-06
     659   1.602819632E-06
     660   1.597969951E-06
     661   1.729446041E-06
     662   1.724229009E-06
     663   1.719035548E-06
     664   1.713865516E-06
     665   1.708718773E-06
     666   1.844203397E-06
     667   1.838681830E-06
     668   1.833185024E-06
     669   1.827712830E-06
     670   1.822265101E-06
     671   1.819887664E-06
     672   1.814479380E-06
     673   1.809095168E-06
     674   1.803734886E-06
     675   1.798398392E-06
     676   2.033422128E-06
     677   2.027423833E-06
     678   2.021452039E-06
     679   2.015506592E-06
     680   2.009587336E-06
     681   1.989213083E-06
     682   1.983388154E-06
     683   1.977588773E-06
     684   1.971814792E-06
     685   1.966066060E-06
     686   2.211101797E-06
     687   2.204674176E-06
     688   2.198274541E-06
     689   2.191902731E-06
     690   2.185558584E-06
     691   2.170239826E-06
     692   2.163976508E-06
     693   2.157740264E-06
     694   2.151530940E-06
     695   2.145348380E-06
     696   2.182619763E-06
     697   2.176365838E-06
     698   2.170138754E-06
     699   2.163938358E-06
     700   2.157764497E-06
     701   2.461836563E-06
     702   2.454832760E-06
     703   2.447858804E-06
     704   2.440914523E-06
     705   2.433999751E-06
     706   2.250684335E-06
     707   2.244326470E-06
     708   2.237995506E-06
     709   2.231691294E-06
     710   2.225413681E-06
     711   2.533741557E-06
     712   2.526634287E-06
     713   2.519556880E-06
     714   2.512509169E-06
     715   2.505490987E-06
     716   2.448121635E-06
     717   2.441302355E-06
     718   2.434511527E-06
     719   2.427748995E-06
     720   2.421014602E-06
     721   2.628019104E-06
     722   2.620749342E-06
     723   2.613509703E-06
     724   2.606300021E-06
     725   2.599120131E-06
     726   2.756789195E-06
     727   2.749215598E-06
     728   2.741673169E-06
     729   2.734161735E-06
     730   2.726681129E-06
     731   2.645787911E-06
     732   2.638568844E-06
     733   2.631379284E-06
     734   2.624219068E-06
     735   2.617088038E-06
     736   2.966780582E-06
     737   2.958740526E-06
     738   2.950733109E-06
     739   2.942758155E-06
     740   2.934815488E-06
     741   2.934556565E-06
     742   2.926657355E-06
     743   2.918789997E-06
     744   2.910954319E-06
     745   2.903150152E-06
     746   3.153444910E-06
     747   3.145013239E-06
     748   3.136615340E-06
     749   3.128251033E-06
     750   3.119920138E-06
     751   3.182242347E-06
     752   3.173790176E-06
     753   3.165371635E-06
     754   3.156986544E-06
     755   3.148634728E-06
     756   3.052549773E-06
     757   3.044495552E-06
     758   3.036473166E-06
     759   3.028482447E-06
     760   3.020523229E-06
     761   3.575232240E-06
     762   3.565860727E-06
     763   3.556526013E-06
     764   3.547227905E-06
     765   3.537966214E-06
     766   3.396721155E-06
     767   3.387875527E-06
     768   3.379064407E-06
     769   3.370287617E-06
     770   3.361544977E-06
     771   3.622673341E-06
     772   3.613300319E-06
     773   3.603963625E-06
     774   3.594663074E-06
     775   3.585398478E-06
     776   3.608255078E-06
     777   3.598979358E-06
     778   3.589739360E-06
     779   3.580534900E-06
     780   3.571365796E-06
     781   3.817778103E-06
     782   3.808026435E-06
     783   3.798312082E-06
     784   3.788634853E-06
     785   3.778994561E-06
     786   3.899955283E-06
     787   3.890056919E-06
     788   3.880196192E-06
     789   3.870372910E-06
     790   3.860586885E-06
     791   3.930471160E-06
     792   3.920558244E-06
     793   3.910682782E-06
     794   3.900844587E-06
     795   3.891043470E-06
     796   4.129942821E-06
     797   4.119592087E-06
     798   4.109280217E-06
     799   4.099007016E-06
     800   4.088772292E-06
     801   4.184954562E-06
     802   4.174531263E-06
     803   4.164146857E-06
     804   4.153801150E-06
     805   4.143493951E-06
     806   4.250861689E-06
     807   4.240339754E-06
     808   4.229856837E-06
     809   4.219412746E-06
     810   4.209007289E-06
     811   4.268039580E-06
     812   4.257540097E-06
     813   4.247079311E-06
     814   4.236657030E-06
     815   4.226273067E-06
     816   4.260415104E-06
     817   4.249998441E-06
     818   4.239619934E-06
     819   4.229279398E-06
     820   4.218976647E-06
     821   4.586549616E-06
     822   4.575403687E-06
     823   4.564298339E-06
     824   4.553233373E-06
     825   4.542208595E-06
     826   4.557065730E-06
     827   4.546058325E-06
     828   4.535090754E-06
     829   4.524162824E-06
     830   4.513274346E-06
     831   4.842230051E-06
     832   4.830604048E-06
     833   4.819019866E-06
     834   4.807477303E-06
     835   4.795976161E-06
     836   4.690562463E-06
     837   4.679367804E-06
     838   4.668213172E-06
     839   4.657098379E-06
     840   4.646023234E-06
     841   4.732245581E-06
     842   4.721018426E-06
     843   4.709831179E-06
     844   4.698683650E-06
     845   4.687575650E-06
     846   5.091372068E-06
     847   5.079364115E-06
     848   5.067398592E-06
     849   5.055475302E-06
     850   5.043594044E-06
     851   4.882064468E-06
     852   4.870617658E-06
     853   4.859211060E-06
     854   4.847844484E-06
     855   4.836517745E-06
     856   5.120871626E-06
     857   5.108934862E-06
     858   5.097039787E-06
     859   5.085186206E-06
     860   5.073373927E-06
     861   4.891626652E-06
     862   4.880290321E-06
     863   4.868993353E-06
     864   4.857735565E-06
     865   4.846516776E-06
     866   5.223210173E-06
     867   5.211175126E-06
     868   5.199181628E-06
     869   5.187229486E-06
     870   5.175318512E-06
     871   5.493387241E-06
     872   5.480802161E-06
     873   5.468260280E-06
     874   5.455761399E-06
     875   5.443305323E-06
     876   5.369582804E-06
     877   5.357351408E-06
     878   5.345161757E-06
     879   5.333013662E-06
     880   5.320906934E-06
     881   5.735494381E-06
     882   5.722503454E-06
     883   5.709556613E-06
     884   5.696653660E-06
     885   5.683794397E-06
     886   5.680883079E-06
     887   5.668088298E-06
     888   5.655336693E-06
     889   5.642628071E-06
     890   5.629962239E-06
     891   5.901339183E-06
     892   5.888122298E-06
     893   5.874949765E-06
     894   5.861821386E-06
     895   5.848736963E-06
     896   5.897754632E-06
     897   5.884619321E-06
     898   5.871527844E-06
     899   5.858480004E-06
     900   5.845475609E-06
     901   5.791908212E-06
     902   5.779080065E-06
     903   5.766294490E-06
     904   5.753551298E-06
     905   5.740850301E-06
     906   6.210597325E-06
     907   6.196917595E-06
     908   6.183283013E-06
     909   6.169693380E-06
     910   6.156148499E-06
     911   6.003779397E-06
     912   5.990627635E-06
     913   5.977519040E-06
     914   5.964453425E-06
     915   5.951430601E-06
     916   6.416471756E-06
     917   6.402492514E-06
     918   6.388558907E-06
     919   6.374670736E-06
     920   6.360827802E-06
     921   6.261795813E-06
     922   6.248227458E-06
     923   6.234703156E-06
     924   6.221222717E-06
     925   6.207785951E-06
     926   6.302367257E-06
     927   6.288784569E-06
     928   6.275245743E-06
     929   6.261750591E-06
     930   6.248298925E-06
     931   6.919716336E-06
     932   6.904883075E-06
     933   6.890097458E-06
     934   6.875359282E-06
     935   6.860668343E-06
     936   6.454361914E-06
     937   6.440599948E-06
     938   6.426881951E-06
     939   6.413207734E-06
     940   6.399577112E-06
     941   7.046857352E-06
     942   7.031911737E-06
     943   7.017013619E-06
     944   7.002162796E-06
     945   6.987359070E-06
     946   6.967502581E-06
     947   6.952803208E-06
     948   6.938150304E-06
     949   6.923543671E-06
     950   6.908983117E-06
     951   7.175662043E-06
     952   7.160602941E-06
     953   7.145591194E-06
     954   7.130626606E-06
     955   7.115708977E-06
     956   7.204418323E-06
     957   7.189377784E-06
     958   7.174384295E-06
     959   7.159437661E-06
     960   7.144537687E-06
     961   6.853235031E-06
     962   6.839001936E-06
     963   6.824813135E-06
     964   6.810668445E-06
     965   6.796567682E-06
     966   7.546143034E-06
     967   7.530551829E-06
     968   7.515008895E-06
     969   7.499514031E-06
     970   7.484067040E-06
     971   7.051250780E-06
     972   7.036756945E-06
     973   7.022307752E-06
     974   7.007903018E-06
     975   6.993542561E-06
     976   7.713778411E-06
     977   7.698003813E-06
     978   7.682277554E-06
     979   7.666599436E-06
     980   7.650969264E-06
     981   7.574133921E-06
     982   7.558723679E-06
     983   7.543360419E-06
     984   7.528043952E-06
     985   7.512774085E-06
     986   7.431402582E-06
     987   7.416359257E-06
     988   7.401361563E-06
     989   7.386409318E-06
     990   7.371502336E-06
     991   7.920771356E-06
     992   7.904818140E-06
     993   7.888913074E-06
     994   7.873055962E-06
     995   7.857246613E-06
     996   7.811815204E-06
     997   7.796160264E-06
     998   7.780552336E-06
     999   7.764991231E-06
    1000   7.749476763E-06
    1001   7.879239967E-06
    1002   7.863528621E-06
    1003   7.847864222E-06
    1004   7.832246582E-06
    1005   7.816675515E-06
    1006   7.992921731E-06
    1007   7.977062760E-06
    1008   7.961250941E-06
    1009   7.945486087E-06
    1010   7.929768014E-06
    1011   8.386485934E-06
    1012   8.369928212E-06
    1013   8.353419478E-06
    1014   8.336959538E-06
    1015   8.320548201E-06
    1016   9.260209879E-06
    1017   9.242016932E-06
    1018   9.223877546E-06
    1019   9.205791512E-06
    1020   9.187758620E-06
    1021   9.293832424E-06
    1022   9.275662664E-06
    1023   9.257546135E-06
    1024   9.239482631E-06
    1025   9.221471943E-06
    1026   9.605984977E-06
    1027   9.587296291E-06
    1028   9.568662090E-06
    1029   9.550082164E-06
    1030   9.531556301E-06
    1031   9.651847343E-06
    1032   9.633160320E-06
    1033   9.614527515E-06
    1034   9.595948717E-06
    1035   9.577423720E-06
    1036   9.883790757E-06
    1037   9.864746844E-06
    1038   9.845757918E-06
    1039   9.826823768E-06
    1040   9.807944184E-06
    1041   1.025955256E-05
    1042   1.023987940E-05
    1043   1.022026277E-05
    1044   1.020070246E-05
    1045   1.018119825E-05
    1046   9.963822244E-06
    1047   9.944807316E-06
    1048   9.925846768E-06
    1049   9.906940393E-06
    1050   9.888087985E-06
    1051   9.965649598E-06
    1052   9.946721488E-06
    1053   9.927847254E-06
    1054   9.909026691E-06
    1055   9.890259594E-06
    1056   9.547762603E-06
    1057   9.529713903E-06
    1058   9.511716332E-06
    1059   9.493769697E-06
    1060   9.475873807E-06
    1061   9.587113021E-06
    1062   9.569075179E-06
    1063   9.551088195E-06
    1064   9.533151879E-06
    1065   9.515266041E-06
    1066   9.796249789E-06
    1067   9.777904752E-06
    1068   9.759611198E-06
    1069   9.741368934E-06
    1070   9.723177769E-06
    1071   1.036393710E-05
    1072   1.034461941E-05
    1073   1.032535569E-05
    1074   1.030614573E-05
    1075   1.028698932E-05
    1076   1.134903356E-05
    1077   1.132797784E-05
    1078   1.130698066E-05
    1079   1.128604181E-05
    1080   1.126516107E-05
    1081   1.354168876E-05
    1082   1.351668102E-05
    1083   1.349174250E-05
    1084   1.346687293E-05
    1085   1.344207205E-05
    1086   1.480597912E-05
    1087   1.477876225E-05
    1088   1.475162035E-05
    1089   1.472455316E-05
    1090   1.469756040E-05
    1091   1.543354251E-05
    1092   1.540530181E-05
    1093   1.537713856E-05
    1094   1.534905246E-05
    1095   1.532104324E-05
    1096   1.588087048E-05
    1097   1.585194357E-05
    1098   1.582309563E-05
    1099   1.579432637E-05
    1100   1.576563549E-05
    1101   1.641502377E-05
    1102   1.638525945E-05
    1103   1.635557601E-05
    1104   1.632597315E-05
    1105   1.629645060E-05
    1106   1.660846581E-05
    1107   1.657848663E-05
    1108   1.654858855E-05
    1109   1.651877127E-05
    1110   1.648903451E-05
    1111   1.863005842E-05
    1112   1.859658122E-05
    1113   1.856319418E-05
    1114   1.852989697E-05
    1115   1.849668927E-05
    1116   2.014250626E-05
    1117   2.010647316E-05
    1118   2.007053666E-05
    1119   2.003469641E-05
    1120   1.999895208E-05
    1121   2.226963945E-05
    1122   2.222997847E-05
    1123   2.219042335E-05
    1124   2.215097371E-05
    1125   2.211162917E-05
    1126   2.133058836E-05
    1127   2.129276817E-05
    1128   2.125504847E-05
    1129   2.121742892E-05
    1130   2.117990915E-05
    1131   1.952378067E-05
    1132   1.948931680E-05
    1133   1.945494411E-05
    1134   1.942066227E-05
    1135   1.938647096E-05
    1136   1.614452485E-05
    1137   1.611615134E-05
    1138   1.608785257E-05
    1139   1.605962827E-05
    1140   1.603147817E-05
    1141   1.163024649E-05
    1142   1.160989610E-05
    1143   1.158959908E-05
    1144   1.156935524E-05
    1145   1.154916439E-05
    1146   6.360215260E-06
    1147   6.349134746E-06
    1148   6.338083162E-06
    1149   6.327060409E-06
    1150   6.316066385E-06
    1151  -1.610380718E-08
    1152  -1.607587343E-08
    1153  -1.604801230E-08
    1154  -1.602022353E-08
    1155  -1.599250688E-08
    1156  -5.908913910E-06
    1157  -5.898708532E-06
    1158  -5.888529570E-06
    1159  -5.878376933E-06
    1160  -5.868250530E-06
    1161  -1.037900335E-05
    1162  -1.036115468E-05
    1163  -1.034335201E-05
    1164  -1.032559518E-05
    1165  -1.030788404E-05
    1166  -1.345394925E-05
    1167  -1.343091166E-05
    1168  -1.340793320E-05
    1169  -1.338501366E-05
    1170  -1.336215283E-05
    1171  -1.193452202E-05
    1172  -1.191417330E-05
    1173  -1.189387658E-05
    1174  -1.187363169E-05
    1175  -1.185343844E-05
    1176  -1.360472480E-06
    1177  -1.358162680E-06
    1178  -1.355858757E-06
    1179  -1.353560691E-06
    1180  -1.351268463E-06
    1181   2.006417763E-05
    1182   2.003025679E-05
    1183   1.999642190E-05
    1184   1.996267266E-05
    1185   1.992900880E-05
    1186   5.489011576E-05
    1187   5.479770816E-05
    1188   5.470553372E-05
    1189   5.461359164E-05
    1190   5.452188116E-05
    1191   9.846633817E-05
    1192   9.830126468E-05
    1193   9.813660594E-05
    1194   9.797236058E-05
    1195   9.780852720E-05
    1196   1.606635294E-04
    1197   1.603953098E-04
    1198   1.601277614E-04
    1199   1.598608818E-04
    1200   1.595946688E-04
    1201   2.140647775E-04
    1202   2.137088926E-04
    1203   2.133538944E-04
    1204   2.129997800E-04
    1205   2.126465466E-04
    1206   2.797087318E-04
    1207   2.792456379E-04
    1208   2.787836931E-04
    1209   2.783228936E-04
    1210   2.778632356E-04
    1211   3.101208723E-04
    1212   3.096095435E-04
    1213   3.090994784E-04
    1214   3.085906727E-04
    1215   3.080831222E-04
    1216   3.428275420E-04
    1217   3.422646067E-04
    1218   3.417030569E-04
    1219   3.411428880E-04
    1220   3.405840954E-04
    1221   3.515651435E-04
    1222   3.509902209E-04
    1223   3.504167075E-04
    1224   3.498445986E-04
    1225   3.492738896E-04
    1226   2.912393931E-04
    1227   2.907650618E-04
    1228   2.902918884E-04
    1229   2.898198691E-04
    1230   2.893490001E-04
    1231   1.756609103E-04
    1232   1.753759777E-04
    1233   1.750917379E-04
    1234   1.748081885E-04
    1235   1.745253274E-04
    1236  -7.937527591E-05
    1237  -7.924704445E-05
    1238  -7.911912347E-05
    1239  -7.899151198E-05
    1240  -7.886420898E-05
    1241  -4.695241862E-04
    1242  -4.687687169E-04
    1243  -4.680150694E-04
    1244  -4.672632380E-04
    1245  -4.665132167E-04
    1246  -1.022445439E-03
    1247  -1.020806905E-03
    1248  -1.019172306E-03
    1249  -1.017541630E-03
    1250  -1.015914865E-03
    1251  -1.538140950E-03
    1252  -1.535685817E-03
    1253  -1.533236558E-03
    1254  -1.530793153E-03
    1255  -1.528355584E-03
    1256  -2.110591436E-03
    1257  -2.107235964E-03
    1258  -2.103888489E-03
    1259  -2.100548983E-03
    1260  -2.097217422E-03
    1261  -2.256974620E-03
    1262  -2.253400630E-03
    1263  -2.249835123E-03
    1264  -2.246278071E-03
    1265  -2.242729449E-03
    1266  -2.400971885E-03
    1267  -2.397184863E-03
    1268  -2.393406794E-03
    1269  -2.389637650E-03
    1270  -2.385877401E-03
    1271  -2.246589086E-03
    1272  -2.243059488E-03
    1273  -2.239538202E-03
    1274  -2.236025200E-03
    1275  -2.232520459E-03
    1276  -1.693968040E-03
    1277  -1.691317073E-03
    1278  -1.688672323E-03
    1279  -1.686033773E-03
    1280  -1.683401402E-03
    1281  -6.394383895E-04
    1282  -6.384416032E-04
    1283  -6.374471459E-04
    1284  -6.364550103E-04
    1285  -6.354651891E-04
    1286   1.297669036E-03
    1287   1.295654022E-03
    1288   1.293643698E-03
    1289   1.291638048E-03
    1290   1.289637060E-03
    1291   4.630699626E-03
    1292   4.623536904E-03
    1293   4.616390788E-03
    1294   4.609261227E-03
    1295   4.602148169E-03
    1296   8.900124801E-03
    1297   8.886411204E-03
    1298   8.872729277E-03
    1299   8.859078925E-03
    1300   8.845460049E-03
    1301   1.389241572E-02
    1302   1.387109199E-02
    1303   1.384981731E-02
    1304   1.382859153E-02
    1305   1.380741452E-02
    1306   1.818646292E-02
    1307   1.815865488E-02
    1308   1.813091056E-02
    1309   1.810322978E-02
    1310   1.807561234E-02
    1311   2.122842195E-02
    1312   2.119608619E-02
    1313   2.116382427E-02
    1314   2.113163594E-02
    1315   2.109952099E-02
    1316   2.351500093E-02
    1317   2.347931807E-02
    1318   2.344371638E-02
    1319   2.340819560E-02
    1320   2.337275548E-02
    1321   2.355019131E-02
    1322   2.351459012E-02
    1323   2.347906959E-02
    1324   2.344362948E-02
    1325   2.340826956E-02
    1326   2.404116505E-02
    1327   2.400495848E-02
    1328   2.396883364E-02
    1329   2.393279028E-02
    1330   2.389682816E-02
    1331   2.302939782E-02
    1332   2.299484509E-02
    1333   2.296037006E-02
    1334   2.292597250E-02
    1335   2.289165218E-02
    1336   2.128861431E-02
    1337   2.125679277E-02
    1338   2.122504251E-02
    1339   2.119336335E-02
    1340   2.116175505E-02
    1341   1.809379260E-02
    1342   1.806684726E-02
    1343   1.803996207E-02
    1344   1.801313685E-02
    1345   1.798637142E-02
    1346   1.360573964E-02
    1347   1.358555308E-02
    1348   1.356541142E-02
    1349   1.354531451E-02
    1350   1.352526223E-02
    1351   8.661568557E-03
    1352   8.648765055E-03
    1353   8.635989922E-03
    1354   8.623243074E-03
    1355   8.610524426E-03
    1356   4.196898854E-03
    1357   4.190717854E-03
    1358   4.184550499E-03
    1359   4.178396749E-03
    1360   4.172256562E-03
    1361   9.009884222E-04
    1362   8.996663555E-04
    1363   8.983471966E-04
    1364   8.970309370E-04
    1365   8.957175682E-04
    1366  -1.062431636E-03
    1367  -1.060878374E-03
    1368  -1.059328515E-03
    1369  -1.057782050E-03
    1370  -1.056238969E-03
    1371  -2.115775451E-03
    1372  -2.112693477E-03
    1373  -2.109618232E-03
    1374  -2.106549696E-03
    1375  -2.103487851E-03
    1376  -2.722218575E-03
    1377  -2.718267605E-03
    1378  -2.714325230E-03
    1379  -2.710391425E-03
    1380  -2.706466166E-03
    1381  -2.790197211E-03
    1382  -2.786162218E-03
    1383  -2.782135972E-03
    1384  -2.778118448E-03
    1385  -2.774109619E-03
    1386  -2.763059368E-03
    1387  -2.759078014E-03
    1388  -2.755105260E-03
    1389  -2.751141080E-03
    1390  -2.747185449E-03
    1391  -2.348871279E-03
    1392  -2.345498887E-03
    1393  -2.342133752E-03
    1394  -2.338775855E-03
    1395  -2.335425173E-03
    1396  -1.889016090E-03
    1397  -1.886313635E-03
    1398  -1.883616975E-03
    1399  -1.880926094E-03
    1400  -1.878240974E-03
    1401  -1.234852615E-03
    1402  -1.233092312E-03
    1403  -1.231335770E-03
    1404  -1.229582979E-03
    1405  -1.227833928E-03
    1406  -6.072596675E-04
    1407  -6.063970828E-04
    1408  -6.055363346E-04
    1409  -6.046774178E-04
    1410  -6.038203272E-04
    1411  -1.800723217E-04
    1412  -1.798174423E-04
    1413  -1.795631036E-04
    1414  -1.793093042E-04
    1415  -1.790560424E-04
    1416   9.487960353E-05
    1417   9.474578180E-05
    1418   9.461224300E-05
    1419   9.447898631E-05
    1420   9.434601096E-05
    1421   2.429894619E-04
    1422   2.426479447E-04
    1423   2.423071470E-04
    1424   2.419670668E-04
    1425   2.416277021E-04
    1426   3.044491538E-04
    1427   3.040227544E-04
    1428   3.035972502E-04
    1429   3.031726387E-04
    1430   3.027489173E-04
    1431   2.996527507E-04
    1432   2.992345333E-04
    1433   2.988171909E-04
    1434   2.984007209E-04
    1435   2.979851210E-04
    1436   2.789924290E-04
    1437   2.786044006E-04
    1438   2.782171811E-04
    1439   2.778307684E-04
    1440   2.774451601E-04
    1441   2.316702709E-04
    1442   2.313491756E-04
    1443   2.310287474E-04
    1444   2.307089844E-04
    1445   2.303898848E-04
    1446   1.734426814E-04
    1447   1.732031197E-04
    1448   1.729640540E-04
    1449   1.727254829E-04
    1450   1.724874050E-04
    1451   1.079704248E-04
    1452   1.078218076E-04
    1453   1.076734970E-04
    1454   1.075254921E-04
    1455   1.073777923E-04
    1456   4.245995829E-05
    1457   4.240171418E-05
    1458   4.234358983E-05
    1459   4.228558491E-05
    1460   4.222769910E-05
    1461  -6.400740071E-06
    1462  -6.391989914E-06
    1463  -6.383257687E-06
    1464  -6.374543342E-06
    1465  -6.365846830E-06
    1466  -4.106765428E-05
    1467  -4.101170380E-05
    1468  -4.095586758E-05
    1469  -4.090014531E-05
    1470  -4.084453668E-05
    1471  -6.378440195E-05
    1472  -6.369779720E-05
    1473  -6.361136871E-05
    1474  -6.352511600E-05
    1475  -6.343903861E-05
    1476  -7.206489774E-05
    1477  -7.196738096E-05
    1478  -7.187006199E-05
    1479  -7.177294028E-05
    1480  -7.167601531E-05
    1481  -7.475754405E-05
    1482  -7.465672470E-05
    1483  -7.455610917E-05
    1484  -7.445569690E-05
    1485  -7.435548735E-05
    1486  -7.180973256E-05
    1487  -7.171321410E-05
    1488  -7.161689011E-05
    1489  -7.152076005E-05
    1490  -7.142482342E-05
    1491  -6.173156067E-05
    1492  -6.164886601E-05
    1493  -6.156633741E-05
    1494  -6.148397442E-05
    1495  -6.140177659E-05
    1496  -5.108912882E-05
    1497  -5.102091904E-05
    1498  -5.095284576E-05
    1499  -5.088490864E-05
    1500  -5.081710729E-05
    1501  -3.924084131E-05
    1502  -3.918862462E-05
    1503  -3.913651209E-05
    1504  -3.908450343E-05
    1505  -3.903259838E-05
    1506  -2.852632038E-05
    1507  -2.848848706E-05
    1508  -2.845072896E-05
    1509  -2.841304588E-05
    1510  -2.837543761E-05
    1511  -2.056442150E-05
    1512  -2.053723786E-05
    1513  -2.051010809E-05
    1514  -2.048303204E-05
    1515  -2.045600957E-05
    1516  -1.460183609E-05
    1517  -1.458259783E-05
    1518  -1.456339757E-05
    1519  -1.454423521E-05
    1520  -1.452511064E-05
    1521  -1.156441702E-05
    1522  -1.154923066E-05
    1523  -1.153407419E-05
    1524  -1.151894753E-05
    1525  -1.150385061E-05
    1526  -1.070450061E-05
    1527  -1.069048948E-05
    1528  -1.067650585E-05
    1529  -1.066254963E-05
    1530  -1.064862076E-05
    1531  -1.101477100E-05
    1532  -1.100040078E-05
    1533  -1.098605867E-05
    1534  -1.097174459E-05
    1535  -1.095745846E-05
    1536  -1.174993526E-05
    1537  -1.173465576E-05
    1538  -1.171940604E-05
    1539  -1.170418603E-05
    1540  -1.168899566E-05
    1541  -1.210518878E-05
    1542  -1.208949832E-05
    1543  -1.207383835E-05
    1544  -1.205820878E-05
    1545  -1.204260955E-05
    1546  -1.238106690E-05
    1547  -1.236507069E-05
    1548  -1.234910546E-05
    1549  -1.233317113E-05
    1550  -1.231726762E-05
    1551  -1.135342050E-05
    1552  -1.133879922E-05
    1553  -1.132420617E-05
    1554  -1.130964128E-05
    1555  -1.129510446E-05
    1556  -1.129477270E-05
    1557  -1.128027363E-05
    1558  -1.126580247E-05
    1559  -1.125135913E-05
    1560  -1.123694355E-05
    1561  -1.127252556E-05
    1562  -1.125810134E-05
    1563  -1.124370479E-05
    1564  -1.122933584E-05
    1565  -1.121499441E-05
    1566  -1.207336298E-05
    1567  -1.205796328E-05
    1568  -1.204259303E-05
    1569  -1.202725214E-05
    1570  -1.201194055E-05
    1571  -1.305895027E-05
    1572  -1.304234639E-05
    1573  -1.302577416E-05
    1574  -1.300923349E-05
    1575  -1.299272431E-05
    1576  -1.364162200E-05
    1577  -1.362433223E-05
    1578  -1.360707532E-05
    1579  -1.358985118E-05
    1580  -1.357265971E-05
    1581  -1.387135177E-05
    1582  -1.385382637E-05
    1583  -1.383633417E-05
    1584  -1.381887507E-05
    1585  -1.380144900E-05
    1586  -1.367622243E-05
    1587  -1.365899797E-05
    1588  -1.364180603E-05
    1589  -1.362464653E-05
    1590  -1.360751938E-05
    1591  -1.314235672E-05
    1592  -1.312585659E-05
    1593  -1.310938751E-05
    1594  -1.309294940E-05
    1595  -1.307654220E-05
    1596  -1.200448119E-05
    1597  -1.198945681E-05
    1598  -1.197446061E-05
    1599  -1.195949254E-05
    1600  -1.194455251E-05
    1601  -1.118233145E-05
    1602  -1.116837970E-05
    1603  -1.115445404E-05
    1604  -1.114055441E-05
    1605  -1.112668074E-05
    1606  -1.053238917E-05
    1607  -1.051928918E-05
    1608  -1.050621362E-05
    1609  -1.049316242E-05
    1610  -1.048013553E-05
    1611  -1.008519037E-05
    1612  -1.007268548E-05
    1613  -1.006020384E-05
    1614  -1.004774538E-05
    1615  -1.003531005E-05
    1616  -9.673715891E-06
    1617  -9.661758269E-06
    1618  -9.649822805E-06
    1619  -9.637909444E-06
    1620  -9.626018130E-06
    1621  -9.347530195E-06
    1622  -9.336011365E-06
    1623  -9.324513814E-06
    1624  -9.313037490E-06
    1625  -9.301582339E-06
    1626  -9.501143090E-06
    1627  -9.489470924E-06
    1628  -9.477820254E-06
    1629  -9.466191027E-06
    1630  -9.454583190E-06
    1631  -9.726580714E-06
    1632  -9.714668184E-06
    1633  -9.702777525E-06
    1634  -9.690908684E-06
    1635  -9.679061607E-06
    1636  -9.580798032E-06
    1637  -9.569099866E-06
    1638  -9.557423112E-06
    1639  -9.545767718E-06
    1640  -9.534133632E-06
    1641  -9.677909816E-06
    1642  -9.666129037E-06
    1643  -9.654369756E-06
    1644  -9.642631921E-06
    1645  -9.630915479E-06
    1646  -9.335442116E-06
    1647  -9.324112696E-06
    1648  -9.312803887E-06
    1649  -9.301515640E-06
    1650  -9.290247905E-06
    1651  -9.041617385E-06
    1652  -9.030677739E-06
    1653  -9.019757936E-06
    1654  -9.008857926E-06
    1655  -8.997977663E-06
    1656  -8.506845341E-06
    1657  -8.496583767E-06
    1658  -8.486340748E-06
    1659  -8.476116241E-06
    1660  -8.465910201E-06
    1661  -8.114704952E-06
    1662  -8.104945836E-06
    1663  -8.095204315E-06
    1664  -8.085480346E-06
    1665  -8.075773887E-06
    1666  -8.112044026E-06
    1667  -8.102317355E-06
    1668  -8.092608167E-06
    1669  -8.082916421E-06
    1670  -8.073242074E-06
    1671  -8.103807852E-06
    1672  -8.094120096E-06
    1673  -8.084449701E-06
    1674  -8.074796627E-06
    1675  -8.065160832E-06
    1676  -8.210095487E-06
    1677  -8.200309915E-06
    1678  -8.190541827E-06
    1679  -8.180791182E-06
    1680  -8.171057938E-06
    1681  -8.174886541E-06
    1682  -8.165171881E-06
    1683  -8.155474527E-06
    1684  -8.145794439E-06
    1685  -8.136131574E-06
    1686  -8.018296868E-06
    1687  -8.008796516E-06
    1688  -7.999313039E-06
    1689  -7.989846396E-06
    1690  -7.980396549E-06
    1691  -8.027649854E-06
    1692  -8.018166511E-06
    1693  -8.008699962E-06
    1694  -7.999250169E-06
    1695  -7.989817091E-06
    1696  -7.734544750E-06
    1697  -7.725434568E-06
    1698  -7.716340472E-06
    1699  -7.707262424E-06
    1700  -7.698200387E-06
    1701  -7.729928602E-06
    1702  -7.720850588E-06
    1703  -7.711788557E-06
    1704  -7.702742471E-06
    1705  -7.693712292E-06
    1706  -7.452560988E-06
    1707  -7.443834336E-06
    1708  -7.435123003E-06
    1709  -7.426426953E-06
    1710  -7.417746150E-06
    1711  -7.374572834E-06
    1712  -7.365962708E-06
    1713  -7.357367652E-06
    1714  -7.348787632E-06
    1715  -7.340222611E-06
    1716  -7.574450956E-06
    1717  -7.565633202E-06
    1718  -7.556830836E-06
    1719  -7.548043823E-06
    1720  -7.539272128E-06
    1721  -7.418194317E-06
    1722  -7.409583529E-06
    1723  -7.400987724E-06
    1724  -7.392406869E-06
    1725  -7.383840928E-06
    1726  -7.724707219E-06
    1727  -7.715766585E-06
    1728  -7.706841465E-06
    1729  -7.697931821E-06
    1730  -7.689037619E-06
    1731  -7.533125018E-06
    1732  -7.524431279E-06
    1733  -7.515752581E-06
    1734  -7.507088889E-06
    1735  -7.498440169E-06
    1736  -7.584219135E-06
    1737  -7.575491610E-06
    1738  -7.566779141E-06
    1739  -7.558081694E-06
    1740  -7.549399234E-06
    1741  -7.528614493E-06
    1742  -7.519975807E-06
    1743  -7.511351982E-06
    1744  -7.502742983E-06
    1745  -7.494148775E-06
    1746  -7.169339910E-06
    1747  -7.161137004E-06
    1748  -7.152948168E-06
    1749  -7.144773370E-06
    1750  -7.136612578E-06
    1751  -7.130352877E-06
    1752  -7.122217848E-06
    1753  -7.114096733E-06
    1754  -7.105989500E-06
    1755  -7.097896118E-06
    1756  -6.800086222E-06
    1757  -6.792350060E-06
    1758  -6.784627092E-06
    1759  -6.776917289E-06
    1760  -6.769220620E-06
    1761  -6.831244104E-06
    1762  -6.823494536E-06
    1763  -6.815758147E-06
    1764  -6.808034909E-06
    1765  -6.800324790E-06
    1766  -6.544719154E-06
    1767  -6.537315626E-06
    1768  -6.529924653E-06
    1769  -6.522546207E-06
    1770  -6.515180260E-06
    1771  -6.589528000E-06
    1772  -6.582094804E-06
    1773  -6.574674179E-06
    1774  -6.567266095E-06
    1775  -6.559870525E-06
    1776  -6.743887459E-06
    1777  -6.736301534E-06
    1778  -6.728728401E-06
    1779  -6.721168032E-06
    1780  -6.713620398E-06
    1781  -6.692064344E-06
    1782  -6.684557822E-06
    1783  -6.677063923E-06
    1784  -6.669582619E-06
    1785  -6.662113881E-06
    1786  -6.735600594E-06
    1787  -6.728066365E-06
    1788  -6.720544771E-06
    1789  -6.713035782E-06
    1790  -6.705539371E-06
    1791  -6.566700698E-06
    1792  -6.559375879E-06
    1793  -6.552063308E-06
    1794  -6.544762959E-06
    1795  -6.537474804E-06
    1796  -6.520965334E-06
    1797  -6.513711758E-06
    1798  -6.506470277E-06
    1799  -6.499240866E-06
    1800  -6.492023497E-06
    1801  -6.366031177E-06
    1802  -6.358969578E-06
    1803  -6.351919723E-06
    1804  -6.344881585E-06
    1805  -6.337855138E-06
    1806  -6.143982064E-06
    1807  -6.137185623E-06
    1808  -6.130400454E-06
    1809  -6.123626531E-06
    1810  -6.116863829E-06
    1811  -6.142146296E-06
    1812  -6.135370625E-06
    1813  -6.128606159E-06
    1814  -6.121852874E-06
    1815  -6.115110745E-06
    1816  -6.018609805E-06
    1817  -6.011988672E-06
    1818  -6.005378459E-06
    1819  -5.998779142E-06
    1820  -5.992190697E-06
    1821  -6.188811838E-06
    1822  -6.182022138E-06
    1823  -6.175243605E-06
    1824  -6.168476215E-06
    1825  -6.161719943E-06
    1826  -6.061679888E-06
    1827  -6.055047853E-06
    1828  -6.048426696E-06
    1829  -6.041816394E-06
    1830  -6.035216922E-06
    1831  -6.015485016E-06
    1832  -6.008921476E-06
    1833  -6.002368671E-06
    1834  -5.995826580E-06
    1835  -5.989295179E-06
    1836  -6.068128621E-06
    1837  -6.061525652E-06
    1838  -6.054933454E-06
    1839  -6.048352005E-06
    1840  -6.041781280E-06
    1841  -6.005440987E-06
    1842  -5.998923959E-06
    1843  -5.992417534E-06
    1844  -5.985921689E-06
    1845  -5.979436400E-06
    1846  -5.875692072E-06
    1847  -5.869333098E-06
    1848  -5.862984441E-06
    1849  -5.856646080E-06
    1850  -5.850317991E-06
    1851  -5.599977901E-06
    1852  -5.593933672E-06
    1853  -5.587899224E-06
    1854  -5.581874535E-06
    1855  -5.575859583E-06
    1856  -5.413594664E-06
    1857  -5.407767329E-06
    1858  -5.401949397E-06
    1859  -5.396140850E-06
    1860  -5.390341665E-06
    1861  -5.385696137E-06
    1862  -5.379914391E-06
    1863  -5.374141951E-06
    1864  -5.368378796E-06
    1865  -5.362624906E-06
    1866  -5.325727487E-06
    1867  -5.320025423E-06
    1868  -5.314332512E-06
    1869  -5.308648734E-06
    1870  -5.302974069E-06
    1871  -5.411538551E-06
    1872  -5.405760080E-06
    1873  -5.399990859E-06
    1874  -5.394230868E-06
    1875  -5.388480089E-06
    1876  -5.261756611E-06
    1877  -5.256153036E-06
    1878  -5.250558408E-06
    1879  -5.244972708E-06
    1880  -5.239395916E-06
    1881  -5.370981432E-06
    1882  -5.365276725E-06
    1883  -5.359581102E-06
    1884  -5.353894544E-06
    1885  -5.348217031E-06
    1886  -5.239381474E-06
    1887  -5.233831282E-06
    1888  -5.228289904E-06
    1889  -5.222757322E-06
    1890  -5.217233517E-06
    1891  -5.132450678E-06
    1892  -5.127028120E-06
    1893  -5.121614152E-06
    1894  -5.116208754E-06
    1895  -5.110811909E-06
    1896  -5.065017964E-06
    1897  -5.059680748E-06
    1898  -5.054351964E-06
    1899  -5.049031594E-06
    1900  -5.043719619E-06
    1901  -4.660471968E-06
    1902  -4.655573942E-06
    1903  -4.650683633E-06
    1904  -4.645801026E-06
    1905  -4.640926103E-06
    1906  -4.594526445E-06
    1907  -4.589710380E-06
    1908  -4.584901883E-06
    1909  -4.580100938E-06
    1910  -4.575307531E-06
    1911  -4.413571868E-06
    1912  -4.408957574E-06
    1913  -4.404350513E-06
    1914  -4.399750669E-06
    1915  -4.395158028E-06
    1916  -4.358182900E-06
    1917  -4.353638393E-06
    1918  -4.349100989E-06
    1919  -4.344570676E-06
    1920  -4.340047437E-06
    1921  -4.307178209E-06
    1922  -4.302698564E-06
    1923  -4.298225905E-06
    1924  -4.293760215E-06
    1925  -4.289301482E-06
    1926  -4.309527219E-06
    1927  -4.305056755E-06
    1928  -4.300593243E-06
    1929  -4.296136670E-06
    1930  -4.291687020E-06
    1931  -4.390297500E-06
    1932  -4.385755030E-06
    1933  -4.381219606E-06
    1934  -4.376691214E-06
    1935  -4.372169839E-06
    1936  -4.257666625E-06
    1937  -4.253272748E-06
    1938  -4.248885669E-06
    1939  -4.244505375E-06
    1940  -4.240131851E-06
    1941  -4.159543150E-06
    1942  -4.155261583E-06
    1943  -4.150986622E-06
    1944  -4.146718255E-06
    1945  -4.142456469E-06
    1946  -4.081437021E-06
    1947  -4.077246634E-06
    1948  -4.073062697E-06
    1949  -4.068885197E-06
    1950  -4.064714121E-06
    1951  -3.833158621E-06
    1952  -3.829233215E-06
    1953  -3.825313836E-06
    1954  -3.821400472E-06
    1955  -3.817493109E-06
    1956  -3.833017368E-06
    1957  -3.829102130E-06
    1958  -3.825192889E-06
    1959  -3.821289631E-06
    1960  -3.817392344E-06
    1961  -3.578484981E-06
    1962  -3.574839046E-06
    1963  -3.571198680E-06
    1964  -3.567563873E-06
    1965  -3.563934611E-06
    1966  -3.613171553E-06
    1967  -3.609499631E-06
    1968  -3.605833303E-06
    1969  -3.602172559E-06
    1970  -3.598517386E-06
    1971  -3.624117866E-06
    1972  -3.620444154E-06
    1973  -3.616776024E-06
    1974  -3.613113466E-06
    1975  -3.609456468E-06
    1976  -3.555555840E-06
    1977  -3.551960739E-06
    1978  -3.548371086E-06
    1979  -3.544786873E-06
    1980  -3.541208088E-06
    1981  -3.587953089E-06
    1982  -3.584334377E-06
    1983  -3.580721137E-06
    1984  -3.577113358E-06
    1985  -3.573511028E-06
    1986  -3.447904786E-06
    1987  -3.444436069E-06
    1988  -3.440972584E-06
    1989  -3.437514320E-06
    1990  -3.434061267E-06
    1991  -3.478733526E-06
    1992  -3.475242575E-06
    1993  -3.471756875E-06
    1994  -3.468276417E-06
    1995  -3.464801190E-06
    1996  -3.283673158E-06
    1997  -3.280386197E-06
    1998  -3.277104170E-06
    1999  -3.273827066E-06
    2000  -3.270554875E-06
    2001  -3.054105103E-06
    2002  -3.051055573E-06
    2003  -3.048010607E-06
    2004  -3.044970197E-06
    2005  -3.041934335E-06
    2006  -2.946164343E-06
    2007  -2.943229916E-06
    2008  -2.940299872E-06
    2009  -2.937374200E-06
    2010  -2.934452893E-06
    2011  -2.801137006E-06
    2012  -2.798353959E-06
    2013  -2.795575057E-06
    2014  -2.792800293E-06
    2015  -2.790029658E-06
    2016  -2.797920105E-06
    2017  -2.795147142E-06
    2018  -2.792378299E-06
    2019  -2.789613568E-06
    2020  -2.786852941E-06
    2021  -2.734300436E-06
    2022  -2.731597222E-06
    2023  -2.728898015E-06
    2024  -2.726202807E-06
    2025  -2.723511590E-06
    2026  -2.694643061E-06
    2027  -2.691985622E-06
    2028  -2.689332112E-06
    2029  -2.686682524E-06
    2030  -2.684036849E-06
    2031  -2.728119013E-06
    2032  -2.725435177E-06
    2033  -2.722755300E-06
    2034  -2.720079374E-06
    2035  -2.717407390E-06
    2036  -2.605305652E-06
    2037  -2.602748925E-06
    2038  -2.600195958E-06
    2039  -2.597646747E-06
    2040  -2.595101282E-06
    2041  -2.606537052E-06
    2042  -2.603985376E-06
    2043  -2.601437445E-06
    2044  -2.598893252E-06
    2045  -2.596352789E-06
    2046  -2.440200801E-06
    2047  -2.437817792E-06
    2048  -2.435438273E-06
    2049  -2.433062235E-06
    2050  -2.430689674E-06
    2051  -2.328788178E-06
    2052  -2.326519510E-06
    2053  -2.324254155E-06
    2054  -2.321992107E-06
    2055  -2.319733360E-06
    2056  -2.240585710E-06
    2057  -2.238408271E-06
    2058  -2.236234003E-06
    2059  -2.234062902E-06
    2060  -2.231894961E-06
    2061  -2.154115717E-06
    2062  -2.152027384E-06
    2063  -2.149942086E-06
    2064  -2.147859817E-06
    2065  -2.145780573E-06
    2066  -2.121950019E-06
    2067  -2.119897843E-06
    2068  -2.117848642E-06
    2069  -2.115802412E-06
    2070  -2.113759145E-06
    2071  -2.056762678E-06
    2072  -2.054778344E-06
    2073  -2.052796880E-06
    2074  -2.050818280E-06
    2075  -2.048842540E-06
    2076  -2.088253264E-06
    2077  -2.086243395E-06
    2078  -2.084236427E-06
    2079  -2.082232354E-06
    2080  -2.080231169E-06
    2081  -2.058274242E-06
    2082  -2.056297983E-06
    2083  -2.054324568E-06
    2084  -2.052353993E-06
    2085  -2.050386252E-06
    2086  -2.023865030E-06
    2087  -2.021926462E-06
    2088  -2.019990678E-06
    2089  -2.018057673E-06
    2090  -2.016127441E-06
    2091  -1.904994348E-06
    2092  -1.903174000E-06
    2093  -1.901356260E-06
    2094  -1.899541123E-06
    2095  -1.897728583E-06
    2096  -1.824382277E-06
    2097  -1.822643114E-06
    2098  -1.820906437E-06
    2099  -1.819172240E-06
    2100  -1.817440520E-06
    2101  -1.714382123E-06
    2102  -1.712751708E-06
    2103  -1.711123617E-06
    2104  -1.709497846E-06
    2105  -1.707874391E-06
    2106  -1.556923632E-06
    2107  -1.555446475E-06
    2108  -1.553971419E-06
    2109  -1.552498460E-06
    2110  -1.551027595E-06
    2111  -1.510168044E-06
    2112  -1.508738638E-06
    2113  -1.507311260E-06
    2114  -1.505885906E-06
    2115  -1.504462574E-06
    2116  -1.463671738E-06
    2117  -1.462289612E-06
    2118  -1.460909442E-06
    2119  -1.459531226E-06
    2120  -1.458154959E-06
    2121  -1.446977275E-06
    2122  -1.445614132E-06
    2123  -1.444252913E-06
    2124  -1.442893616E-06
    2125  -1.441536237E-06
    2126  -1.415625124E-06
    2127  -1.414294649E-06
    2128  -1.412966049E-06
    2129  -1.411639321E-06
    2130  -1.410314460E-06
    2131  -1.401417803E-06
    2132  -1.400103769E-06
    2133  -1.398791582E-06
    2134  -1.397481238E-06
    2135  -1.396172735E-06
    2136  -1.389361670E-06
    2137  -1.388061986E-06
    2138  -1.386764126E-06
    2139  -1.385468084E-06
    2140  -1.384173859E-06
    2141  -1.324247677E-06
    2142  -1.323011795E-06
    2143  -1.321777642E-06
    2144  -1.320545215E-06
    2145  -1.319314511E-06
    2146  -1.256184678E-06
    2147  -1.255015046E-06
    2148  -1.253847047E-06
    2149  -1.252680678E-06
    2150  -1.251515935E-06
    2151  -1.154904316E-06
    2152  -1.153831484E-06
    2153  -1.152760145E-06
    2154  -1.151690298E-06
    2155  -1.150621940E-06
    2156  -1.077812748E-06
    2157  -1.076813849E-06
    2158  -1.075816337E-06
    2159  -1.074820211E-06
    2160  -1.073825467E-06
    2161  -1.063285753E-06
    2162  -1.062302595E-06
    2163  -1.061320800E-06
    2164  -1.060340365E-06
    2165  -1.059361288E-06
    2166  -1.003622722E-06
    2167  -1.002696871E-06
    2168  -1.001772300E-06
    2169  -1.000849007E-06
    2170  -9.999269909E-07
    2171  -9.925558189E-07
    2172  -9.916422838E-07
    2173  -9.907300094E-07
    2174  -9.898189933E-07
    2175  -9.889092332E-07
    2176  -9.693377107E-07
    2177  -9.684475934E-07
    2178  -9.675587016E-07
    2179  -9.666710331E-07
    2180  -9.657845856E-07
    2181  -9.708457016E-07
    2182  -9.699562415E-07
    2183  -9.690680031E-07
    2184  -9.681809844E-07
    2185  -9.672951829E-07
    2186  -9.460348358E-07
    2187  -9.451700873E-07
    2188  -9.443065240E-07
    2189  -9.434441436E-07
    2190  -9.425829440E-07
    2191  -8.849946960E-07
    2192  -8.841875873E-07
    2193  -8.833815822E-07
    2194  -8.825766788E-07
    2195  -8.817728749E-07
    2196  -8.449544273E-07
    2197  -8.441855879E-07
    2198  -8.434177975E-07
    2199  -8.426510540E-07
    2200  -8.418853557E-07
    2201  -7.561310859E-07
    2202  -7.554446301E-07
    2203  -7.547591086E-07
    2204  -7.540745198E-07
    2205  -7.533908621E-07
    2206  -7.037384999E-07
    2207  -7.031010556E-07
    2208  -7.024644770E-07
    2209  -7.018287625E-07
    2210  -7.011939106E-07
    2211  -6.512286910E-07
    2212  -6.506401427E-07
    2213  -6.500523919E-07
    2214  -6.494654371E-07
    2215  -6.488792770E-07
    2216  -6.173305866E-07
    2217  -6.167739315E-07
    2218  -6.162180289E-07
    2219  -6.156628775E-07
    2220  -6.151084760E-07
    2221  -6.228158972E-07
    2222  -6.222555590E-07
    2223  -6.216959766E-07
    2224  -6.211371488E-07
    2225  -6.205790741E-07
    2226  -5.985317962E-07
    2227  -5.979945145E-07
    2228  -5.974579560E-07
    2229  -5.969221192E-07
    2230  -5.963870030E-07
    2231  -6.006830366E-07
    2232  -6.001450312E-07
    2233  -5.996077482E-07
    2234  -5.990711865E-07
    2235  -5.985353446E-07
    2236  -5.800882559E-07
    2237  -5.795698571E-07
    2238  -5.790521529E-07
    2239  -5.785351420E-07
    2240  -5.780188233E-07
    2241  -5.431278119E-07
    2242  -5.426435250E-07
    2243  -5.421598855E-07
    2244  -5.416768922E-07
    2245  -5.411945442E-07
    2246  -5.259972104E-07
    2247  -5.255292413E-07
    2248  -5.250618965E-07
    2249  -5.245951748E-07
    2250  -5.241290752E-07
    2251  -4.714114062E-07
    2252  -4.709929318E-07
    2253  -4.705750144E-07
    2254  -4.701576530E-07
    2255  -4.697408466E-07
    2256  -4.433144415E-07
    2257  -4.429217803E-07
    2258  -4.425296406E-07
    2259  -4.421380215E-07
    2260  -4.417469219E-07
    2261  -4.133696551E-07
    2262  -4.130043262E-07
    2263  -4.126394814E-07
    2264  -4.122751198E-07
    2265  -4.119112406E-07
    2266  -4.014091040E-07
    2267  -4.010551277E-07
    2268  -4.007016194E-07
    2269  -4.003485783E-07
    2270  -3.999960036E-07
    2271  -3.991240276E-07
    2272  -3.987728406E-07
    2273  -3.984221169E-07
    2274  -3.980718557E-07
    2275  -3.977220562E-07
    2276  -3.821898125E-07
    2277  -3.818542639E-07
    2278  -3.815191571E-07
    2279  -3.811844911E-07
    2280  -3.808502654E-07
    2281  -3.847299939E-07
    2282  -3.843929549E-07
    2283  -3.840563586E-07
    2284  -3.837202043E-07
    2285  -3.833844911E-07
    2286  -3.704682057E-07
    2287  -3.701443698E-07
    2288  -3.698209584E-07
    2289  -3.694979707E-07
    2290  -3.691754059E-07
    2291  -3.515854609E-07
    2292  -3.512788011E-07
    2293  -3.509725424E-07
    2294  -3.506666839E-07
    2295  -3.503612252E-07
    2296  -3.232807140E-07
    2297  -3.229993556E-07
    2298  -3.227183645E-07
    2299  -3.224377398E-07
    2300  -3.221574810E-07
    2301  -2.868703008E-07
    2302  -2.866211733E-07
    2303  -2.863723702E-07
    2304  -2.861238910E-07
    2305  -2.858757349E-07
    2306  -2.689830970E-07
    2307  -2.687500094E-07
    2308  -2.685172246E-07
    2309  -2.682847422E-07
    2310  -2.680525615E-07
    2311  -2.455845484E-07
    2312  -2.453721969E-07
    2313  -2.451601207E-07
    2314  -2.449483193E-07
    2315  -2.447367922E-07
    2316  -2.363837579E-07
    2317  -2.361798030E-07
    2318  -2.359761119E-07
    2319  -2.357726842E-07
    2320  -2.355695195E-07
    2321  -2.280602707E-07
    2322  -2.278639209E-07
    2323  -2.276678246E-07
    2324  -2.274719813E-07
    2325  -2.272763906E-07
    2326  -2.237079408E-07
    2327  -2.235157519E-07
    2328  -2.233238105E-07
    2329  -2.231321162E-07
    2330  -2.229406687E-07
    2331  -2.230738800E-07
    2332  -2.228826465E-07
    2333  -2.226916588E-07
    2334  -2.225009164E-07
    2335  -2.223104191E-07
    2336  -2.137018338E-07
    2337  -2.135190264E-07
    2338  -2.133364535E-07
    2339  -2.131541146E-07
    2340  -2.129720094E-07
    2341  -2.069930216E-07
    2342  -2.068163310E-07
    2343  -2.066398666E-07
    2344  -2.064636279E-07
    2345  -2.062876145E-07
    2346  -1.932640885E-07
    2347  -1.930994684E-07
    2348  -1.929350584E-07
    2349  -1.927708584E-07
    2350  -1.926068679E-07
    2351  -1.820161050E-07
    2352  -1.818613952E-07
    2353  -1.817068826E-07
    2354  -1.815525667E-07
    2355  -1.813984474E-07
    2356  -1.673853419E-07
    2357  -1.672433696E-07
    2358  -1.671015779E-07
    2359  -1.669599664E-07
    2360  -1.668185348E-07
    2361  -1.592763690E-07
    2362  -1.591415604E-07
    2363  -1.590069229E-07
    2364  -1.588724561E-07
    2365  -1.587381599E-07
    2366  -1.569428571E-07
    2367  -1.568103040E-07
    2368  -1.566779188E-07
    2369  -1.565457011E-07
    2370  -1.564136508E-07
    2371  -1.525471009E-07
    2372  -1.524185319E-07
    2373  -1.522901254E-07
    2374  -1.521618810E-07
    2375  -1.520337987E-07
    2376  -1.505643643E-07
    2377  -1.504377332E-07
    2378  -1.503112618E-07
    2379  -1.501849498E-07
    2380  -1.500587969E-07
    2381  -1.495257199E-07
    2382  -1.494002262E-07
    2383  -1.492748904E-07
    2384  -1.491497123E-07
    2385  -1.490246916E-07
    2386  -1.455721375E-07
    2387  -1.454502178E-07
    2388  -1.453284512E-07
    2389  -1.452068374E-07
    2390  -1.450853763E-07
    2391  -1.451606526E-07
    2392  -1.450393315E-07
    2393  -1.449181625E-07
    2394  -1.447971453E-07
    2395  -1.446762795E-07
    2396  -1.378865116E-07
    2397  -1.377715103E-07
    2398  -1.376566529E-07
    2399  -1.375419390E-07
    2400  -1.374273684E-07
    2401  -1.355424118E-07
    2402  -1.354296008E-07
    2403  -1.353169306E-07
    2404  -1.352044010E-07
    2405  -1.350920116E-07
    2406  -1.302763762E-07
    2407  -1.301681733E-07
    2408  -1.300601050E-07
    2409  -1.299521713E-07
    2410  -1.298443720E-07
    2411  -1.285377573E-07
    2412  -1.284312195E-07
    2413  -1.283248142E-07
    2414  -1.282185411E-07
    2415  -1.281123999E-07
    2416  -1.273501739E-07
    2417  -1.272448387E-07
    2418  -1.271396342E-07
    2419  -1.270345602E-07
    2420  -1.269296163E-07
    2421  -1.238272444E-07
    2422  -1.237250346E-07
    2423  -1.236229512E-07
    2424  -1.235209941E-07
    2425  -1.234191631E-07
    2426  -1.260869556E-07
    2427  -1.259830949E-07
    2428  -1.258793624E-07
    2429  -1.257757580E-07
    2430  -1.256722814E-07
    2431  -1.234320881E-07
    2432  -1.233306231E-07
    2433  -1.232292833E-07
    2434  -1.231280682E-07
    2435  -1.230269779E-07
    2436  -1.259222341E-07
    2437  -1.258189344E-07
    2438  -1.257157619E-07
    2439  -1.256127162E-07
    2440  -1.255097971E-07
    2441  -1.250112075E-07
    2442  -1.249088651E-07
    2443  -1.248066483E-07
    2444  -1.247045570E-07
    2445  -1.246025909E-07
    2446  -1.235207846E-07
    2447  -1.234198690E-07
    2448  -1.233190769E-07
    2449  -1.232184083E-07
    2450  -1.231178628E-07
    2451  -1.259860317E-07
    2452  -1.258833118E-07
    2453  -1.257807174E-07
    2454  -1.256782484E-07
    2455  -1.255759045E-07
    2456  -1.256444322E-07
    2457  -1.255421992E-07
    2458  -1.254400908E-07
    2459  -1.253381070E-07
    2460  -1.252362475E-07
    2461  -1.271193831E-07
    2462  -1.270161599E-07
    2463  -1.269130624E-07
    2464  -1.268100903E-07
    2465  -1.267072435E-07
    2466  -1.267842062E-07
    2467  -1.266814637E-07
    2468  -1.265788461E-07
    2469  -1.264763531E-07
    2470  -1.263739845E-07
    2471  -1.260416277E-07
    2472  -1.259396935E-07
    2473  -1.258378829E-07
    2474  -1.257361957E-07
    2475  -1.256346318E-07
    2476  -1.283788137E-07
    2477  -1.282751988E-07
    2478  -1.281717093E-07
    2479  -1.280683451E-07
    2480  -1.279651058E-07
    2481  -1.266389744E-07
    2482  -1.265369696E-07
    2483  -1.264350880E-07
    2484  -1.263333294E-07
    2485  -1.262316935E-07
    2486  -1.298882605E-07
    2487  -1.297838487E-07
    2488  -1.296795628E-07
    2489  -1.295754025E-07
    2490  -1.294713676E-07
    2491  -1.312419381E-07
    2492  -1.311366497E-07
    2493  -1.310314880E-07
    2494  -1.309264527E-07
    2495  -1.308215437E-07
    2496  -1.346758463E-07
    2497  -1.345680194E-07
    2498  -1.344603219E-07
    2499  -1.343527536E-07
    2500  -1.342453144E-07
    2501  -1.381574595E-07
    2502  -1.380470660E-07
    2503  -1.379368047E-07
    2504  -1.378266755E-07
    2505  -1.377166782E-07
    2506  -1.388362302E-07
    2507  -1.387255155E-07
    2508  -1.386149331E-07
    2509  -1.385044830E-07
    2510  -1.383941648E-07
    2511  -1.453999386E-07
    2512  -1.452842203E-07
    2513  -1.451686402E-07
    2514  -1.450531980E-07
    2515  -1.449378933E-07
    2516  -1.448447188E-07
    2517  -1.447296713E-07
    2518  -1.446147609E-07
    2519  -1.444999873E-07
    2520  -1.443853502E-07
    2521  -1.475256101E-07
    2522  -1.474086655E-07
    2523  -1.472918599E-07
    2524  -1.471751931E-07
    2525  -1.470586648E-07
    2526  -1.451951393E-07
    2527  -1.450802698E-07
    2528  -1.449655365E-07
    2529  -1.448509392E-07
    2530  -1.447364778E-07
    2531  -1.458303610E-07
    2532  -1.457152166E-07
    2533  -1.456002085E-07
    2534  -1.454853366E-07
    2535  -1.453706005E-07
    2536  -1.496704455E-07
    2537  -1.495525019E-07
    2538  -1.494346976E-07
    2539  -1.493170325E-07
    2540  -1.491995063E-07
    2541  -1.511003057E-07
    2542  -1.509814695E-07
    2543  -1.508627733E-07
    2544  -1.507442171E-07
    2545  -1.506258006E-07
    2546  -1.559757186E-07
    2547  -1.558532887E-07
    2548  -1.557310028E-07
    2549  -1.556088609E-07
    2550  -1.554868626E-07
    2551  -1.586333889E-07
    2552  -1.585091168E-07
    2553  -1.583849906E-07
    2554  -1.582610102E-07
    2555  -1.581371753E-07
    2556  -1.639442979E-07
    2557  -1.638161163E-07
    2558  -1.636880849E-07
    2559  -1.635602036E-07
    2560  -1.634324721E-07
    2561  -1.657935555E-07
    2562  -1.656641809E-07
    2563  -1.655349577E-07
    2564  -1.654058856E-07
    2565  -1.652769644E-07
    2566  -1.669992267E-07
    2567  -1.668691650E-07
    2568  -1.667392551E-07
    2569  -1.666094970E-07
    2570  -1.664798902E-07
    2571  -1.699660606E-07
    2572  -1.698339455E-07
    2573  -1.697019844E-07
    2574  -1.695701770E-07
    2575  -1.694385232E-07
    2576  -1.680468704E-07
    2577  -1.679165004E-07
    2578  -1.677862821E-07
    2579  -1.676562152E-07
    2580  -1.675262995E-07
    2581  -1.718603836E-07
    2582  -1.717273132E-07
    2583  -1.715943974E-07
    2584  -1.714616357E-07
    2585  -1.713290281E-07
    2586  -1.727746139E-07
    2587  -1.726410941E-07
    2588  -1.725077290E-07
    2589  -1.723745184E-07
    2590  -1.722414621E-07
    2591  -1.740677962E-07
    2592  -1.739335364E-07
    2593  -1.737994319E-07
    2594  -1.736654825E-07
    2595  -1.735316878E-07
    2596  -1.789136251E-07
    2597  -1.787758933E-07
    2598  -1.786383204E-07
    2599  -1.785009063E-07
    2600  -1.783636507E-07
    2601  -1.789480950E-07
    2602  -1.788106013E-07
    2603  -1.786732660E-07
    2604  -1.785360888E-07
    2605  -1.783990695E-07
    2606  -1.865388776E-07
    2607  -1.863958263E-07
    2608  -1.862529395E-07
    2609  -1.861102169E-07
    2610  -1.859676583E-07
    2611  -1.851772741E-07
    2612  -1.850355387E-07
    2613  -1.848939660E-07
    2614  -1.847525557E-07
    2615  -1.846113076E-07
    2616  -1.893504175E-07
    2617  -1.892057648E-07
    2618  -1.890612778E-07
    2619  -1.889169562E-07
    2620  -1.887727998E-07
    2621  -1.875213510E-07
    2622  -1.873783687E-07
    2623  -1.872355498E-07
    2624  -1.870928942E-07
    2625  -1.869504015E-07
    2626  -1.899505824E-07
    2627  -1.898060233E-07
    2628  -1.896616293E-07
    2629  -1.895173999E-07
    2630  -1.893733350E-07
    2631  -1.916538988E-07
    2632  -1.915083204E-07
    2633  -1.913629079E-07
    2634  -1.912176609E-07
    2635  -1.910725792E-07
    2636  -1.901668868E-07
    2637  -1.900227117E-07
    2638  -1.898787006E-07
    2639  -1.897348531E-07
    2640  -1.895911690E-07
    2641  -1.938819421E-07
    2642  -1.937352286E-07
    2643  -1.935886815E-07
    2644  -1.934423007E-07
    2645  -1.932960858E-07
    2646  -1.944613845E-07
    2647  -1.943145103E-07
    2648  -1.941678025E-07
    2649  -1.940212608E-07
    2650  -1.938748849E-07
    2651  -1.954978002E-07
    2652  -1.953504215E-07
    2653  -1.952032094E-07
    2654  -1.950561637E-07
    2655  -1.949092840E-07
    2656  -2.004672646E-07
    2657  -2.003164239E-07
    2658  -2.001657535E-07
    2659  -2.000152529E-07
    2660  -1.998649220E-07
    2661  -1.970718493E-07
    2662  -1.969238419E-07
    2663  -1.967760012E-07
    2664  -1.966283269E-07
    2665  -1.964808188E-07
    2666  -2.042594348E-07
    2667  -2.041063168E-07
    2668  -2.039533709E-07
    2669  -2.038005969E-07
    2670  -2.036479944E-07
    2671  -2.029969166E-07
    2672  -2.028450296E-07
    2673  -2.026933131E-07
    2674  -2.025417667E-07
    2675  -2.023903902E-07
    2676  -2.004655577E-07
    2677  -2.003158448E-07
    2678  -2.001662996E-07
    2679  -2.000169217E-07
    2680  -1.998677110E-07
    2681  -2.032130338E-07
    2682  -2.030615518E-07
    2683  -2.029102392E-07
    2684  -2.027590956E-07
    2685  -2.026081209E-07
    2686  -1.998406898E-07
    2687  -1.996919988E-07
    2688  -1.995434737E-07
    2689  -1.993951142E-07
    2690  -1.992469202E-07
    2691  -2.054263427E-07
    2692  -2.052737795E-07
    2693  -2.051213862E-07
    2694  -2.049691625E-07
    2695  -2.048171082E-07
    2696  -2.011516871E-07
    2697  -2.010025754E-07
    2698  -2.008536294E-07
    2699  -2.007048490E-07
    2700  -2.005562337E-07
    2701  -2.035298451E-07
    2702  -2.033792496E-07
    2703  -2.032288212E-07
    2704  -2.030785596E-07
    2705  -2.029284645E-07
    2706  -2.038768820E-07
    2707  -2.037263082E-07
    2708  -2.035759012E-07
    2709  -2.034256607E-07
    2710  -2.032755864E-07
    2711  -2.008922076E-07
    2712  -2.007441117E-07
    2713  -2.005961794E-07
    2714  -2.004484105E-07
    2715  -2.003008049E-07
    2716  -2.061515811E-07
    2717  -2.059998875E-07
    2718  -2.058483613E-07
    2719  -2.056970022E-07
    2720  -2.055458100E-07
    2721  -1.997728044E-07
    2722  -1.996260744E-07
    2723  -1.994795061E-07
    2724  -1.993330991E-07
    2725  -1.991868533E-07
    2726  -2.031176430E-07
    2727  -2.029687298E-07
    2728  -2.028199803E-07
    2729  -2.026713942E-07
    2730  -2.025229714E-07
    2731  -2.052588113E-07
    2732  -2.051086036E-07
    2733  -2.049585607E-07
    2734  -2.048086824E-07
    2735  -2.046589685E-07
    2736  -1.991540149E-07
    2737  -1.990085408E-07
    2738  -1.988632261E-07
    2739  -1.987180704E-07
    2740  -1.985730737E-07
    2741  -2.046188251E-07
    2742  -2.044696317E-07
    2743  -2.043206013E-07
    2744  -2.041717339E-07
    2745  -2.040230290E-07
    2746  -1.980202380E-07
    2747  -1.978761184E-07
    2748  -1.977321562E-07
    2749  -1.975883510E-07
    2750  -1.974447026E-07
    2751  -2.018005188E-07
    2752  -2.016539147E-07
    2753  -2.015074704E-07
    2754  -2.013611854E-07
    2755  -2.012150598E-07
    2756  -2.002160350E-07
    2757  -2.000708457E-07
    2758  -1.999258143E-07
    2759  -1.997809405E-07
    2760  -1.996362241E-07
    2761  -1.977362190E-07
    2762  -1.975930874E-07
    2763  -1.974501113E-07
    2764  -1.973072902E-07
    2765  -1.971646240E-07
    2766  -2.000310155E-07
    2767  -1.998864844E-07
    2768  -1.997421099E-07
    2769  -1.995978918E-07
    2770  -1.994538298E-07
    2771  -1.953266461E-07
    2772  -1.951857686E-07
    2773  -1.950450435E-07
    2774  -1.949044705E-07
    2775  -1.947640494E-07
    2776  -2.004473950E-07
    2777  -2.003030844E-07
    2778  -2.001589296E-07
    2779  -2.000149303E-07
    2780  -1.998710865E-07
    2781  -1.956240611E-07
    2782  -1.954834761E-07
    2783  -1.953430426E-07
    2784  -1.952027603E-07
    2785  -1.950626291E-07
    2786  -1.964757734E-07
    2787  -1.963348295E-07
    2788  -1.961940372E-07
    2789  -1.960533963E-07
    2790  -1.959129066E-07
    2791  -1.964600600E-07
    2792  -1.963193797E-07
    2793  -1.961788504E-07
    2794  -1.960384720E-07
    2795  -1.958982442E-07
    2796  -1.938448475E-07
    2797  -1.937062880E-07
    2798  -1.935678769E-07
    2799  -1.934296141E-07
    2800  -1.932914994E-07
    2801  -1.931858862E-07
    2802  -1.930480440E-07
    2803  -1.929103493E-07
    2804  -1.927728018E-07
    2805  -1.926354013E-07
    2806  -1.870533077E-07
    2807  -1.869200788E-07
    2808  -1.867869923E-07
    2809  -1.866540478E-07
    2810  -1.865212452E-07
    2811  -1.864348300E-07
    2812  -1.863022777E-07
    2813  -1.861698667E-07
    2814  -1.860375968E-07
    2815  -1.859054678E-07
    2816  -1.874093998E-07
    2817  -1.872763910E-07
    2818  -1.871435237E-07
    2819  -1.870107978E-07
    2820  -1.868782131E-07
    2821  -1.864138546E-07
    2822  -1.862817867E-07
    2823  -1.861498591E-07
    2824  -1.860180716E-07
    2825  -1.858864240E-07
    2826  -1.852885014E-07
    2827  -1.851574628E-07
    2828  -1.850265633E-07
    2829  -1.848958024E-07
    2830  -1.847651802E-07
    2831  -1.836798146E-07
    2832  -1.835501430E-07
    2833  -1.834206087E-07
    2834  -1.832912115E-07
    2835  -1.831619511E-07
    2836  -1.832888246E-07
    2837  -1.831596570E-07
    2838  -1.830306259E-07
    2839  -1.829017311E-07
    2840  -1.827729724E-07
    2841  -1.813981337E-07
    2842  -1.812705234E-07
    2843  -1.811430476E-07
    2844  -1.810157063E-07
    2845  -1.808884992E-07
    2846  -1.777826243E-07
    2847  -1.776577769E-07
    2848  -1.775330610E-07
    2849  -1.774084764E-07
    2850  -1.772840229E-07
    2851  -1.737343315E-07
    2852  -1.736125409E-07
    2853  -1.734908783E-07
    2854  -1.733693435E-07
    2855  -1.732479364E-07
    2856  -1.713226118E-07
    2857  -1.712027220E-07
    2858  -1.710829579E-07
    2859  -1.709633195E-07
    2860  -1.708438065E-07
    2861  -1.698978670E-07
    2862  -1.697791818E-07
    2863  -1.696606209E-07
    2864  -1.695421842E-07
    2865  -1.694238715E-07
    2866  -1.680975282E-07
    2867  -1.679803054E-07
    2868  -1.678632051E-07
    2869  -1.677462273E-07
    2870  -1.676293717E-07
    2871  -1.671495316E-07
    2872  -1.670331728E-07
    2873  -1.669169353E-07
    2874  -1.668008192E-07
    2875  -1.666848242E-07
    2876  -1.647759112E-07
    2877  -1.646614040E-07
    2878  -1.645470161E-07
    2879  -1.644327473E-07
    2880  -1.643185975E-07
    2881  -1.650949147E-07
    2882  -1.649803848E-07
    2883  -1.648659739E-07
    2884  -1.647516821E-07
    2885  -1.646375091E-07
    2886  -1.645963732E-07
    2887  -1.644823868E-07
    2888  -1.643685187E-07
    2889  -1.642547689E-07
    2890  -1.641411371E-07
    2891  -1.614980306E-07
    2892  -1.613863831E-07
    2893  -1.612748514E-07
    2894  -1.611634353E-07
    2895  -1.610521346E-07
    2896  -1.583282055E-07
    2897  -1.582189383E-07
    2898  -1.581097841E-07
    2899  -1.580007429E-07
    2900  -1.578918144E-07
    2901  -1.529747915E-07
    2902  -1.528694007E-07
    2903  -1.527641188E-07
    2904  -1.526589455E-07
    2905  -1.525538809E-07
    2906  -1.516019014E-07
    2907  -1.514976360E-07
    2908  -1.513934781E-07
    2909  -1.512894276E-07
    2910  -1.511854843E-07
    2911  -1.481214815E-07
    2912  -1.480197846E-07
    2913  -1.479181924E-07
    2914  -1.478167048E-07
    2915  -1.477153216E-07
    2916  -1.460324227E-07
    2917  -1.459323320E-07
    2918  -1.458323441E-07
    2919  -1.457324589E-07
    2920  -1.456326763E-07
    2921  -1.476967156E-07
    2922  -1.475956573E-07
    2923  -1.474947027E-07
    2924  -1.473938516E-07
    2925  -1.472931039E-07
    2926  -1.434359302E-07
    2927  -1.433379548E-07
    2928  -1.432400798E-07
    2929  -1.431423050E-07
    2930  -1.430446303E-07
    2931  -1.450543150E-07
    2932  -1.449554031E-07
    2933  -1.448565924E-07
    2934  -1.447578826E-07
    2935  -1.446592737E-07
    2936  -1.412083319E-07
    2937  -1.411122064E-07
    2938  -1.410161790E-07
    2939  -1.409202496E-07
    2940  -1.408244181E-07
    2941  -1.389888695E-07
    2942  -1.388944156E-07
    2943  -1.388000580E-07
    2944  -1.387057965E-07
    2945  -1.386116310E-07
    2946  -1.386473564E-07
    2947  -1.385532944E-07
    2948  -1.384593282E-07
    2949  -1.383654574E-07
    2950  -1.382716821E-07
    2951  -1.306831227E-07
    2952  -1.305946140E-07
    2953  -1.305061952E-07
    2954  -1.304178661E-07
    2955  -1.303296267E-07
    2956  -1.294021798E-07
    2957  -1.293146868E-07
    2958  -1.292272824E-07
    2959  -1.291399667E-07
    2960  -1.290527394E-07
    2961  -1.256062273E-07
    2962  -1.255214442E-07
    2963  -1.254367468E-07
    2964  -1.253521352E-07
    2965  -1.252676092E-07
    2966  -1.249920950E-07
    2967  -1.249078685E-07
    2968  -1.248237272E-07
    2969  -1.247396708E-07
    2970  -1.246556993E-07
    2971  -1.237759006E-07
    2972  -1.236926339E-07
    2973  -1.236094512E-07
    2974  -1.235263524E-07
    2975  -1.234433374E-07
    2976  -1.202270796E-07
    2977  -1.201463361E-07
    2978  -1.200656739E-07
    2979  -1.199850929E-07
    2980  -1.199045930E-07
    2981  -1.224795308E-07
    2982  -1.223974125E-07
    2983  -1.223153767E-07
    2984  -1.222334233E-07
    2985  -1.221515523E-07
    2986  -1.197803999E-07
    2987  -1.197002256E-07
    2988  -1.196201318E-07
    2989  -1.195401184E-07
    2990  -1.194601851E-07
    2991  -1.179955382E-07
    2992  -1.179166905E-07
    2993  -1.178379218E-07
    2994  -1.177592321E-07
    2995  -1.176806211E-07
    2996  -1.134576248E-07
    2997  -1.133819359E-07
    2998  -1.133063228E-07
    2999  -1.132307852E-07
    3000  -1.131553232E-07
    3001  -1.076769737E-07
    3002  -1.076052607E-07
    3003  -1.075336194E-07
    3004  -1.074620496E-07
    3005  -1.073905512E-07
    3006  -1.075346849E-07
    3007  -1.074631858E-07
    3008  -1.073917579E-07
    3009  -1.073204013E-07
    3010  -1.072491157E-07
    3011  -1.033995325E-07
    3012  -1.033308969E-07
    3013  -1.032623296E-07
    3014  -1.031938305E-07
    3015  -1.031253996E-07
    3016  -1.020769718E-07
    3017  -1.020093263E-07
    3018  -1.019417481E-07
    3019  -1.018742370E-07
    3020  -1.018067930E-07
    3021  -1.006725478E-07
    3022  -1.006059434E-07
    3023  -1.005394051E-07
    3024  -1.004729328E-07
    3025  -1.004065264E-07
    3026  -9.871438268E-08
    3027  -9.864918163E-08
    3028  -9.858404516E-08
    3029  -9.851897319E-08
    3030  -9.845396562E-08
    3031  -1.005921744E-07
    3032  -1.005258426E-07
    3033  -1.004595764E-07
    3034  -1.003933756E-07
    3035  -1.003272404E-07
    3036  -9.748653142E-08
    3037  -9.742235332E-08
    3038  -9.735823858E-08
    3039  -9.729418711E-08
    3040  -9.723019882E-08
    3041  -9.526678250E-08
    3042  -9.520416878E-08
    3043  -9.514161676E-08
    3044  -9.507912637E-08
    3045  -9.501669753E-08
    3046  -9.125383672E-08
    3047  -9.119395887E-08
    3048  -9.113413994E-08
    3049  -9.107437985E-08
    3050  -9.101467852E-08
    3051  -8.859146207E-08
    3052  -8.853342639E-08
    3053  -8.847544772E-08
    3054  -8.841752599E-08
    3055  -8.835966111E-08
    3056  -8.613815037E-08
    3057  -8.608181410E-08
    3058  -8.602553309E-08
    3059  -8.596930725E-08
    3060  -8.591313651E-08
    3061  -8.299371355E-08
    3062  -8.293952242E-08
    3063  -8.288538435E-08
    3064  -8.283129927E-08
    3065  -8.277726711E-08
    3066  -8.216182652E-08
    3067  -8.210826601E-08
    3068  -8.205475785E-08
    3069  -8.200130198E-08
    3070  -8.194789833E-08
    3071  -8.112832822E-08
    3072  -8.107552749E-08
    3073  -8.102277828E-08
    3074  -8.097008054E-08
    3075  -8.091743419E-08
    3076  -8.089672418E-08
    3077  -8.084415971E-08
    3078  -8.079164645E-08
    3079  -8.073918434E-08
    3080  -8.068677332E-08
    3081  -7.890894166E-08
    3082  -7.885775195E-08
    3083  -7.880661203E-08
    3084  -7.875552185E-08
    3085  -7.870448133E-08
    3086  -7.753469819E-08
    3087  -7.748448142E-08
    3088  -7.743431342E-08
    3089  -7.738419412E-08
    3090  -7.733412347E-08
    3091  -7.681613148E-08
    3092  -7.676646052E-08
    3093  -7.671683773E-08
    3094  -7.666726304E-08
    3095  -7.661773638E-08
    3096  -7.283050083E-08
    3097  -7.278348308E-08
    3098  -7.273651084E-08
    3099  -7.268958406E-08
    3100  -7.264270268E-08
    3101  -7.050428194E-08
    3102  -7.045883928E-08
    3103  -7.041344054E-08
    3104  -7.036808567E-08
    3105  -7.032277461E-08
    3106  -6.622860645E-08
    3107  -6.618598830E-08
    3108  -6.614341127E-08
    3109  -6.610087531E-08
    3110  -6.605838037E-08
    3111  -6.580884031E-08
    3112  -6.576656029E-08
    3113  -6.572432101E-08
    3114  -6.568212241E-08
    3115  -6.563996444E-08
    3116  -6.381192360E-08
    3117  -6.377099229E-08
    3118  -6.373010034E-08
    3119  -6.368924771E-08
    3120  -6.364843435E-08
    3121  -6.287812599E-08
    3122  -6.283785822E-08
    3123  -6.279762912E-08
    3124  -6.275743864E-08
    3125  -6.271728672E-08
    3126  -6.255520503E-08
    3127  -6.251520810E-08
    3128  -6.247524951E-08
    3129  -6.243532922E-08
    3130  -6.239544719E-08
    3131  -6.120083528E-08
    3132  -6.116176676E-08
    3133  -6.112273564E-08
    3134  -6.108374187E-08
    3135  -6.104478540E-08
    3136  -6.166129451E-08
    3137  -6.162199476E-08
    3138  -6.158273258E-08
    3139  -6.154350791E-08
    3140  -6.150432071E-08
    3141  -5.943366294E-08
    3142  -5.939584324E-08
    3143  -5.935805962E-08
    3144  -5.932031205E-08
    3145  -5.928260047E-08
    3146  -5.781378554E-08
    3147  -5.777705505E-08
    3148  -5.774035956E-08
    3149  -5.770369901E-08
    3150  -5.766707337E-08
    3151  -5.706947600E-08
    3152  -5.703327589E-08
    3153  -5.699711021E-08
    3154  -5.696097892E-08
    3155  -5.692488198E-08
    3156  -5.439546329E-08
    3157  -5.436101397E-08
    3158  -5.432659738E-08
    3159  -5.429221346E-08
    3160  -5.425786217E-08
    3161  -5.350195689E-08
    3162  -5.346812701E-08
    3163  -5.343432920E-08
    3164  -5.340056343E-08
    3165  -5.336682966E-08
    3166  -5.199920261E-08
    3167  -5.196637483E-08
    3168  -5.193357813E-08
    3169  -5.190081247E-08
    3170  -5.186807780E-08
    3171  -5.124951032E-08
    3172  -5.121720681E-08
    3173  -5.118493384E-08
    3174  -5.115269136E-08
    3175  -5.112047934E-08
    3176  -5.052786580E-08
    3177  -5.049606727E-08
    3178  -5.046429875E-08
    3179  -5.043256020E-08
    3180  -5.040085158E-08
    3181  -4.740591393E-08
    3182  -4.737612699E-08
    3183  -4.734636811E-08
    3184  -4.731663727E-08
    3185  -4.728693442E-08
    3186  -4.514211853E-08
    3187  -4.511379850E-08
    3188  -4.508550512E-08
    3189  -4.505723835E-08
    3190  -4.502899815E-08
    3191  -3.848982428E-08
    3192  -3.846571541E-08
    3193  -3.844162917E-08
    3194  -3.841756555E-08
    3195  -3.839352452E-08
    3196  -3.160020517E-08
    3197  -3.158044269E-08
    3198  -3.156069874E-08
    3199  -3.154097331E-08
    3200  -3.152126636E-08
    3201  -2.252296361E-08
    3202  -2.250889994E-08
    3203  -2.249484944E-08
    3204  -2.248081209E-08
    3205  -2.246678788E-08
    3206  -1.434888781E-08
    3207  -1.433994212E-08
    3208  -1.433100479E-08
    3209  -1.432207582E-08
    3210  -1.431315519E-08
    3211  -9.121811677E-09
    3212  -9.116133612E-09
    3213  -9.110460847E-09
    3214  -9.104793375E-09
    3215  -9.099131190E-09
    3216  -5.670991375E-09
    3217  -5.667466831E-09
    3218  -5.663945572E-09
    3219  -5.660427593E-09
    3220  -5.656912891E-09
    3221  -3.900895805E-09
    3222  -3.898475143E-09
    3223  -3.896056735E-09
    3224  -3.893640575E-09
    3225  -3.891226663E-09
    3226  -2.844979344E-09
    3227  -2.843216655E-09
    3228  -2.841455604E-09
    3229  -2.839696189E-09
    3230  -2.837938407E-09
    3231  -2.173317122E-09
    3232  -2.171972664E-09
    3233  -2.170629453E-09
    3234  -2.169287487E-09
    3235  -2.167946765E-09
    3236  -1.806660832E-09
    3237  -1.805544920E-09
    3238  -1.804430042E-09
    3239  -1.803316197E-09
    3240  -1.802203382E-09
    3241  -1.420629840E-09
    3242  -1.419753720E-09
    3243  -1.418878409E-09
    3244  -1.418003908E-09
    3245  -1.417130215E-09
    3246  -1.166358055E-09
    3247  -1.165639855E-09
    3248  -1.164922317E-09
    3249  -1.164205442E-09
    3250  -1.163489228E-09
    3251  -9.321789925E-10
    3252  -9.316058730E-10
    3253  -9.310332818E-10
    3254  -9.304612183E-10
    3255  -9.298896819E-10
    3256  -7.692851746E-10
    3257  -7.688129308E-10
    3258  -7.683411217E-10
    3259  -7.678697467E-10
    3260  -7.673988055E-10
    3261  -6.767071605E-10
    3262  -6.762923845E-10
    3263  -6.758779896E-10
    3264  -6.754639755E-10
    3265  -6.750503417E-10
    3266  -5.801645467E-10
    3267  -5.798094888E-10
    3268  -5.794547568E-10
    3269  -5.791003502E-10
    3270  -5.787462687E-10
    3271  -5.270441802E-10
    3272  -5.267221245E-10
    3273  -5.264003638E-10
    3274  -5.260788980E-10
    3275  -5.257577265E-10
    3276  -4.486969260E-10
    3277  -4.484231634E-10
    3278  -4.481496512E-10
    3279  -4.478763892E-10
    3280  -4.476033771E-10
    3281  -3.843498081E-10
    3282  -3.841156626E-10
    3283  -3.838817310E-10
    3284  -3.836480131E-10
    3285  -3.834145085E-10
    3286  -3.248062904E-10
    3287  -3.246087196E-10
    3288  -3.244113291E-10
    3289  -3.242141186E-10
    3290  -3.240170878E-10
    3291  -2.697518743E-10
    3292  -2.695880408E-10
    3293  -2.694243565E-10
    3294  -2.692608212E-10
    3295  -2.690974348E-10
    3296  -2.425403308E-10
    3297  -2.423932475E-10
    3298  -2.422462980E-10
    3299  -2.420994821E-10
    3300  -2.419527996E-10
    3301  -2.097366223E-10
    3302  -2.096096247E-10
    3303  -2.094827423E-10
    3304  -2.093559752E-10
    3305  -2.092293230E-10
    3306  -1.856141988E-10
    3307  -1.855019774E-10
    3308  -1.853898577E-10
    3309  -1.852778397E-10
    3310  -1.851659232E-10
    3311  -1.643966462E-10
    3312  -1.642974028E-10
    3313  -1.641982493E-10
    3314  -1.640991855E-10
    3315  -1.640002113E-10
    3316  -1.425536397E-10
    3317  -1.424677122E-10
    3318  -1.423818624E-10
    3319  -1.422960902E-10
    3320  -1.422103955E-10
    3321  -1.262766320E-10
    3322  -1.262006304E-10
    3323  -1.261246974E-10
    3324  -1.260488330E-10
    3325  -1.259730369E-10
    3326  -1.126651870E-10
    3327  -1.125974796E-10
    3328  -1.125298332E-10
    3329  -1.124622477E-10
    3330  -1.123947231E-10
    3331  -1.027221449E-10
    3332  -1.026605055E-10
    3333  -1.025989215E-10
    3334  -1.025373929E-10
    3335  -1.024759197E-10
    3336  -9.414735797E-11
    3337  -9.409094853E-11
    3338  -9.403458977E-11
    3339  -9.397828163E-11
    3340  -9.392202406E-11
    3341  -8.701432581E-11
    3342  -8.696226818E-11
    3343  -8.691025725E-11
    3344  -8.685829297E-11
    3345  -8.680637528E-11
    3346  -7.964868551E-11
    3347  -7.960110565E-11
    3348  -7.955356841E-11
    3349  -7.950607374E-11
    3350  -7.945862159E-11
    3351  -6.998188049E-11
    3352  -6.994013765E-11
    3353  -6.989843214E-11
    3354  -6.985676392E-11
    3355  -6.981513295E-11
    3356  -6.356632717E-11
    3357  -6.352846753E-11
    3358  -6.349064171E-11
    3359  -6.345284966E-11
    3360  -6.341509135E-11
    3361  -5.767679766E-11
    3362  -5.764249686E-11
    3363  -5.760822665E-11
    3364  -5.757398699E-11
    3365  -5.753977784E-11
    3366  -5.515450533E-11
    3367  -5.512175325E-11
    3368  -5.508903033E-11
    3369  -5.505633654E-11
    3370  -5.502367185E-11
    3371  -5.247057060E-11
    3372  -5.243945849E-11
    3373  -5.240837405E-11
    3374  -5.237731723E-11
    3375  -5.234628801E-11
    3376  -5.078640909E-11
    3377  -5.075634017E-11
    3378  -5.072629795E-11
    3379  -5.069628238E-11
    3380  -5.066629346E-11
    3381  -4.972325164E-11
    3382  -4.969385569E-11
    3383  -4.966448580E-11
    3384  -4.963514194E-11
    3385  -4.960582408E-11
    3386  -4.887221771E-11
    3387  -4.884336752E-11
    3388  -4.881454288E-11
    3389  -4.878574374E-11
    3390  -4.875697007E-11
    3391  -4.830863688E-11
    3392  -4.828016141E-11
    3393  -4.825171110E-11
    3394  -4.822328594E-11
    3395  -4.819488589E-11
    3396  -4.796300024E-11
    3397  -4.793477010E-11
    3398  -4.790656488E-11
    3399  -4.787838455E-11
    3400  -4.785022907E-11
    3401  -4.857815667E-11
    3402  -4.854960647E-11
    3403  -4.852108144E-11
    3404  -4.849258154E-11
    3405  -4.846410674E-11
    3406  -4.861728714E-11
    3407  -4.858875587E-11
    3408  -4.856024970E-11
    3409  -4.853176862E-11
    3410  -4.850331258E-11
    3411  -4.941043500E-11
    3412  -4.938148075E-11
    3413  -4.935255194E-11
    3414  -4.932364854E-11
    3415  -4.929477053E-11
    3416  -4.967602569E-11
    3417  -4.964695838E-11
    3418  -4.961791658E-11
    3419  -4.958890025E-11
    3420  -4.955990937E-11
    3421  -4.895068704E-11
    3422  -4.892208600E-11
    3423  -4.889351001E-11
    3424  -4.886495906E-11
    3425  -4.883643311E-11
    3426  -4.949985299E-11
    3427  -4.947097326E-11
    3428  -4.944211880E-11
    3429  -4.941328957E-11
    3430  -4.938448556E-11
    3431  -4.923111904E-11
    3432  -4.920243794E-11
    3433  -4.917378189E-11
    3434  -4.914515086E-11
    3435  -4.911654484E-11
    3436  -4.969803373E-11
    3437  -4.966912272E-11
    3438  -4.964023692E-11
    3439  -4.961137632E-11
    3440  -4.958254088E-11
    3441  -5.084005305E-11
    3442  -5.081052064E-11
    3443  -5.078101395E-11
    3444  -5.075153295E-11
    3445  -5.072207762E-11
    3446  -5.000966569E-11
    3447  -4.998065776E-11
    3448  -4.995167507E-11
    3449  -4.992271757E-11
    3450  -4.989378525E-11
    3451  -5.176833680E-11
    3452  -5.173835224E-11
    3453  -5.170839373E-11
    3454  -5.167846123E-11
    3455  -5.164855471E-11
    3456  -5.071083341E-11
    3457  -5.068150384E-11
    3458  -5.065219970E-11
    3459  -5.062292097E-11
    3460  -5.059366762E-11
    3461  -5.153974418E-11
    3462  -5.150997823E-11
    3463  -5.148023806E-11
    3464  -5.145052363E-11
    3465  -5.142083493E-11
    3466  -5.125165657E-11
    3467  -5.122209967E-11
    3468  -5.119256834E-11
    3469  -5.116306253E-11
    3470  -5.113358223E-11
    3471  -5.080594805E-11
    3472  -5.077669037E-11
    3473  -5.074745797E-11
    3474  -5.071825080E-11
    3475  -5.068906883E-11
    3476  -5.151341159E-11
    3477  -5.148378915E-11
    3478  -5.145419226E-11
    3479  -5.142462089E-11
    3480  -5.139507500E-11
    3481  -5.058444133E-11
    3482  -5.055539485E-11
    3483  -5.052637338E-11
    3484  -5.049737690E-11
    3485  -5.046840537E-11
    3486  -5.077561456E-11
    3487  -5.074650010E-11
    3488  -5.071741068E-11
    3489  -5.068834626E-11
    3490  -5.065930682E-11
    3491  -5.047683452E-11
    3492  -5.044793281E-11
    3493  -5.041905591E-11
    3494  -5.039020381E-11
    3495  -5.036137646E-11
    3496  -5.021199606E-11
    3497  -5.018328709E-11
    3498  -5.015460273E-11
    3499  -5.012594296E-11
    3500  -5.009730774E-11
