      50   2.989680449E-13
      51   2.561832698E-13
      52   2.465159766E-13
      53   2.373857553E-13
      54   2.287535460E-13
      55   2.205837765E-13
      56   9.613455116E-14
      57   9.281956664E-14
      58   8.967314065E-14
      59   8.668403596E-14
      60   8.384193642E-14
      61   9.466960881E-14
      62   9.166422440E-14
      63   8.879971739E-14
      64   8.606741840E-14
      65   8.345931481E-14
      66   2.053082728E-13
      67   1.992697942E-13
      68   1.934938581E-13
      69   1.879654622E-13
      70   1.826706604E-13
      71   1.082599304E-13
      72   1.052939049E-13
      73   1.024481237E-13
      74   9.971617373E-14
      75   9.709206390E-14
      76   2.006149184E-13
      77   1.954709461E-13
      78   1.905223145E-13
      79   1.857592567E-13
      80   1.811726084E-13
      81   2.544863853E-13
      82   2.483541833E-13
      83   2.424409884E-13
      84   2.367364946E-13
      85   2.312309947E-13
      86   2.922012059E-13
      87   2.855602694E-13
      88   2.791431847E-13
      89   2.729400028E-13
      90   2.669413214E-13
      91   5.907371901E-13
      92   5.780331645E-13
      93   5.657345865E-13
      94   5.538243847E-13
      95   5.422863767E-13
      96   5.192080163E-13
      97   5.086119344E-13
      98   4.983369458E-13
      99   4.883702069E-13
     100   4.786995097E-13
     101   5.667870367E-13
     102   5.557814632E-13
     103   5.450933582E-13
     104   5.347106275E-13
     105   5.246217478E-13
     106   6.238461714E-13
     107   6.122934645E-13
     108   6.010587221E-13
     109   5.901303817E-13
     110   5.794974018E-13
     111   6.415210864E-13
     112   6.301667309E-13
     113   6.191111742E-13
     114   6.083440233E-13
     115   5.978553333E-13
     116   5.847038714E-13
     117   5.747936363E-13
     118   5.651332391E-13
     119   5.557143518E-13
     120   5.465289906E-13
     121   4.923449239E-13
     122   4.843393153E-13
     123   4.765273909E-13
     124   4.689029526E-13
     125   4.614600486E-13
     126   4.222231971E-13
     127   4.156259597E-13
     128   4.091821464E-13
     129   4.028870364E-13
     130   3.967360893E-13
     131   4.555514589E-13
     132   4.487010610E-13
     133   4.420040303E-13
     134   4.354558224E-13
     135   4.290520603E-13
     136   2.779735105E-13
     137   2.739449089E-13
     138   2.700032555E-13
     139   2.661460662E-13
     140   2.623709447E-13
     141   0.000000000E+00
     142   0.000000000E+00
     143   0.000000000E+00
     144   0.000000000E+00
     145   0.000000000E+00
     146   2.160348905E-13
     147   2.131155001E-13
     148   2.102548894E-13
     149   2.074514908E-13
     150   2.047037890E-13
     151   1.131569803E-14
     152   1.116778041E-14
     153   1.102274430E-14
     154   1.088051534E-14
     155   1.074102155E-14
     156   1.815804592E-13
     157   1.792819724E-13
     158   1.770268532E-13
     159   1.748140175E-13
     160   1.726424148E-13
     161   3.204217892E-13
     162   3.164902335E-13
     163   3.126305965E-13
     164   3.088411348E-13
     165   3.051201572E-13
     166   9.934864691E-14
     167   9.816592492E-14
     168   9.700419800E-14
     169   9.586297214E-14
     170   9.474176778E-14
     171   1.422901261E-13
     172   1.406451536E-13
     173   1.390285426E-13
     174   1.374396450E-13
     175   1.358778308E-13
     176   7.899925635E-13
     177   7.811162425E-13
     178   7.723886868E-13
     179   7.638065902E-13
     180   7.553667384E-13
     181   3.643187774E-13
     182   3.603371514E-13
     183   3.564204432E-13
     184   3.525672493E-13
     185   3.487762036E-13
     186   1.273896270E-12
     187   1.260344182E-12
     188   1.247007206E-12
     189   1.233880815E-12
     190   1.220960597E-12
     191   1.028754266E-12
     192   1.018093600E-12
     193   1.007597790E-12
     194   9.972634539E-13
     195   9.870872962E-13
     196   1.626659698E-12
     197   1.610228792E-12
     198   1.594045588E-12
     199   1.578105133E-12
     200   1.562402594E-12
     201   1.565524148E-12
     202   1.550100265E-12
     203   1.534903204E-12
     204   1.519928538E-12
     205   1.505171950E-12
     206   0.000000000E+00
     207   0.000000000E+00
     208   0.000000000E+00
     209   0.000000000E+00
     210   0.000000000E+00
     211   0.000000000E+00
     212   0.000000000E+00
     213   0.000000000E+00
     214   0.000000000E+00
     215   0.000000000E+00
     216   0.000000000E+00
     217   0.000000000E+00
     218   0.000000000E+00
     219   0.000000000E+00
     220   0.000000000E+00
     221   0.000000000E+00
     222   0.000000000E+00
     223   0.000000000E+00
     224   0.000000000E+00
     225   0.000000000E+00
     226   0.000000000E+00
     227   0.000000000E+00
     228   0.000000000E+00
     229   0.000000000E+00
     230   0.000000000E+00
     231   0.000000000E+00
     232   0.000000000E+00
     233   0.000000000E+00
     234   0.000000000E+00
     235   0.000000000E+00
     236   0.000000000E+00
     237   0.000000000E+00
     238   0.000000000E+00
     239   0.000000000E+00
     240   0.000000000E+00
     241   0.000000000E+00
     242   0.000000000E+00
     243   0.000000000E+00
     244   0.000000000E+00
     245   0.000000000E+00
     246   0.000000000E+00
     247   0.000000000E+00
     248   0.000000000E+00
     249   0.000000000E+00
     250   0.000000000E+00
     251   5.251331092E-12
     252   5.209818593E-12
     253   5.168796399E-12
     254   5.128256820E-12
     255   5.088192313E-12
     256   1.268476390E-11
     257   1.258643240E-11
     258   1.248923987E-11
     259   1.239316879E-11
     260   1.229820198E-11
     261   8.166178242E-11
     262   8.104078027E-11
     263   8.042683497E-11
     264   7.981983999E-11
     265   7.921969081E-11
     266   9.212894134E-11
     267   9.144141193E-11
     268   9.076155013E-11
     269   9.008924235E-11
     270   8.942437709E-11
     271   2.052820139E-10
     272   2.037781164E-10
     273   2.022906849E-10
     274   2.008194799E-10
     275   1.993642663E-10
     276   2.273923024E-10
     277   2.257563866E-10
     278   2.241380612E-10
     279   2.225370750E-10
     280   2.209531813E-10
     281   1.766790044E-09
     282   1.754303896E-09
     283   1.741949643E-09
     284   1.729725435E-09
     285   1.717629453E-09
     286   3.300131286E-09
     287   3.277213707E-09
     288   3.254534028E-09
     289   3.232088965E-09
     290   3.209875296E-09
     291   5.429776191E-09
     292   5.392712873E-09
     293   5.356027751E-09
     294   5.319715698E-09
     295   5.283771673E-09
     296   7.458555914E-09
     297   7.408498492E-09
     298   7.358943318E-09
     299   7.309883696E-09
     300   7.261313040E-09
     301   1.020002491E-08
     302   1.013269801E-08
     303   1.006603552E-08
     304   1.000002873E-08
     305   9.934669067E-09
     306   1.786185435E-08
     307   1.774586828E-08
     308   1.763100829E-08
     309   1.751725985E-08
     310   1.740460866E-08
     311   1.786471565E-08
     312   1.775056411E-08
     313   1.763750319E-08
     314   1.752551905E-08
     315   1.741459804E-08
     316   2.140690881E-08
     317   2.127227417E-08
     318   2.113890568E-08
     319   2.100678752E-08
     320   2.087590410E-08
     321   2.769999044E-08
     322   2.752847347E-08
     323   2.735854462E-08
     324   2.719018434E-08
     325   2.702337340E-08
     326   3.025826647E-08
     327   3.007376484E-08
     328   2.989094560E-08
     329   2.970978836E-08
     330   2.953027302E-08
     331   3.884338469E-08
     332   3.861009109E-08
     333   3.837889294E-08
     334   3.814976522E-08
     335   3.792268328E-08
     336   4.036125387E-08
     337   4.012242989E-08
     338   3.988571939E-08
     339   3.965109751E-08
     340   3.941853975E-08
     341   5.285888902E-08
     342   5.255067393E-08
     343   5.224514675E-08
     344   5.194227634E-08
     345   5.164203197E-08
     346   6.228858129E-08
     347   6.193060094E-08
     348   6.157569778E-08
     349   6.122383665E-08
     350   6.087498288E-08
     351   5.979954128E-08
     352   5.946073368E-08
     353   5.912479733E-08
     354   5.879169988E-08
     355   5.846140943E-08
     356   7.868240174E-08
     357   7.824283525E-08
     358   7.780694201E-08
     359   7.737468122E-08
     360   7.694601263E-08
     361   7.317961502E-08
     362   7.277642154E-08
     363   7.237655110E-08
     364   7.197996725E-08
     365   7.158663410E-08
     366   1.032030197E-07
     367   1.026421337E-07
     368   1.020858078E-07
     369   1.015339926E-07
     370   1.009866395E-07
     371   9.920682077E-08
     372   9.867488071E-08
     373   9.814720755E-08
     374   9.762375578E-08
     375   9.710448048E-08
     376   1.116003968E-07
     377   1.110099185E-07
     378   1.104241142E-07
     379   1.098429346E-07
     380   1.092663313E-07
     381   1.308869540E-07
     382   1.302034712E-07
     383   1.295253281E-07
     384   1.288524692E-07
     385   1.281848399E-07
     386   1.236432867E-07
     387   1.230059502E-07
     388   1.223735289E-07
     389   1.217459723E-07
     390   1.211232308E-07
     391   1.537356501E-07
     392   1.529532804E-07
     393   1.521768678E-07
     394   1.514063520E-07
     395   1.506416735E-07
     396   1.520751908E-07
     397   1.513109939E-07
     398   1.505525428E-07
     399   1.497997801E-07
     400   1.490526490E-07
     401   1.756063406E-07
     402   1.747348451E-07
     403   1.738698211E-07
     404   1.730112047E-07
     405   1.721589328E-07
     406   1.943839851E-07
     407   1.934311224E-07
     408   1.924852490E-07
     409   1.915462966E-07
     410   1.906141978E-07
     411   1.974071633E-07
     412   1.964511964E-07
     413   1.955021568E-07
     414   1.945599777E-07
     415   1.936245932E-07
     416   2.206103051E-07
     417   2.195547534E-07
     418   2.185067593E-07
     419   2.174662509E-07
     420   2.164331571E-07
     421   2.322673554E-07
     422   2.311691645E-07
     423   2.300787440E-07
     424   2.289960205E-07
     425   2.279209218E-07
     426   2.521929597E-07
     427   2.510144879E-07
     428   2.498442572E-07
     429   2.486821909E-07
     430   2.475282132E-07
     431   2.703169581E-07
     432   2.690683809E-07
     433   2.678284345E-07
     434   2.665970394E-07
     435   2.653741172E-07
     436   2.999229960E-07
     437   2.985534846E-07
     438   2.971933320E-07
     439   2.958424533E-07
     440   2.945007641E-07
     441   3.075179728E-07
     442   3.061296298E-07
     443   3.047506675E-07
     444   3.033810016E-07
     445   3.020205486E-07
     446   3.431165704E-07
     447   3.415848000E-07
     448   3.400632641E-07
     449   3.385518719E-07
     450   3.370505332E-07
     451   3.572631755E-07
     452   3.556858546E-07
     453   3.541189566E-07
     454   3.525623897E-07
     455   3.510160635E-07
     456   3.887164688E-07
     457   3.870190170E-07
     458   3.853326596E-07
     459   3.836573002E-07
     460   3.819928434E-07
     461   4.222557791E-07
     462   4.204317800E-07
     463   4.186195741E-07
     464   4.168190598E-07
     465   4.150301368E-07
     466   4.179678153E-07
     467   4.161816281E-07
     468   4.144068663E-07
     469   4.126434329E-07
     470   4.108912315E-07
     471   5.100398813E-07
     472   5.078832645E-07
     473   5.057402972E-07
     474   5.036108643E-07
     475   5.014948523E-07
     476   4.949488852E-07
     477   4.928779693E-07
     478   4.908200237E-07
     479   4.887749403E-07
     480   4.867426121E-07
     481   5.651286820E-07
     482   5.627886047E-07
     483   5.604630319E-07
     484   5.581518442E-07
     485   5.558549230E-07
     486   5.633986492E-07
     487   5.610896383E-07
     488   5.587947932E-07
     489   5.565139981E-07
     490   5.542471386E-07
     491   5.798762554E-07
     492   5.775238162E-07
     493   5.751856631E-07
     494   5.728616807E-07
     495   5.705517545E-07
     496   6.925506383E-07
     497   6.897693105E-07
     498   6.870047040E-07
     499   6.842566852E-07
     500   6.815251216E-07
     501   6.470644100E-07
     502   6.444915893E-07
     503   6.419340830E-07
     504   6.393917698E-07
     505   6.368645296E-07
     506   7.444694069E-07
     507   7.415384250E-07
     508   7.386247180E-07
     509   7.357281505E-07
     510   7.328485882E-07
     511   7.432729473E-07
     512   7.403751970E-07
     513   7.374943597E-07
     514   7.346303039E-07
     515   7.317828996E-07
     516   7.818268421E-07
     517   7.788082056E-07
     518   7.758070180E-07
     519   7.728231448E-07
     520   7.698564533E-07
     521   8.830708764E-07
     522   8.796939324E-07
     523   8.763363219E-07
     524   8.729978979E-07
     525   8.696785142E-07
     526   7.926458914E-07
     527   7.896434448E-07
     528   7.866580254E-07
     529   7.836895045E-07
     530   7.807377550E-07
     531   9.643447553E-07
     532   9.607262009E-07
     533   9.571279754E-07
     534   9.535499269E-07
     535   9.499919048E-07
     536   9.477289810E-07
     537   9.442058249E-07
     538   9.407022782E-07
     539   9.372181957E-07
     540   9.337534335E-07
     541   1.078585366E-06
     542   1.074612676E-06
     543   1.070661894E-06
     544   1.066732860E-06
     545   1.062825413E-06
     546   1.117754965E-06
     547   1.113675568E-06
     548   1.109618462E-06
     549   1.105583486E-06
     550   1.101570478E-06
     551   1.026941937E-06
     552   1.023227861E-06
     553   1.019533898E-06
     554   1.015859902E-06
     555   1.012205729E-06
     556   1.251413757E-06
     557   1.246928403E-06
     558   1.242467121E-06
     559   1.238029738E-06
     560   1.233616085E-06
     561   1.211483422E-06
     562   1.207179751E-06
     563   1.202898972E-06
     564   1.198640922E-06
     565   1.194405442E-06
     566   1.371789715E-06
     567   1.366959470E-06
     568   1.362154691E-06
     569   1.357375201E-06
     570   1.352620822E-06
     571   1.371552642E-06
     572   1.366765373E-06
     573   1.362003124E-06
     574   1.357265722E-06
     575   1.352552994E-06
     576   1.423254866E-06
     577   1.418330108E-06
     578   1.413430868E-06
     579   1.408556968E-06
     580   1.403708235E-06
     581   1.557293883E-06
     582   1.551951536E-06
     583   1.546636634E-06
     584   1.541348987E-06
     585   1.536088411E-06
     586   1.505359233E-06
     587   1.500238964E-06
     588   1.495144774E-06
     589   1.490076487E-06
     590   1.485033927E-06
     591   1.688388888E-06
     592   1.682694491E-06
     593   1.677028853E-06
     594   1.671391781E-06
     595   1.665783084E-06
     596   1.732207335E-06
     597   1.726414000E-06
     598   1.720649679E-06
     599   1.714914180E-06
     600   1.709207311E-06
     601   1.800123272E-06
     602   1.794152714E-06
     603   1.788211811E-06
     604   1.782300367E-06
     605   1.776418187E-06
     606   1.837746385E-06
     607   1.831701166E-06
     608   1.825685727E-06
     609   1.819699872E-06
     610   1.813743408E-06
     611   1.765508468E-06
     612   1.759748244E-06
     613   1.754016165E-06
     614   1.748312048E-06
     615   1.742635710E-06
     616   2.053946627E-06
     617   2.047299551E-06
     618   2.040684690E-06
     619   2.034101836E-06
     620   2.027550783E-06
     621   2.010310030E-06
     622   2.003856386E-06
     623   1.997433770E-06
     624   1.991041982E-06
     625   1.984680825E-06
     626   2.150061679E-06
     627   2.143214349E-06
     628   2.136399677E-06
     629   2.129617456E-06
     630   2.122867480E-06
     631   2.129811179E-06
     632   2.123081918E-06
     633   2.116384498E-06
     634   2.109718720E-06
     635   2.103084385E-06
     636   2.277214646E-06
     637   2.270076042E-06
     638   2.262970953E-06
     639   2.255899169E-06
     640   2.248860482E-06
     641   2.438105576E-06
     642   2.430522043E-06
     643   2.422973838E-06
     644   2.415460741E-06
     645   2.407982534E-06
     646   2.332946403E-06
     647   2.325745952E-06
     648   2.318578784E-06
     649   2.311444695E-06
     650   2.304343483E-06
     651   2.590256998E-06
     652   2.582323592E-06
     653   2.574426578E-06
     654   2.566565734E-06
     655   2.558740838E-06
     656   2.543513702E-06
     657   2.535782657E-06
     658   2.528086807E-06
     659   2.520425938E-06
     660   2.512799838E-06
     661   2.698430902E-06
     662   2.690290839E-06
     663   2.682187554E-06
     664   2.674120824E-06
     665   2.666090431E-06
     666   2.852635635E-06
     667   2.844094810E-06
     668   2.835592284E-06
     669   2.827127829E-06
     670   2.818701219E-06
     671   2.792063280E-06
     672   2.783765915E-06
     673   2.775505482E-06
     674   2.767281762E-06
     675   2.759094538E-06
     676   3.098745790E-06
     677   3.089604947E-06
     678   3.080504490E-06
     679   3.071444183E-06
     680   3.062423789E-06
     681   3.014922106E-06
     682   3.006093637E-06
     683   2.997303889E-06
     684   2.988552637E-06
     685   2.979839656E-06
     686   3.336431097E-06
     687   3.326732169E-06
     688   3.317075472E-06
     689   3.307460761E-06
     690   3.297887792E-06
     691   3.261083874E-06
     692   3.251672377E-06
     693   3.242301563E-06
     694   3.232971199E-06
     695   3.223681051E-06
     696   3.269850426E-06
     697   3.260481227E-06
     698   3.251152239E-06
     699   3.241863233E-06
     700   3.232613980E-06
     701   3.679096434E-06
     702   3.668629587E-06
     703   3.658207344E-06
     704   3.647829451E-06
     705   3.637495657E-06
     706   3.353390104E-06
     707   3.343917250E-06
     708   3.334484479E-06
     709   3.325091565E-06
     710   3.315738284E-06
     711   3.763186260E-06
     712   3.752630338E-06
     713   3.742118768E-06
     714   3.731651303E-06
     715   3.721227696E-06
     716   3.620500004E-06
     717   3.610415046E-06
     718   3.600372166E-06
     719   3.590371133E-06
     720   3.580411712E-06
     721   3.865688442E-06
     722   3.854994975E-06
     723   3.844345818E-06
     724   3.833740726E-06
     725   3.823179457E-06
     726   4.022955531E-06
     727   4.011903456E-06
     728   4.000896862E-06
     729   3.989935501E-06
     730   3.979019125E-06
     731   3.822364879E-06
     732   3.811935507E-06
     733   3.801548762E-06
     734   3.791204411E-06
     735   3.780902226E-06
     736   4.237477606E-06
     737   4.225993927E-06
     738   4.214556866E-06
     739   4.203166172E-06
     740   4.191821594E-06
     741   4.139563327E-06
     742   4.128420492E-06
     743   4.117322587E-06
     744   4.106269372E-06
     745   4.095260607E-06
     746   4.390289811E-06
     747   4.378551069E-06
     748   4.366859343E-06
     749   4.355214385E-06
     750   4.343615945E-06
     751   4.368671410E-06
     752   4.357068034E-06
     753   4.345510824E-06
     754   4.333999537E-06
     755   4.322533930E-06
     756   4.131989076E-06
     757   4.121086730E-06
     758   4.110227476E-06
     759   4.099411088E-06
     760   4.088637340E-06
     761   4.778020400E-06
     762   4.765496100E-06
     763   4.753020980E-06
     764   4.740594781E-06
     765   4.728217249E-06
     766   4.497055125E-06
     767   4.485344044E-06
     768   4.473678650E-06
     769   4.462058706E-06
     770   4.450483975E-06
     771   4.771929871E-06
     772   4.759583351E-06
     773   4.747284686E-06
     774   4.735033629E-06
     775   4.722829934E-06
     776   4.741322896E-06
     777   4.729134406E-06
     778   4.716992854E-06
     779   4.704898000E-06
     780   4.692849606E-06
     781   5.010755798E-06
     782   4.997956932E-06
     783   4.985207042E-06
     784   4.972505878E-06
     785   4.959853191E-06
     786   5.105553535E-06
     787   5.092595277E-06
     788   5.079686291E-06
     789   5.066826325E-06
     790   5.054015134E-06
     791   5.118603959E-06
     792   5.105694491E-06
     793   5.092833800E-06
     794   5.080021639E-06
     795   5.067257766E-06
     796   5.350027866E-06
     797   5.336619275E-06
     798   5.323261029E-06
     799   5.309952876E-06
     800   5.296694567E-06
     801   5.400648908E-06
     802   5.387197727E-06
     803   5.373796738E-06
     804   5.360445690E-06
     805   5.347144336E-06
     806   5.486776745E-06
     807   5.473195614E-06
     808   5.459664846E-06
     809   5.446184192E-06
     810   5.432753405E-06
     811   5.525547291E-06
     812   5.511954309E-06
     813   5.498411423E-06
     814   5.484918389E-06
     815   5.471474962E-06
     816   5.531688381E-06
     817   5.518163470E-06
     818   5.504688102E-06
     819   5.491262033E-06
     820   5.477885024E-06
     821   5.960571892E-06
     822   5.946086905E-06
     823   5.931654656E-06
     824   5.917274887E-06
     825   5.902947345E-06
     826   5.924879891E-06
     827   5.910568587E-06
     828   5.896309072E-06
     829   5.882101099E-06
     830   5.867944417E-06
     831   6.306029044E-06
     832   6.290888518E-06
     833   6.275802455E-06
     834   6.260770593E-06
     835   6.245792672E-06
     836   6.136435015E-06
     837   6.121789586E-06
     838   6.107196524E-06
     839   6.092655580E-06
     840   6.078166506E-06
     841   6.232956497E-06
     842   6.218168937E-06
     843   6.203433939E-06
     844   6.188751255E-06
     845   6.174120638E-06
     846   6.741559861E-06
     847   6.725659956E-06
     848   6.709816234E-06
     849   6.694028431E-06
     850   6.678296284E-06
     851   6.465191402E-06
     852   6.450032688E-06
     853   6.434927225E-06
     854   6.419874764E-06
     855   6.404875057E-06
     856   6.744249636E-06
     857   6.728528775E-06
     858   6.712862817E-06
     859   6.697251508E-06
     860   6.681694594E-06
     861   6.390812367E-06
     862   6.376001678E-06
     863   6.361242414E-06
     864   6.346534339E-06
     865   6.331877216E-06
     866   6.776106172E-06
     867   6.760493024E-06
     868   6.744933776E-06
     869   6.729428181E-06
     870   6.713975993E-06
     871   7.104691981E-06
     872   7.088415482E-06
     873   7.072194851E-06
     874   7.056029835E-06
     875   7.039920177E-06
     876   6.948040894E-06
     877   6.932213922E-06
     878   6.916440966E-06
     879   6.900721782E-06
     880   6.885056125E-06
     881   7.421350372E-06
     882   7.404540971E-06
     883   7.387788616E-06
     884   7.371093049E-06
     885   7.354454012E-06
     886   7.322127995E-06
     887   7.305636716E-06
     888   7.289201088E-06
     889   7.272820861E-06
     890   7.256495786E-06
     891   7.546684050E-06
     892   7.529782182E-06
     893   7.512937032E-06
     894   7.496148345E-06
     895   7.479415871E-06
     896   7.499974434E-06
     897   7.483270705E-06
     898   7.466622717E-06
     899   7.450030222E-06
     900   7.433492974E-06
     901   7.413464386E-06
     902   7.397044753E-06
     903   7.380679610E-06
     904   7.364368716E-06
     905   7.348111831E-06
     906   8.132208744E-06
     907   8.114296390E-06
     908   8.096443152E-06
     909   8.078648772E-06
     910   8.060912990E-06
     911   8.144745274E-06
     912   8.126903554E-06
     913   8.109120395E-06
     914   8.091395542E-06
     915   8.073728739E-06
     916   9.012897472E-06
     917   8.993261530E-06
     918   8.973689688E-06
     919   8.954181667E-06
     920   8.934737190E-06
     921   9.011884489E-06
     922   8.992357112E-06
     923   8.972893135E-06
     924   8.953492285E-06
     925   8.934154289E-06
     926   9.137382818E-06
     927   9.117690182E-06
     928   9.098061140E-06
     929   9.078495417E-06
     930   9.058992742E-06
     931   9.985573314E-06
     932   9.964168012E-06
     933   9.942831464E-06
     934   9.921563375E-06
     935   9.900363453E-06
     936   9.250543975E-06
     937   9.230820001E-06
     938   9.211159042E-06
     939   9.191560832E-06
     940   9.172025102E-06
     941   1.007365760E-05
     942   1.005229247E-05
     943   1.003099524E-05
     944   1.000976562E-05
     945   9.988603324E-06
     946   9.931585523E-06
     947   9.910632811E-06
     948   9.889746335E-06
     949   9.868925817E-06
     950   9.848170978E-06
     951   1.013719630E-05
     952   1.011592202E-05
     953   1.009471464E-05
     954   1.007357387E-05
     955   1.005249945E-05
     956   1.000885028E-05
     957   9.987954979E-06
     958   9.967125042E-06
     959   9.946360198E-06
     960   9.925660177E-06
     961   9.370028809E-06
     962   9.350568729E-06
     963   9.331169209E-06
     964   9.311829998E-06
     965   9.292550847E-06
     966   1.035044326E-05
     967   1.032905805E-05
     968   1.030773904E-05
     969   1.028648597E-05
     970   1.026529857E-05
     971   1.010525521E-05
     972   1.008448388E-05
     973   1.006377652E-05
     974   1.004313287E-05
     975   1.002255268E-05
     976   1.204949497E-05
     977   1.202485388E-05
     978   1.200028829E-05
     979   1.197579791E-05
     980   1.195138242E-05
     981   1.310335237E-05
     982   1.307669244E-05
     983   1.305011380E-05
     984   1.302361611E-05
     985   1.299719904E-05
     986   1.405081992E-05
     987   1.402237697E-05
     988   1.399402029E-05
     989   1.396574954E-05
     990   1.393756438E-05
     991   1.583898051E-05
     992   1.580707924E-05
     993   1.577527425E-05
     994   1.574356516E-05
     995   1.571195157E-05
     996   1.600239218E-05
     997   1.597032325E-05
     998   1.593835063E-05
     999   1.590647393E-05
    1000   1.587469277E-05
    1001   1.626574536E-05
    1002   1.623331117E-05
    1003   1.620097390E-05
    1004   1.616873315E-05
    1005   1.613658856E-05
    1006   1.679782187E-05
    1007   1.676449286E-05
    1008   1.673126294E-05
    1009   1.669813173E-05
    1010   1.666509882E-05
    1011   1.827783682E-05
    1012   1.824175027E-05
    1013   1.820577049E-05
    1014   1.816989705E-05
    1015   1.813412954E-05
    1016   2.100274919E-05
    1017   2.096148642E-05
    1018   2.092034513E-05
    1019   2.087932484E-05
    1020   2.083842509E-05
    1021   2.141182473E-05
    1022   2.136996388E-05
    1023   2.132822567E-05
    1024   2.128660962E-05
    1025   2.124511526E-05
    1026   2.146917780E-05
    1027   2.142740897E-05
    1028   2.138576192E-05
    1029   2.134423617E-05
    1030   2.130283125E-05
    1031   1.953235763E-05
    1032   1.949454087E-05
    1033   1.945683383E-05
    1034   1.941923608E-05
    1035   1.938174721E-05
    1036   1.664657072E-05
    1037   1.661449640E-05
    1038   1.658251470E-05
    1039   1.655062525E-05
    1040   1.651882770E-05
    1041   1.280508004E-05
    1042   1.278052572E-05
    1043   1.275604195E-05
    1044   1.273162847E-05
    1045   1.270728501E-05
    1046   7.236317015E-06
    1047   7.222507250E-06
    1048   7.208736978E-06
    1049   7.195006051E-06
    1050   7.181314317E-06
    1051   1.509926687E-06
    1052   1.507058830E-06
    1053   1.504199136E-06
    1054   1.501347573E-06
    1055   1.498504112E-06
    1056  -3.787674776E-06
    1057  -3.780514710E-06
    1058  -3.773374928E-06
    1059  -3.766255352E-06
    1060  -3.759155908E-06
    1061  -8.307867881E-06
    1062  -8.292236897E-06
    1063  -8.276649986E-06
    1064  -8.261106981E-06
    1065  -8.245607719E-06
    1066  -1.110678626E-05
    1067  -1.108598703E-05
    1068  -1.106524618E-05
    1069  -1.104456347E-05
    1070  -1.102393871E-05
    1071  -9.331609534E-06
    1072  -9.314216040E-06
    1073  -9.296871131E-06
    1074  -9.279574627E-06
    1075  -9.262326347E-06
    1076   4.293243640E-07
    1077   4.285278438E-07
    1078   4.277335383E-07
    1079   4.269414391E-07
    1080   4.261515382E-07
    1081   2.192363641E-05
    1082   2.188314955E-05
    1083   2.184277473E-05
    1084   2.180251155E-05
    1085   2.176235960E-05
    1086   5.520201996E-05
    1087   5.510054566E-05
    1088   5.499935090E-05
    1089   5.489843466E-05
    1090   5.479779591E-05
    1091   9.925248402E-05
    1092   9.907086923E-05
    1093   9.888975247E-05
    1094   9.870913191E-05
    1095   9.852900576E-05
    1096   1.555808590E-04
    1097   1.552974695E-04
    1098   1.550148535E-04
    1099   1.547330083E-04
    1100   1.544519311E-04
    1101   2.187992876E-04
    1102   2.184025527E-04
    1103   2.180068959E-04
    1104   2.176123133E-04
    1105   2.172188010E-04
    1106   2.637839607E-04
    1107   2.633078164E-04
    1108   2.628329601E-04
    1109   2.623593872E-04
    1110   2.618870930E-04
    1111   3.137051896E-04
    1112   3.131414786E-04
    1113   3.125792856E-04
    1114   3.120186053E-04
    1115   3.114594321E-04
    1116   3.366159913E-04
    1117   3.360138160E-04
    1118   3.354132551E-04
    1119   3.348143028E-04
    1120   3.342169535E-04
    1121   3.542123594E-04
    1122   3.535815270E-04
    1123   3.529523784E-04
    1124   3.523249075E-04
    1125   3.516991084E-04
    1126   2.969699307E-04
    1127   2.964433883E-04
    1128   2.959182450E-04
    1129   2.953944959E-04
    1130   2.948721360E-04
    1131   1.715825975E-04
    1132   1.712797156E-04
    1133   1.709776350E-04
    1134   1.706763528E-04
    1135   1.703758663E-04
    1136  -7.214024260E-05
    1137  -7.201345835E-05
    1138  -7.188700803E-05
    1139  -7.176089047E-05
    1140  -7.163510451E-05
    1141  -4.572783774E-04
    1142  -4.564782403E-04
    1143  -4.556802014E-04
    1144  -4.548842534E-04
    1145  -4.540903891E-04
    1146  -1.012585139E-03
    1147  -1.010821053E-03
    1148  -1.009061574E-03
    1149  -1.007306684E-03
    1150  -1.005556368E-03
    1151  -1.513986356E-03
    1152  -1.511360187E-03
    1153  -1.508740845E-03
    1154  -1.506128307E-03
    1155  -1.503522548E-03
    1156  -2.033656814E-03
    1157  -2.030144453E-03
    1158  -2.026641184E-03
    1159  -2.023146975E-03
    1160  -2.019661795E-03
    1161  -2.246685313E-03
    1162  -2.242821710E-03
    1163  -2.238968064E-03
    1164  -2.235124342E-03
    1165  -2.231290510E-03
    1166  -2.368500887E-03
    1167  -2.364445234E-03
    1168  -2.360399990E-03
    1169  -2.356365118E-03
    1170  -2.352340584E-03
    1171  -2.256019359E-03
    1172  -2.252172779E-03
    1173  -2.248336028E-03
    1174  -2.244509073E-03
    1175  -2.240691881E-03
    1176  -1.637793838E-03
    1177  -1.635013204E-03
    1178  -1.632239644E-03
    1179  -1.629473137E-03
    1180  -1.626713656E-03
    1181  -6.364369489E-04
    1182  -6.353609778E-04
    1183  -6.342877329E-04
    1184  -6.332172051E-04
    1185  -6.321493852E-04
    1186   1.325763987E-03
    1187   1.323532061E-03
    1188   1.321305767E-03
    1189   1.319085085E-03
    1190   1.316869997E-03
    1191   4.391612225E-03
    1192   4.384249924E-03
    1193   4.376906122E-03
    1194   4.369580756E-03
    1195   4.362273765E-03
    1196   9.054326551E-03
    1197   9.039210814E-03
    1198   9.024132898E-03
    1199   9.009092676E-03
    1200   8.994090024E-03
    1201   1.350687324E-02
    1202   1.348441792E-02
    1203   1.346201856E-02
    1204   1.343967496E-02
    1205   1.341738694E-02
    1206   1.856162289E-02
    1207   1.853089172E-02
    1208   1.850023681E-02
    1209   1.846965791E-02
    1210   1.843915476E-02
    1211   2.079193631E-02
    1212   2.075765447E-02
    1213   2.072345735E-02
    1214   2.068934466E-02
    1215   2.065531613E-02
    1216   2.287515639E-02
    1217   2.283759455E-02
    1218   2.280012516E-02
    1219   2.276274791E-02
    1220   2.272546249E-02
    1221   2.411839092E-02
    1222   2.407894956E-02
    1223   2.403960487E-02
    1224   2.400035654E-02
    1225   2.396120424E-02
    1226   2.320982602E-02
    1227   2.317202500E-02
    1228   2.313431625E-02
    1229   2.309669947E-02
    1230   2.305917437E-02
    1231   2.403220783E-02
    1232   2.399322614E-02
    1233   2.395433923E-02
    1234   2.391554678E-02
    1235   2.387684848E-02
    1236   2.124917300E-02
    1237   2.121484477E-02
    1238   2.118059966E-02
    1239   2.114643740E-02
    1240   2.111235773E-02
    1241   1.808013897E-02
    1242   1.805104783E-02
    1243   1.802202686E-02
    1244   1.799307581E-02
    1245   1.796419447E-02
    1246   1.402391726E-02
    1247   1.400144304E-02
    1248   1.397902279E-02
    1249   1.395665636E-02
    1250   1.393434356E-02
    1251   8.469188167E-03
    1252   8.455669910E-03
    1253   8.442183993E-03
    1254   8.428730313E-03
    1255   8.415308768E-03
    1256   4.292840034E-03
    1257   4.286015169E-03
    1258   4.279206567E-03
    1259   4.272414175E-03
    1260   4.265637943E-03
    1261   8.921014313E-04
    1262   8.906887608E-04
    1263   8.892794431E-04
    1264   8.878734677E-04
    1265   8.864708240E-04
    1266  -1.074218667E-03
    1267  -1.072524316E-03
    1268  -1.070833970E-03
    1269  -1.069147618E-03
    1270  -1.067465245E-03
    1271  -2.174041658E-03
    1272  -2.170626038E-03
    1273  -2.167218462E-03
    1274  -2.163818904E-03
    1275  -2.160427338E-03
    1276  -2.642327188E-03
    1277  -2.638192091E-03
    1278  -2.634066693E-03
    1279  -2.629950963E-03
    1280  -2.625844873E-03
    1281  -2.831195913E-03
    1282  -2.826782513E-03
    1283  -2.822379425E-03
    1284  -2.817986616E-03
    1285  -2.813604056E-03
    1286  -2.682249496E-03
    1287  -2.678084512E-03
    1288  -2.673929222E-03
    1289  -2.669783595E-03
    1290  -2.665647602E-03
    1291  -2.476699637E-03
    1292  -2.472868701E-03
    1293  -2.469046648E-03
    1294  -2.465233448E-03
    1295  -2.461429076E-03
    1296  -1.867265062E-03
    1297  -1.864387920E-03
    1298  -1.861517423E-03
    1299  -1.858653550E-03
    1300  -1.855796281E-03
    1301  -1.222710775E-03
    1302  -1.220834013E-03
    1303  -1.218961568E-03
    1304  -1.217093427E-03
    1305  -1.215229578E-03
    1306  -6.220100000E-04
    1307  -6.210589143E-04
    1308  -6.201100084E-04
    1309  -6.191632756E-04
    1310  -6.182187092E-04
    1311  -1.832294670E-04
    1312  -1.829503666E-04
    1313  -1.826719033E-04
    1314  -1.823940753E-04
    1315  -1.821168807E-04
    1316   9.347873602E-05
    1317   9.333688664E-05
    1318   9.319535990E-05
    1319   9.305415481E-05
    1320   9.291327040E-05
    1321   2.340984289E-04
    1322   2.337445386E-04
    1323   2.333914501E-04
    1324   2.330391612E-04
    1325   2.326876692E-04
    1326   2.964782294E-04
    1327   2.960317261E-04
    1328   2.955862306E-04
    1329   2.951417400E-04
    1330   2.946982513E-04
    1331   2.970095454E-04
    1332   2.965639197E-04
    1333   2.961192962E-04
    1334   2.956756717E-04
    1335   2.952330435E-04
    1336   2.726995032E-04
    1337   2.722918806E-04
    1338   2.718851713E-04
    1339   2.714793725E-04
    1340   2.710744816E-04
    1341   2.284421431E-04
    1342   2.281019463E-04
    1343   2.277625089E-04
    1344   2.274238286E-04
    1345   2.270859032E-04
    1346   1.693158550E-04
    1347   1.690646445E-04
    1348   1.688139927E-04
    1349   1.685638979E-04
    1350   1.683143585E-04
    1351   1.033941734E-04
    1352   1.032413365E-04
    1353   1.030888382E-04
    1354   1.029366776E-04
    1355   1.027848536E-04
    1356   4.111953321E-05
    1357   4.105897425E-05
    1358   4.099854897E-05
    1359   4.093825699E-05
    1360   4.087809790E-05
    1361  -9.382207474E-06
    1362  -9.368440478E-06
    1363  -9.354703762E-06
    1364  -9.340997236E-06
    1365  -9.327320813E-06
    1366  -4.408260449E-05
    1367  -4.401815624E-05
    1368  -4.395384922E-05
    1369  -4.388968302E-05
    1370  -4.382565722E-05
    1371  -6.544780820E-05
    1372  -6.535247272E-05
    1373  -6.525734540E-05
    1374  -6.516242562E-05
    1375  -6.506771279E-05
    1376  -7.824044219E-05
    1377  -7.812688567E-05
    1378  -7.801357619E-05
    1379  -7.790051304E-05
    1380  -7.778769549E-05
    1381  -7.681307287E-05
    1382  -7.670199106E-05
    1383  -7.659115003E-05
    1384  -7.648054910E-05
    1385  -7.637018755E-05
    1386  -7.407522606E-05
    1387  -7.396848942E-05
    1388  -7.386198332E-05
    1389  -7.375570708E-05
    1390  -7.364966005E-05
    1391  -6.345212225E-05
    1392  -6.336102086E-05
    1393  -6.327011552E-05
    1394  -6.317940568E-05
    1395  -6.308889077E-05
    1396  -5.453903704E-05
    1397  -5.446101267E-05
    1398  -5.438315561E-05
    1399  -5.430546538E-05
    1400  -5.422794152E-05
    1401  -4.226514909E-05
    1402  -4.220489941E-05
    1403  -4.214477847E-05
    1404  -4.208478591E-05
    1405  -4.202492135E-05
    1406  -2.999417658E-05
    1407  -2.995157122E-05
    1408  -2.990905657E-05
    1409  -2.986663238E-05
    1410  -2.982429838E-05
    1411  -2.228521493E-05
    1412  -2.225367181E-05
    1413  -2.222219561E-05
    1414  -2.219078615E-05
    1415  -2.215944323E-05
    1416  -1.632760159E-05
    1417  -1.630457253E-05
    1418  -1.628159216E-05
    1419  -1.625866034E-05
    1420  -1.623577693E-05
    1421  -1.334993508E-05
    1422  -1.333117200E-05
    1423  -1.331244844E-05
    1424  -1.329376430E-05
    1425  -1.327511947E-05
    1426  -1.240196835E-05
    1427  -1.238459865E-05
    1428  -1.236726541E-05
    1429  -1.234996854E-05
    1430  -1.233270792E-05
    1431  -1.236185088E-05
    1432  -1.234459778E-05
    1433  -1.232738076E-05
    1434  -1.231019975E-05
    1435  -1.229305462E-05
    1436  -1.344577077E-05
    1437  -1.342707011E-05
    1438  -1.340840845E-05
    1439  -1.338978566E-05
    1440  -1.337120164E-05
    1441  -1.372385277E-05
    1442  -1.370483149E-05
    1443  -1.368584973E-05
    1444  -1.366690738E-05
    1445  -1.364800432E-05
    1446  -1.361812157E-05
    1447  -1.359931201E-05
    1448  -1.358054139E-05
    1449  -1.356180961E-05
    1450  -1.354311655E-05
    1451  -1.319862136E-05
    1452  -1.318045396E-05
    1453  -1.316232403E-05
    1454  -1.314423149E-05
    1455  -1.312617623E-05
    1456  -1.224078442E-05
    1457  -1.222399322E-05
    1458  -1.220723655E-05
    1459  -1.219051431E-05
    1460  -1.217382640E-05
    1461  -1.305584293E-05
    1462  -1.303799489E-05
    1463  -1.302018342E-05
    1464  -1.300240843E-05
    1465  -1.298466981E-05
    1466  -1.317372979E-05
    1467  -1.315578193E-05
    1468  -1.313787072E-05
    1469  -1.311999607E-05
    1470  -1.310215787E-05
    1471  -1.438115047E-05
    1472  -1.436162413E-05
    1473  -1.434213753E-05
    1474  -1.432269056E-05
    1475  -1.430328312E-05
    1476  -1.475262469E-05
    1477  -1.473266174E-05
    1478  -1.471273927E-05
    1479  -1.469285719E-05
    1480  -1.467301539E-05
    1481  -1.528495096E-05
    1482  -1.526433741E-05
    1483  -1.524376553E-05
    1484  -1.522323520E-05
    1485  -1.520274633E-05
    1486  -1.533109685E-05
    1487  -1.531049054E-05
    1488  -1.528992574E-05
    1489  -1.526940235E-05
    1490  -1.524892026E-05
    1491  -1.418374675E-05
    1492  -1.416474642E-05
    1493  -1.414578424E-05
    1494  -1.412686011E-05
    1495  -1.410797394E-05
    1496  -1.329763836E-05
    1497  -1.327988450E-05
    1498  -1.326216618E-05
    1499  -1.324448329E-05
    1500  -1.322683575E-05
    1501  -1.239206003E-05
    1502  -1.237557026E-05
    1503  -1.235911339E-05
    1504  -1.234268932E-05
    1505  -1.232629796E-05
    1506  -1.163599959E-05
    1507  -1.162056723E-05
    1508  -1.160516555E-05
    1509  -1.158979447E-05
    1510  -1.157445391E-05
    1511  -1.124420388E-05
    1512  -1.122934043E-05
    1513  -1.121450642E-05
    1514  -1.119970180E-05
    1515  -1.118492646E-05
    1516  -1.069711480E-05
    1517  -1.068302111E-05
    1518  -1.066895524E-05
    1519  -1.065491715E-05
    1520  -1.064090674E-05
    1521  -1.064506121E-05
    1522  -1.063108214E-05
    1523  -1.061713058E-05
    1524  -1.060320648E-05
    1525  -1.058930975E-05
    1526  -1.084663709E-05
    1527  -1.083243992E-05
    1528  -1.081827060E-05
    1529  -1.080412907E-05
    1530  -1.079001525E-05
    1531  -1.085299586E-05
    1532  -1.083883671E-05
    1533  -1.082470524E-05
    1534  -1.081060139E-05
    1535  -1.079652508E-05
    1536  -1.077917546E-05
    1537  -1.076515833E-05
    1538  -1.075116852E-05
    1539  -1.073720596E-05
    1540  -1.072327059E-05
    1541  -1.055884865E-05
    1542  -1.054516252E-05
    1543  -1.053150298E-05
    1544  -1.051786997E-05
    1545  -1.050426341E-05
    1546  -1.061990960E-05
    1547  -1.060618879E-05
    1548  -1.059249455E-05
    1549  -1.057882682E-05
    1550  -1.056518552E-05
    1551  -9.762179006E-06
    1552  -9.749606979E-06
    1553  -9.737059223E-06
    1554  -9.724535674E-06
    1555  -9.712036271E-06
    1556  -9.606246443E-06
    1557  -9.593914932E-06
    1558  -9.581607152E-06
    1559  -9.569323040E-06
    1560  -9.557062537E-06
    1561  -9.153441571E-06
    1562  -9.141728914E-06
    1563  -9.130038724E-06
    1564  -9.118370943E-06
    1565  -9.106725514E-06
    1566  -9.078511366E-06
    1567  -9.066931632E-06
    1568  -9.055374039E-06
    1569  -9.043838531E-06
    1570  -9.032325051E-06
    1571  -9.106293039E-06
    1572  -9.094714790E-06
    1573  -9.083158608E-06
    1574  -9.071624439E-06
    1575  -9.060112225E-06
    1576  -9.075520136E-06
    1577  -9.064017576E-06
    1578  -9.052536869E-06
    1579  -9.041077962E-06
    1580  -9.029640798E-06
    1581  -9.091659301E-06
    1582  -9.080172681E-06
    1583  -9.068707817E-06
    1584  -9.057264652E-06
    1585  -9.045843133E-06
    1586  -9.087525019E-06
    1587  -9.076079774E-06
    1588  -9.064656137E-06
    1589  -9.053254053E-06
    1590  -9.041873470E-06
    1591  -9.050819012E-06
    1592  -9.039455775E-06
    1593  -9.028113923E-06
    1594  -9.016793404E-06
    1595  -9.005494164E-06
    1596  -8.691106789E-06
    1597  -8.680229308E-06
    1598  -8.669372236E-06
    1599  -8.658535521E-06
    1600  -8.647719112E-06
    1601  -8.553572883E-06
    1602  -8.542900926E-06
    1603  -8.532248930E-06
    1604  -8.521616844E-06
    1605  -8.511004619E-06
    1606  -8.476468405E-06
    1607  -8.465925534E-06
    1608  -8.455402320E-06
    1609  -8.444898715E-06
    1610  -8.434414669E-06
    1611  -8.454094345E-06
    1612  -8.443611897E-06
    1613  -8.433148933E-06
    1614  -8.422705405E-06
    1615  -8.412281265E-06
    1616  -8.360019504E-06
    1617  -8.349685734E-06
    1618  -8.339371113E-06
    1619  -8.329075593E-06
    1620  -8.318799128E-06
    1621  -8.228986232E-06
    1622  -8.218845768E-06
    1623  -8.208724037E-06
    1624  -8.198620992E-06
    1625  -8.188536588E-06
    1626  -8.410933989E-06
    1627  -8.400601146E-06
    1628  -8.390287333E-06
    1629  -8.379992502E-06
    1630  -8.369716606E-06
    1631  -8.550347579E-06
    1632  -8.539875629E-06
    1633  -8.529422905E-06
    1634  -8.518989360E-06
    1635  -8.508574948E-06
    1636  -8.324387901E-06
    1637  -8.314223814E-06
    1638  -8.304078330E-06
    1639  -8.293951405E-06
    1640  -8.283842994E-06
    1641  -8.348744060E-06
    1642  -8.338581255E-06
    1643  -8.328436995E-06
    1644  -8.318311236E-06
    1645  -8.308203932E-06
    1646  -8.086396035E-06
    1647  -8.076582447E-06
    1648  -8.066786714E-06
    1649  -8.057008790E-06
    1650  -8.047248634E-06
    1651  -7.956279413E-06
    1652  -7.946652941E-06
    1653  -7.937043929E-06
    1654  -7.927452335E-06
    1655  -7.917878117E-06
    1656  -7.638767008E-06
    1657  -7.629552573E-06
    1658  -7.620354800E-06
    1659  -7.611173649E-06
    1660  -7.602009081E-06
    1661  -7.407416651E-06
    1662  -7.398508152E-06
    1663  -7.389615714E-06
    1664  -7.380739299E-06
    1665  -7.371878868E-06
    1666  -7.465007378E-06
    1667  -7.456056529E-06
    1668  -7.447121770E-06
    1669  -7.438203062E-06
    1670  -7.429300365E-06
    1671  -7.464572036E-06
    1672  -7.455648459E-06
    1673  -7.446740874E-06
    1674  -7.437849243E-06
    1675  -7.428973528E-06
    1676  -7.549095325E-06
    1677  -7.540097595E-06
    1678  -7.531115943E-06
    1679  -7.522150328E-06
    1680  -7.513200715E-06
    1681  -7.512934823E-06
    1682  -7.504006796E-06
    1683  -7.495094674E-06
    1684  -7.486198419E-06
    1685  -7.477317994E-06
    1686  -7.383665711E-06
    1687  -7.374917292E-06
    1688  -7.366184412E-06
    1689  -7.357467034E-06
    1690  -7.348765122E-06
    1691  -7.413168781E-06
    1692  -7.404411346E-06
    1693  -7.395669420E-06
    1694  -7.386942966E-06
    1695  -7.378231949E-06
    1696  -7.151416118E-06
    1697  -7.142992777E-06
    1698  -7.134584310E-06
    1699  -7.126190682E-06
    1700  -7.117811857E-06
    1701  -7.132107057E-06
    1702  -7.123731124E-06
    1703  -7.115369938E-06
    1704  -7.107023463E-06
    1705  -7.098691665E-06
    1706  -6.843825339E-06
    1707  -6.835811492E-06
    1708  -6.827811713E-06
    1709  -6.819825968E-06
    1710  -6.811854226E-06
    1711  -6.731281320E-06
    1712  -6.723422264E-06
    1713  -6.715576964E-06
    1714  -6.707745388E-06
    1715  -6.699927503E-06
    1716  -6.873502563E-06
    1717  -6.865500814E-06
    1718  -6.857513029E-06
    1719  -6.849539177E-06
    1720  -6.841579224E-06
    1721  -6.701529750E-06
    1722  -6.693750841E-06
    1723  -6.685985469E-06
    1724  -6.678233602E-06
    1725  -6.670495208E-06
    1726  -6.952950834E-06
    1727  -6.944903437E-06
    1728  -6.936870003E-06
    1729  -6.928850501E-06
    1730  -6.920844896E-06
    1731  -6.761358046E-06
    1732  -6.753554978E-06
    1733  -6.745765411E-06
    1734  -6.737989312E-06
    1735  -6.730226652E-06
    1736  -6.791898316E-06
    1737  -6.784082552E-06
    1738  -6.776280272E-06
    1739  -6.768491444E-06
    1740  -6.760716038E-06
    1741  -6.733096720E-06
    1742  -6.725370849E-06
    1743  -6.717658267E-06
    1744  -6.709958945E-06
    1745  -6.702272853E-06
    1746  -6.412125892E-06
    1747  -6.404789363E-06
    1748  -6.397465419E-06
    1749  -6.390154030E-06
    1750  -6.382855168E-06
    1751  -6.386579398E-06
    1752  -6.379292942E-06
    1753  -6.372018947E-06
    1754  -6.364757387E-06
    1755  -6.357508233E-06
    1756  -6.106330398E-06
    1757  -6.099383492E-06
    1758  -6.092448434E-06
    1759  -6.085525197E-06
    1760  -6.078613754E-06
    1761  -6.144510604E-06
    1762  -6.137540087E-06
    1763  -6.130581425E-06
    1764  -6.123634591E-06
    1765  -6.116699557E-06
    1766  -5.883388790E-06
    1767  -5.876733373E-06
    1768  -5.870089243E-06
    1769  -5.863456374E-06
    1770  -5.856834740E-06
    1771  -5.907149171E-06
    1772  -5.900485720E-06
    1773  -5.893833538E-06
    1774  -5.887192598E-06
    1775  -5.880562877E-06
    1776  -6.015540000E-06
    1777  -6.008773364E-06
    1778  -6.002018138E-06
    1779  -5.995274297E-06
    1780  -5.988541816E-06
    1781  -5.932251152E-06
    1782  -5.925596916E-06
    1783  -5.918953870E-06
    1784  -5.912321989E-06
    1785  -5.905701248E-06
    1786  -5.923637769E-06
    1787  -5.917011776E-06
    1788  -5.910396894E-06
    1789  -5.903793099E-06
    1790  -5.897200365E-06
    1791  -5.709920380E-06
    1792  -5.703551255E-06
    1793  -5.697192781E-06
    1794  -5.690844934E-06
    1795  -5.684507690E-06
    1796  -5.583569808E-06
    1797  -5.577358940E-06
    1798  -5.571158430E-06
    1799  -5.564968254E-06
    1800  -5.558788389E-06
    1801  -5.354217674E-06
    1802  -5.348278442E-06
    1803  -5.342349086E-06
    1804  -5.336429586E-06
    1805  -5.330519919E-06
    1806  -5.076285727E-06
    1807  -5.070670367E-06
    1808  -5.065064319E-06
    1809  -5.059467563E-06
    1810  -5.053880078E-06
    1811  -5.000969759E-06
    1812  -4.995452969E-06
    1813  -4.989945303E-06
    1814  -4.984446741E-06
    1815  -4.978957262E-06
    1816  -4.852937530E-06
    1817  -4.847598765E-06
    1818  -4.842268805E-06
    1819  -4.836947630E-06
    1820  -4.831635222E-06
    1821  -4.959317056E-06
    1822  -4.953876226E-06
    1823  -4.948444344E-06
    1824  -4.943021391E-06
    1825  -4.937607348E-06
    1826  -4.836368189E-06
    1827  -4.831076757E-06
    1828  -4.825794005E-06
    1829  -4.820519913E-06
    1830  -4.815254463E-06
    1831  -4.780436069E-06
    1832  -4.775220100E-06
    1833  -4.770012663E-06
    1834  -4.764813739E-06
    1835  -4.759623310E-06
    1836  -4.800446619E-06
    1837  -4.795223064E-06
    1838  -4.790008031E-06
    1839  -4.784801500E-06
    1840  -4.779603454E-06
    1841  -4.724961113E-06
    1842  -4.719833646E-06
    1843  -4.714714521E-06
    1844  -4.709603719E-06
    1845  -4.704501223E-06
    1846  -4.594180300E-06
    1847  -4.589208243E-06
    1848  -4.584244254E-06
    1849  -4.579288314E-06
    1850  -4.574340407E-06
    1851  -4.350857470E-06
    1852  -4.346161455E-06
    1853  -4.341473039E-06
    1854  -4.336792206E-06
    1855  -4.332118938E-06
    1856  -4.178666114E-06
    1857  -4.174168088E-06
    1858  -4.169677321E-06
    1859  -4.165193797E-06
    1860  -4.160717501E-06
    1861  -4.131483486E-06
    1862  -4.127048184E-06
    1863  -4.122620021E-06
    1864  -4.118198981E-06
    1865  -4.113785048E-06
    1866  -4.064554399E-06
    1867  -4.060202628E-06
    1868  -4.055857842E-06
    1869  -4.051520026E-06
    1870  -4.047189165E-06
    1871  -4.111547898E-06
    1872  -4.107157564E-06
    1873  -4.102774258E-06
    1874  -4.098397965E-06
    1875  -4.094028671E-06
    1876  -3.984328898E-06
    1877  -3.980085736E-06
    1878  -3.975849349E-06
    1879  -3.971619722E-06
    1880  -3.967396840E-06
    1881  -4.051866551E-06
    1882  -4.047562922E-06
    1883  -4.043266146E-06
    1884  -4.038976209E-06
    1885  -4.034693095E-06
    1886  -3.935539536E-06
    1887  -3.931370532E-06
    1888  -3.927208149E-06
    1889  -3.923052373E-06
    1890  -3.918903190E-06
    1891  -3.833773397E-06
    1892  -3.829722923E-06
    1893  -3.825678865E-06
    1894  -3.821641210E-06
    1895  -3.817609942E-06
    1896  -3.753813321E-06
    1897  -3.749857774E-06
    1898  -3.745908477E-06
    1899  -3.741965416E-06
    1900  -3.738028577E-06
    1901  -3.419644111E-06
    1902  -3.416050160E-06
    1903  -3.412461872E-06
    1904  -3.408879235E-06
    1905  -3.405302237E-06
    1906  -3.337267960E-06
    1907  -3.333769775E-06
    1908  -3.330277088E-06
    1909  -3.326789887E-06
    1910  -3.323308160E-06
    1911  -3.178755759E-06
    1912  -3.175432439E-06
    1913  -3.172114328E-06
    1914  -3.168801414E-06
    1915  -3.165493689E-06
    1916  -3.117433915E-06
    1917  -3.114183201E-06
    1918  -3.110937570E-06
    1919  -3.107697010E-06
    1920  -3.104461511E-06
    1921  -3.063552700E-06
    1922  -3.060366478E-06
    1923  -3.057185223E-06
    1924  -3.054008927E-06
    1925  -3.050837578E-06
    1926  -3.050530113E-06
    1927  -3.047365663E-06
    1928  -3.044206134E-06
    1929  -3.041051516E-06
    1930  -3.037901799E-06
    1931  -3.093105755E-06
    1932  -3.089905439E-06
    1933  -3.086710087E-06
    1934  -3.083519689E-06
    1935  -3.080334234E-06
    1936  -2.981665647E-06
    1937  -2.978588593E-06
    1938  -2.975516299E-06
    1939  -2.972448757E-06
    1940  -2.969385955E-06
    1941  -2.890820300E-06
    1942  -2.887844674E-06
    1943  -2.884873641E-06
    1944  -2.881907189E-06
    1945  -2.878945312E-06
    1946  -2.807566096E-06
    1947  -2.804683584E-06
    1948  -2.801805510E-06
    1949  -2.798931863E-06
    1950  -2.796062635E-06
    1951  -2.605075693E-06
    1952  -2.602407924E-06
    1953  -2.599744252E-06
    1954  -2.597084667E-06
    1955  -2.594429161E-06
    1956  -2.573812006E-06
    1957  -2.571182984E-06
    1958  -2.568557989E-06
    1959  -2.565937011E-06
    1960  -2.563320043E-06
    1961  -2.379600526E-06
    1962  -2.377176073E-06
    1963  -2.374755323E-06
    1964  -2.372338269E-06
    1965  -2.369924904E-06
    1966  -2.385133939E-06
    1967  -2.382710023E-06
    1968  -2.380289799E-06
    1969  -2.377873261E-06
    1970  -2.375460402E-06
    1971  -2.379159825E-06
    1972  -2.376748107E-06
    1973  -2.374340055E-06
    1974  -2.371935660E-06
    1975  -2.369534915E-06
    1976  -2.322188442E-06
    1977  -2.319840425E-06
    1978  -2.317495968E-06
    1979  -2.315155063E-06
    1980  -2.312817703E-06
    1981  -2.330155293E-06
    1982  -2.327805161E-06
    1983  -2.325458584E-06
    1984  -2.323115552E-06
    1985  -2.320776060E-06
    1986  -2.223340315E-06
    1987  -2.221103554E-06
    1988  -2.218870167E-06
    1989  -2.216640147E-06
    1990  -2.214413487E-06
    1991  -2.222296208E-06
    1992  -2.220066106E-06
    1993  -2.217839360E-06
    1994  -2.215615962E-06
    1995  -2.213395906E-06
    1996  -2.073075845E-06
    1997  -2.071000694E-06
    1998  -2.068928657E-06
    1999  -2.066859728E-06
    2000  -2.064793901E-06
    2001  -1.901211947E-06
    2002  -1.899313582E-06
    2003  -1.897418060E-06
    2004  -1.895525373E-06
    2005  -1.893635518E-06
    2006  -1.807631256E-06
    2007  -1.805830826E-06
    2008  -1.804033085E-06
    2009  -1.802238027E-06
    2010  -1.800445647E-06
    2011  -1.697752409E-06
    2012  -1.696065621E-06
    2013  -1.694381345E-06
    2014  -1.692699577E-06
    2015  -1.691020312E-06
    2016  -1.680156131E-06
    2017  -1.678490961E-06
    2018  -1.676828266E-06
    2019  -1.675168040E-06
    2020  -1.673510278E-06
    2021  -1.631200053E-06
    2022  -1.629587398E-06
    2023  -1.627977134E-06
    2024  -1.626369255E-06
    2025  -1.624763758E-06
    2026  -1.599502529E-06
    2027  -1.597925111E-06
    2028  -1.596350024E-06
    2029  -1.594777266E-06
    2030  -1.593206830E-06
    2031  -1.611749115E-06
    2032  -1.610163528E-06
    2033  -1.608580280E-06
    2034  -1.606999365E-06
    2035  -1.605420780E-06
    2036  -1.530624915E-06
    2037  -1.529122830E-06
    2038  -1.527622955E-06
    2039  -1.526125285E-06
    2040  -1.524629817E-06
    2041  -1.517896305E-06
    2042  -1.516410356E-06
    2043  -1.514926589E-06
    2044  -1.513444998E-06
    2045  -1.511965580E-06
    2046  -1.402033259E-06
    2047  -1.400664086E-06
    2048  -1.399296918E-06
    2049  -1.397931750E-06
    2050  -1.396568579E-06
    2051  -1.315501284E-06
    2052  -1.314219744E-06
    2053  -1.312940075E-06
    2054  -1.311662274E-06
    2055  -1.310386338E-06
    2056  -1.244488476E-06
    2057  -1.243279061E-06
    2058  -1.242071408E-06
    2059  -1.240865513E-06
    2060  -1.239661374E-06
    2061  -1.180048809E-06
    2062  -1.178904796E-06
    2063  -1.177762447E-06
    2064  -1.176621757E-06
    2065  -1.175482723E-06
    2066  -1.151638765E-06
    2067  -1.150524995E-06
    2068  -1.149412839E-06
    2069  -1.148302295E-06
    2070  -1.147193360E-06
    2071  -1.108883329E-06
    2072  -1.107813495E-06
    2073  -1.106745208E-06
    2074  -1.105678465E-06
    2075  -1.104613264E-06
    2076  -1.119535256E-06
    2077  -1.118457743E-06
    2078  -1.117381786E-06
    2079  -1.116307380E-06
    2080  -1.115234524E-06
    2081  -1.097845467E-06
    2082  -1.096791367E-06
    2083  -1.095738784E-06
    2084  -1.094687716E-06
    2085  -1.093638159E-06
    2086  -1.072233581E-06
    2087  -1.071206538E-06
    2088  -1.070180969E-06
    2089  -1.069156872E-06
    2090  -1.068134245E-06
    2091  -9.999096123E-07
    2092  -9.989541325E-07
    2093  -9.980000215E-07
    2094  -9.970472769E-07
    2095  -9.960958959E-07
    2096  -9.448233318E-07
    2097  -9.439226422E-07
    2098  -9.430232400E-07
    2099  -9.421251226E-07
    2100  -9.412282877E-07
    2101  -8.736668279E-07
    2102  -8.728359512E-07
    2103  -8.720062592E-07
    2104  -8.711777497E-07
    2105  -8.703504204E-07
    2106  -7.804080744E-07
    2107  -7.796676493E-07
    2108  -7.789282774E-07
    2109  -7.781899567E-07
    2110  -7.774526853E-07
    2111  -7.465073915E-07
    2112  -7.458008062E-07
    2113  -7.450952236E-07
    2114  -7.443906418E-07
    2115  -7.436870590E-07
    2116  -7.162892912E-07
    2117  -7.156129085E-07
    2118  -7.149374834E-07
    2119  -7.142630141E-07
    2120  -7.135894987E-07
    2121  -7.032344476E-07
    2122  -7.025719564E-07
    2123  -7.019104009E-07
    2124  -7.012497793E-07
    2125  -7.005900900E-07
    2126  -6.847522545E-07
    2127  -6.841086903E-07
    2128  -6.834660330E-07
    2129  -6.828242809E-07
    2130  -6.821834322E-07
    2131  -6.750322441E-07
    2132  -6.743993025E-07
    2133  -6.737672506E-07
    2134  -6.731360869E-07
    2135  -6.725058097E-07
    2136  -6.659588967E-07
    2137  -6.653359230E-07
    2138  -6.647138230E-07
    2139  -6.640925951E-07
    2140  -6.634722377E-07
    2141  -6.309382800E-07
    2142  -6.303494435E-07
    2143  -6.297614310E-07
    2144  -6.291742408E-07
    2145  -6.285878716E-07
    2146  -5.938882413E-07
    2147  -5.933352727E-07
    2148  -5.927830761E-07
    2149  -5.922316500E-07
    2150  -5.916809930E-07
    2151  -5.409947795E-07
    2152  -5.404922298E-07
    2153  -5.399903800E-07
    2154  -5.394892288E-07
    2155  -5.389887750E-07
    2156  -5.002132227E-07
    2157  -4.997496330E-07
    2158  -4.992866876E-07
    2159  -4.988243851E-07
    2160  -4.983627244E-07
    2161  -4.895549886E-07
    2162  -4.891023256E-07
    2163  -4.886502902E-07
    2164  -4.881988812E-07
    2165  -4.877480973E-07
    2166  -4.592961435E-07
    2167  -4.588724386E-07
    2168  -4.584493197E-07
    2169  -4.580267858E-07
    2170  -4.576048357E-07
    2171  -4.522360342E-07
    2172  -4.518198022E-07
    2173  -4.514041446E-07
    2174  -4.509890603E-07
    2175  -4.505745483E-07
    2176  -4.399841458E-07
    2177  -4.395801199E-07
    2178  -4.391766503E-07
    2179  -4.387737360E-07
    2180  -4.383713758E-07
    2181  -4.392041265E-07
    2182  -4.388017407E-07
    2183  -4.383999076E-07
    2184  -4.379986262E-07
    2185  -4.375978955E-07
    2186  -4.264393133E-07
    2187  -4.260495150E-07
    2188  -4.256602510E-07
    2189  -4.252715201E-07
    2190  -4.248833216E-07
    2191  -3.970679611E-07
    2192  -3.967058380E-07
    2193  -3.963442101E-07
    2194  -3.959830764E-07
    2195  -3.956224361E-07
    2196  -3.765698580E-07
    2197  -3.762272102E-07
    2198  -3.758850300E-07
    2199  -3.755433163E-07
    2200  -3.752020684E-07
    2201  -3.339608329E-07
    2202  -3.336576456E-07
    2203  -3.333548710E-07
    2204  -3.330525083E-07
    2205  -3.327505568E-07
    2206  -3.079028029E-07
    2207  -3.076239055E-07
    2208  -3.073453868E-07
    2209  -3.070672462E-07
    2210  -3.067894829E-07
    2211  -2.826884908E-07
    2212  -2.824330109E-07
    2213  -2.821778772E-07
    2214  -2.819230890E-07
    2215  -2.816686458E-07
    2216  -2.663198700E-07
    2217  -2.660797259E-07
    2218  -2.658399064E-07
    2219  -2.656004110E-07
    2220  -2.653612391E-07
    2221  -2.674519095E-07
    2222  -2.672112870E-07
    2223  -2.669709891E-07
    2224  -2.667310152E-07
    2225  -2.664913646E-07
    2226  -2.561004113E-07
    2227  -2.558705186E-07
    2228  -2.556409354E-07
    2229  -2.554116610E-07
    2230  -2.551826949E-07
    2231  -2.565246484E-07
    2232  -2.562948905E-07
    2233  -2.560654412E-07
    2234  -2.558362998E-07
    2235  -2.556074659E-07
    2236  -2.477436425E-07
    2237  -2.475222452E-07
    2238  -2.473011445E-07
    2239  -2.470803399E-07
    2240  -2.468598309E-07
    2241  -2.326742495E-07
    2242  -2.324667825E-07
    2243  -2.322595928E-07
    2244  -2.320526800E-07
    2245  -2.318460436E-07
    2246  -2.269614837E-07
    2247  -2.267595607E-07
    2248  -2.265579070E-07
    2249  -2.263565222E-07
    2250  -2.261554058E-07
    2251  -2.053667139E-07
    2252  -2.051844088E-07
    2253  -2.050023463E-07
    2254  -2.048205261E-07
    2255  -2.046389476E-07
    2256  -1.950825383E-07
    2257  -1.949097460E-07
    2258  -1.947371832E-07
    2259  -1.945648494E-07
    2260  -1.943927442E-07
    2261  -1.833186715E-07
    2262  -1.831566577E-07
    2263  -1.829948585E-07
    2264  -1.828332736E-07
    2265  -1.826719027E-07
    2266  -1.787528144E-07
    2267  -1.785951840E-07
    2268  -1.784377621E-07
    2269  -1.782805482E-07
    2270  -1.781235420E-07
    2271  -1.781661356E-07
    2272  -1.780093682E-07
    2273  -1.778528076E-07
    2274  -1.776964535E-07
    2275  -1.775403055E-07
    2276  -1.711351569E-07
    2277  -1.709849065E-07
    2278  -1.708348539E-07
    2279  -1.706849988E-07
    2280  -1.705353408E-07
    2281  -1.735322855E-07
    2282  -1.733802642E-07
    2283  -1.732284426E-07
    2284  -1.730768203E-07
    2285  -1.729253970E-07
    2286  -1.697972945E-07
    2287  -1.696488703E-07
    2288  -1.695006406E-07
    2289  -1.693526051E-07
    2290  -1.692047635E-07
    2291  -1.662736562E-07
    2292  -1.661286290E-07
    2293  -1.659837915E-07
    2294  -1.658391433E-07
    2295  -1.656946842E-07
    2296  -1.608775233E-07
    2297  -1.607375081E-07
    2298  -1.605976755E-07
    2299  -1.604580254E-07
    2300  -1.603185573E-07
    2301  -1.525481678E-07
    2302  -1.524156900E-07
    2303  -1.522833847E-07
    2304  -1.521512516E-07
    2305  -1.520192904E-07
    2306  -1.528836269E-07
    2307  -1.527511455E-07
    2308  -1.526188361E-07
    2309  -1.524866986E-07
    2310  -1.523547326E-07
    2311  -1.470407943E-07
    2312  -1.469136513E-07
    2313  -1.467866733E-07
    2314  -1.466598597E-07
    2315  -1.465332104E-07
    2316  -1.463840918E-07
    2317  -1.462577897E-07
    2318  -1.461316510E-07
    2319  -1.460056755E-07
    2320  -1.458798627E-07
    2321  -1.442023375E-07
    2322  -1.440781856E-07
    2323  -1.439541941E-07
    2324  -1.438303625E-07
    2325  -1.437066907E-07
    2326  -1.436951546E-07
    2327  -1.435717052E-07
    2328  -1.434484148E-07
    2329  -1.433252831E-07
    2330  -1.432023099E-07
    2331  -1.457423456E-07
    2332  -1.456174058E-07
    2333  -1.454926265E-07
    2334  -1.453680075E-07
    2335  -1.452435486E-07
    2336  -1.433408916E-07
    2337  -1.432182732E-07
    2338  -1.430958121E-07
    2339  -1.429735080E-07
    2340  -1.428513606E-07
    2341  -1.450360982E-07
    2342  -1.449122944E-07
    2343  -1.447886491E-07
    2344  -1.446651620E-07
    2345  -1.445418328E-07
    2346  -1.443727608E-07
    2347  -1.442497857E-07
    2348  -1.441269676E-07
    2349  -1.440043064E-07
    2350  -1.438818016E-07
    2351  -1.467551826E-07
    2352  -1.466304438E-07
    2353  -1.465058640E-07
    2354  -1.463814429E-07
    2355  -1.462571802E-07
    2356  -1.449329306E-07
    2357  -1.448100019E-07
    2358  -1.446872295E-07
    2359  -1.445646132E-07
    2360  -1.444421527E-07
    2361  -1.453853616E-07
    2362  -1.452623101E-07
    2363  -1.451394147E-07
    2364  -1.450166753E-07
    2365  -1.448940914E-07
    2366  -1.480822956E-07
    2367  -1.479572260E-07
    2368  -1.478323149E-07
    2369  -1.477075619E-07
    2370  -1.475829668E-07
    2371  -1.469370520E-07
    2372  -1.468132112E-07
    2373  -1.466895270E-07
    2374  -1.465659989E-07
    2375  -1.464426269E-07
    2376  -1.472766159E-07
    2377  -1.471527499E-07
    2378  -1.470290402E-07
    2379  -1.469054863E-07
    2380  -1.467820882E-07
    2381  -1.487492993E-07
    2382  -1.486244573E-07
    2383  -1.484997723E-07
    2384  -1.483752442E-07
    2385  -1.482508727E-07
    2386  -1.484626392E-07
    2387  -1.483382986E-07
    2388  -1.482141142E-07
    2389  -1.480900856E-07
    2390  -1.479662127E-07
    2391  -1.538200652E-07
    2392  -1.536915068E-07
    2393  -1.535631096E-07
    2394  -1.534348732E-07
    2395  -1.533067973E-07
    2396  -1.540665697E-07
    2397  -1.539380739E-07
    2398  -1.538097387E-07
    2399  -1.536815639E-07
    2400  -1.535535492E-07
    2401  -1.607467990E-07
    2402  -1.606130106E-07
    2403  -1.604793891E-07
    2404  -1.603459343E-07
    2405  -1.602126459E-07
    2406  -1.628492345E-07
    2407  -1.627139777E-07
    2408  -1.625788893E-07
    2409  -1.624439690E-07
    2410  -1.623092167E-07
    2411  -1.667645662E-07
    2412  -1.666263444E-07
    2413  -1.664882945E-07
    2414  -1.663504159E-07
    2415  -1.662127087E-07
    2416  -1.690698978E-07
    2417  -1.689300551E-07
    2418  -1.687903858E-07
    2419  -1.686508896E-07
    2420  -1.685115662E-07
    2421  -1.666789719E-07
    2422  -1.665413912E-07
    2423  -1.664039808E-07
    2424  -1.662667404E-07
    2425  -1.661296698E-07
    2426  -1.713417290E-07
    2427  -1.712005908E-07
    2428  -1.710596270E-07
    2429  -1.709188372E-07
    2430  -1.707782211E-07
    2431  -1.692399323E-07
    2432  -1.691008119E-07
    2433  -1.689618630E-07
    2434  -1.688230853E-07
    2435  -1.686844785E-07
    2436  -1.746967898E-07
    2437  -1.745534783E-07
    2438  -1.744103430E-07
    2439  -1.742673837E-07
    2440  -1.741246001E-07
    2441  -1.764035884E-07
    2442  -1.762591729E-07
    2443  -1.761149346E-07
    2444  -1.759708733E-07
    2445  -1.758269887E-07
    2446  -1.782196369E-07
    2447  -1.780740326E-07
    2448  -1.779286067E-07
    2449  -1.777833589E-07
    2450  -1.776382888E-07
    2451  -1.860775365E-07
    2452  -1.859258222E-07
    2453  -1.857742934E-07
    2454  -1.856229498E-07
    2455  -1.854717911E-07
    2456  -1.893235880E-07
    2457  -1.891695411E-07
    2458  -1.890156822E-07
    2459  -1.888620109E-07
    2460  -1.887085269E-07
    2461  -1.941942751E-07
    2462  -1.940365859E-07
    2463  -1.938790886E-07
    2464  -1.937217831E-07
    2465  -1.935646689E-07
    2466  -1.953491847E-07
    2467  -1.951908791E-07
    2468  -1.950327658E-07
    2469  -1.948748445E-07
    2470  -1.947171150E-07
    2471  -1.951552821E-07
    2472  -1.949974533E-07
    2473  -1.948398159E-07
    2474  -1.946823696E-07
    2475  -1.945251140E-07
    2476  -1.992169676E-07
    2477  -1.990561791E-07
    2478  -1.988955852E-07
    2479  -1.987351855E-07
    2480  -1.985749798E-07
    2481  -1.966990115E-07
    2482  -1.965405750E-07
    2483  -1.963823297E-07
    2484  -1.962242755E-07
    2485  -1.960664121E-07
    2486  -2.016012590E-07
    2487  -2.014392001E-07
    2488  -2.012773365E-07
    2489  -2.011156680E-07
    2490  -2.009541941E-07
    2491  -2.032236295E-07
    2492  -2.030605941E-07
    2493  -2.028977549E-07
    2494  -2.027351114E-07
    2495  -2.025726634E-07
    2496  -2.076564426E-07
    2497  -2.074901845E-07
    2498  -2.073241259E-07
    2499  -2.071582666E-07
    2500  -2.069926062E-07
    2501  -2.119530068E-07
    2502  -2.117836477E-07
    2503  -2.116144914E-07
    2504  -2.114455377E-07
    2505  -2.112767863E-07
    2506  -2.120159395E-07
    2507  -2.118468677E-07
    2508  -2.116779982E-07
    2509  -2.115093304E-07
    2510  -2.113408642E-07
    2511  -2.213108015E-07
    2512  -2.211346687E-07
    2513  -2.209587462E-07
    2514  -2.207830334E-07
    2515  -2.206075302E-07
    2516  -2.200113990E-07
    2517  -2.198366481E-07
    2518  -2.196621053E-07
    2519  -2.194877703E-07
    2520  -2.193136428E-07
    2521  -2.237834150E-07
    2522  -2.236060203E-07
    2523  -2.234288364E-07
    2524  -2.232518631E-07
    2525  -2.230750999E-07
    2526  -2.198650800E-07
    2527  -2.196911361E-07
    2528  -2.195173985E-07
    2529  -2.193438670E-07
    2530  -2.191705411E-07
    2531  -2.201665967E-07
    2532  -2.199927581E-07
    2533  -2.198191253E-07
    2534  -2.196456980E-07
    2535  -2.194724758E-07
    2536  -2.246080499E-07
    2537  -2.244310538E-07
    2538  -2.242542668E-07
    2539  -2.240776886E-07
    2540  -2.239013189E-07
    2541  -2.244730337E-07
    2542  -2.242964917E-07
    2543  -2.241201580E-07
    2544  -2.239440322E-07
    2545  -2.237681138E-07
    2546  -2.283451849E-07
    2547  -2.281659501E-07
    2548  -2.279869262E-07
    2549  -2.278081129E-07
    2550  -2.276295099E-07
    2551  -2.285898499E-07
    2552  -2.284107744E-07
    2553  -2.282319093E-07
    2554  -2.280532542E-07
    2555  -2.278748088E-07
    2556  -2.330084615E-07
    2557  -2.328262814E-07
    2558  -2.326443147E-07
    2559  -2.324625614E-07
    2560  -2.322810209E-07
    2561  -2.333966659E-07
    2562  -2.332145382E-07
    2563  -2.330326236E-07
    2564  -2.328509217E-07
    2565  -2.326694323E-07
    2566  -2.337470041E-07
    2567  -2.335649582E-07
    2568  -2.333831248E-07
    2569  -2.332015037E-07
    2570  -2.330200945E-07
    2571  -2.370255706E-07
    2572  -2.368413299E-07
    2573  -2.366573041E-07
    2574  -2.364734926E-07
    2575  -2.362898951E-07
    2576  -2.336004909E-07
    2577  -2.334192648E-07
    2578  -2.332382495E-07
    2579  -2.330574446E-07
    2580  -2.328768499E-07
    2581  -2.377857694E-07
    2582  -2.376016534E-07
    2583  -2.374177512E-07
    2584  -2.372340624E-07
    2585  -2.370505867E-07
    2586  -2.371638351E-07
    2587  -2.369805554E-07
    2588  -2.367974882E-07
    2589  -2.366146330E-07
    2590  -2.364319895E-07
    2591  -2.358390281E-07
    2592  -2.356571237E-07
    2593  -2.354754297E-07
    2594  -2.352939457E-07
    2595  -2.351126715E-07
    2596  -2.379777894E-07
    2597  -2.377945886E-07
    2598  -2.376115993E-07
    2599  -2.374288212E-07
    2600  -2.372462538E-07
    2601  -2.332400070E-07
    2602  -2.330607984E-07
    2603  -2.328817963E-07
    2604  -2.327030003E-07
    2605  -2.325244101E-07
    2606  -2.388471378E-07
    2607  -2.386639729E-07
    2608  -2.384810185E-07
    2609  -2.382982744E-07
    2610  -2.381157403E-07
    2611  -2.342235923E-07
    2612  -2.340443167E-07
    2613  -2.338652468E-07
    2614  -2.336863824E-07
    2615  -2.335077231E-07
    2616  -2.377250724E-07
    2617  -2.375434642E-07
    2618  -2.373620641E-07
    2619  -2.371808717E-07
    2620  -2.369998866E-07
    2621  -2.343730318E-07
    2622  -2.341943257E-07
    2623  -2.340158240E-07
    2624  -2.338375262E-07
    2625  -2.336594321E-07
    2626  -2.365725560E-07
    2627  -2.363925160E-07
    2628  -2.362126814E-07
    2629  -2.360330520E-07
    2630  -2.358536274E-07
    2631  -2.377110098E-07
    2632  -2.375304469E-07
    2633  -2.373500897E-07
    2634  -2.371699378E-07
    2635  -2.369899910E-07
    2636  -2.343996008E-07
    2637  -2.342218907E-07
    2638  -2.340443827E-07
    2639  -2.338670763E-07
    2640  -2.336899714E-07
    2641  -2.366180088E-07
    2642  -2.364389562E-07
    2643  -2.362601067E-07
    2644  -2.360814601E-07
    2645  -2.359030161E-07
    2646  -2.340995399E-07
    2647  -2.339227275E-07
    2648  -2.337461154E-07
    2649  -2.335697033E-07
    2650  -2.333934907E-07
    2651  -2.317565616E-07
    2652  -2.315818488E-07
    2653  -2.314073334E-07
    2654  -2.312330153E-07
    2655  -2.310588940E-07
    2656  -2.344674693E-07
    2657  -2.342910453E-07
    2658  -2.341148204E-07
    2659  -2.339387942E-07
    2660  -2.337629665E-07
    2661  -2.282940345E-07
    2662  -2.281225782E-07
    2663  -2.279513151E-07
    2664  -2.277802446E-07
    2665  -2.276093667E-07
    2666  -2.351884888E-07
    2667  -2.350121855E-07
    2668  -2.348360805E-07
    2669  -2.346601733E-07
    2670  -2.344844637E-07
    2671  -2.328229497E-07
    2672  -2.326487462E-07
    2673  -2.324747382E-07
    2674  -2.323009253E-07
    2675  -2.321273073E-07
    2676  -2.292042666E-07
    2677  -2.290330909E-07
    2678  -2.288621068E-07
    2679  -2.286913142E-07
    2680  -2.285207127E-07
    2681  -2.315392543E-07
    2682  -2.313666570E-07
    2683  -2.311942527E-07
    2684  -2.310220409E-07
    2685  -2.308500215E-07
    2686  -2.265664602E-07
    2687  -2.263978839E-07
    2688  -2.262294958E-07
    2689  -2.260612954E-07
    2690  -2.258932826E-07
    2691  -2.311469731E-07
    2692  -2.309753080E-07
    2693  -2.308038342E-07
    2694  -2.306325512E-07
    2695  -2.304614588E-07
    2696  -2.240419784E-07
    2697  -2.238758984E-07
    2698  -2.237100029E-07
    2699  -2.235442918E-07
    2700  -2.233787647E-07
    2701  -2.241407654E-07
    2702  -2.239749195E-07
    2703  -2.238092575E-07
    2704  -2.236437793E-07
    2705  -2.234784846E-07
    2706  -2.222389089E-07
    2707  -2.220747739E-07
    2708  -2.219108205E-07
    2709  -2.217470487E-07
    2710  -2.215834581E-07
    2711  -2.173251220E-07
    2712  -2.171649118E-07
    2713  -2.170048787E-07
    2714  -2.168450225E-07
    2715  -2.166853428E-07
    2716  -2.219149660E-07
    2717  -2.217516732E-07
    2718  -2.215885605E-07
    2719  -2.214256277E-07
    2720  -2.212628746E-07
    2721  -2.143173297E-07
    2722  -2.141599171E-07
    2723  -2.140026778E-07
    2724  -2.138456116E-07
    2725  -2.136887182E-07
    2726  -2.172305615E-07
    2727  -2.170713016E-07
    2728  -2.169122167E-07
    2729  -2.167533067E-07
    2730  -2.165945712E-07
    2731  -2.186945371E-07
    2732  -2.185344972E-07
    2733  -2.183746329E-07
    2734  -2.182149439E-07
    2735  -2.180554301E-07
    2736  -2.109143160E-07
    2737  -2.107602515E-07
    2738  -2.106063558E-07
    2739  -2.104526285E-07
    2740  -2.102990695E-07
    2741  -2.146668158E-07
    2742  -2.145102960E-07
    2743  -2.143539474E-07
    2744  -2.141977697E-07
    2745  -2.140417626E-07
    2746  -2.050618514E-07
    2747  -2.049126070E-07
    2748  -2.047635254E-07
    2749  -2.046146065E-07
    2750  -2.044658500E-07
    2751  -2.059032418E-07
    2752  -2.057536572E-07
    2753  -2.056042355E-07
    2754  -2.054549766E-07
    2755  -2.053058801E-07
    2756  -2.015532734E-07
    2757  -2.014071143E-07
    2758  -2.012611143E-07
    2759  -2.011152729E-07
    2760  -2.009695900E-07
    2761  -1.970762052E-07
    2762  -1.969335514E-07
    2763  -1.967910525E-07
    2764  -1.966487081E-07
    2765  -1.965065182E-07
    2766  -1.980747623E-07
    2767  -1.979316447E-07
    2768  -1.977886821E-07
    2769  -1.976458744E-07
    2770  -1.975032213E-07
    2771  -1.926251345E-07
    2772  -1.924862054E-07
    2773  -1.923474266E-07
    2774  -1.922087979E-07
    2775  -1.920703189E-07
    2776  -1.970327832E-07
    2777  -1.968909309E-07
    2778  -1.967492318E-07
    2779  -1.966076856E-07
    2780  -1.964662921E-07
    2781  -1.916429033E-07
    2782  -1.915051793E-07
    2783  -1.913676038E-07
    2784  -1.912301764E-07
    2785  -1.910928970E-07
    2786  -1.915413360E-07
    2787  -1.914039319E-07
    2788  -1.912666756E-07
    2789  -1.911295669E-07
    2790  -1.909926055E-07
    2791  -1.900650053E-07
    2792  -1.899289043E-07
    2793  -1.897929495E-07
    2794  -1.896571406E-07
    2795  -1.895214774E-07
    2796  -1.855590191E-07
    2797  -1.854263822E-07
    2798  -1.852938874E-07
    2799  -1.851615346E-07
    2800  -1.850293236E-07
    2801  -1.826603494E-07
    2802  -1.825300173E-07
    2803  -1.823998247E-07
    2804  -1.822697714E-07
    2805  -1.821398571E-07
    2806  -1.748934079E-07
    2807  -1.747688399E-07
    2808  -1.746444050E-07
    2809  -1.745201029E-07
    2810  -1.743959335E-07
    2811  -1.728542440E-07
    2812  -1.727313472E-07
    2813  -1.726085815E-07
    2814  -1.724859467E-07
    2815  -1.723634424E-07
    2816  -1.728105480E-07
    2817  -1.726879004E-07
    2818  -1.725653832E-07
    2819  -1.724429964E-07
    2820  -1.723207398E-07
    2821  -1.712916009E-07
    2822  -1.711702466E-07
    2823  -1.710490212E-07
    2824  -1.709279246E-07
    2825  -1.708069565E-07
    2826  -1.698192525E-07
    2827  -1.696991541E-07
    2828  -1.695791829E-07
    2829  -1.694593390E-07
    2830  -1.693396220E-07
    2831  -1.678679772E-07
    2832  -1.677494683E-07
    2833  -1.676310847E-07
    2834  -1.675128265E-07
    2835  -1.673946933E-07
    2836  -1.668497036E-07
    2837  -1.667321210E-07
    2838  -1.666146626E-07
    2839  -1.664973284E-07
    2840  -1.663801180E-07
    2841  -1.641059706E-07
    2842  -1.639905250E-07
    2843  -1.638752012E-07
    2844  -1.637599989E-07
    2845  -1.636449181E-07
    2846  -1.593960846E-07
    2847  -1.592841491E-07
    2848  -1.591723316E-07
    2849  -1.590606317E-07
    2850  -1.589490493E-07
    2851  -1.541462802E-07
    2852  -1.540382211E-07
    2853  -1.539302756E-07
    2854  -1.538224435E-07
    2855  -1.537147247E-07
    2856  -1.505475261E-07
    2857  -1.504421744E-07
    2858  -1.503369333E-07
    2859  -1.502318026E-07
    2860  -1.501267821E-07
    2861  -1.482475526E-07
    2862  -1.481439916E-07
    2863  -1.480405391E-07
    2864  -1.479371949E-07
    2865  -1.478339589E-07
    2866  -1.460292315E-07
    2867  -1.459273980E-07
    2868  -1.458256709E-07
    2869  -1.457240503E-07
    2870  -1.456225358E-07
    2871  -1.447875795E-07
    2872  -1.446867876E-07
    2873  -1.445861009E-07
    2874  -1.444855193E-07
    2875  -1.443850426E-07
    2876  -1.423642235E-07
    2877  -1.422652907E-07
    2878  -1.421664611E-07
    2879  -1.420677344E-07
    2880  -1.419691105E-07
    2881  -1.422005583E-07
    2882  -1.421019107E-07
    2883  -1.420033657E-07
    2884  -1.419049232E-07
    2885  -1.418065829E-07
    2886  -1.411101262E-07
    2887  -1.410124045E-07
    2888  -1.409147843E-07
    2889  -1.408172654E-07
    2890  -1.407198477E-07
    2891  -1.374465245E-07
    2892  -1.373515044E-07
    2893  -1.372565829E-07
    2894  -1.371617597E-07
    2895  -1.370670347E-07
    2896  -1.333664250E-07
    2897  -1.332743847E-07
    2898  -1.331824396E-07
    2899  -1.330905897E-07
    2900  -1.329988347E-07
    2901  -1.272983864E-07
    2902  -1.272106852E-07
    2903  -1.271230745E-07
    2904  -1.270355543E-07
    2905  -1.269481245E-07
    2906  -1.247225218E-07
    2907  -1.246367429E-07
    2908  -1.245510524E-07
    2909  -1.244654503E-07
    2910  -1.243799364E-07
    2911  -1.208133615E-07
    2912  -1.207304138E-07
    2913  -1.206475515E-07
    2914  -1.205647744E-07
    2915  -1.204820826E-07
    2916  -1.184493308E-07
    2917  -1.183681455E-07
    2918  -1.182870437E-07
    2919  -1.182060252E-07
    2920  -1.181250899E-07
    2921  -1.193873172E-07
    2922  -1.193056290E-07
    2923  -1.192240246E-07
    2924  -1.191425039E-07
    2925  -1.190610668E-07
    2926  -1.156441815E-07
    2927  -1.155651896E-07
    2928  -1.154862786E-07
    2929  -1.154074483E-07
    2930  -1.153286988E-07
    2931  -1.166673366E-07
    2932  -1.165877816E-07
    2933  -1.165083080E-07
    2934  -1.164289156E-07
    2935  -1.163496044E-07
    2936  -1.132072607E-07
    2937  -1.131301966E-07
    2938  -1.130532111E-07
    2939  -1.129763041E-07
    2940  -1.128994756E-07
    2941  -1.108750488E-07
    2942  -1.107997005E-07
    2943  -1.107244290E-07
    2944  -1.106492341E-07
    2945  -1.105741158E-07
    2946  -1.098274478E-07
    2947  -1.097529380E-07
    2948  -1.096785040E-07
    2949  -1.096041457E-07
    2950  -1.095298629E-07
    2951  -1.026707430E-07
    2952  -1.026012064E-07
    2953  -1.025317404E-07
    2954  -1.024623450E-07
    2955  -1.023930200E-07
    2956  -1.008815648E-07
    2957  -1.008133555E-07
    2958  -1.007452154E-07
    2959  -1.006771443E-07
    2960  -1.006091421E-07
    2961  -9.733917140E-08
    2962  -9.727346828E-08
    2963  -9.720783166E-08
    2964  -9.714226146E-08
    2965  -9.707675757E-08
    2966  -9.647411035E-08
    2967  -9.640910084E-08
    2968  -9.634415702E-08
    2969  -9.627927880E-08
    2970  -9.621446609E-08
    2971  -9.529309604E-08
    2972  -9.522899036E-08
    2973  -9.516494934E-08
    2974  -9.510097291E-08
    2975  -9.503706096E-08
    2976  -9.238891682E-08
    2977  -9.232686919E-08
    2978  -9.226488405E-08
    2979  -9.220296131E-08
    2980  -9.214110088E-08
    2981  -9.393301976E-08
    2982  -9.387004086E-08
    2983  -9.380712528E-08
    2984  -9.374427294E-08
    2985  -9.368148374E-08
    2986  -9.160784814E-08
    2987  -9.154653097E-08
    2988  -9.148527535E-08
    2989  -9.142408118E-08
    2990  -9.136294840E-08
    2991  -8.988608988E-08
    2992  -8.982602567E-08
    2993  -8.976602165E-08
    2994  -8.970607772E-08
    2995  -8.964619383E-08
    2996  -8.594964488E-08
    2997  -8.589230690E-08
    2998  -8.583502626E-08
    2999  -8.577780291E-08
    3000  -8.572063677E-08
    3001  -8.105037098E-08
    3002  -8.099639138E-08
    3003  -8.094246569E-08
    3004  -8.088859383E-08
    3005  -8.083477574E-08
    3006  -8.045535497E-08
    3007  -8.040186072E-08
    3008  -8.034841980E-08
    3009  -8.029503214E-08
    3010  -8.024169768E-08
    3011  -7.698991433E-08
    3012  -7.693880918E-08
    3013  -7.688775489E-08
    3014  -7.683675140E-08
    3015  -7.678579865E-08
    3016  -7.575515590E-08
    3017  -7.570495368E-08
    3018  -7.565480134E-08
    3019  -7.560469882E-08
    3020  -7.555464606E-08
    3021  -7.452798080E-08
    3022  -7.447867351E-08
    3023  -7.442941512E-08
    3024  -7.438020559E-08
    3025  -7.433104485E-08
    3026  -7.292905422E-08
    3027  -7.288088444E-08
    3028  -7.283276236E-08
    3029  -7.278468793E-08
    3030  -7.273666108E-08
    3031  -7.413927377E-08
    3032  -7.409038536E-08
    3033  -7.404154529E-08
    3034  -7.399275350E-08
    3035  -7.394400992E-08
    3036  -7.162949407E-08
    3037  -7.158233838E-08
    3038  -7.153522924E-08
    3039  -7.148816659E-08
    3040  -7.144115036E-08
    3041  -6.964653522E-08
    3042  -6.960076030E-08
    3043  -6.955503050E-08
    3044  -6.950934575E-08
    3045  -6.946370600E-08
    3046  -6.621412282E-08
    3047  -6.617067523E-08
    3048  -6.612727040E-08
    3049  -6.608390825E-08
    3050  -6.604058874E-08
    3051  -6.371413359E-08
    3052  -6.367239489E-08
    3053  -6.363069718E-08
    3054  -6.358904043E-08
    3055  -6.354742456E-08
    3056  -6.141953089E-08
    3057  -6.137936115E-08
    3058  -6.133923081E-08
    3059  -6.129913981E-08
    3060  -6.125908810E-08
    3061  -5.880433116E-08
    3062  -5.876593460E-08
    3063  -5.872757564E-08
    3064  -5.868925422E-08
    3065  -5.865097029E-08
    3066  -5.795939295E-08
    3067  -5.792160978E-08
    3068  -5.788386353E-08
    3069  -5.784615418E-08
    3070  -5.780848166E-08
    3071  -5.704834337E-08
    3072  -5.701121461E-08
    3073  -5.697412208E-08
    3074  -5.693706574E-08
    3075  -5.690004554E-08
    3076  -5.674476567E-08
    3077  -5.670789447E-08
    3078  -5.667105920E-08
    3079  -5.663425982E-08
    3080  -5.659749626E-08
    3081  -5.519093230E-08
    3082  -5.515512890E-08
    3083  -5.511936034E-08
    3084  -5.508362655E-08
    3085  -5.504792751E-08
    3086  -5.402360573E-08
    3087  -5.398861635E-08
    3088  -5.395366095E-08
    3089  -5.391873949E-08
    3090  -5.388385192E-08
    3091  -5.321810549E-08
    3092  -5.318369353E-08
    3093  -5.314931493E-08
    3094  -5.311496965E-08
    3095  -5.308065766E-08
    3096  -5.004052859E-08
    3097  -5.000822354E-08
    3098  -4.997594975E-08
    3099  -4.994370721E-08
    3100  -4.991149585E-08
    3101  -4.797125773E-08
    3102  -4.794033845E-08
    3103  -4.790944906E-08
    3104  -4.787858951E-08
    3105  -4.784775976E-08
    3106  -4.463375538E-08
    3107  -4.460503353E-08
    3108  -4.457633939E-08
    3109  -4.454767294E-08
    3110  -4.451903413E-08
    3111  -4.401936877E-08
    3112  -4.399108778E-08
    3113  -4.396283403E-08
    3114  -4.393460749E-08
    3115  -4.390640813E-08
    3116  -4.247120787E-08
    3117  -4.244396527E-08
    3118  -4.241674888E-08
    3119  -4.238955866E-08
    3120  -4.236239457E-08
    3121  -4.171309817E-08
    3122  -4.168638469E-08
    3123  -4.165969686E-08
    3124  -4.163303465E-08
    3125  -4.160639804E-08
    3126  -4.139140643E-08
    3127  -4.136494134E-08
    3128  -4.133850162E-08
    3129  -4.131208724E-08
    3130  -4.128569817E-08
    3131  -4.040068817E-08
    3132  -4.037489776E-08
    3133  -4.034913203E-08
    3134  -4.032339096E-08
    3135  -4.029767451E-08
    3136  -4.058653258E-08
    3137  -4.056066481E-08
    3138  -4.053482176E-08
    3139  -4.050900340E-08
    3140  -4.048320970E-08
    3141  -3.897608263E-08
    3142  -3.895128080E-08
    3143  -3.892650263E-08
    3144  -3.890174810E-08
    3145  -3.887701717E-08
    3146  -3.773577031E-08
    3147  -3.771179586E-08
    3148  -3.768784426E-08
    3149  -3.766391547E-08
    3150  -3.764000947E-08
    3151  -3.705302171E-08
    3152  -3.702951836E-08
    3153  -3.700603737E-08
    3154  -3.698257871E-08
    3155  -3.695914235E-08
    3156  -3.514222937E-08
    3157  -3.511997337E-08
    3158  -3.509773850E-08
    3159  -3.507552475E-08
    3160  -3.505333207E-08
    3161  -3.442892384E-08
    3162  -3.440715405E-08
    3163  -3.438540490E-08
    3164  -3.436367637E-08
    3165  -3.434196842E-08
    3166  -3.337199587E-08
    3167  -3.335092769E-08
    3168  -3.332987945E-08
    3169  -3.330885114E-08
    3170  -3.328784272E-08
    3171  -3.283751315E-08
    3172  -3.281681507E-08
    3173  -3.279613655E-08
    3174  -3.277547756E-08
    3175  -3.275483809E-08
    3176  -3.234917561E-08
    3177  -3.232881741E-08
    3178  -3.230847843E-08
    3179  -3.228815863E-08
    3180  -3.226785800E-08
    3181  -3.034566156E-08
    3182  -3.032659422E-08
    3183  -3.030754485E-08
    3184  -3.028851343E-08
    3185  -3.026949992E-08
    3186  -2.890498277E-08
    3187  -2.888684916E-08
    3188  -2.886873260E-08
    3189  -2.885063308E-08
    3190  -2.883255058E-08
    3191  -2.468221869E-08
    3192  -2.466675849E-08
    3193  -2.465131280E-08
    3194  -2.463588162E-08
    3195  -2.462046492E-08
    3196  -2.033662851E-08
    3197  -2.032391017E-08
    3198  -2.031120376E-08
    3199  -2.029850926E-08
    3200  -2.028582665E-08
    3201  -1.460237915E-08
    3202  -1.459326121E-08
    3203  -1.458415181E-08
    3204  -1.457505094E-08
    3205  -1.456595858E-08
    3206  -9.430330834E-09
    3207  -9.424451575E-09
    3208  -9.418577813E-09
    3209  -9.412709540E-09
    3210  -9.406846750E-09
    3211  -6.132286994E-09
    3212  -6.128469821E-09
    3213  -6.124656212E-09
    3214  -6.120846162E-09
    3215  -6.117039665E-09
    3216  -3.936431702E-09
    3217  -3.933985194E-09
    3218  -3.931540965E-09
    3219  -3.929099015E-09
    3220  -3.926659338E-09
    3221  -2.812717179E-09
    3222  -2.810971776E-09
    3223  -2.809227997E-09
    3224  -2.807485840E-09
    3225  -2.805745304E-09
    3226  -2.133169267E-09
    3227  -2.131847601E-09
    3228  -2.130527163E-09
    3229  -2.129207951E-09
    3230  -2.127889964E-09
    3231  -1.690199599E-09
    3232  -1.689154007E-09
    3233  -1.688109385E-09
    3234  -1.687065731E-09
    3235  -1.686023046E-09
    3236  -1.457316151E-09
    3237  -1.456416017E-09
    3238  -1.455516717E-09
    3239  -1.454618250E-09
    3240  -1.453720615E-09
    3241  -1.195482644E-09
    3242  -1.194745375E-09
    3243  -1.194008787E-09
    3244  -1.193272880E-09
    3245  -1.192537653E-09
    3246  -1.032296844E-09
    3247  -1.031661193E-09
    3248  -1.031026129E-09
    3249  -1.030391652E-09
    3250  -1.029757759E-09
    3251  -8.718513155E-10
    3252  -8.713152864E-10
    3253  -8.707797515E-10
    3254  -8.702447102E-10
    3255  -8.697101619E-10
    3256  -7.592791961E-10
    3257  -7.588130947E-10
    3258  -7.583474224E-10
    3259  -7.578821785E-10
    3260  -7.574173627E-10
    3261  -6.983877694E-10
    3262  -6.979597046E-10
    3263  -6.975320332E-10
    3264  -6.971047548E-10
    3265  -6.966778688E-10
    3266  -6.199392026E-10
    3267  -6.195598029E-10
    3268  -6.191807513E-10
    3269  -6.188020475E-10
    3270  -6.184236910E-10
    3271  -5.835975361E-10
    3272  -5.832409228E-10
    3273  -5.828846364E-10
    3274  -5.825286763E-10
    3275  -5.821730422E-10
    3276  -5.212086447E-10
    3277  -5.208906406E-10
    3278  -5.205729275E-10
    3279  -5.202555050E-10
    3280  -5.199383727E-10
    3281  -4.744326379E-10
    3282  -4.741436141E-10
    3283  -4.738548543E-10
    3284  -4.735663582E-10
    3285  -4.732781254E-10
    3286  -4.291492825E-10
    3287  -4.288882428E-10
    3288  -4.286274412E-10
    3289  -4.283668774E-10
    3290  -4.281065511E-10
    3291  -3.805534503E-10
    3292  -3.803223216E-10
    3293  -3.800914034E-10
    3294  -3.798606954E-10
    3295  -3.796301974E-10
    3296  -3.627490979E-10
    3297  -3.625291167E-10
    3298  -3.623093355E-10
    3299  -3.620897540E-10
    3300  -3.618703722E-10
    3301  -3.307378274E-10
    3302  -3.305375623E-10
    3303  -3.303374790E-10
    3304  -3.301375774E-10
    3305  -3.299378571E-10
    3306  -3.083788382E-10
    3307  -3.081923940E-10
    3308  -3.080061187E-10
    3309  -3.078200123E-10
    3310  -3.076340745E-10
    3311  -2.900128209E-10
    3312  -2.898377452E-10
    3313  -2.896628280E-10
    3314  -2.894880692E-10
    3315  -2.893134684E-10
    3316  -2.694619253E-10
    3317  -2.692995010E-10
    3318  -2.691372235E-10
    3319  -2.689750927E-10
    3320  -2.688131083E-10
    3321  -2.559560070E-10
    3322  -2.558019558E-10
    3323  -2.556480437E-10
    3324  -2.554942704E-10
    3325  -2.553406359E-10
    3326  -2.423471252E-10
    3327  -2.422014839E-10
    3328  -2.420559739E-10
    3329  -2.419105949E-10
    3330  -2.417653469E-10
    3331  -2.303382452E-10
    3332  -2.302000284E-10
    3333  -2.300619360E-10
    3334  -2.299239678E-10
    3335  -2.297861237E-10
    3336  -2.190246041E-10
    3337  -2.188933731E-10
    3338  -2.187622600E-10
    3339  -2.186312646E-10
    3340  -2.185003869E-10
    3341  -2.109689295E-10
    3342  -2.108427141E-10
    3343  -2.107166120E-10
    3344  -2.105906230E-10
    3345  -2.104647470E-10
    3346  -2.035878992E-10
    3347  -2.034662815E-10
    3348  -2.033447729E-10
    3349  -2.032233730E-10
    3350  -2.031020818E-10
    3351  -1.899307176E-10
    3352  -1.898174275E-10
    3353  -1.897042389E-10
    3354  -1.895911514E-10
    3355  -1.894781650E-10
    3356  -1.825397268E-10
    3357  -1.824310075E-10
    3358  -1.823223853E-10
    3359  -1.822138601E-10
    3360  -1.821054317E-10
    3361  -1.733015246E-10
    3362  -1.731984610E-10
    3363  -1.730954892E-10
    3364  -1.729926093E-10
    3365  -1.728898211E-10
    3366  -1.685359390E-10
    3367  -1.684358583E-10
    3368  -1.683358667E-10
    3369  -1.682359641E-10
    3370  -1.681361504E-10
    3371  -1.603204332E-10
    3372  -1.602253722E-10
    3373  -1.601303957E-10
    3374  -1.600355036E-10
    3375  -1.599406958E-10
    3376  -1.538351049E-10
    3377  -1.537440243E-10
    3378  -1.536530246E-10
    3379  -1.535621057E-10
    3380  -1.534712674E-10
    3381  -1.490566019E-10
    3382  -1.489684809E-10
    3383  -1.488804381E-10
    3384  -1.487924732E-10
    3385  -1.487045864E-10
    3386  -1.445526741E-10
    3387  -1.444673420E-10
    3388  -1.443820854E-10
    3389  -1.442969042E-10
    3390  -1.442117984E-10
    3391  -1.397608842E-10
    3392  -1.396785023E-10
    3393  -1.395961932E-10
    3394  -1.395139569E-10
    3395  -1.394317932E-10
    3396  -1.348454552E-10
    3397  -1.347660877E-10
    3398  -1.346867902E-10
    3399  -1.346075627E-10
    3400  -1.345284050E-10
    3401  -1.317395508E-10
    3402  -1.316621253E-10
    3403  -1.315847680E-10
    3404  -1.315074788E-10
    3405  -1.314302578E-10
    3406  -1.269665568E-10
    3407  -1.268920459E-10
    3408  -1.268176006E-10
    3409  -1.267432208E-10
    3410  -1.266689064E-10
    3411  -1.246429796E-10
    3412  -1.245699394E-10
    3413  -1.244969635E-10
    3414  -1.244240516E-10
    3415  -1.243512038E-10
    3416  -1.211612397E-10
    3417  -1.210903438E-10
    3418  -1.210195100E-10
    3419  -1.209487383E-10
    3420  -1.208780288E-10
    3421  -1.158984499E-10
    3422  -1.158307324E-10
    3423  -1.157630742E-10
    3424  -1.156954754E-10
    3425  -1.156279357E-10
    3426  -1.136919388E-10
    3427  -1.136256074E-10
    3428  -1.135593341E-10
    3429  -1.134931187E-10
    3430  -1.134269613E-10
    3431  -1.095203443E-10
    3432  -1.094565399E-10
    3433  -1.093927912E-10
    3434  -1.093290981E-10
    3435  -1.092654607E-10
    3436  -1.067588370E-10
    3437  -1.066967318E-10
    3438  -1.066346808E-10
    3439  -1.065726839E-10
    3440  -1.065107410E-10
    3441  -1.052503136E-10
    3442  -1.051891748E-10
    3443  -1.051280894E-10
    3444  -1.050670571E-10
    3445  -1.050060780E-10
    3446  -9.999684135E-11
    3447  -9.993883854E-11
    3448  -9.988088619E-11
    3449  -9.982298422E-11
    3450  -9.976513260E-11
    3451  -1.000316151E-10
    3452  -9.997367613E-11
    3453  -9.991578749E-11
    3454  -9.985794912E-11
    3455  -9.980016096E-11
    3456  -9.528236495E-11
    3457  -9.522725658E-11
    3458  -9.517219601E-11
    3459  -9.511718318E-11
    3460  -9.506221804E-11
    3461  -9.406821171E-11
    3462  -9.401388412E-11
    3463  -9.395960359E-11
    3464  -9.390537005E-11
    3465  -9.385118346E-11
    3466  -9.097392342E-11
    3467  -9.092145865E-11
    3468  -9.086903924E-11
    3469  -9.081666516E-11
    3470  -9.076433634E-11
    3471  -8.762032925E-11
    3472  -8.756987125E-11
    3473  -8.751945681E-11
    3474  -8.746908590E-11
    3475  -8.741875846E-11
    3476  -8.633068753E-11
    3477  -8.628104366E-11
    3478  -8.623144260E-11
    3479  -8.618188430E-11
    3480  -8.613236871E-11
    3481  -8.235933411E-11
    3482  -8.231204193E-11
    3483  -8.226479047E-11
    3484  -8.221757969E-11
    3485  -8.217040954E-11
    3486  -8.042944282E-11
    3487  -8.038332502E-11
    3488  -8.033724688E-11
    3489  -8.029120834E-11
    3490  -8.024520937E-11
    3491  -7.787345692E-11
    3492  -7.782886863E-11
    3493  -7.778431862E-11
    3494  -7.773980684E-11
    3495  -7.769533327E-11
    3496  -7.535234510E-11
    3497  -7.530926200E-11
    3498  -7.526621584E-11
    3499  -7.522320657E-11
    3500  -7.518023416E-11
