      50   2.219380974E-12
      51   1.808082724E-12
      52   1.739853187E-12
      53   1.675414180E-12
      54   1.614490028E-12
      55   1.556829670E-12
      56   6.444999653E-13
      57   6.222758286E-13
      58   6.011817327E-13
      59   5.811423416E-13
      60   5.620884944E-13
      61   6.022704453E-13
      62   5.831507486E-13
      63   5.649272877E-13
      64   5.475449096E-13
      65   5.309526397E-13
      66   1.183828526E-12
      67   1.149010040E-12
      68   1.115705401E-12
      69   1.083828104E-12
      70   1.053297735E-12
      71   6.002305738E-13
      72   5.837859005E-13
      73   5.680079032E-13
      74   5.528610258E-13
      75   5.383120514E-13
      76   1.089774090E-12
      77   1.061831165E-12
      78   1.034949363E-12
      79   1.009075629E-12
      80   9.841601812E-13
      81   1.323340743E-12
      82   1.291453014E-12
      83   1.260704133E-12
      84   1.231040506E-12
      85   1.202411657E-12
      86   1.451430252E-12
      87   1.418443201E-12
      88   1.386568073E-12
      89   1.355755449E-12
      90   1.325958626E-12
      91   2.802389824E-12
      92   2.742123376E-12
      93   2.683780326E-12
      94   2.627279687E-12
      95   2.572544694E-12
      96   2.348509457E-12
      97   2.300580692E-12
      98   2.254104315E-12
      99   2.209022228E-12
     100   2.165279214E-12
     101   2.439718632E-12
     102   2.392345455E-12
     103   2.346338811E-12
     104   2.301646644E-12
     105   2.258219348E-12
     106   2.552304167E-12
     107   2.505039275E-12
     108   2.459075251E-12
     109   2.414364792E-12
     110   2.370862724E-12
     111   2.464906202E-12
     112   2.421279543E-12
     113   2.378800955E-12
     114   2.337430503E-12
     115   2.297129978E-12
     116   2.129189061E-12
     117   2.093101111E-12
     118   2.057922941E-12
     119   2.023624225E-12
     120   1.990175891E-12
     121   1.723890228E-12
     122   1.695859493E-12
     123   1.668506920E-12
     124   1.641810810E-12
     125   1.615750321E-12
     126   1.397389096E-12
     127   1.375554892E-12
     128   1.354228459E-12
     129   1.333394175E-12
     130   1.313037012E-12
     131   1.419307462E-12
     132   1.397964493E-12
     133   1.377099351E-12
     134   1.356697879E-12
     135   1.336746440E-12
     136   8.128483474E-13
     137   8.010679365E-13
     138   7.895417792E-13
     139   7.782626109E-13
     140   7.672234249E-13
     141   0.000000000E+00
     142   0.000000000E+00
     143   0.000000000E+00
     144   0.000000000E+00
     145   0.000000000E+00
     146   5.575549956E-13
     147   5.500204687E-13
     148   5.426376436E-13
     149   5.354024750E-13
     150   5.283110515E-13
     151   2.758199225E-14
     152   2.722144333E-14
     153   2.686791809E-14
     154   2.652123528E-14
     155   2.618121944E-14
     156   4.195653864E-13
     157   4.142544321E-13
     158   4.090436846E-13
     159   4.039306385E-13
     160   3.989128666E-13
     161   7.033035915E-13
     162   6.946740995E-13
     163   6.862024642E-13
     164   6.778848585E-13
     165   6.697175711E-13
     166   2.072240085E-13
     167   2.047570561E-13
     168   2.023338956E-13
     169   1.999534969E-13
     170   1.976148595E-13
     171   2.819057927E-13
     172   2.786467662E-13
     173   2.754439298E-13
     174   2.722959991E-13
     175   2.692017264E-13
     176   1.485944673E-12
     177   1.469248665E-12
     178   1.452832479E-12
     179   1.436689896E-12
     180   1.420814869E-12
     181   6.504328882E-13
     182   6.433243320E-13
     183   6.363316763E-13
     184   6.294524149E-13
     185   6.226841094E-13
     186   2.157693488E-12
     187   2.134739302E-12
     188   2.112149468E-12
     189   2.089916316E-12
     190   2.068032376E-12
     191   1.651142800E-12
     192   1.634032512E-12
     193   1.617186816E-12
     194   1.600600285E-12
     195   1.584267629E-12
     196   2.469011162E-12
     197   2.444071655E-12
     198   2.419508121E-12
     199   2.395313039E-12
     200   2.371479079E-12
     201   2.241611402E-12
     202   2.219526560E-12
     203   2.197766496E-12
     204   2.176324872E-12
     205   2.155195504E-12
     206   0.000000000E+00
     207   0.000000000E+00
     208   0.000000000E+00
     209   0.000000000E+00
     210   0.000000000E+00
     211   0.000000000E+00
     212   0.000000000E+00
     213   0.000000000E+00
     214   0.000000000E+00
     215   0.000000000E+00
     216   0.000000000E+00
     217   0.000000000E+00
     218   0.000000000E+00
     219   0.000000000E+00
     220   0.000000000E+00
     221   0.000000000E+00
     222   0.000000000E+00
     223   0.000000000E+00
     224   0.000000000E+00
     225   0.000000000E+00
     226   0.000000000E+00
     227   0.000000000E+00
     228   0.000000000E+00
     229   0.000000000E+00
     230   0.000000000E+00
     231   0.000000000E+00
     232   0.000000000E+00
     233   0.000000000E+00
     234   0.000000000E+00
     235   0.000000000E+00
     236   0.000000000E+00
     237   0.000000000E+00
     238   0.000000000E+00
     239   0.000000000E+00
     240   0.000000000E+00
     241   0.000000000E+00
     242   0.000000000E+00
     243   0.000000000E+00
     244   0.000000000E+00
     245   0.000000000E+00
     246   0.000000000E+00
     247   0.000000000E+00
     248   0.000000000E+00
     249   0.000000000E+00
     250   0.000000000E+00
     251   3.953863898E-12
     252   3.922608057E-12
     253   3.891721379E-12
     254   3.861198074E-12
     255   3.831032464E-12
     256   8.967185037E-12
     257   8.897671975E-12
     258   8.828964083E-12
     259   8.761048975E-12
     260   8.693914500E-12
     261   5.434476673E-11
     262   5.393149854E-11
     263   5.352292658E-11
     264   5.311897997E-11
     265   5.271958914E-11
     266   5.798110204E-11
     267   5.754840725E-11
     268   5.712053805E-11
     269   5.669742295E-11
     270   5.627899179E-11
     271   1.232902141E-10
     272   1.223869891E-10
     273   1.214936534E-10
     274   1.206100632E-10
     275   1.197360772E-10
     276   1.304120017E-10
     277   1.294737859E-10
     278   1.285456584E-10
     279   1.276274751E-10
     280   1.267190945E-10
     281   9.705472442E-10
     282   9.636882531E-10
     283   9.569017161E-10
     284   9.501866163E-10
     285   9.435419547E-10
     286   1.720189930E-09
     287   1.708244166E-09
     288   1.696422407E-09
     289   1.684722942E-09
     290   1.673144091E-09
     291   2.677398709E-09
     292   2.659122950E-09
     293   2.641033678E-09
     294   2.623128365E-09
     295   2.605404525E-09
     296   3.489343933E-09
     297   3.465925517E-09
     298   3.442742069E-09
     299   3.419790455E-09
     300   3.397067595E-09
     301   4.557649078E-09
     302   4.527565586E-09
     303   4.497778970E-09
     304   4.468285337E-09
     305   4.439080858E-09
     306   7.666245548E-09
     307   7.616464732E-09
     308   7.567167226E-09
     309   7.518346792E-09
     310   7.469997295E-09
     311   7.343730184E-09
     312   7.296805391E-09
     313   7.250328923E-09
     314   7.204295089E-09
     315   7.158698285E-09
     316   8.378356577E-09
     317   8.325662510E-09
     318   8.273463999E-09
     319   8.221754849E-09
     320   8.170528962E-09
     321   1.028591116E-08
     322   1.022222131E-08
     323   1.015912118E-08
     324   1.009660351E-08
     325   1.003466116E-08
     326   1.067373423E-08
     327   1.060865049E-08
     328   1.054416021E-08
     329   1.048025621E-08
     330   1.041693140E-08
     331   1.297151042E-08
     332   1.289360345E-08
     333   1.281639625E-08
     334   1.273988045E-08
     335   1.266404783E-08
     336   1.272202057E-08
     337   1.264674234E-08
     338   1.257213029E-08
     339   1.249817659E-08
     340   1.242487350E-08
     341   1.569787972E-08
     342   1.560634690E-08
     343   1.551561232E-08
     344   1.542566674E-08
     345   1.533650104E-08
     346   1.744026617E-08
     347   1.734003476E-08
     348   1.724066493E-08
     349   1.714214685E-08
     350   1.704447080E-08
     351   1.577072134E-08
     352   1.568136881E-08
     353   1.559277351E-08
     354   1.550492690E-08
     355   1.541782057E-08
     356   1.956273939E-08
     357   1.945345035E-08
     358   1.934507458E-08
     359   1.923760194E-08
     360   1.913102243E-08
     361   1.712957410E-08
     362   1.703519629E-08
     363   1.694159631E-08
     364   1.684876564E-08
     365   1.675669588E-08
     366   2.285658435E-08
     367   2.273236378E-08
     368   2.260915314E-08
     369   2.248694150E-08
     370   2.236571809E-08
     371   2.071662782E-08
     372   2.060554671E-08
     373   2.049535662E-08
     374   2.038604805E-08
     375   2.027761162E-08
     376   2.204521461E-08
     377   2.192857327E-08
     378   2.181285520E-08
     379   2.169805070E-08
     380   2.158415017E-08
     381   2.452979260E-08
     382   2.440169969E-08
     383   2.427460750E-08
     384   2.414850565E-08
     385   2.402338386E-08
     386   2.196183605E-08
     387   2.184863071E-08
     388   2.173629842E-08
     389   2.162483022E-08
     390   2.151421728E-08
     391   2.604559964E-08
     392   2.591305206E-08
     393   2.578151372E-08
     394   2.565097441E-08
     395   2.552142404E-08
     396   2.449954424E-08
     397   2.437643095E-08
     398   2.425424333E-08
     399   2.413297211E-08
     400   2.401260816E-08
     401   2.698250016E-08
     402   2.684859197E-08
     403   2.671567815E-08
     404   2.658374887E-08
     405   2.645279444E-08
     406   2.842316867E-08
     407   2.828383941E-08
     408   2.814553213E-08
     409   2.800823685E-08
     410   2.787194372E-08
     411   2.740513582E-08
     412   2.727242330E-08
     413   2.714067246E-08
     414   2.700987404E-08
     415   2.688001888E-08
     416   2.915850852E-08
     417   2.901899413E-08
     418   2.888047864E-08
     419   2.874295255E-08
     420   2.860640646E-08
     421   2.919053304E-08
     422   2.905251634E-08
     423   2.891547617E-08
     424   2.877940334E-08
     425   2.864428877E-08
     426   3.015091930E-08
     427   3.001002716E-08
     428   2.987012027E-08
     429   2.973118948E-08
     430   2.959322572E-08
     431   3.075793830E-08
     432   3.061586930E-08
     433   3.047478235E-08
     434   3.033466840E-08
     435   3.019551855E-08
     436   3.246957374E-08
     437   3.232131084E-08
     438   3.217406113E-08
     439   3.202781540E-08
     440   3.188256454E-08
     441   3.165751429E-08
     442   3.151459098E-08
     443   3.137263336E-08
     444   3.123163276E-08
     445   3.109158060E-08
     446   3.361483199E-08
     447   3.346476577E-08
     448   3.331570223E-08
     449   3.316763244E-08
     450   3.302054760E-08
     451   3.325743627E-08
     452   3.311060433E-08
     453   3.296474263E-08
     454   3.281984267E-08
     455   3.267589599E-08
     456   3.442520301E-08
     457   3.427487462E-08
     458   3.412552876E-08
     459   3.397715689E-08
     460   3.382975057E-08
     461   3.558092616E-08
     462   3.542722886E-08
     463   3.527452529E-08
     464   3.512280690E-08
     465   3.497206524E-08
     466   3.357235676E-08
     467   3.342888515E-08
     468   3.328633127E-08
     469   3.314468731E-08
     470   3.300394554E-08
     471   3.923589860E-08
     472   3.906999628E-08
     473   3.890514397E-08
     474   3.874133284E-08
     475   3.857855413E-08
     476   3.643294382E-08
     477   3.628050472E-08
     478   3.612902036E-08
     479   3.597848277E-08
     480   3.582888409E-08
     481   3.993387818E-08
     482   3.976852051E-08
     483   3.960418778E-08
     484   3.944087154E-08
     485   3.927856343E-08
     486   3.815991619E-08
     487   3.800352309E-08
     488   3.784808946E-08
     489   3.769360746E-08
     490   3.754006934E-08
     491   3.786861659E-08
     492   3.771499137E-08
     493   3.756229910E-08
     494   3.741053223E-08
     495   3.725968331E-08
     496   4.387712718E-08
     497   4.370091382E-08
     498   4.352575985E-08
     499   4.335165681E-08
     500   4.317859631E-08
     501   3.987092155E-08
     502   3.971238906E-08
     503   3.955480021E-08
     504   3.939814754E-08
     505   3.924242363E-08
     506   4.482316661E-08
     507   4.464669745E-08
     508   4.447126838E-08
     509   4.429687125E-08
     510   4.412349798E-08
     511   4.369072821E-08
     512   4.352039399E-08
     513   4.335105393E-08
     514   4.318270033E-08
     515   4.301532552E-08
     516   4.499864440E-08
     517   4.482490446E-08
     518   4.465216880E-08
     519   4.448042969E-08
     520   4.430967948E-08
     521   4.976434810E-08
     522   4.957404466E-08
     523   4.938483075E-08
     524   4.919669806E-08
     525   4.900963838E-08
     526   4.367202137E-08
     527   4.350659704E-08
     528   4.334211085E-08
     529   4.317855572E-08
     530   4.301592462E-08
     531   5.224312558E-08
     532   5.204709134E-08
     533   5.185215841E-08
     534   5.165831856E-08
     535   5.146556364E-08
     536   5.043818052E-08
     537   5.025067799E-08
     538   5.006421907E-08
     539   4.987879604E-08
     540   4.969440123E-08
     541   5.663344662E-08
     542   5.642485198E-08
     543   5.621740767E-08
     544   5.601110525E-08
     545   5.580593637E-08
     546   5.794500115E-08
     547   5.773352304E-08
     548   5.752320056E-08
     549   5.731402528E-08
     550   5.710598889E-08
     551   5.241771255E-08
     552   5.222813673E-08
     553   5.203958750E-08
     554   5.185205746E-08
     555   5.166553926E-08
     556   6.324124446E-08
     557   6.301457333E-08
     558   6.278911869E-08
     559   6.256487184E-08
     560   6.234182417E-08
     561   6.027416243E-08
     562   6.006004462E-08
     563   5.984706574E-08
     564   5.963521772E-08
     565   5.942449257E-08
     566   6.750403886E-08
     567   6.726634859E-08
     568   6.702991151E-08
     569   6.679471884E-08
     570   6.656076185E-08
     571   6.689271052E-08
     572   6.665922811E-08
     573   6.642696599E-08
     574   6.619591567E-08
     575   6.596606874E-08
     576   6.923736210E-08
     577   6.899778645E-08
     578   6.875945212E-08
     579   6.852235057E-08
     580   6.828647328E-08
     581   7.618284797E-08
     582   7.592150029E-08
     583   7.566149515E-08
     584   7.540282338E-08
     585   7.514547586E-08
     586   7.422763542E-08
     587   7.397516047E-08
     588   7.372397147E-08
     589   7.347405970E-08
     590   7.322541652E-08
     591   8.422254882E-08
     592   8.393849301E-08
     593   8.365587182E-08
     594   8.337467561E-08
     595   8.309489482E-08
     596   8.785974671E-08
     597   8.756590140E-08
     598   8.727352777E-08
     599   8.698261601E-08
     600   8.669315639E-08
     601   9.298748236E-08
     602   9.267906617E-08
     603   9.237218184E-08
     604   9.206681926E-08
     605   9.176296837E-08
     606   9.701638873E-08
     607   9.669725587E-08
     608   9.637969509E-08
     609   9.606369609E-08
     610   9.574924864E-08
     611   9.528518789E-08
     612   9.497430636E-08
     613   9.466494380E-08
     614   9.435709033E-08
     615   9.405073614E-08
     616   1.136253397E-07
     617   1.132576202E-07
     618   1.128916828E-07
     619   1.125275161E-07
     620   1.121651086E-07
     621   1.138858610E-07
     622   1.135202563E-07
     623   1.131564094E-07
     624   1.127943089E-07
     625   1.124339436E-07
     626   1.244452462E-07
     627   1.240489237E-07
     628   1.236544915E-07
     629   1.232619376E-07
     630   1.228712500E-07
     631   1.258501083E-07
     632   1.254524776E-07
     633   1.250567285E-07
     634   1.246628490E-07
     635   1.242708275E-07
     636   1.374952746E-07
     637   1.370642549E-07
     638   1.366352588E-07
     639   1.362082736E-07
     640   1.357832868E-07
     641   1.507119213E-07
     642   1.502431440E-07
     643   1.497765503E-07
     644   1.493121269E-07
     645   1.488498603E-07
     646   1.479545761E-07
     647   1.474979262E-07
     648   1.470433871E-07
     649   1.465909459E-07
     650   1.461405897E-07
     651   1.690821356E-07
     652   1.685642730E-07
     653   1.680487859E-07
     654   1.675356598E-07
     655   1.670248804E-07
     656   1.709040648E-07
     657   1.703845995E-07
     658   1.698674991E-07
     659   1.693527491E-07
     660   1.688403353E-07
     661   1.864552807E-07
     662   1.858928213E-07
     663   1.853329032E-07
     664   1.847755110E-07
     665   1.842206296E-07
     666   2.028870006E-07
     667   2.022795545E-07
     668   2.016748323E-07
     669   2.010728179E-07
     670   2.004734951E-07
     671   2.043702377E-07
     672   2.037628967E-07
     673   2.031582590E-07
     674   2.025563086E-07
     675   2.019570296E-07
     676   2.334060624E-07
     677   2.327175489E-07
     678   2.320320775E-07
     679   2.313496302E-07
     680   2.306701893E-07
     681   2.336059848E-07
     682   2.329219263E-07
     683   2.322408680E-07
     684   2.315627925E-07
     685   2.308876823E-07
     686   2.657594757E-07
     687   2.649869191E-07
     688   2.642177263E-07
     689   2.634518778E-07
     690   2.626893543E-07
     691   2.666838461E-07
     692   2.659141957E-07
     693   2.651478724E-07
     694   2.643848569E-07
     695   2.636251303E-07
     696   2.739577621E-07
     697   2.731727828E-07
     698   2.723911725E-07
     699   2.716129120E-07
     700   2.708379822E-07
     701   3.157929861E-07
     702   3.148945707E-07
     703   3.139999839E-07
     704   3.131092038E-07
     705   3.122222089E-07
     706   2.951550418E-07
     707   2.943212705E-07
     708   2.934910271E-07
     709   2.926642919E-07
     710   2.918410449E-07
     711   3.402742312E-07
     712   3.393197452E-07
     713   3.383692698E-07
     714   3.374227823E-07
     715   3.364802606E-07
     716   3.364284286E-07
     717   3.354913021E-07
     718   3.345580857E-07
     719   3.336287576E-07
     720   3.327032965E-07
     721   3.694885607E-07
     722   3.684664624E-07
     723   3.674485992E-07
     724   3.664349479E-07
     725   3.654254852E-07
     726   3.960828914E-07
     727   3.949947516E-07
     728   3.939110897E-07
     729   3.928318813E-07
     730   3.917571018E-07
     731   3.886633977E-07
     732   3.876029246E-07
     733   3.865467859E-07
     734   3.854949579E-07
     735   3.844474172E-07
     736   4.465652894E-07
     737   4.453550853E-07
     738   4.441497942E-07
     739   4.429493893E-07
     740   4.417538444E-07
     741   4.536509962E-07
     742   4.524298630E-07
     743   4.512136537E-07
     744   4.500023419E-07
     745   4.487959013E-07
     746   5.002930382E-07
     747   4.989553563E-07
     748   4.976230322E-07
     749   4.962960375E-07
     750   4.949743436E-07
     751   5.181410430E-07
     752   5.167648383E-07
     753   5.153941093E-07
     754   5.140288269E-07
     755   5.126689623E-07
     756   5.093585928E-07
     757   5.080146388E-07
     758   5.066759968E-07
     759   5.053426389E-07
     760   5.040145373E-07
     761   6.111145923E-07
     762   6.095127192E-07
     763   6.079171361E-07
     764   6.063278103E-07
     765   6.047447089E-07
     766   5.942206068E-07
     767   5.926731573E-07
     768   5.911317447E-07
     769   5.895963376E-07
     770   5.880669048E-07
     771   6.487920829E-07
     772   6.471134488E-07
     773   6.454413211E-07
     774   6.437756660E-07
     775   6.421164504E-07
     776   6.615056132E-07
     777   6.598050846E-07
     778   6.581111049E-07
     779   6.564236406E-07
     780   6.547426581E-07
     781   7.161509051E-07
     782   7.143216563E-07
     783   7.124994072E-07
     784   7.106841221E-07
     785   7.088757655E-07
     786   7.473897470E-07
     787   7.454928187E-07
     788   7.436031030E-07
     789   7.417205635E-07
     790   7.398451639E-07
     791   7.688470698E-07
     792   7.669079852E-07
     793   7.649762270E-07
     794   7.630517585E-07
     795   7.611345431E-07
     796   8.251610195E-07
     797   8.230929468E-07
     798   8.210326390E-07
     799   8.189800574E-07
     800   8.169351634E-07
     801   8.542131244E-07
     802   8.520855699E-07
     803   8.499659541E-07
     804   8.478542374E-07
     805   8.457503808E-07
     806   8.877632210E-07
     807   8.855657873E-07
     808   8.833765023E-07
     809   8.811953257E-07
     810   8.790222177E-07
     811   9.127035714E-07
     812   9.104582982E-07
     813   9.082212999E-07
     814   9.059925360E-07
     815   9.037719661E-07
     816   9.332832693E-07
     817   9.310014031E-07
     818   9.287278954E-07
     819   9.264627054E-07
     820   9.242057926E-07
     821   1.028913917E-06
     822   1.026413519E-06
     823   1.023922224E-06
     824   1.021439988E-06
     825   1.018966768E-06
     826   1.045808274E-06
     827   1.043282167E-06
     828   1.040765202E-06
     829   1.038257334E-06
     830   1.035758520E-06
     831   1.136313679E-06
     832   1.133585435E-06
     833   1.130867004E-06
     834   1.128158341E-06
     835   1.125459397E-06
     836   1.126575406E-06
     837   1.123886682E-06
     838   1.121207572E-06
     839   1.118538030E-06
     840   1.115878011E-06
     841   1.166700335E-06
     842   1.163932362E-06
     843   1.161174229E-06
     844   1.158425887E-06
     845   1.155687292E-06
     846   1.292270232E-06
     847   1.289222425E-06
     848   1.286185387E-06
     849   1.283159069E-06
     850   1.280143419E-06
     851   1.278128345E-06
     852   1.275131561E-06
     853   1.272145305E-06
     854   1.269169526E-06
     855   1.266204177E-06
     856   1.381859383E-06
     857   1.378638266E-06
     858   1.375428398E-06
     859   1.372229727E-06
     860   1.369042201E-06
     861   1.356859862E-06
     862   1.353715343E-06
     863   1.350581743E-06
     864   1.347459010E-06
     865   1.344347096E-06
     866   1.481965064E-06
     867   1.478550398E-06
     868   1.475147521E-06
     869   1.471756377E-06
     870   1.468376913E-06
     871   1.588094746E-06
     872   1.584456499E-06
     873   1.580830740E-06
     874   1.577217413E-06
     875   1.573616460E-06
     876   1.579009757E-06
     877   1.575412924E-06
     878   1.571828367E-06
     879   1.568256030E-06
     880   1.564695857E-06
     881   1.715576821E-06
     882   1.711691029E-06
     883   1.707818425E-06
     884   1.703958949E-06
     885   1.700112540E-06
     886   1.732209123E-06
     887   1.728307751E-06
     888   1.724419545E-06
     889   1.720544445E-06
     890   1.716682392E-06
     891   1.836431053E-06
     892   1.832318106E-06
     893   1.828218960E-06
     894   1.824133554E-06
     895   1.820061828E-06
     896   1.870305379E-06
     897   1.866139888E-06
     898   1.861988298E-06
     899   1.857850546E-06
     900   1.853726572E-06
     901   1.866021329E-06
     902   1.861888391E-06
     903   1.857769169E-06
     904   1.853663602E-06
     905   1.849571629E-06
     906   2.023333730E-06
     907   2.018877047E-06
     908   2.014435074E-06
     909   2.010007744E-06
     910   2.005594994E-06
     911   1.973372111E-06
     912   1.969049280E-06
     913   1.964740638E-06
     914   1.960446123E-06
     915   1.956165673E-06
     916   2.127000129E-06
     917   2.122366142E-06
     918   2.117747282E-06
     919   2.113143483E-06
     920   2.108554681E-06
     921   2.099669375E-06
     922   2.095119712E-06
     923   2.090584821E-06
     924   2.086064637E-06
     925   2.081559098E-06
     926   2.141038446E-06
     927   2.136424139E-06
     928   2.131824733E-06
     929   2.127240163E-06
     930   2.122670367E-06
     931   2.379735109E-06
     932   2.374633854E-06
     933   2.369548985E-06
     934   2.364480431E-06
     935   2.359428123E-06
     936   2.242457107E-06
     937   2.237675748E-06
     938   2.232909666E-06
     939   2.228158794E-06
     940   2.223423069E-06
     941   2.472151559E-06
     942   2.466908395E-06
     943   2.461681894E-06
     944   2.456471986E-06
     945   2.451278599E-06
     946   2.477219129E-06
     947   2.471992928E-06
     948   2.466783249E-06
     949   2.461590021E-06
     950   2.456413176E-06
     951   2.604334319E-06
     952   2.598868770E-06
     953   2.593420408E-06
     954   2.587989161E-06
     955   2.582574958E-06
     956   2.689363552E-06
     957   2.683749014E-06
     958   2.678152040E-06
     959   2.672572557E-06
     960   2.667010491E-06
     961   2.637103081E-06
     962   2.631626232E-06
     963   2.626166426E-06
     964   2.620723594E-06
     965   2.615297666E-06
     966   2.980766825E-06
     967   2.974608215E-06
     968   2.968468673E-06
     969   2.962348119E-06
     970   2.956246475E-06
     971   2.831308924E-06
     972   2.825489173E-06
     973   2.819687347E-06
     974   2.813903373E-06
     975   2.808137178E-06
     976   3.123083768E-06
     977   3.116697094E-06
     978   3.110329991E-06
     979   3.103982378E-06
     980   3.097654178E-06
     981   3.088362502E-06
     982   3.082078956E-06
     983   3.075814568E-06
     984   3.069569259E-06
     985   3.063342953E-06
     986   3.067912852E-06
     987   3.061702502E-06
     988   3.055510990E-06
     989   3.049338241E-06
     990   3.043184177E-06
     991   3.329757216E-06
     992   3.323050756E-06
     993   3.316364537E-06
     994   3.309698478E-06
     995   3.303052497E-06
     996   3.338055791E-06
     997   3.331366300E-06
     998   3.324696898E-06
     999   3.318047504E-06
    1000   3.311418039E-06
    1001   3.371644141E-06
    1002   3.364921022E-06
    1003   3.358217992E-06
    1004   3.351534971E-06
    1005   3.344871880E-06
    1006   3.352470689E-06
    1007   3.345818962E-06
    1008   3.339187012E-06
    1009   3.332574760E-06
    1010   3.325982129E-06
    1011   3.391922752E-06
    1012   3.385225965E-06
    1013   3.378548991E-06
    1014   3.371891751E-06
    1015   3.365254169E-06
    1016   3.610644633E-06
    1017   3.603551028E-06
    1018   3.596478308E-06
    1019   3.589426390E-06
    1020   3.582395192E-06
    1021   3.553356128E-06
    1022   3.546409195E-06
    1023   3.539482614E-06
    1024   3.532576307E-06
    1025   3.525690193E-06
    1026   3.675767410E-06
    1027   3.668616112E-06
    1028   3.661485663E-06
    1029   3.654375982E-06
    1030   3.647286989E-06
    1031   3.744787554E-06
    1032   3.737537239E-06
    1033   3.730307960E-06
    1034   3.723099635E-06
    1035   3.715912184E-06
    1036   3.887785686E-06
    1037   3.880294769E-06
    1038   3.872825482E-06
    1039   3.865377741E-06
    1040   3.857951463E-06
    1041   4.077079393E-06
    1042   4.069261408E-06
    1043   4.061465888E-06
    1044   4.053692747E-06
    1045   4.045941901E-06
    1046   4.008870187E-06
    1047   4.001219671E-06
    1048   3.993591035E-06
    1049   3.985984195E-06
    1050   3.978399068E-06
    1051   4.113596754E-06
    1052   4.105783655E-06
    1053   4.097992794E-06
    1054   4.090224088E-06
    1055   4.082477451E-06
    1056   4.103394200E-06
    1057   4.095637311E-06
    1058   4.087902397E-06
    1059   4.080189373E-06
    1060   4.072498159E-06
    1061   4.292149902E-06
    1062   4.284074361E-06
    1063   4.276021590E-06
    1064   4.267991502E-06
    1065   4.259984013E-06
    1066   4.452710277E-06
    1067   4.444371868E-06
    1068   4.436056860E-06
    1069   4.427765165E-06
    1070   4.419496696E-06
    1071   4.531854611E-06
    1072   4.523407538E-06
    1073   4.514984060E-06
    1074   4.506584090E-06
    1075   4.498207540E-06
    1076   4.527899199E-06
    1077   4.519498644E-06
    1078   4.511121445E-06
    1079   4.502767517E-06
    1080   4.494436772E-06
    1081   4.854152674E-06
    1082   4.845188403E-06
    1083   4.836248941E-06
    1084   4.827334196E-06
    1085   4.818444078E-06
    1086   4.879166161E-06
    1087   4.870197106E-06
    1088   4.861252759E-06
    1089   4.852333029E-06
    1090   4.843437826E-06
    1091   4.873120096E-06
    1092   4.864203133E-06
    1093   4.855310623E-06
    1094   4.846442476E-06
    1095   4.837598602E-06
    1096   4.967233970E-06
    1097   4.958186185E-06
    1098   4.949163098E-06
    1099   4.940164620E-06
    1100   4.931190660E-06
    1101   5.069915280E-06
    1102   5.060722324E-06
    1103   5.051554348E-06
    1104   5.042411264E-06
    1105   5.033292979E-06
    1106   4.908584405E-06
    1107   4.899724144E-06
    1108   4.890887852E-06
    1109   4.882075441E-06
    1110   4.873286826E-06
    1111   5.107634748E-06
    1112   5.098456608E-06
    1113   5.089303185E-06
    1114   5.080174390E-06
    1115   5.071070135E-06
    1116   5.086464341E-06
    1117   5.077365120E-06
    1118   5.068290294E-06
    1119   5.059239776E-06
    1120   5.050213478E-06
    1121   5.373419147E-06
    1122   5.363849389E-06
    1123   5.354305173E-06
    1124   5.344786408E-06
    1125   5.335293004E-06
    1126   5.277940086E-06
    1127   5.268582036E-06
    1128   5.259248853E-06
    1129   5.249940448E-06
    1130   5.240656733E-06
    1131   5.391544426E-06
    1132   5.382027137E-06
    1133   5.372535026E-06
    1134   5.363068004E-06
    1135   5.353625982E-06
    1136   5.462986995E-06
    1137   5.453385963E-06
    1138   5.443810220E-06
    1139   5.434259676E-06
    1140   5.424734242E-06
    1141   5.485425220E-06
    1142   5.475826926E-06
    1143   5.466253802E-06
    1144   5.456705760E-06
    1145   5.447182714E-06
    1146   5.709135516E-06
    1147   5.699189287E-06
    1148   5.689269027E-06
    1149   5.679374646E-06
    1150   5.669506054E-06
    1151   5.422234188E-06
    1152   5.412828751E-06
    1153   5.403447766E-06
    1154   5.394091146E-06
    1155   5.384758808E-06
    1156   5.621421424E-06
    1157   5.611712579E-06
    1158   5.602028864E-06
    1159   5.592370194E-06
    1160   5.582736481E-06
    1161   5.525415879E-06
    1162   5.515913874E-06
    1163   5.506436359E-06
    1164   5.496983249E-06
    1165   5.487554462E-06
    1166   5.738269494E-06
    1167   5.728443690E-06
    1168   5.718643102E-06
    1169   5.708867643E-06
    1170   5.699117229E-06
    1171   5.974261649E-06
    1172   5.964075354E-06
    1173   5.953915090E-06
    1174   5.943780766E-06
    1175   5.933672296E-06
    1176   5.745920756E-06
    1177   5.736165372E-06
    1178   5.726434812E-06
    1179   5.716728990E-06
    1180   5.707047823E-06
    1181   6.034542618E-06
    1182   6.024340517E-06
    1183   6.014164266E-06
    1184   6.004013778E-06
    1185   5.993888966E-06
    1186   6.212282349E-06
    1187   6.201823961E-06
    1188   6.191391961E-06
    1189   6.180986261E-06
    1190   6.170606771E-06
    1191   6.043964783E-06
    1192   6.033832403E-06
    1193   6.023725481E-06
    1194   6.013643932E-06
    1195   6.003587671E-06
    1196   6.282562952E-06
    1197   6.272074533E-06
    1198   6.261612357E-06
    1199   6.251176337E-06
    1200   6.240766384E-06
    1201   6.038054303E-06
    1202   6.028015975E-06
    1203   6.018002659E-06
    1204   6.008014273E-06
    1205   5.998050734E-06
    1206   6.360633515E-06
    1207   6.350102665E-06
    1208   6.339597946E-06
    1209   6.329119272E-06
    1210   6.318666556E-06
    1211   6.176015345E-06
    1212   6.165832302E-06
    1213   6.155674423E-06
    1214   6.145541626E-06
    1215   6.135433827E-06
    1216   6.363101952E-06
    1217   6.352653509E-06
    1218   6.342230780E-06
    1219   6.331833680E-06
    1220   6.321462126E-06
    1221   6.574949131E-06
    1222   6.564196966E-06
    1223   6.553471154E-06
    1224   6.542771609E-06
    1225   6.532098246E-06
    1226   6.408414763E-06
    1227   6.397977606E-06
    1228   6.387565925E-06
    1229   6.377179639E-06
    1230   6.366818665E-06
    1231   6.962053487E-06
    1232   6.950760618E-06
    1233   6.939495204E-06
    1234   6.928257155E-06
    1235   6.917046383E-06
    1236   6.785443073E-06
    1237   6.774481130E-06
    1238   6.763545728E-06
    1239   6.752636784E-06
    1240   6.741754210E-06
    1241   6.857146532E-06
    1242   6.846113312E-06
    1243   6.835106699E-06
    1244   6.824126608E-06
    1245   6.813172953E-06
    1246   7.105615252E-06
    1247   7.094228048E-06
    1248   7.082868195E-06
    1249   7.071535606E-06
    1250   7.060230193E-06
    1251   6.802315935E-06
    1252   6.791458288E-06
    1253   6.780626616E-06
    1254   6.769820837E-06
    1255   6.759040867E-06
    1256   7.172813244E-06
    1257   7.161409725E-06
    1258   7.150033379E-06
    1259   7.138684120E-06
    1260   7.127361861E-06
    1261   6.742234128E-06
    1262   6.731557589E-06
    1263   6.720906390E-06
    1264   6.710280451E-06
    1265   6.699679692E-06
    1266   7.009045713E-06
    1267   6.997990436E-06
    1268   6.986961295E-06
    1269   6.975958206E-06
    1270   6.964981088E-06
    1271   7.160077072E-06
    1272   7.148827933E-06
    1273   7.137605283E-06
    1274   7.126409039E-06
    1275   7.115239119E-06
    1276   7.168279679E-06
    1277   7.157061714E-06
    1278   7.145870061E-06
    1279   7.134704640E-06
    1280   7.123565366E-06
    1281   7.367359642E-06
    1282   7.355875060E-06
    1283   7.344417310E-06
    1284   7.332986310E-06
    1285   7.321581977E-06
    1286   7.255370941E-06
    1287   7.244104837E-06
    1288   7.232864954E-06
    1289   7.221651210E-06
    1290   7.210463524E-06
    1291   7.544395124E-06
    1292   7.532725526E-06
    1293   7.521082982E-06
    1294   7.509467410E-06
    1295   7.497878726E-06
    1296   7.253832079E-06
    1297   7.242655142E-06
    1298   7.231504018E-06
    1299   7.220378627E-06
    1300   7.209278890E-06
    1301   7.315783667E-06
    1302   7.304554529E-06
    1303   7.293351225E-06
    1304   7.282173675E-06
    1305   7.271021801E-06
    1306   7.519741933E-06
    1307   7.508243857E-06
    1308   7.496772132E-06
    1309   7.485326678E-06
    1310   7.473907416E-06
    1311   7.928367924E-06
    1312   7.916291202E-06
    1313   7.904242053E-06
    1314   7.892220392E-06
    1315   7.880226136E-06
    1316   8.575764358E-06
    1317   8.562751059E-06
    1318   8.549767357E-06
    1319   8.536813164E-06
    1320   8.523888390E-06
    1321   8.661671939E-06
    1322   8.648577953E-06
    1323   8.635513636E-06
    1324   8.622478898E-06
    1325   8.609473651E-06
    1326   9.025583852E-06
    1327   9.011991105E-06
    1328   8.998429042E-06
    1329   8.984897569E-06
    1330   8.971396596E-06
    1331   9.012993060E-06
    1332   8.999470190E-06
    1333   8.985977731E-06
    1334   8.972515592E-06
    1335   8.959083683E-06
    1336   9.091375001E-06
    1337   9.077785502E-06
    1338   9.064226450E-06
    1339   9.050697753E-06
    1340   9.037199323E-06
    1341   9.098367494E-06
    1342   9.084818175E-06
    1343   9.071299101E-06
    1344   9.057810180E-06
    1345   9.044351324E-06
    1346   9.033575204E-06
    1347   9.020172273E-06
    1348   9.006799149E-06
    1349   8.993455743E-06
    1350   8.980141967E-06
    1351   8.946510100E-06
    1352   8.933285399E-06
    1353   8.920089999E-06
    1354   8.906923815E-06
    1355   8.893786759E-06
    1356   8.778680787E-06
    1357   8.765751949E-06
    1358   8.752851652E-06
    1359   8.739979811E-06
    1360   8.727136343E-06
    1361   8.425421914E-06
    1362   8.413058859E-06
    1363   8.400722995E-06
    1364   8.388414244E-06
    1365   8.376132525E-06
    1366   8.297302283E-06
    1367   8.285171724E-06
    1368   8.273067748E-06
    1369   8.260990277E-06
    1370   8.248939233E-06
    1371   8.913984704E-06
    1372   8.901000022E-06
    1373   8.888043690E-06
    1374   8.875115626E-06
    1375   8.862215749E-06
    1376   1.056725599E-05
    1377   1.055191889E-05
    1378   1.053661517E-05
    1379   1.052134471E-05
    1380   1.050610743E-05
    1381   1.178876922E-05
    1382   1.177172111E-05
    1383   1.175470995E-05
    1384   1.173773564E-05
    1385   1.172079807E-05
    1386   1.348243414E-05
    1387   1.346300701E-05
    1388   1.344362183E-05
    1389   1.342427849E-05
    1390   1.340497686E-05
    1391   1.376138352E-05
    1392   1.374162561E-05
    1393   1.372191022E-05
    1394   1.370223723E-05
    1395   1.368260652E-05
    1396   1.448848259E-05
    1397   1.446775515E-05
    1398   1.444707215E-05
    1399   1.442643348E-05
    1400   1.440583900E-05
    1401   1.472618902E-05
    1402   1.470519659E-05
    1403   1.468424902E-05
    1404   1.466334617E-05
    1405   1.464248793E-05
    1406   1.495226888E-05
    1407   1.493102986E-05
    1408   1.490983607E-05
    1409   1.488868736E-05
    1410   1.486758362E-05
    1411   1.679957242E-05
    1412   1.677579383E-05
    1413   1.675206570E-05
    1414   1.672838786E-05
    1415   1.670476020E-05
    1416   1.834070564E-05
    1417   1.831483722E-05
    1418   1.828902350E-05
    1419   1.826326431E-05
    1420   1.823755951E-05
    1421   1.983607459E-05
    1422   1.980819536E-05
    1423   1.978037486E-05
    1424   1.975261293E-05
    1425   1.972490940E-05
    1426   1.973430941E-05
    1427   1.970667032E-05
    1428   1.967908926E-05
    1429   1.965156606E-05
    1430   1.962410056E-05
    1431   1.699453030E-05
    1432   1.697081149E-05
    1433   1.694714229E-05
    1434   1.692352258E-05
    1435   1.689995222E-05
    1436   1.357365625E-05
    1437   1.355477773E-05
    1438   1.353593857E-05
    1439   1.351713865E-05
    1440   1.349837788E-05
    1441   8.513060924E-06
    1442   8.501261810E-06
    1443   8.489487209E-06
    1444   8.477737054E-06
    1445   8.466011276E-06
    1446   2.478191484E-06
    1447   2.474768568E-06
    1448   2.471352738E-06
    1449   2.467943975E-06
    1450   2.464542261E-06
    1451  -4.386881451E-06
    1452  -4.380843073E-06
    1453  -4.374817154E-06
    1454  -4.368803660E-06
    1455  -4.362802556E-06
    1456  -1.036472698E-05
    1457  -1.035050924E-05
    1458  -1.033632075E-05
    1459  -1.032216140E-05
    1460  -1.030803113E-05
    1461  -1.613471350E-05
    1462  -1.611265647E-05
    1463  -1.609064465E-05
    1464  -1.606867790E-05
    1465  -1.604675610E-05
    1466  -1.836801481E-05
    1467  -1.834299027E-05
    1468  -1.831801683E-05
    1469  -1.829309436E-05
    1470  -1.826822272E-05
    1471  -1.687369130E-05
    1472  -1.685078065E-05
    1473  -1.682791663E-05
    1474  -1.680509912E-05
    1475  -1.678232798E-05
    1476  -6.232134759E-06
    1477  -6.223701559E-06
    1478  -6.215285465E-06
    1479  -6.206886431E-06
    1480  -6.198504410E-06
    1481   1.567485197E-05
    1482   1.565371259E-05
    1483   1.563261594E-05
    1484   1.561156191E-05
    1485   1.559055039E-05
    1486   5.148540415E-05
    1487   5.141620333E-05
    1488   5.134714195E-05
    1489   5.127821961E-05
    1490   5.120943595E-05
    1491   9.667739817E-05
    1492   9.654789060E-05
    1493   9.641864309E-05
    1494   9.628965494E-05
    1495   9.616092545E-05
    1496   1.546654090E-04
    1497   1.544589131E-04
    1498   1.542528305E-04
    1499   1.540471601E-04
    1500   1.538419007E-04
    1501   2.171812899E-04
    1502   2.168922929E-04
    1503   2.166038723E-04
    1504   2.163160266E-04
    1505   2.160287543E-04
    1506   2.735103058E-04
    1507   2.731475600E-04
    1508   2.727855354E-04
    1509   2.724242301E-04
    1510   2.720636421E-04
    1511   3.201394820E-04
    1512   3.197162969E-04
    1513   3.192939504E-04
    1514   3.188724403E-04
    1515   3.184517642E-04
    1516   3.411389925E-04
    1517   3.406895340E-04
    1518   3.402409632E-04
    1519   3.397932778E-04
    1520   3.393464753E-04
    1521   3.453521880E-04
    1522   3.448986723E-04
    1523   3.444460494E-04
    1524   3.439943168E-04
    1525   3.435434724E-04
    1526   3.016437877E-04
    1527   3.012489660E-04
    1528   3.008549189E-04
    1529   3.004616445E-04
    1530   3.000691407E-04
    1531   1.643361197E-04
    1532   1.641217216E-04
    1533   1.639077428E-04
    1534   1.636941822E-04
    1535   1.634810388E-04
    1536  -9.039410370E-05
    1537  -9.027655611E-05
    1538  -9.015923764E-05
    1539  -9.004214772E-05
    1540  -8.992528575E-05
    1541  -4.856089960E-04
    1542  -4.849795611E-04
    1543  -4.843513492E-04
    1544  -4.837243572E-04
    1545  -4.830985818E-04
    1546  -1.056310279E-03
    1547  -1.054945537E-03
    1548  -1.053583438E-03
    1549  -1.052223976E-03
    1550  -1.050867143E-03
    1551  -1.590078662E-03
    1552  -1.588030911E-03
    1553  -1.585987113E-03
    1554  -1.583947258E-03
    1555  -1.581911336E-03
    1556  -2.117922551E-03
    1557  -2.115203781E-03
    1558  -2.112490241E-03
    1559  -2.109781921E-03
    1560  -2.107078805E-03
    1561  -2.357126814E-03
    1562  -2.354110656E-03
    1563  -2.351100285E-03
    1564  -2.348095684E-03
    1565  -2.345096839E-03
    1566  -2.438843597E-03
    1567  -2.435732828E-03
    1568  -2.432628006E-03
    1569  -2.429529116E-03
    1570  -2.426436145E-03
    1571  -2.275107416E-03
    1572  -2.272214718E-03
    1573  -2.269327533E-03
    1574  -2.266445847E-03
    1575  -2.263569647E-03
    1576  -1.735581776E-03
    1577  -1.733382053E-03
    1578  -1.731186508E-03
    1579  -1.728995133E-03
    1580  -1.726807916E-03
    1581  -6.602355537E-04
    1582  -6.594013964E-04
    1583  -6.585688189E-04
    1584  -6.577378172E-04
    1585  -6.569083874E-04
    1586   1.315623002E-03
    1587   1.313966046E-03
    1588   1.312312219E-03
    1589   1.310661512E-03
    1590   1.309013917E-03
    1591   4.566172370E-03
    1592   4.560439573E-03
    1593   4.554717566E-03
    1594   4.549006322E-03
    1595   4.543305813E-03
    1596   8.886249297E-03
    1597   8.875127583E-03
    1598   8.864026736E-03
    1599   8.852946702E-03
    1600   8.841887431E-03
    1601   1.391863281E-02
    1602   1.390126708E-02
    1603   1.388393383E-02
    1604   1.386663298E-02
    1605   1.384936445E-02
    1606   1.840315270E-02
    1607   1.838026320E-02
    1608   1.835741639E-02
    1609   1.833461214E-02
    1610   1.831185037E-02
    1611   2.156596025E-02
    1612   2.153922006E-02
    1613   2.151252958E-02
    1614   2.148588867E-02
    1615   2.145929723E-02
    1616   2.306061057E-02
    1617   2.303210549E-02
    1618   2.300365323E-02
    1619   2.297525366E-02
    1620   2.294690664E-02
    1621   2.337106422E-02
    1622   2.334226439E-02
    1623   2.331351776E-02
    1624   2.328482420E-02
    1625   2.325618358E-02
    1626   2.380571669E-02
    1627   2.377647133E-02
    1628   2.374727984E-02
    1629   2.371814207E-02
    1630   2.368905790E-02
    1631   2.334269584E-02
    1632   2.331410711E-02
    1633   2.328557087E-02
    1634   2.325708699E-02
    1635   2.322865535E-02
    1636   2.101585512E-02
    1637   2.099019474E-02
    1638   2.096458132E-02
    1639   2.093901476E-02
    1640   2.091349493E-02
    1641   1.822254955E-02
    1642   1.820036751E-02
    1643   1.817822594E-02
    1644   1.815612476E-02
    1645   1.813406385E-02
    1646   1.364825035E-02
    1647   1.363168694E-02
    1648   1.361515366E-02
    1649   1.359865044E-02
    1650   1.358217722E-02
    1651   8.734957290E-03
    1652   8.724388679E-03
    1653   8.713839237E-03
    1654   8.703308917E-03
    1655   8.692797675E-03
    1656   4.133517178E-03
    1657   4.128531030E-03
    1658   4.123553898E-03
    1659   4.118585760E-03
    1660   4.113626596E-03
    1661   9.075724961E-04
    1662   9.064810079E-04
    1663   9.053914874E-04
    1664   9.043039301E-04
    1665   9.032183311E-04
    1666  -1.041008894E-03
    1667  -1.039760682E-03
    1668  -1.038514713E-03
    1669  -1.037270983E-03
    1670  -1.036029486E-03
    1671  -2.102962824E-03
    1672  -2.100448821E-03
    1673  -2.097939325E-03
    1674  -2.095434322E-03
    1675  -2.092933804E-03
    1676  -2.630779913E-03
    1677  -2.627644299E-03
    1678  -2.624514288E-03
    1679  -2.621389866E-03
    1680  -2.618271020E-03
    1681  -2.769972901E-03
    1682  -2.766681192E-03
    1683  -2.763395347E-03
    1684  -2.760115353E-03
    1685  -2.756841195E-03
    1686  -2.634515750E-03
    1687  -2.631394286E-03
    1688  -2.628278366E-03
    1689  -2.625167977E-03
    1690  -2.622063107E-03
    1691  -2.356822446E-03
    1692  -2.354038249E-03
    1693  -2.351258983E-03
    1694  -2.348484636E-03
    1695  -2.345715197E-03
    1696  -1.803386978E-03
    1697  -1.801262847E-03
    1698  -1.799142467E-03
    1699  -1.797025829E-03
    1700  -1.794912924E-03
    1701  -1.197824860E-03
    1702  -1.196418136E-03
    1703  -1.195013890E-03
    1704  -1.193612114E-03
    1705  -1.192212803E-03
    1706  -5.935186945E-04
    1707  -5.928237077E-04
    1708  -5.921299410E-04
    1709  -5.914373913E-04
    1710  -5.907460560E-04
    1711  -1.660365904E-04
    1712  -1.658427356E-04
    1713  -1.656492202E-04
    1714  -1.654560432E-04
    1715  -1.652632040E-04
    1716   1.024946207E-04
    1717   1.023753022E-04
    1718   1.022561919E-04
    1719   1.021372893E-04
    1720   1.020185941E-04
    1721   2.399269818E-04
    1722   2.396484827E-04
    1723   2.393704682E-04
    1724   2.390929373E-04
    1725   2.388158887E-04
    1726   3.057013912E-04
    1727   3.053475701E-04
    1728   3.049943630E-04
    1729   3.046417683E-04
    1730   3.042897848E-04
    1731   3.013216192E-04
    1732   3.009738735E-04
    1733   3.006267295E-04
    1734   3.002801857E-04
    1735   2.999342408E-04
    1736   2.789702170E-04
    1737   2.786491926E-04
    1738   2.783287220E-04
    1739   2.780088039E-04
    1740   2.776894371E-04
    1741   2.369965082E-04
    1742   2.367245673E-04
    1743   2.364530941E-04
    1744   2.361820877E-04
    1745   2.359115469E-04
    1746   1.734095619E-04
    1747   1.732111528E-04
    1748   1.730130840E-04
    1749   1.728153548E-04
    1750   1.726179643E-04
    1751   1.108744458E-04
    1752   1.107479490E-04
    1753   1.106216686E-04
    1754   1.104956040E-04
    1755   1.103697548E-04
    1756   4.778752548E-05
    1757   4.773315970E-05
    1758   4.767888663E-05
    1759   4.762470608E-05
    1760   4.757061783E-05
    1761  -8.364684144E-07
    1762  -8.355194996E-07
    1763  -8.345721986E-07
    1764  -8.336265077E-07
    1765  -8.326824233E-07
    1766  -3.499517753E-05
    1767  -3.495559022E-05
    1768  -3.491607005E-05
    1769  -3.487661687E-05
    1770  -3.483723051E-05
    1771  -5.628976030E-05
    1772  -5.622626367E-05
    1773  -5.616287443E-05
    1774  -5.609959231E-05
    1775  -5.603641710E-05
    1776  -6.715086907E-05
    1777  -6.707533378E-05
    1778  -6.699992587E-05
    1779  -6.692464506E-05
    1780  -6.684949105E-05
    1781  -6.769137620E-05
    1782  -6.761544644E-05
    1783  -6.753964437E-05
    1784  -6.746396970E-05
    1785  -6.738842214E-05
    1786  -6.405638128E-05
    1787  -6.398472985E-05
    1788  -6.391319857E-05
    1789  -6.384178718E-05
    1790  -6.377049540E-05
    1791  -5.568965499E-05
    1792  -5.562753602E-05
    1793  -5.556552093E-05
    1794  -5.550360949E-05
    1795  -5.544180146E-05
    1796  -4.614985604E-05
    1797  -4.609852139E-05
    1798  -4.604727233E-05
    1799  -4.599610870E-05
    1800  -4.594503029E-05
    1801  -3.478743319E-05
    1802  -3.474884480E-05
    1803  -3.471032059E-05
    1804  -3.467186040E-05
    1805  -3.463346410E-05
    1806  -2.416009596E-05
    1807  -2.413337019E-05
    1808  -2.410668874E-05
    1809  -2.408005151E-05
    1810  -2.405345841E-05
    1811  -1.666563551E-05
    1812  -1.664725091E-05
    1813  -1.662889672E-05
    1814  -1.661057287E-05
    1815  -1.659227928E-05
    1816  -1.115934775E-05
    1817  -1.114707124E-05
    1818  -1.113481498E-05
    1819  -1.112257892E-05
    1820  -1.111036301E-05
    1821  -8.413407929E-06
    1822  -8.404177641E-06
    1823  -8.394962534E-06
    1824  -8.385762575E-06
    1825  -8.376577731E-06
    1826  -7.257285127E-06
    1827  -7.249344990E-06
    1828  -7.241417877E-06
    1829  -7.233503759E-06
    1830  -7.225602608E-06
    1831  -7.632633525E-06
    1832  -7.624305501E-06
    1833  -7.615991100E-06
    1834  -7.607690293E-06
    1835  -7.599403048E-06
    1836  -8.674862274E-06
    1837  -8.665422815E-06
    1838  -8.655998756E-06
    1839  -8.646590061E-06
    1840  -8.637196699E-06
    1841  -9.328396513E-06
    1842  -9.318273456E-06
    1843  -9.308166869E-06
    1844  -9.298076715E-06
    1845  -9.288002959E-06
    1846  -9.331875359E-06
    1847  -9.321775926E-06
    1848  -9.311692880E-06
    1849  -9.301626185E-06
    1850  -9.291575806E-06
    1851  -8.716130858E-06
    1852  -8.706723270E-06
    1853  -8.697330904E-06
    1854  -8.687953728E-06
    1855  -8.678591708E-06
    1856  -8.346934581E-06
    1857  -8.337949721E-06
    1858  -8.328979361E-06
    1859  -8.320023469E-06
    1860  -8.311082015E-06
    1861  -8.672795005E-06
    1862  -8.663484436E-06
    1863  -8.654188852E-06
    1864  -8.644908221E-06
    1865  -8.635642510E-06
    1866  -9.401077135E-06
    1867  -9.391011742E-06
    1868  -9.380962505E-06
    1869  -9.370929390E-06
    1870  -9.360912362E-06
    1871  -1.054092853E-05
    1872  -1.052967286E-05
    1873  -1.051843522E-05
    1874  -1.050721555E-05
    1875  -1.049601383E-05
    1876  -1.097218142E-05
    1877  -1.096049646E-05
    1878  -1.094883015E-05
    1879  -1.093718246E-05
    1880  -1.092555335E-05
    1881  -1.150602271E-05
    1882  -1.149380176E-05
    1883  -1.148160027E-05
    1884  -1.146941820E-05
    1885  -1.145725551E-05
    1886  -1.111464245E-05
    1887  -1.110286846E-05
    1888  -1.109111317E-05
    1889  -1.107937654E-05
    1890  -1.106765854E-05
    1891  -1.055676240E-05
    1892  -1.054560893E-05
    1893  -1.053447312E-05
    1894  -1.052335495E-05
    1895  -1.051225436E-05
    1896  -9.991825307E-06
    1897  -9.981296514E-06
    1898  -9.970784353E-06
    1899  -9.960288790E-06
    1900  -9.949809791E-06
    1901  -8.810231578E-06
    1902  -8.800972270E-06
    1903  -8.791727551E-06
    1904  -8.782497391E-06
    1905  -8.773281759E-06
    1906  -8.392996179E-06
    1907  -8.384198489E-06
    1908  -8.375414625E-06
    1909  -8.366644557E-06
    1910  -8.357888257E-06
    1911  -7.868714942E-06
    1912  -7.860488371E-06
    1913  -7.852274695E-06
    1914  -7.844073886E-06
    1915  -7.835885917E-06
    1916  -7.632050166E-06
    1917  -7.624091824E-06
    1918  -7.616145923E-06
    1919  -7.608212438E-06
    1920  -7.600291342E-06
    1921  -7.464334824E-06
    1922  -7.456571605E-06
    1923  -7.448820491E-06
    1924  -7.441081457E-06
    1925  -7.433354477E-06
    1926  -7.488510644E-06
    1927  -7.480742479E-06
    1928  -7.472986396E-06
    1929  -7.465242369E-06
    1930  -7.457510372E-06
    1931  -7.765809357E-06
    1932  -7.757774375E-06
    1933  -7.749751858E-06
    1934  -7.741741778E-06
    1935  -7.733744111E-06
    1936  -7.715941418E-06
    1937  -7.707978630E-06
    1938  -7.700028162E-06
    1939  -7.692089989E-06
    1940  -7.684164085E-06
    1941  -7.679905805E-06
    1942  -7.672000601E-06
    1943  -7.664107596E-06
    1944  -7.656226766E-06
    1945  -7.648358085E-06
    1946  -7.565808309E-06
    1947  -7.558040538E-06
    1948  -7.550284724E-06
    1949  -7.542540843E-06
    1950  -7.534808868E-06
    1951  -7.023760796E-06
    1952  -7.016568004E-06
    1953  -7.009386256E-06
    1954  -7.002215528E-06
    1955  -6.995055799E-06
    1956  -6.889358872E-06
    1957  -6.882321734E-06
    1958  -6.875295371E-06
    1959  -6.868279764E-06
    1960  -6.861274889E-06
    1961  -6.336669877E-06
    1962  -6.330213770E-06
    1963  -6.323767523E-06
    1964  -6.317331119E-06
    1965  -6.310904536E-06
    1966  -6.374097137E-06
    1967  -6.367619396E-06
    1968  -6.361151525E-06
    1969  -6.354693503E-06
    1970  -6.348245311E-06
    1971  -6.435186487E-06
    1972  -6.428663237E-06
    1973  -6.422149900E-06
    1974  -6.415646457E-06
    1975  -6.409152888E-06
    1976  -6.380463472E-06
    1977  -6.374012043E-06
    1978  -6.367570393E-06
    1979  -6.361138504E-06
    1980  -6.354716355E-06
    1981  -6.505426358E-06
    1982  -6.498865161E-06
    1983  -6.492313886E-06
    1984  -6.485772512E-06
    1985  -6.479241019E-06
    1986  -6.309659493E-06
    1987  -6.303311747E-06
    1988  -6.296973575E-06
    1989  -6.290644958E-06
    1990  -6.284325877E-06
    1991  -6.449669678E-06
    1992  -6.443197355E-06
    1993  -6.436734770E-06
    1994  -6.430281903E-06
    1995  -6.423838735E-06
    1996  -6.217896448E-06
    1997  -6.211672327E-06
    1998  -6.205457548E-06
    1999  -6.199252090E-06
    2000  -6.193055936E-06
    2001  -5.961284965E-06
    2002  -5.955332609E-06
    2003  -5.949389163E-06
    2004  -5.943454610E-06
    2005  -5.937528933E-06
    2006  -5.948688797E-06
    2007  -5.942763809E-06
    2008  -5.936847667E-06
    2009  -5.930940356E-06
    2010  -5.925041858E-06
    2011  -5.832089652E-06
    2012  -5.826295226E-06
    2013  -5.820509431E-06
    2014  -5.814732250E-06
    2015  -5.808963667E-06
    2016  -5.965325218E-06
    2017  -5.959413102E-06
    2018  -5.953509770E-06
    2019  -5.947615206E-06
    2020  -5.941729392E-06
    2021  -5.930079927E-06
    2022  -5.924217268E-06
    2023  -5.918363298E-06
    2024  -5.912518001E-06
    2025  -5.906681359E-06
    2026  -5.922680653E-06
    2027  -5.916839745E-06
    2028  -5.911007473E-06
    2029  -5.905183821E-06
    2030  -5.899368770E-06
    2031  -6.070991458E-06
    2032  -6.065019012E-06
    2033  -6.059055375E-06
    2034  -6.053100529E-06
    2035  -6.047154458E-06
    2036  -5.877280955E-06
    2037  -5.871513260E-06
    2038  -5.865754052E-06
    2039  -5.860003312E-06
    2040  -5.854261026E-06
    2041  -5.970133338E-06
    2042  -5.964288861E-06
    2043  -5.958452962E-06
    2044  -5.952625624E-06
    2045  -5.946806831E-06
    2046  -5.680224553E-06
    2047  -5.674677458E-06
    2048  -5.669138486E-06
    2049  -5.663607619E-06
    2050  -5.658084842E-06
    2051  -5.510130071E-06
    2052  -5.504762190E-06
    2053  -5.499402149E-06
    2054  -5.494049933E-06
    2055  -5.488705526E-06
    2056  -5.382347125E-06
    2057  -5.377116467E-06
    2058  -5.371893430E-06
    2059  -5.366677999E-06
    2060  -5.361470160E-06
    2061  -5.245552682E-06
    2062  -5.240467318E-06
    2063  -5.235389346E-06
    2064  -5.230318751E-06
    2065  -5.225255519E-06
    2066  -5.234479159E-06
    2067  -5.229416800E-06
    2068  -5.224361781E-06
    2069  -5.219314089E-06
    2070  -5.214273708E-06
    2071  -5.140139004E-06
    2072  -5.135179873E-06
    2073  -5.130227915E-06
    2074  -5.125283117E-06
    2075  -5.120345465E-06
    2076  -5.290558802E-06
    2077  -5.285466830E-06
    2078  -5.280382205E-06
    2079  -5.275304915E-06
    2080  -5.270234944E-06
    2081  -5.300077544E-06
    2082  -5.294988655E-06
    2083  -5.289907092E-06
    2084  -5.284832841E-06
    2085  -5.279765887E-06
    2086  -5.313920935E-06
    2087  -5.308830973E-06
    2088  -5.303748320E-06
    2089  -5.298672963E-06
    2090  -5.293604887E-06
    2091  -5.135960701E-06
    2092  -5.131052950E-06
    2093  -5.126152231E-06
    2094  -5.121258530E-06
    2095  -5.116371833E-06
    2096  -5.092008712E-06
    2097  -5.087154557E-06
    2098  -5.082307339E-06
    2099  -5.077467047E-06
    2100  -5.072633665E-06
    2101  -4.991968401E-06
    2102  -4.987220928E-06
    2103  -4.982480224E-06
    2104  -4.977746276E-06
    2105  -4.973019071E-06
    2106  -4.730885730E-06
    2107  -4.726397224E-06
    2108  -4.721915102E-06
    2109  -4.717439353E-06
    2110  -4.712969965E-06
    2111  -4.756371730E-06
    2112  -4.751869722E-06
    2113  -4.747374103E-06
    2114  -4.742884860E-06
    2115  -4.738401982E-06
    2116  -4.733072699E-06
    2117  -4.728603319E-06
    2118  -4.724140268E-06
    2119  -4.719683532E-06
    2120  -4.715233099E-06
    2121  -4.767764439E-06
    2122  -4.763272904E-06
    2123  -4.758787713E-06
    2124  -4.754308854E-06
    2125  -4.749836315E-06
    2126  -4.731926338E-06
    2127  -4.727479038E-06
    2128  -4.723038006E-06
    2129  -4.718603228E-06
    2130  -4.714174694E-06
    2131  -4.749649952E-06
    2132  -4.745196459E-06
    2133  -4.740749228E-06
    2134  -4.736308245E-06
    2135  -4.731873499E-06
    2136  -4.785423638E-06
    2137  -4.780947096E-06
    2138  -4.776476832E-06
    2139  -4.772012835E-06
    2140  -4.767555093E-06
    2141  -4.662434867E-06
    2142  -4.658083551E-06
    2143  -4.653738324E-06
    2144  -4.649399174E-06
    2145  -4.645066090E-06
    2146  -4.557364876E-06
    2147  -4.553121520E-06
    2148  -4.548884087E-06
    2149  -4.544652567E-06
    2150  -4.540426948E-06
    2151  -4.341911351E-06
    2152  -4.337877991E-06
    2153  -4.333850249E-06
    2154  -4.329828115E-06
    2155  -4.325811576E-06
    2156  -4.199491128E-06
    2157  -4.195599107E-06
    2158  -4.191712493E-06
    2159  -4.187831278E-06
    2160  -4.183955451E-06
    2161  -4.268115446E-06
    2162  -4.264168968E-06
    2163  -4.260227962E-06
    2164  -4.256292416E-06
    2165  -4.252362322E-06
    2166  -4.117909759E-06
    2167  -4.114110950E-06
    2168  -4.110317394E-06
    2169  -4.106529083E-06
    2170  -4.102746007E-06
    2171  -4.139594188E-06
    2172  -4.135784161E-06
    2173  -4.131979391E-06
    2174  -4.128179870E-06
    2175  -4.124385587E-06
    2176  -4.100076195E-06
    2177  -4.096311203E-06
    2178  -4.092551395E-06
    2179  -4.088796760E-06
    2180  -4.085047291E-06
    2181  -4.167522619E-06
    2182  -4.163704458E-06
    2183  -4.159891542E-06
    2184  -4.156083861E-06
    2185  -4.152281405E-06
    2186  -4.135917343E-06
    2187  -4.132136797E-06
    2188  -4.128361432E-06
    2189  -4.124591239E-06
    2190  -4.120826209E-06
    2191  -3.966811072E-06
    2192  -3.963193370E-06
    2193  -3.959580614E-06
    2194  -3.955972795E-06
    2195  -3.952369906E-06
    2196  -3.913898747E-06
    2197  -3.910337420E-06
    2198  -3.906780951E-06
    2199  -3.903229332E-06
    2200  -3.899682554E-06
    2201  -3.646503367E-06
    2202  -3.643192879E-06
    2203  -3.639886896E-06
    2204  -3.636585411E-06
    2205  -3.633288416E-06
    2206  -3.536008226E-06
    2207  -3.532805320E-06
    2208  -3.529606764E-06
    2209  -3.526412550E-06
    2210  -3.523222670E-06
    2211  -3.388366042E-06
    2212  -3.385303804E-06
    2213  -3.382245716E-06
    2214  -3.379191770E-06
    2215  -3.376141958E-06
    2216  -3.299156218E-06
    2217  -3.296181325E-06
    2218  -3.293210454E-06
    2219  -3.290243598E-06
    2220  -3.287280749E-06
    2221  -3.394984256E-06
    2222  -3.391929839E-06
    2223  -3.388879542E-06
    2224  -3.385833358E-06
    2225  -3.382791280E-06
    2226  -3.312459758E-06
    2227  -3.309486275E-06
    2228  -3.306516794E-06
    2229  -3.303551308E-06
    2230  -3.300589810E-06
    2231  -3.371641665E-06
    2232  -3.368621834E-06
    2233  -3.365606058E-06
    2234  -3.362594330E-06
    2235  -3.359586643E-06
    2236  -3.309771944E-06
    2237  -3.306814150E-06
    2238  -3.303860318E-06
    2239  -3.300910443E-06
    2240  -3.297964517E-06
    2241  -3.169910837E-06
    2242  -3.167084345E-06
    2243  -3.164261631E-06
    2244  -3.161442690E-06
    2245  -3.158627514E-06
    2246  -3.167092028E-06
    2247  -3.164274331E-06
    2248  -3.161460392E-06
    2249  -3.158650205E-06
    2250  -3.155843763E-06
    2251  -2.947678247E-06
    2252  -2.945061578E-06
    2253  -2.942448391E-06
    2254  -2.939838681E-06
    2255  -2.937232441E-06
    2256  -2.880437896E-06
    2257  -2.877886578E-06
    2258  -2.875338648E-06
    2259  -2.872794101E-06
    2260  -2.870252929E-06
    2261  -2.772742853E-06
    2262  -2.770292351E-06
    2263  -2.767845097E-06
    2264  -2.765401083E-06
    2265  -2.762960306E-06
    2266  -2.756428223E-06
    2267  -2.753997510E-06
    2268  -2.751570011E-06
    2269  -2.749145720E-06
    2270  -2.746724632E-06
    2271  -2.787379947E-06
    2272  -2.784927347E-06
    2273  -2.782477982E-06
    2274  -2.780031848E-06
    2275  -2.777588937E-06
    2276  -2.707429805E-06
    2277  -2.705052781E-06
    2278  -2.702678887E-06
    2279  -2.700308116E-06
    2280  -2.697940463E-06
    2281  -2.765554178E-06
    2282  -2.763131441E-06
    2283  -2.760711886E-06
    2284  -2.758295508E-06
    2285  -2.755882301E-06
    2286  -2.711074930E-06
    2287  -2.708705109E-06
    2288  -2.706338395E-06
    2289  -2.703974780E-06
    2290  -2.701614261E-06
    2291  -2.634584547E-06
    2292  -2.632286610E-06
    2293  -2.629991678E-06
    2294  -2.627699747E-06
    2295  -2.625410810E-06
    2296  -2.501866087E-06
    2297  -2.499688658E-06
    2298  -2.497514070E-06
    2299  -2.495342319E-06
    2300  -2.493173399E-06
    2301  -2.309371393E-06
    2302  -2.307365860E-06
    2303  -2.305362938E-06
    2304  -2.303362623E-06
    2305  -2.301364910E-06
    2306  -2.255210215E-06
    2307  -2.253255960E-06
    2308  -2.251304244E-06
    2309  -2.249355063E-06
    2310  -2.247408412E-06
    2311  -2.131759763E-06
    2312  -2.129916478E-06
    2313  -2.128075582E-06
    2314  -2.126237071E-06
    2315  -2.124400943E-06
    2316  -2.104218388E-06
    2317  -2.102402841E-06
    2318  -2.100589643E-06
    2319  -2.098778790E-06
    2320  -2.096970278E-06
    2321  -2.068253644E-06
    2322  -2.066472969E-06
    2323  -2.064694593E-06
    2324  -2.062918512E-06
    2325  -2.061144721E-06
    2326  -2.057692957E-06
    2327  -2.055925179E-06
    2328  -2.054159679E-06
    2329  -2.052396452E-06
    2330  -2.050635494E-06
    2331  -2.075915795E-06
    2332  -2.074136185E-06
    2333  -2.072358862E-06
    2334  -2.070583822E-06
    2335  -2.068811062E-06
    2336  -2.009181368E-06
    2337  -2.007462650E-06
    2338  -2.005746136E-06
    2339  -2.004031823E-06
    2340  -2.002319707E-06
    2341  -1.968117871E-06
    2342  -1.966437873E-06
    2343  -1.964760025E-06
    2344  -1.963084323E-06
    2345  -1.961410765E-06
    2346  -1.862989886E-06
    2347  -1.861403012E-06
    2348  -1.859818165E-06
    2349  -1.858235341E-06
    2350  -1.856654537E-06
    2351  -1.782924500E-06
    2352  -1.781409052E-06
    2353  -1.779895535E-06
    2354  -1.778383947E-06
    2355  -1.776874283E-06
    2356  -1.666619453E-06
    2357  -1.665205866E-06
    2358  -1.663794076E-06
    2359  -1.662384081E-06
    2360  -1.660975878E-06
    2361  -1.609965967E-06
    2362  -1.608603321E-06
    2363  -1.607242404E-06
    2364  -1.605883214E-06
    2365  -1.604525747E-06
    2366  -1.605597784E-06
    2367  -1.604241705E-06
    2368  -1.602887343E-06
    2369  -1.601534695E-06
    2370  -1.600183759E-06
    2371  -1.576336920E-06
    2372  -1.575008360E-06
    2373  -1.573681478E-06
    2374  -1.572356273E-06
    2375  -1.571032740E-06
    2376  -1.566102515E-06
    2377  -1.564785356E-06
    2378  -1.563469857E-06
    2379  -1.562156017E-06
    2380  -1.560843832E-06
    2381  -1.558819969E-06
    2382  -1.557511686E-06
    2383  -1.556205048E-06
    2384  -1.554900055E-06
    2385  -1.553596702E-06
    2386  -1.508566908E-06
    2387  -1.507303452E-06
    2388  -1.506041582E-06
    2389  -1.504781296E-06
    2390  -1.503522591E-06
    2391  -1.476908137E-06
    2392  -1.475673780E-06
    2393  -1.474440970E-06
    2394  -1.473209704E-06
    2395  -1.471979980E-06
    2396  -1.359959833E-06
    2397  -1.358825588E-06
    2398  -1.357692761E-06
    2399  -1.356561350E-06
    2400  -1.355431353E-06
    2401  -1.283356439E-06
    2402  -1.282288311E-06
    2403  -1.281221515E-06
    2404  -1.280156050E-06
    2405  -1.279091914E-06
    2406  -1.184794324E-06
    2407  -1.183810276E-06
    2408  -1.182827453E-06
    2409  -1.181845853E-06
    2410  -1.180865475E-06
    2411  -1.134185441E-06
    2412  -1.133245378E-06
    2413  -1.132306484E-06
    2414  -1.131368756E-06
    2415  -1.130432192E-06
    2416  -1.104488893E-06
    2417  -1.103575337E-06
    2418  -1.102662915E-06
    2419  -1.101751623E-06
    2420  -1.100841461E-06
    2421  -1.065060144E-06
    2422  -1.064181019E-06
    2423  -1.063302982E-06
    2424  -1.062426031E-06
    2425  -1.061550165E-06
    2426  -1.077607156E-06
    2427  -1.076719506E-06
    2428  -1.075832952E-06
    2429  -1.074947493E-06
    2430  -1.074063126E-06
    2431  -1.044219589E-06
    2432  -1.043361208E-06
    2433  -1.042503886E-06
    2434  -1.041647620E-06
    2435  -1.040792409E-06
    2436  -1.042602529E-06
    2437  -1.041747236E-06
    2438  -1.040892994E-06
    2439  -1.040039804E-06
    2440  -1.039187661E-06
    2441  -9.935356865E-07
    2442  -9.927223131E-07
    2443  -9.919099380E-07
    2444  -9.910985597E-07
    2445  -9.902881766E-07
    2446  -9.213478741E-07
    2447  -9.205951389E-07
    2448  -9.198433258E-07
    2449  -9.190924333E-07
    2450  -9.183424598E-07
    2451  -8.695123759E-07
    2452  -8.688034380E-07
    2453  -8.680953667E-07
    2454  -8.673881607E-07
    2455  -8.666818185E-07
    2456  -8.061160393E-07
    2457  -8.054601271E-07
    2458  -8.048050152E-07
    2459  -8.041507022E-07
    2460  -8.034971868E-07
    2461  -7.736205758E-07
    2462  -7.729923820E-07
    2463  -7.723649532E-07
    2464  -7.717382879E-07
    2465  -7.711123850E-07
    2466  -7.483551759E-07
    2467  -7.477487292E-07
    2468  -7.471430194E-07
    2469  -7.465380453E-07
    2470  -7.459338057E-07
    2471  -7.311172695E-07
    2472  -7.305259899E-07
    2473  -7.299354272E-07
    2474  -7.293455804E-07
    2475  -7.287564483E-07
    2476  -7.343621972E-07
    2477  -7.337694917E-07
    2478  -7.331775034E-07
    2479  -7.325862312E-07
    2480  -7.319956740E-07
    2481  -7.102092128E-07
    2482  -7.096371555E-07
    2483  -7.090657890E-07
    2484  -7.084951123E-07
    2485  -7.079251243E-07
    2486  -7.019187583E-07
    2487  -7.013545149E-07
    2488  -7.007909517E-07
    2489  -7.002280674E-07
    2490  -6.996658610E-07
    2491  -6.643961789E-07
    2492  -6.638631696E-07
    2493  -6.633308014E-07
    2494  -6.627990733E-07
    2495  -6.622679843E-07
    2496  -6.182319256E-07
    2497  -6.177369440E-07
    2498  -6.172425567E-07
    2499  -6.167487627E-07
    2500  -6.162555610E-07
    2501  -5.637067256E-07
    2502  -5.632563007E-07
    2503  -5.628064155E-07
    2504  -5.623570691E-07
    2505  -5.619082606E-07
    2506  -5.070264427E-07
    2507  -5.066221154E-07
    2508  -5.062182715E-07
    2509  -5.058149103E-07
    2510  -5.054120311E-07
    2511  -4.894133877E-07
    2512  -4.890238824E-07
    2513  -4.886348420E-07
    2514  -4.882462655E-07
    2515  -4.878581525E-07
    2516  -4.637724208E-07
    2517  -4.634040551E-07
    2518  -4.630361281E-07
    2519  -4.626686391E-07
    2520  -4.623015874E-07
    2521  -4.591521841E-07
    2522  -4.587882109E-07
    2523  -4.584246704E-07
    2524  -4.580615617E-07
    2525  -4.576988843E-07
    2526  -4.428836693E-07
    2527  -4.425332867E-07
    2528  -4.421833197E-07
    2529  -4.418337677E-07
    2530  -4.414846299E-07
    2531  -4.348440373E-07
    2532  -4.345006942E-07
    2533  -4.341577575E-07
    2534  -4.338152268E-07
    2535  -4.334731012E-07
    2536  -4.297054921E-07
    2537  -4.293668747E-07
    2538  -4.290286573E-07
    2539  -4.286908395E-07
    2540  -4.283534205E-07
    2541  -4.069111010E-07
    2542  -4.065910765E-07
    2543  -4.062714294E-07
    2544  -4.059521592E-07
    2545  -4.056332651E-07
    2546  -3.822142442E-07
    2547  -3.819142330E-07
    2548  -3.816145749E-07
    2549  -3.813152694E-07
    2550  -3.810163158E-07
    2551  -3.478408820E-07
    2552  -3.475683862E-07
    2553  -3.472962104E-07
    2554  -3.470243543E-07
    2555  -3.467528173E-07
    2556  -3.241998150E-07
    2557  -3.239463359E-07
    2558  -3.236931539E-07
    2559  -3.234402686E-07
    2560  -3.231876796E-07
    2561  -3.040780756E-07
    2562  -3.038407926E-07
    2563  -3.036037874E-07
    2564  -3.033670593E-07
    2565  -3.031306079E-07
    2566  -2.926794579E-07
    2567  -2.924515144E-07
    2568  -2.922238371E-07
    2569  -2.919964256E-07
    2570  -2.917692794E-07
    2571  -2.901904842E-07
    2572  -2.899649183E-07
    2573  -2.897396154E-07
    2574  -2.895145749E-07
    2575  -2.892897965E-07
    2576  -2.814812159E-07
    2577  -2.812628442E-07
    2578  -2.810447264E-07
    2579  -2.808268623E-07
    2580  -2.806092514E-07
    2581  -2.811990862E-07
    2582  -2.809813556E-07
    2583  -2.807638778E-07
    2584  -2.805466523E-07
    2585  -2.803296789E-07
    2586  -2.717719049E-07
    2587  -2.715618802E-07
    2588  -2.713520989E-07
    2589  -2.711425606E-07
    2590  -2.709332649E-07
    2591  -2.559667923E-07
    2592  -2.557693632E-07
    2593  -2.555721624E-07
    2594  -2.553751897E-07
    2595  -2.551784445E-07
    2596  -2.377505466E-07
    2597  -2.375675208E-07
    2598  -2.373847063E-07
    2599  -2.372021026E-07
    2600  -2.370197096E-07
    2601  -2.103776007E-07
    2602  -2.102159583E-07
    2603  -2.100545021E-07
    2604  -2.098932319E-07
    2605  -2.097321473E-07
    2606  -1.950547891E-07
    2607  -1.949052072E-07
    2608  -1.947557973E-07
    2609  -1.946065592E-07
    2610  -1.944574925E-07
    2611  -1.772942311E-07
    2612  -1.771585294E-07
    2613  -1.770229835E-07
    2614  -1.768875931E-07
    2615  -1.767523579E-07
    2616  -1.715899862E-07
    2617  -1.714589014E-07
    2618  -1.713279667E-07
    2619  -1.711971820E-07
    2620  -1.710665470E-07
    2621  -1.645294567E-07
    2622  -1.644040053E-07
    2623  -1.642786974E-07
    2624  -1.641535327E-07
    2625  -1.640285109E-07
    2626  -1.631993051E-07
    2627  -1.630751047E-07
    2628  -1.629510461E-07
    2629  -1.628271289E-07
    2630  -1.627033531E-07
    2631  -1.611034639E-07
    2632  -1.609810913E-07
    2633  -1.608588581E-07
    2634  -1.607367641E-07
    2635  -1.606148091E-07
    2636  -1.548989269E-07
    2637  -1.547814903E-07
    2638  -1.546641872E-07
    2639  -1.545470173E-07
    2640  -1.544299806E-07
    2641  -1.501795857E-07
    2642  -1.500659424E-07
    2643  -1.499524281E-07
    2644  -1.498390425E-07
    2645  -1.497257855E-07
    2646  -1.400827423E-07
    2647  -1.399769397E-07
    2648  -1.398712568E-07
    2649  -1.397656936E-07
    2650  -1.396602498E-07
    2651  -1.292296803E-07
    2652  -1.291322588E-07
    2653  -1.290349473E-07
    2654  -1.289377459E-07
    2655  -1.288406542E-07
    2656  -1.223570251E-07
    2657  -1.222649581E-07
    2658  -1.221729950E-07
    2659  -1.220811356E-07
    2660  -1.219893797E-07
    2661  -1.135184929E-07
    2662  -1.134332368E-07
    2663  -1.133480767E-07
    2664  -1.132630125E-07
    2665  -1.131780440E-07
    2666  -1.134986017E-07
    2667  -1.134135203E-07
    2668  -1.133285345E-07
    2669  -1.132436442E-07
    2670  -1.131588493E-07
    2671  -1.104298101E-07
    2672  -1.103471840E-07
    2673  -1.102646506E-07
    2674  -1.101822097E-07
    2675  -1.100998613E-07
    2676  -1.074767537E-07
    2677  -1.073964873E-07
    2678  -1.073163108E-07
    2679  -1.072362240E-07
    2680  -1.071562268E-07
    2681  -1.076534882E-07
    2682  -1.075732396E-07
    2683  -1.074930807E-07
    2684  -1.074130114E-07
    2685  -1.073330315E-07
    2686  -1.041663828E-07
    2687  -1.040888780E-07
    2688  -1.040114597E-07
    2689  -1.039341278E-07
    2690  -1.038568821E-07
    2691  -1.046723519E-07
    2692  -1.045946153E-07
    2693  -1.045169652E-07
    2694  -1.044394016E-07
    2695  -1.043619243E-07
    2696  -9.930571552E-08
    2697  -9.923210120E-08
    2698  -9.915856870E-08
    2699  -9.908511791E-08
    2700  -9.901174870E-08
    2701  -9.702196964E-08
    2702  -9.695018128E-08
    2703  -9.687847257E-08
    2704  -9.680684338E-08
    2705  -9.673529361E-08
    2706  -9.421274089E-08
    2707  -9.414315984E-08
    2708  -9.407365584E-08
    2709  -9.400422879E-08
    2710  -9.393487857E-08
    2711  -9.076813134E-08
    2712  -9.070121787E-08
    2713  -9.063437835E-08
    2714  -9.056761270E-08
    2715  -9.050092079E-08
    2716  -9.189723014E-08
    2717  -9.182960893E-08
    2718  -9.176206232E-08
    2719  -9.169459022E-08
    2720  -9.162719251E-08
    2721  -8.829384756E-08
    2722  -8.822899714E-08
    2723  -8.816421814E-08
    2724  -8.809951046E-08
    2725  -8.803487399E-08
    2726  -8.938402528E-08
    2727  -8.931849447E-08
    2728  -8.925303570E-08
    2729  -8.918764886E-08
    2730  -8.912233385E-08
    2731  -9.019964933E-08
    2732  -9.013364154E-08
    2733  -9.006770618E-08
    2734  -9.000184314E-08
    2735  -8.993605232E-08
    2736  -8.754304345E-08
    2737  -8.747909675E-08
    2738  -8.741522008E-08
    2739  -8.735141335E-08
    2740  -8.728767645E-08
    2741  -9.028925608E-08
    2742  -9.022342360E-08
    2743  -9.015766308E-08
    2744  -9.009197444E-08
    2745  -9.002635756E-08
    2746  -8.791599194E-08
    2747  -8.785200650E-08
    2748  -8.778809089E-08
    2749  -8.772424501E-08
    2750  -8.766046875E-08
    2751  -9.032388552E-08
    2752  -9.025826700E-08
    2753  -9.019271997E-08
    2754  -9.012724431E-08
    2755  -9.006183992E-08
    2756  -9.026776469E-08
    2757  -9.020230583E-08
    2758  -9.013691815E-08
    2759  -9.007160154E-08
    2760  -9.000635591E-08
    2761  -8.957674127E-08
    2762  -8.951190107E-08
    2763  -8.944713124E-08
    2764  -8.938243169E-08
    2765  -8.931780231E-08
    2766  -9.091259660E-08
    2767  -9.084690830E-08
    2768  -9.078129118E-08
    2769  -9.071574512E-08
    2770  -9.065027002E-08
    2771  -8.895225796E-08
    2772  -8.888810198E-08
    2773  -8.882401539E-08
    2774  -8.875999808E-08
    2775  -8.869604996E-08
    2776  -9.164835822E-08
    2777  -9.158237668E-08
    2778  -9.151646637E-08
    2779  -9.145062719E-08
    2780  -9.138485903E-08
    2781  -9.005295085E-08
    2782  -8.998823439E-08
    2783  -8.992358767E-08
    2784  -8.985901058E-08
    2785  -8.979450304E-08
    2786  -9.167006400E-08
    2787  -9.160430355E-08
    2788  -9.153861384E-08
    2789  -9.147299476E-08
    2790  -9.140744622E-08
    2791  -9.384170606E-08
    2792  -9.377450827E-08
    2793  -9.370738264E-08
    2794  -9.364032906E-08
    2795  -9.357334742E-08
    2796  -9.572985959E-08
    2797  -9.566143224E-08
    2798  -9.559307824E-08
    2799  -9.552479747E-08
    2800  -9.545658983E-08
    2801  -9.908120970E-08
    2802  -9.901051315E-08
    2803  -9.893989224E-08
    2804  -9.886934687E-08
    2805  -9.879887691E-08
    2806  -9.914255787E-08
    2807  -9.907194351E-08
    2808  -9.900140457E-08
    2809  -9.893094094E-08
    2810  -9.886055250E-08
    2811  -1.011782856E-07
    2812  -1.011063494E-07
    2813  -1.010344899E-07
    2814  -1.009627069E-07
    2815  -1.008910005E-07
    2816  -1.031810084E-07
    2817  -1.031077785E-07
    2818  -1.030346264E-07
    2819  -1.029615522E-07
    2820  -1.028885557E-07
    2821  -1.035613604E-07
    2822  -1.034879907E-07
    2823  -1.034146989E-07
    2824  -1.033414850E-07
    2825  -1.032683488E-07
    2826  -1.037279254E-07
    2827  -1.036545676E-07
    2828  -1.035812876E-07
    2829  -1.035080853E-07
    2830  -1.034349605E-07
    2831  -1.039601686E-07
    2832  -1.038867763E-07
    2833  -1.038134617E-07
    2834  -1.037402247E-07
    2835  -1.036670652E-07
    2836  -1.056376566E-07
    2837  -1.055632115E-07
    2838  -1.054888450E-07
    2839  -1.054145571E-07
    2840  -1.053403476E-07
    2841  -1.076940047E-07
    2842  -1.076182439E-07
    2843  -1.075425630E-07
    2844  -1.074669619E-07
    2845  -1.073914405E-07
    2846  -1.100600889E-07
    2847  -1.099827995E-07
    2848  -1.099055915E-07
    2849  -1.098284648E-07
    2850  -1.097514192E-07
    2851  -1.127063387E-07
    2852  -1.126273297E-07
    2853  -1.125484037E-07
    2854  -1.124695607E-07
    2855  -1.123908005E-07
    2856  -1.158158118E-07
    2857  -1.157347650E-07
    2858  -1.156538033E-07
    2859  -1.155729265E-07
    2860  -1.154921346E-07
    2861  -1.182572629E-07
    2862  -1.181746522E-07
    2863  -1.180921280E-07
    2864  -1.180096902E-07
    2865  -1.179273387E-07
    2866  -1.191397709E-07
    2867  -1.190566888E-07
    2868  -1.189736936E-07
    2869  -1.188907851E-07
    2870  -1.188079632E-07
    2871  -1.198195762E-07
    2872  -1.197361654E-07
    2873  -1.196528417E-07
    2874  -1.195696049E-07
    2875  -1.194864550E-07
    2876  -1.192237139E-07
    2877  -1.191408622E-07
    2878  -1.190580967E-07
    2879  -1.189754175E-07
    2880  -1.188928243E-07
    2881  -1.208325144E-07
    2882  -1.207486903E-07
    2883  -1.206649533E-07
    2884  -1.205813034E-07
    2885  -1.204977405E-07
    2886  -1.226544415E-07
    2887  -1.225695008E-07
    2888  -1.224846482E-07
    2889  -1.223998838E-07
    2890  -1.223152073E-07
    2891  -1.238115953E-07
    2892  -1.237260014E-07
    2893  -1.236404962E-07
    2894  -1.235550797E-07
    2895  -1.234697516E-07
    2896  -1.262932746E-07
    2897  -1.262061156E-07
    2898  -1.261190469E-07
    2899  -1.260320683E-07
    2900  -1.259451796E-07
    2901  -1.276213721E-07
    2902  -1.275334483E-07
    2903  -1.274456153E-07
    2904  -1.273578731E-07
    2905  -1.272702214E-07
    2906  -1.316034664E-07
    2907  -1.315129551E-07
    2908  -1.314225371E-07
    2909  -1.313322124E-07
    2910  -1.312419807E-07
    2911  -1.322946219E-07
    2912  -1.322037914E-07
    2913  -1.321130545E-07
    2914  -1.320224109E-07
    2915  -1.319318605E-07
    2916  -1.327537744E-07
    2917  -1.326627848E-07
    2918  -1.325718887E-07
    2919  -1.324810861E-07
    2920  -1.323903767E-07
    2921  -1.357808084E-07
    2922  -1.356879033E-07
    2923  -1.355950935E-07
    2924  -1.355023789E-07
    2925  -1.354097594E-07
    2926  -1.330550901E-07
    2927  -1.329642055E-07
    2928  -1.328734139E-07
    2929  -1.327827154E-07
    2930  -1.326921096E-07
    2931  -1.360020264E-07
    2932  -1.359092872E-07
    2933  -1.358166428E-07
    2934  -1.357240931E-07
    2935  -1.356316380E-07
    2936  -1.345707039E-07
    2937  -1.344790969E-07
    2938  -1.343875834E-07
    2939  -1.342961633E-07
    2940  -1.342048364E-07
    2941  -1.358957020E-07
    2942  -1.358033502E-07
    2943  -1.357110925E-07
    2944  -1.356189287E-07
    2945  -1.355268589E-07
    2946  -1.405323231E-07
    2947  -1.404369823E-07
    2948  -1.403417385E-07
    2949  -1.402465916E-07
    2950  -1.401515414E-07
    2951  -1.380004328E-07
    2952  -1.379069683E-07
    2953  -1.378135986E-07
    2954  -1.377203238E-07
    2955  -1.376271436E-07
    2956  -1.417968226E-07
    2957  -1.417009491E-07
    2958  -1.416051729E-07
    2959  -1.415094937E-07
    2960  -1.414139115E-07
    2961  -1.413920151E-07
    2962  -1.412965767E-07
    2963  -1.412012348E-07
    2964  -1.411059895E-07
    2965  -1.410108405E-07
    2966  -1.431218625E-07
    2967  -1.430254192E-07
    2968  -1.429290733E-07
    2969  -1.428328248E-07
    2970  -1.427366734E-07
    2971  -1.432788096E-07
    2972  -1.431824229E-07
    2973  -1.430861335E-07
    2974  -1.429899411E-07
    2975  -1.428938457E-07
    2976  -1.403848876E-07
    2977  -1.402906063E-07
    2978  -1.401964199E-07
    2979  -1.401023284E-07
    2980  -1.400083315E-07
    2981  -1.444452056E-07
    2982  -1.443483600E-07
    2983  -1.442516118E-07
    2984  -1.441549608E-07
    2985  -1.440584069E-07
    2986  -1.432907078E-07
    2987  -1.431947971E-07
    2988  -1.430989825E-07
    2989  -1.430032642E-07
    2990  -1.429076418E-07
    2991  -1.443678082E-07
    2992  -1.442713379E-07
    2993  -1.441749642E-07
    2994  -1.440786871E-07
    2995  -1.439825064E-07
    2996  -1.432311897E-07
    2997  -1.431356386E-07
    2998  -1.430401830E-07
    2999  -1.429448229E-07
    3000  -1.428495581E-07
    3001  -1.409469322E-07
    3002  -1.408530614E-07
    3003  -1.407592844E-07
    3004  -1.406656010E-07
    3005  -1.405720112E-07
    3006  -1.455641663E-07
    3007  -1.454673817E-07
    3008  -1.453706935E-07
    3009  -1.452741016E-07
    3010  -1.451776061E-07
    3011  -1.434618246E-07
    3012  -1.433665960E-07
    3013  -1.432714623E-07
    3014  -1.431764232E-07
    3015  -1.430814786E-07
    3016  -1.438913223E-07
    3017  -1.437959669E-07
    3018  -1.437007062E-07
    3019  -1.436055402E-07
    3020  -1.435104687E-07
    3021  -1.433763708E-07
    3022  -1.432815138E-07
    3023  -1.431867509E-07
    3024  -1.430920819E-07
    3025  -1.429975069E-07
    3026  -1.417388950E-07
    3027  -1.416452762E-07
    3028  -1.415517501E-07
    3029  -1.414583166E-07
    3030  -1.413649756E-07
    3031  -1.457536837E-07
    3032  -1.456575718E-07
    3033  -1.455615549E-07
    3034  -1.454656330E-07
    3035  -1.453698058E-07
    3036  -1.431525351E-07
    3037  -1.430582938E-07
    3038  -1.429641455E-07
    3039  -1.428700902E-07
    3040  -1.427761276E-07
    3041  -1.428433189E-07
    3042  -1.427494357E-07
    3043  -1.426556450E-07
    3044  -1.425619467E-07
    3045  -1.424683407E-07
    3046  -1.408827676E-07
    3047  -1.407903248E-07
    3048  -1.406979730E-07
    3049  -1.406057120E-07
    3050  -1.405135418E-07
    3051  -1.414870172E-07
    3052  -1.413943300E-07
    3053  -1.413017338E-07
    3054  -1.412092286E-07
    3055  -1.411168142E-07
    3056  -1.419362487E-07
    3057  -1.418434193E-07
    3058  -1.417506809E-07
    3059  -1.416580334E-07
    3060  -1.415654766E-07
    3061  -1.399724652E-07
    3062  -1.398810695E-07
    3063  -1.397897634E-07
    3064  -1.396985465E-07
    3065  -1.396074190E-07
    3066  -1.406512472E-07
    3067  -1.405595580E-07
    3068  -1.404679584E-07
    3069  -1.403764483E-07
    3070  -1.402850277E-07
    3071  -1.402102110E-07
    3072  -1.401189580E-07
    3073  -1.400277941E-07
    3074  -1.399367191E-07
    3075  -1.398457329E-07
    3076  -1.408499054E-07
    3077  -1.407583850E-07
    3078  -1.406669537E-07
    3079  -1.405756116E-07
    3080  -1.404843583E-07
    3081  -1.385154400E-07
    3082  -1.384255825E-07
    3083  -1.383358123E-07
    3084  -1.382461295E-07
    3085  -1.381565338E-07
    3086  -1.377178385E-07
    3087  -1.376286430E-07
    3088  -1.375395342E-07
    3089  -1.374505118E-07
    3090  -1.373615759E-07
    3091  -1.389601303E-07
    3092  -1.388702757E-07
    3093  -1.387805082E-07
    3094  -1.386908278E-07
    3095  -1.386012342E-07
    3096  -1.352150035E-07
    3097  -1.351277117E-07
    3098  -1.350405044E-07
    3099  -1.349533815E-07
    3100  -1.348663429E-07
    3101  -1.349588795E-07
    3102  -1.348718934E-07
    3103  -1.347849914E-07
    3104  -1.346981734E-07
    3105  -1.346114392E-07
    3106  -1.304516633E-07
    3107  -1.303677176E-07
    3108  -1.302838528E-07
    3109  -1.302000690E-07
    3110  -1.301163660E-07
    3111  -1.324500356E-07
    3112  -1.323649408E-07
    3113  -1.322799280E-07
    3114  -1.321949971E-07
    3115  -1.321101479E-07
    3116  -1.302582802E-07
    3117  -1.301747277E-07
    3118  -1.300912556E-07
    3119  -1.300078638E-07
    3120  -1.299245521E-07
    3121  -1.295863507E-07
    3122  -1.295033623E-07
    3123  -1.294204536E-07
    3124  -1.293376246E-07
    3125  -1.292548750E-07
    3126  -1.299164249E-07
    3127  -1.298333581E-07
    3128  -1.297503710E-07
    3129  -1.296674634E-07
    3130  -1.295846353E-07
    3131  -1.282266579E-07
    3132  -1.281448024E-07
    3133  -1.280630252E-07
    3134  -1.279813263E-07
    3135  -1.278997056E-07
    3136  -1.308895268E-07
    3137  -1.308061046E-07
    3138  -1.307227620E-07
    3139  -1.306394991E-07
    3140  -1.305563158E-07
    3141  -1.287250307E-07
    3142  -1.286431185E-07
    3143  -1.285612845E-07
    3144  -1.284795285E-07
    3145  -1.283978505E-07
    3146  -1.287759702E-07
    3147  -1.286941557E-07
    3148  -1.286124192E-07
    3149  -1.285307605E-07
    3150  -1.284491796E-07
    3151  -1.312511300E-07
    3152  -1.311678753E-07
    3153  -1.310846997E-07
    3154  -1.310016032E-07
    3155  -1.309185857E-07
    3156  -1.287497346E-07
    3157  -1.286681958E-07
    3158  -1.285867344E-07
    3159  -1.285053504E-07
    3160  -1.284240437E-07
    3161  -1.292588195E-07
    3162  -1.291770878E-07
    3163  -1.290954335E-07
    3164  -1.290138566E-07
    3165  -1.289323570E-07
    3166  -1.271909203E-07
    3167  -1.271106230E-07
    3168  -1.270304018E-07
    3169  -1.269502564E-07
    3170  -1.268701869E-07
    3171  -1.262321190E-07
    3172  -1.261525526E-07
    3173  -1.260730614E-07
    3174  -1.259936453E-07
    3175  -1.259143042E-07
    3176  -1.249109737E-07
    3177  -1.248323639E-07
    3178  -1.247538282E-07
    3179  -1.246753667E-07
    3180  -1.245969792E-07
    3181  -1.173363742E-07
    3182  -1.172626473E-07
    3183  -1.171889899E-07
    3184  -1.171154018E-07
    3185  -1.170418830E-07
    3186  -1.115422627E-07
    3187  -1.114722863E-07
    3188  -1.114023759E-07
    3189  -1.113325311E-07
    3190  -1.112627520E-07
    3191  -9.451313914E-08
    3192  -9.445393893E-08
    3193  -9.439479432E-08
    3194  -9.433570524E-08
    3195  -9.427667164E-08
    3196  -7.646829343E-08
    3197  -7.642047085E-08
    3198  -7.637269313E-08
    3199  -7.632496020E-08
    3200  -7.627727200E-08
    3201  -5.283260498E-08
    3202  -5.279961553E-08
    3203  -5.276665697E-08
    3204  -5.273372926E-08
    3205  -5.270083236E-08
    3206  -3.164770267E-08
    3207  -3.162797218E-08
    3208  -3.160826014E-08
    3209  -3.158856652E-08
    3210  -3.156889130E-08
    3211  -1.793112351E-08
    3212  -1.791996190E-08
    3213  -1.790881071E-08
    3214  -1.789766993E-08
    3215  -1.788653953E-08
    3216  -9.114416880E-09
    3217  -9.108752233E-09
    3218  -9.103092865E-09
    3219  -9.097438770E-09
    3220  -9.091789941E-09
    3221  -4.508382340E-09
    3222  -4.505584709E-09
    3223  -4.502789681E-09
    3224  -4.499997253E-09
    3225  -4.497207423E-09
    3226  -1.894486694E-09
    3227  -1.893312911E-09
    3228  -1.892140218E-09
    3229  -1.890968614E-09
    3230  -1.889798098E-09
    3231  -4.004102367E-10
    3232  -4.001625348E-10
    3233  -3.999150626E-10
    3234  -3.996678199E-10
    3235  -3.994208064E-10
    3236   5.837375875E-10
    3237   5.833770331E-10
    3238   5.830168126E-10
    3239   5.826569257E-10
    3240   5.822973719E-10
    3241   1.337066985E-09
    3242   1.336242398E-09
    3243   1.335418574E-09
    3244   1.334595512E-09
    3245   1.333773211E-09
    3246   2.001213253E-09
    3247   1.999980979E-09
    3248   1.998749842E-09
    3249   1.997519842E-09
    3250   1.996290977E-09
    3251   2.444225633E-09
    3252   2.442722881E-09
    3253   2.441221515E-09
    3254   2.439721533E-09
    3255   2.438222932E-09
    3256   2.749194614E-09
    3257   2.747506957E-09
    3258   2.745820852E-09
    3259   2.744136300E-09
    3260   2.742453297E-09
    3261   3.001799189E-09
    3262   2.999959287E-09
    3263   2.998121077E-09
    3264   2.996284556E-09
    3265   2.994449721E-09
    3266   2.997156560E-09
    3267   2.995322315E-09
    3268   2.993489753E-09
    3269   2.991658872E-09
    3270   2.989829671E-09
    3271   3.137299739E-09
    3272   3.135382660E-09
    3273   3.133467338E-09
    3274   3.131553770E-09
    3275   3.129641954E-09
    3276   3.160426715E-09
    3277   3.158498450E-09
    3278   3.156571949E-09
    3279   3.154647210E-09
    3280   3.152724231E-09
    3281   3.271488234E-09
    3282   3.269495247E-09
    3283   3.267504081E-09
    3284   3.265514733E-09
    3285   3.263527201E-09
    3286   3.347095465E-09
    3287   3.345059519E-09
    3288   3.343025430E-09
    3289   3.340993195E-09
    3290   3.338962814E-09
    3291   3.292317116E-09
    3292   3.290317530E-09
    3293   3.288319766E-09
    3294   3.286323821E-09
    3295   3.284329692E-09
    3296   3.413090501E-09
    3297   3.411020707E-09
    3298   3.408952795E-09
    3299   3.406886763E-09
    3300   3.404822609E-09
    3301   3.334440892E-09
    3302   3.332421854E-09
    3303   3.330404650E-09
    3304   3.328389276E-09
    3305   3.326375732E-09
    3306   3.301690783E-09
    3307   3.299694598E-09
    3308   3.297700222E-09
    3309   3.295707654E-09
    3310   3.293716891E-09
    3311   3.291588177E-09
    3312   3.289601103E-09
    3313   3.287615828E-09
    3314   3.285632349E-09
    3315   3.283650665E-09
    3316   3.230935339E-09
    3317   3.228987819E-09
    3318   3.227042060E-09
    3319   3.225098058E-09
    3320   3.223155813E-09
    3321   3.220715042E-09
    3322   3.218776604E-09
    3323   3.216839915E-09
    3324   3.214904974E-09
    3325   3.212971778E-09
    3326   3.164969997E-09
    3327   3.163067971E-09
    3328   3.161167660E-09
    3329   3.159269061E-09
    3330   3.157372172E-09
    3331   3.083417604E-09
    3332   3.081567368E-09
    3333   3.079718798E-09
    3334   3.077871890E-09
    3335   3.076026643E-09
    3336   2.993566472E-09
    3337   2.991772844E-09
    3338   2.989980826E-09
    3339   2.988190419E-09
    3340   2.986401619E-09
    3341   2.948967791E-09
    3342   2.947203527E-09
    3343   2.945440845E-09
    3344   2.943679745E-09
    3345   2.941920223E-09
    3346   2.926020032E-09
    3347   2.924272111E-09
    3348   2.922525756E-09
    3349   2.920780964E-09
    3350   2.919037735E-09
    3351   2.814306446E-09
    3352   2.812627766E-09
    3353   2.810950588E-09
    3354   2.809274909E-09
    3355   2.807600729E-09
    3356   2.785445475E-09
    3357   2.783786484E-09
    3358   2.782128975E-09
    3359   2.780472946E-09
    3360   2.778818395E-09
    3361   2.714988111E-09
    3362   2.713373489E-09
    3363   2.711760306E-09
    3364   2.710148561E-09
    3365   2.708538253E-09
    3366   2.690324276E-09
    3367   2.688726697E-09
    3368   2.687130540E-09
    3369   2.685535803E-09
    3370   2.683942486E-09
    3371   2.596627353E-09
    3372   2.595087699E-09
    3373   2.593549413E-09
    3374   2.592012495E-09
    3375   2.590476943E-09
    3376   2.523054321E-09
    3377   2.521560506E-09
    3378   2.520068017E-09
    3379   2.518576852E-09
    3380   2.517087011E-09
    3381   2.474607759E-09
    3382   2.473144792E-09
    3383   2.471683123E-09
    3384   2.470222749E-09
    3385   2.468763668E-09
    3386   2.424874073E-09
    3387   2.423442624E-09
    3388   2.422012443E-09
    3389   2.420583527E-09
    3390   2.419155875E-09
    3391   2.357137911E-09
    3392   2.355748498E-09
    3393   2.354360314E-09
    3394   2.352973357E-09
    3395   2.351587624E-09
    3396   2.278230027E-09
    3397   2.276889103E-09
    3398   2.275549362E-09
    3399   2.274210804E-09
    3400   2.272873426E-09
    3401   2.220642499E-09
    3402   2.219337390E-09
    3403   2.218033432E-09
    3404   2.216730622E-09
    3405   2.215428960E-09
    3406   2.132586886E-09
    3407   2.131335367E-09
    3408   2.130084951E-09
    3409   2.128835634E-09
    3410   2.127587416E-09
    3411   2.089692383E-09
    3412   2.088467835E-09
    3413   2.087244362E-09
    3414   2.086021964E-09
    3415   2.084800640E-09
    3416   2.028228114E-09
    3417   2.027041322E-09
    3418   2.025855571E-09
    3419   2.024670860E-09
    3420   2.023487188E-09
    3421   1.940172042E-09
    3422   1.939038433E-09
    3423   1.937905817E-09
    3424   1.936774193E-09
    3425   1.935643560E-09
    3426   1.900203040E-09
    3427   1.899094403E-09
    3428   1.897986736E-09
    3429   1.896880039E-09
    3430   1.895774308E-09
    3431   1.824590174E-09
    3432   1.823527203E-09
    3433   1.822465161E-09
    3434   1.821404045E-09
    3435   1.820343857E-09
    3436   1.769079712E-09
    3437   1.768050579E-09
    3438   1.767022344E-09
    3439   1.765995005E-09
    3440   1.764968562E-09
    3441   1.732530006E-09
    3442   1.731523598E-09
    3443   1.730518068E-09
    3444   1.729513413E-09
    3445   1.728509633E-09
    3446   1.636725127E-09
    3447   1.635775751E-09
    3448   1.634827200E-09
    3449   1.633879474E-09
    3450   1.632932572E-09
    3451   1.627344999E-09
    3452   1.626402430E-09
    3453   1.625460680E-09
    3454   1.624519748E-09
    3455   1.623579632E-09
    3456   1.543235187E-09
    3457   1.542342628E-09
    3458   1.541450843E-09
    3459   1.540559831E-09
    3460   1.539669591E-09
    3461   1.513404082E-09
    3462   1.512530039E-09
    3463   1.511656754E-09
    3464   1.510784225E-09
    3465   1.509912451E-09
    3466   1.454198640E-09
    3467   1.453360002E-09
    3468   1.452522089E-09
    3469   1.451684900E-09
    3470   1.450848435E-09
    3471   1.390971554E-09
    3472   1.390170533E-09
    3473   1.389370205E-09
    3474   1.388570568E-09
    3475   1.387771620E-09
    3476   1.362877000E-09
    3477   1.362093287E-09
    3478   1.361310250E-09
    3479   1.360527888E-09
    3480   1.359746200E-09
    3481   1.291981749E-09
    3482   1.291239870E-09
    3483   1.290498630E-09
    3484   1.289758028E-09
    3485   1.289018064E-09
    3486   1.254756369E-09
    3487   1.254036899E-09
    3488   1.253318047E-09
    3489   1.252599813E-09
    3490   1.251882197E-09
    3491   1.210034523E-09
    3492   1.209341689E-09
    3493   1.208649450E-09
    3494   1.207957805E-09
    3495   1.207266754E-09
    3496   1.164734305E-09
    3497   1.164068362E-09
    3498   1.163402990E-09
    3499   1.162738188E-09
    3500   1.162073956E-09
