      50   1.659951108E-13
      51   1.558500211E-13
      52   1.499688882E-13
      53   1.444144849E-13
      54   1.391630491E-13
      55   1.341929402E-13
      56   6.405117321E-14
      57   6.184251206E-14
      58   5.974615572E-14
      59   5.775461720E-14
      60   5.586102319E-14
      61   6.862185223E-14
      62   6.644338073E-14
      63   6.436702508E-14
      64   6.238650124E-14
      65   6.049600120E-14
      66   1.633479855E-13
      67   1.585436330E-13
      68   1.539481654E-13
      69   1.495496464E-13
      70   1.453369803E-13
      71   9.198837068E-14
      72   8.946814135E-14
      73   8.705008348E-14
      74   8.472874792E-14
      75   8.249904402E-14
      76   1.804394579E-13
      77   1.758128051E-13
      78   1.713618480E-13
      79   1.670778018E-13
      80   1.629524240E-13
      81   2.450346536E-13
      82   2.391302042E-13
      83   2.334366279E-13
      84   2.279440013E-13
      85   2.226429780E-13
      86   3.010372664E-13
      87   2.941955104E-13
      88   2.875843753E-13
      89   2.811936114E-13
      90   2.750135320E-13
      91   6.460647351E-13
      92   6.321708698E-13
      93   6.187204258E-13
      94   6.056947326E-13
      95   5.930760923E-13
      96   5.951458588E-13
      97   5.830000249E-13
      98   5.712222467E-13
      99   5.597978017E-13
     100   5.487126967E-13
     101   6.717597685E-13
     102   6.587158895E-13
     103   6.460482762E-13
     104   6.337425948E-13
     105   6.217851873E-13
     106   7.567190204E-13
     107   7.427057052E-13
     108   7.290780775E-13
     109   7.158221125E-13
     110   7.029244168E-13
     111   7.939572187E-13
     112   7.799048786E-13
     113   7.662223368E-13
     114   7.528967310E-13
     115   7.399157529E-13
     116   7.347668548E-13
     117   7.223131793E-13
     118   7.101734620E-13
     119   6.983372376E-13
     120   6.867944734E-13
     121   6.257599430E-13
     122   6.155849846E-13
     123   6.056561945E-13
     124   5.959656954E-13
     125   5.865059225E-13
     126   5.419547912E-13
     127   5.334867476E-13
     128   5.252156352E-13
     129   5.171353947E-13
     130   5.092401978E-13
     131   5.880442947E-13
     132   5.792015233E-13
     133   5.705567245E-13
     134   5.621040323E-13
     135   5.538377965E-13
     136   3.600827085E-13
     137   3.548641186E-13
     138   3.497581600E-13
     139   3.447616149E-13
     140   3.398713792E-13
     141   0.000000000E+00
     142   0.000000000E+00
     143   0.000000000E+00
     144   0.000000000E+00
     145   0.000000000E+00
     146   2.848470565E-13
     147   2.809977720E-13
     148   2.772259898E-13
     149   2.735296433E-13
     150   2.699067341E-13
     151   1.522773020E-14
     152   1.502867490E-14
     153   1.483349731E-14
     154   1.464209734E-14
     155   1.445437815E-14
     156   2.512723464E-13
     157   2.480916837E-13
     158   2.449710336E-13
     159   2.419088957E-13
     160   2.389038163E-13
     161   4.580643251E-13
     162   4.524439039E-13
     163   4.469262953E-13
     164   4.415090069E-13
     165   4.361896213E-13
     166   1.469131727E-13
     167   1.451642063E-13
     168   1.434462867E-13
     169   1.417586834E-13
     170   1.401006871E-13
     171   2.173857092E-13
     172   2.148725796E-13
     173   2.124027799E-13
     174   2.099753195E-13
     175   2.075892364E-13
     176   1.243657402E-12
     177   1.229683724E-12
     178   1.215944241E-12
     179   1.202433749E-12
     180   1.189147188E-12
     181   5.891286526E-13
     182   5.826900881E-13
     183   5.763565001E-13
     184   5.701256191E-13
     185   5.639952361E-13
     186   2.108855894E-12
     187   2.086421257E-12
     188   2.064342725E-12
     189   2.042612802E-12
     190   2.021224186E-12
     191   1.737044795E-12
     192   1.719044331E-12
     193   1.701322224E-12
     194   1.683872766E-12
     195   1.666690390E-12
     196   2.789267191E-12
     197   2.761092775E-12
     198   2.733343099E-12
     199   2.706009668E-12
     200   2.679084198E-12
     201   2.710837086E-12
     202   2.684129331E-12
     203   2.657814338E-12
     204   2.631884442E-12
     205   2.606332166E-12
     206   0.000000000E+00
     207   0.000000000E+00
     208   0.000000000E+00
     209   0.000000000E+00
     210   0.000000000E+00
     211   0.000000000E+00
     212   0.000000000E+00
     213   0.000000000E+00
     214   0.000000000E+00
     215   0.000000000E+00
     216   0.000000000E+00
     217   0.000000000E+00
     218   0.000000000E+00
     219   0.000000000E+00
     220   0.000000000E+00
     221   0.000000000E+00
     222   0.000000000E+00
     223   0.000000000E+00
     224   0.000000000E+00
     225   0.000000000E+00
     226   0.000000000E+00
     227   0.000000000E+00
     228   0.000000000E+00
     229   0.000000000E+00
     230   0.000000000E+00
     231   0.000000000E+00
     232   0.000000000E+00
     233   0.000000000E+00
     234   0.000000000E+00
     235   0.000000000E+00
     236   0.000000000E+00
     237   0.000000000E+00
     238   0.000000000E+00
     239   0.000000000E+00
     240   0.000000000E+00
     241   0.000000000E+00
     242   0.000000000E+00
     243   0.000000000E+00
     244   0.000000000E+00
     245   0.000000000E+00
     246   0.000000000E+00
     247   0.000000000E+00
     248   0.000000000E+00
     249   0.000000000E+00
     250   0.000000000E+00
     251   7.439437327E-12
     252   7.380627546E-12
     253   7.322512368E-12
     254   7.265080899E-12
     255   7.208322454E-12
     256   1.761567043E-11
     257   1.747911484E-11
     258   1.734414098E-11
     259   1.721072452E-11
     260   1.707884157E-11
     261   1.121470324E-10
     262   1.112942033E-10
     263   1.104510654E-10
     264   1.096174724E-10
     265   1.087932809E-10
     266   1.266865065E-10
     267   1.257410848E-10
     268   1.248062068E-10
     269   1.238817164E-10
     270   1.229674602E-10
     271   2.909602114E-10
     272   2.888286347E-10
     273   2.867203965E-10
     274   2.846351573E-10
     275   2.825725837E-10
     276   3.315102883E-10
     277   3.291253222E-10
     278   3.267660009E-10
     279   3.244319581E-10
     280   3.221228338E-10
     281   2.664028729E-09
     282   2.645201671E-09
     283   2.626573490E-09
     284   2.608141395E-09
     285   2.589902644E-09
     286   5.018406570E-09
     287   4.983556524E-09
     288   4.949068243E-09
     289   4.914936738E-09
     290   4.881157104E-09
     291   8.234223545E-09
     292   8.178017241E-09
     293   8.122384471E-09
     294   8.067317458E-09
     295   8.012808556E-09
     296   1.134250379E-08
     297   1.126637960E-08
     298   1.119101920E-08
     299   1.111641241E-08
     300   1.104254920E-08
     301   1.560568215E-08
     302   1.550267435E-08
     303   1.540068307E-08
     304   1.529969499E-08
     305   1.519969698E-08
     306   2.760824480E-08
     307   2.742897049E-08
     308   2.725143670E-08
     309   2.707562098E-08
     310   2.690150123E-08
     311   2.791570572E-08
     312   2.773733060E-08
     313   2.756065970E-08
     314   2.738567139E-08
     315   2.721234435E-08
     316   3.365677403E-08
     317   3.344509621E-08
     318   3.323540909E-08
     319   3.302768778E-08
     320   3.282190779E-08
     321   4.358226060E-08
     322   4.331240140E-08
     323   4.304504090E-08
     324   4.278014834E-08
     325   4.251769344E-08
     326   4.755209915E-08
     327   4.726214732E-08
     328   4.697483944E-08
     329   4.669014344E-08
     330   4.640802777E-08
     331   6.074904641E-08
     332   6.038418727E-08
     333   6.002260531E-08
     334   5.966426140E-08
     335   5.930911699E-08
     336   6.250808363E-08
     337   6.213821331E-08
     338   6.177161619E-08
     339   6.140825374E-08
     340   6.104808803E-08
     341   8.084098202E-08
     342   8.036960603E-08
     343   7.990234088E-08
     344   7.943913890E-08
     345   7.897995313E-08
     346   9.414598456E-08
     347   9.360491568E-08
     348   9.306849783E-08
     349   9.253667784E-08
     350   9.200940332E-08
     351   8.927367054E-08
     352   8.876787071E-08
     353   8.826635731E-08
     354   8.776908206E-08
     355   8.727599733E-08
     356   1.161907468E-07
     357   1.155416364E-07
     358   1.148979504E-07
     359   1.142596285E-07
     360   1.136266112E-07
     361   1.068639283E-07
     362   1.062751464E-07
     363   1.056912170E-07
     364   1.051120870E-07
     365   1.045377040E-07
     366   1.496292401E-07
     367   1.488160377E-07
     368   1.480094467E-07
     369   1.472093956E-07
     370   1.464158140E-07
     371   1.426595541E-07
     372   1.418946235E-07
     373   1.411358287E-07
     374   1.403831043E-07
     375   1.396363857E-07
     376   1.596910890E-07
     377   1.588461626E-07
     378   1.580079243E-07
     379   1.571763037E-07
     380   1.563512312E-07
     381   1.864998409E-07
     382   1.855259514E-07
     383   1.845596704E-07
     384   1.836009189E-07
     385   1.826496188E-07
     386   1.758852700E-07
     387   1.749786449E-07
     388   1.740790118E-07
     389   1.731862989E-07
     390   1.723004355E-07
     391   2.191972489E-07
     392   2.180817413E-07
     393   2.169747274E-07
     394   2.158761211E-07
     395   2.147858377E-07
     396   2.174440996E-07
     397   2.163514157E-07
     398   2.152669474E-07
     399   2.141906127E-07
     400   2.131223304E-07
     401   2.521730640E-07
     402   2.509215848E-07
     403   2.496793987E-07
     404   2.484464140E-07
     405   2.472225401E-07
     406   2.798936429E-07
     407   2.785216153E-07
     408   2.771596514E-07
     409   2.758076531E-07
     410   2.744655234E-07
     411   2.846877414E-07
     412   2.833091082E-07
     413   2.819404652E-07
     414   2.805817160E-07
     415   2.792327654E-07
     416   3.182187942E-07
     417   3.166962162E-07
     418   3.151845398E-07
     419   3.136836610E-07
     420   3.121934774E-07
     421   3.351223887E-07
     422   3.335378856E-07
     423   3.319645937E-07
     424   3.304024074E-07
     425   3.288512224E-07
     426   3.632519593E-07
     427   3.615545203E-07
     428   3.598689514E-07
     429   3.581951424E-07
     430   3.565329839E-07
     431   3.887720312E-07
     432   3.869763174E-07
     433   3.851930164E-07
     434   3.834220141E-07
     435   3.816631975E-07
     436   4.303228475E-07
     437   4.283579030E-07
     438   4.264063864E-07
     439   4.244681755E-07
     440   4.225431498E-07
     441   4.384320249E-07
     442   4.364526479E-07
     443   4.344866449E-07
     444   4.325338960E-07
     445   4.305942821E-07
     446   4.850407383E-07
     447   4.828753778E-07
     448   4.807244853E-07
     449   4.785879320E-07
     450   4.764655908E-07
     451   4.988408719E-07
     452   4.966384840E-07
     453   4.944506493E-07
     454   4.922772398E-07
     455   4.901181291E-07
     456   5.354343608E-07
     457   5.330962195E-07
     458   5.307733602E-07
     459   5.284656499E-07
     460   5.261729573E-07
     461   5.740439071E-07
     462   5.715642358E-07
     463   5.691005969E-07
     464   5.666528524E-07
     465   5.642208659E-07
     466   5.613872763E-07
     467   5.589881853E-07
     468   5.566044404E-07
     469   5.542359109E-07
     470   5.518824675E-07
     471   6.792008684E-07
     472   6.763289831E-07
     473   6.734752743E-07
     474   6.706395890E-07
     475   6.678217756E-07
     476   6.540116542E-07
     477   6.512752037E-07
     478   6.485558918E-07
     479   6.458535756E-07
     480   6.431681137E-07
     481   7.429773634E-07
     482   7.399008526E-07
     483   7.368434111E-07
     484   7.338048815E-07
     485   7.307851084E-07
     486   7.370167082E-07
     487   7.339961479E-07
     488   7.309941186E-07
     489   7.280104692E-07
     490   7.250450497E-07
     491   7.559279853E-07
     492   7.528613404E-07
     493   7.498133187E-07
     494   7.467837700E-07
     495   7.437725451E-07
     496   9.024330139E-07
     497   8.988087849E-07
     498   8.952063449E-07
     499   8.916255195E-07
     500   8.880661362E-07
     501   8.458730266E-07
     502   8.425097144E-07
     503   8.391664218E-07
     504   8.358429905E-07
     505   8.325392632E-07
     506   9.798469696E-07
     507   9.759893043E-07
     508   9.721543758E-07
     509   9.683420057E-07
     510   9.645520175E-07
     511   9.857235134E-07
     512   9.818805367E-07
     513   9.780599899E-07
     514   9.742616987E-07
     515   9.704854906E-07
     516   1.044224024E-06
     517   1.040192271E-06
     518   1.036183823E-06
     519   1.032198501E-06
     520   1.028236127E-06
     521   1.183654076E-06
     522   1.179127674E-06
     523   1.174627187E-06
     524   1.170152417E-06
     525   1.165703168E-06
     526   1.063238753E-06
     527   1.059211334E-06
     528   1.055206754E-06
     529   1.051224842E-06
     530   1.047265426E-06
     531   1.287809490E-06
     532   1.282977184E-06
     533   1.278172026E-06
     534   1.273393813E-06
     535   1.268642343E-06
     536   1.259534805E-06
     537   1.254852519E-06
     538   1.250196294E-06
     539   1.245565938E-06
     540   1.240961258E-06
     541   1.423219676E-06
     542   1.417977615E-06
     543   1.412764462E-06
     544   1.407580005E-06
     545   1.402424034E-06
     546   1.462708488E-06
     547   1.457370136E-06
     548   1.452060955E-06
     549   1.446780733E-06
     550   1.441529261E-06
     551   1.330040479E-06
     552   1.325230206E-06
     553   1.320445982E-06
     554   1.315687618E-06
     555   1.310954928E-06
     556   1.595868199E-06
     557   1.590148242E-06
     558   1.584458981E-06
     559   1.578800199E-06
     560   1.573171678E-06
     561   1.521784752E-06
     562   1.516378767E-06
     563   1.511001538E-06
     564   1.505652860E-06
     565   1.500332531E-06
     566   1.697587952E-06
     567   1.691610530E-06
     568   1.685664623E-06
     569   1.679750010E-06
     570   1.673866472E-06
     571   1.680651727E-06
     572   1.674785578E-06
     573   1.668950088E-06
     574   1.663145044E-06
     575   1.657370235E-06
     576   1.735506169E-06
     577   1.729500957E-06
     578   1.723526861E-06
     579   1.717583665E-06
     580   1.711671156E-06
     581   1.898008893E-06
     582   1.891497713E-06
     583   1.885019981E-06
     584   1.878575468E-06
     585   1.872163948E-06
     586   1.839215074E-06
     587   1.832959241E-06
     588   1.826735271E-06
     589   1.820542948E-06
     590   1.814382058E-06
     591   2.069344588E-06
     592   2.062365348E-06
     593   2.055421357E-06
     594   2.048512378E-06
     595   2.041638175E-06
     596   2.132058321E-06
     597   2.124927691E-06
     598   2.117832774E-06
     599   2.110773331E-06
     600   2.103749127E-06
     601   2.226590888E-06
     602   2.219205844E-06
     603   2.211857480E-06
     604   2.204545554E-06
     605   2.197269826E-06
     606   2.287860907E-06
     607   2.280335049E-06
     608   2.272846264E-06
     609   2.265394309E-06
     610   2.257978943E-06
     611   2.213377018E-06
     612   2.206155559E-06
     613   2.198969385E-06
     614   2.191818265E-06
     615   2.184701972E-06
     616   2.593180132E-06
     617   2.584787964E-06
     618   2.576436468E-06
     619   2.568125382E-06
     620   2.559854447E-06
     621   2.544771223E-06
     622   2.536601813E-06
     623   2.528471679E-06
     624   2.520380569E-06
     625   2.512328235E-06
     626   2.719736680E-06
     627   2.711075098E-06
     628   2.702454828E-06
     629   2.693875606E-06
     630   2.685337173E-06
     631   2.679756008E-06
     632   2.671289164E-06
     633   2.662862384E-06
     634   2.654475416E-06
     635   2.646128009E-06
     636   2.843916907E-06
     637   2.835001807E-06
     638   2.826128562E-06
     639   2.817296910E-06
     640   2.808506592E-06
     641   3.023759606E-06
     642   3.014354444E-06
     643   3.004993095E-06
     644   2.995675287E-06
     645   2.986400750E-06
     646   2.871703881E-06
     647   2.862840598E-06
     648   2.854018285E-06
     649   2.845236690E-06
     650   2.836495563E-06
     651   3.163845243E-06
     652   3.154155058E-06
     653   3.144509324E-06
     654   3.134907769E-06
     655   3.125350124E-06
     656   3.079074339E-06
     657   3.069715450E-06
     658   3.060399166E-06
     659   3.051125230E-06
     660   3.041893383E-06
     661   3.232445829E-06
     662   3.222694861E-06
     663   3.212987949E-06
     664   3.203324828E-06
     665   3.193705233E-06
     666   3.381621105E-06
     667   3.371496491E-06
     668   3.361417278E-06
     669   3.351383197E-06
     670   3.341393977E-06
     671   3.282444014E-06
     672   3.272689352E-06
     673   3.262978107E-06
     674   3.253310024E-06
     675   3.243684846E-06
     676   3.620685218E-06
     677   3.610004731E-06
     678   3.599371433E-06
     679   3.588785046E-06
     680   3.578245296E-06
     681   3.504881313E-06
     682   3.494618117E-06
     683   3.484399936E-06
     684   3.474226505E-06
     685   3.464097565E-06
     686   3.860587274E-06
     687   3.849364637E-06
     688   3.838190865E-06
     689   3.827065674E-06
     690   3.815988783E-06
     691   3.754388775E-06
     692   3.743553598E-06
     693   3.732765259E-06
     694   3.722023489E-06
     695   3.711328019E-06
     696   3.742731355E-06
     697   3.732007196E-06
     698   3.721329064E-06
     699   3.710696695E-06
     700   3.700109829E-06
     701   4.183774677E-06
     702   4.171872046E-06
     703   4.160020137E-06
     704   4.148218662E-06
     705   4.136467334E-06
     706   3.795287180E-06
     707   3.784566029E-06
     708   3.773890244E-06
     709   3.763259567E-06
     710   3.752673745E-06
     711   4.249762061E-06
     712   4.237841270E-06
     713   4.225970566E-06
     714   4.214149669E-06
     715   4.202378301E-06
     716   4.096002100E-06
     717   4.084592623E-06
     718   4.073230752E-06
     719   4.061916222E-06
     720   4.050648771E-06
     721   4.386633087E-06
     722   4.374498556E-06
     723   4.362414306E-06
     724   4.350380059E-06
     725   4.338395541E-06
     726   4.585100787E-06
     727   4.572504356E-06
     728   4.559959762E-06
     729   4.547466722E-06
     730   4.535024952E-06
     731   4.371126130E-06
     732   4.359199456E-06
     733   4.347321528E-06
     734   4.335492082E-06
     735   4.323710854E-06
     736   4.854652135E-06
     737   4.841495896E-06
     738   4.828393066E-06
     739   4.815343355E-06
     740   4.802346476E-06
     741   4.743663255E-06
     742   4.730894310E-06
     743   4.718176852E-06
     744   4.705510605E-06
     745   4.692895295E-06
     746   5.033972792E-06
     747   5.020512972E-06
     748   5.007107062E-06
     749   4.993754777E-06
     750   4.980455829E-06
     751   5.022789242E-06
     752   5.009448500E-06
     753   4.996160838E-06
     754   4.982925975E-06
     755   4.969743631E-06
     756   4.776725626E-06
     757   4.764122128E-06
     758   4.751568447E-06
     759   4.739064319E-06
     760   4.726609485E-06
     761   5.553891197E-06
     762   5.539333160E-06
     763   5.524832288E-06
     764   5.510388282E-06
     765   5.496000845E-06
     766   5.232717495E-06
     767   5.219090627E-06
     768   5.205516919E-06
     769   5.191996096E-06
     770   5.178527883E-06
     771   5.536929961E-06
     772   5.522604139E-06
     773   5.508333845E-06
     774   5.494118789E-06
     775   5.479958690E-06
     776   5.479693416E-06
     777   5.465606801E-06
     778   5.451574434E-06
     779   5.437596038E-06
     780   5.423671336E-06
     781   5.784068623E-06
     782   5.769294501E-06
     783   5.754576913E-06
     784   5.739915571E-06
     785   5.725310188E-06
     786   5.910037426E-06
     787   5.895037331E-06
     788   5.880094271E-06
     789   5.865207956E-06
     790   5.850378100E-06
     791   5.959961347E-06
     792   5.944929919E-06
     793   5.929955284E-06
     794   5.915037157E-06
     795   5.900175255E-06
     796   6.256844108E-06
     797   6.241162795E-06
     798   6.225540360E-06
     799   6.209976509E-06
     800   6.194470949E-06
     801   6.299845431E-06
     802   6.284154658E-06
     803   6.268522432E-06
     804   6.252948464E-06
     805   6.237432463E-06
     806   6.339928827E-06
     807   6.324235934E-06
     808   6.308601235E-06
     809   6.293024442E-06
     810   6.277505269E-06
     811   6.303681667E-06
     812   6.288174455E-06
     813   6.272724395E-06
     814   6.257331206E-06
     815   6.241994610E-06
     816   6.257783847E-06
     817   6.242483642E-06
     818   6.227239482E-06
     819   6.212051093E-06
     820   6.196918203E-06
     821   6.740826287E-06
     822   6.724445178E-06
     823   6.708123709E-06
     824   6.691861591E-06
     825   6.675658536E-06
     826   6.731276892E-06
     827   6.715017769E-06
     828   6.698817485E-06
     829   6.682675756E-06
     830   6.666592300E-06
     831   7.177632241E-06
     832   7.160399030E-06
     833   7.143227809E-06
     834   7.126118282E-06
     835   7.109070152E-06
     836   6.936158605E-06
     837   6.919604527E-06
     838   6.903109641E-06
     839   6.886673666E-06
     840   6.870296321E-06
     841   6.947205523E-06
     842   6.930723422E-06
     843   6.914299907E-06
     844   6.897934700E-06
     845   6.881627526E-06
     846   7.443844892E-06
     847   7.426288654E-06
     848   7.408794452E-06
     849   7.391361995E-06
     850   7.373990991E-06
     851   7.203681683E-06
     852   7.186791457E-06
     853   7.169960563E-06
     854   7.153188726E-06
     855   7.136475668E-06
     856   7.762726332E-06
     857   7.744631399E-06
     858   7.726599661E-06
     859   7.708630825E-06
     860   7.690724597E-06
     861   7.707627689E-06
     862   7.689765284E-06
     863   7.671964901E-06
     864   7.654226254E-06
     865   7.636549057E-06
     866   8.535571819E-06
     867   8.515904603E-06
     868   8.496305282E-06
     869   8.476773546E-06
     870   8.457309083E-06
     871   9.168901350E-06
     872   9.147895849E-06
     873   9.126962449E-06
     874   9.106100820E-06
     875   9.085310636E-06
     876   8.990332778E-06
     877   8.969853660E-06
     878   8.949444437E-06
     879   8.929104791E-06
     880   8.908834405E-06
     881   9.544004666E-06
     882   9.522387441E-06
     883   9.500843578E-06
     884   9.479372745E-06
     885   9.457974612E-06
     886   9.433343327E-06
     887   9.412097058E-06
     888   9.390922487E-06
     889   9.369819290E-06
     890   9.348787148E-06
     891   9.842595837E-06
     892   9.820551950E-06
     893   9.798582035E-06
     894   9.776685762E-06
     895   9.754862803E-06
     896   9.857115681E-06
     897   9.835162194E-06
     898   9.813281966E-06
     899   9.791474673E-06
     900   9.769739990E-06
     901   9.580801486E-06
     902   9.559581549E-06
     903   9.538432033E-06
     904   9.517352625E-06
     905   9.496343016E-06
     906   1.001974361E-05
     907   9.997673686E-06
     908   9.975676605E-06
     909   9.953752041E-06
     910   9.931899676E-06
     911   9.424659260E-06
     912   9.404013785E-06
     913   9.383436075E-06
     914   9.362925832E-06
     915   9.342482762E-06
     916   1.000952532E-05
     917   9.987718074E-06
     918   9.965982017E-06
     919   9.944316839E-06
     920   9.922722231E-06
     921   1.019406469E-05
     922   1.017197571E-05
     923   1.014995845E-05
     924   1.012801259E-05
     925   1.010613783E-05
     926   1.120814294E-05
     927   1.118398746E-05
     928   1.115990998E-05
     929   1.113591017E-05
     930   1.111198770E-05
     931   1.361200149E-05
     932   1.358282249E-05
     933   1.355373722E-05
     934   1.352474527E-05
     935   1.349584624E-05
     936   1.371518891E-05
     937   1.368594543E-05
     938   1.365679539E-05
     939   1.362773838E-05
     940   1.359877400E-05
     941   1.559103647E-05
     942   1.555796958E-05
     943   1.552500778E-05
     944   1.549215062E-05
     945   1.545939766E-05
     946   1.564332397E-05
     947   1.561032118E-05
     948   1.557742271E-05
     949   1.554462814E-05
     950   1.551193702E-05
     951   1.639642407E-05
     952   1.636201395E-05
     953   1.632771203E-05
     954   1.629351787E-05
     955   1.625943101E-05
     956   1.729857262E-05
     957   1.726245869E-05
     958   1.722645774E-05
     959   1.719056928E-05
     960   1.715479286E-05
     961   1.790366878E-05
     962   1.786648566E-05
     963   1.782941827E-05
     964   1.779246610E-05
     965   1.775562870E-05
     966   2.142971785E-05
     967   2.138544157E-05
     968   2.134130238E-05
     969   2.129729969E-05
     970   2.125343296E-05
     971   2.088247618E-05
     972   2.083955228E-05
     973   2.079676059E-05
     974   2.075410057E-05
     975   2.071157168E-05
     976   2.224094742E-05
     977   2.219546491E-05
     978   2.215012177E-05
     979   2.210491744E-05
     980   2.205985135E-05
     981   1.969815630E-05
     982   1.965807867E-05
     983   1.961812323E-05
     984   1.957828947E-05
     985   1.953857692E-05
     986   1.621301055E-05
     987   1.618019069E-05
     988   1.614747039E-05
     989   1.611484924E-05
     990   1.608232684E-05
     991   1.319264911E-05
     992   1.316607781E-05
     993   1.313958671E-05
     994   1.311317548E-05
     995   1.308684380E-05
     996   8.027648580E-06
     997   8.011561108E-06
     998   7.995521947E-06
     999   7.979530903E-06
    1000   7.963587784E-06
    1001   2.482907617E-06
    1002   2.477956655E-06
    1003   2.473020486E-06
    1004   2.468099053E-06
    1005   2.463192295E-06
    1006  -2.730316282E-06
    1007  -2.724898988E-06
    1008  -2.719497800E-06
    1009  -2.714112656E-06
    1010  -2.708743492E-06
    1011  -6.986955040E-06
    1012  -6.973160459E-06
    1013  -6.959406691E-06
    1014  -6.945693575E-06
    1015  -6.932020949E-06
    1016  -1.004410502E-05
    1017  -1.002437200E-05
    1018  -1.000469708E-05
    1019  -9.985080028E-06
    1020  -9.965520616E-06
    1021  -7.971699828E-06
    1022  -7.956114882E-06
    1023  -7.940575595E-06
    1024  -7.925081789E-06
    1025  -7.909633287E-06
    1026   1.503416815E-06
    1027   1.500491880E-06
    1028   1.497575472E-06
    1029   1.494667558E-06
    1030   1.491768106E-06
    1031   2.163576010E-05
    1032   2.159387092E-05
    1033   2.155210328E-05
    1034   2.151045670E-05
    1035   2.146893073E-05
    1036   5.425814988E-05
    1037   5.415360624E-05
    1038   5.404936446E-05
    1039   5.394542337E-05
    1040   5.384178183E-05
    1041   1.009995014E-04
    1042   1.008058303E-04
    1043   1.006127157E-04
    1044   1.004201554E-04
    1045   1.002281475E-04
    1046   1.521447810E-04
    1047   1.518544284E-04
    1048   1.515649061E-04
    1049   1.512762110E-04
    1050   1.509883400E-04
    1051   2.122042189E-04
    1052   2.118011720E-04
    1053   2.113992722E-04
    1054   2.109985153E-04
    1055   2.105988969E-04
    1056   2.589970738E-04
    1057   2.585074763E-04
    1058   2.580192657E-04
    1059   2.575324369E-04
    1060   2.570469847E-04
    1061   3.064974936E-04
    1062   3.059208285E-04
    1063   3.053457893E-04
    1064   3.047723700E-04
    1065   3.042005644E-04
    1066   3.384777527E-04
    1067   3.378438993E-04
    1068   3.372118246E-04
    1069   3.365815221E-04
    1070   3.359529852E-04
    1071   3.399920498E-04
    1072   3.393583274E-04
    1073   3.387263752E-04
    1074   3.380961866E-04
    1075   3.374677550E-04
    1076   2.888065176E-04
    1077   2.882706985E-04
    1078   2.877363691E-04
    1079   2.872035240E-04
    1080   2.866721576E-04
    1081   1.744857196E-04
    1082   1.741634930E-04
    1083   1.738421581E-04
    1084   1.735217118E-04
    1085   1.732021506E-04
    1086  -7.202992999E-05
    1087  -7.189752203E-05
    1088  -7.176547883E-05
    1089  -7.163379905E-05
    1090  -7.150248136E-05
    1091  -4.531330723E-04
    1092  -4.523039176E-04
    1093  -4.514770366E-04
    1094  -4.506524210E-04
    1095  -4.498300626E-04
    1096  -9.740907940E-04
    1097  -9.723164939E-04
    1098  -9.705470371E-04
    1099  -9.687824061E-04
    1100  -9.670225834E-04
    1101  -1.557186385E-03
    1102  -1.554362838E-03
    1103  -1.551546963E-03
    1104  -1.548738733E-03
    1105  -1.545938121E-03
    1106  -1.945757898E-03
    1107  -1.942245699E-03
    1108  -1.938743002E-03
    1109  -1.935249771E-03
    1110  -1.931765973E-03
    1111  -2.270088734E-03
    1112  -2.266009509E-03
    1113  -2.261941269E-03
    1114  -2.257883975E-03
    1115  -2.253837588E-03
    1116  -2.302017088E-03
    1117  -2.297898989E-03
    1118  -2.293791931E-03
    1119  -2.289695874E-03
    1120  -2.285610779E-03
    1121  -2.238140585E-03
    1122  -2.234154583E-03
    1123  -2.230179219E-03
    1124  -2.226214456E-03
    1125  -2.222260256E-03
    1126  -1.672669067E-03
    1127  -1.669703342E-03
    1128  -1.666745497E-03
    1129  -1.663795505E-03
    1130  -1.660853338E-03
    1131  -6.389917317E-04
    1132  -6.378637674E-04
    1133  -6.367387873E-04
    1134  -6.356167806E-04
    1135  -6.344977370E-04
    1136   1.285786804E-03
    1137   1.283527073E-03
    1138   1.281273294E-03
    1139   1.279025446E-03
    1140   1.276783508E-03
    1141   4.407572053E-03
    1142   4.399859765E-03
    1143   4.392167703E-03
    1144   4.384495794E-03
    1145   4.376843969E-03
    1146   9.088001394E-03
    1147   9.072168639E-03
    1148   9.056377223E-03
    1149   9.040627002E-03
    1150   9.024917832E-03
    1151   1.343311037E-02
    1152   1.340980922E-02
    1153   1.338656865E-02
    1154   1.336338845E-02
    1155   1.334026840E-02
    1156   1.828096030E-02
    1157   1.824938697E-02
    1158   1.821789536E-02
    1159   1.818648519E-02
    1160   1.815515619E-02
    1161   2.082616180E-02
    1162   2.079034724E-02
    1163   2.075462500E-02
    1164   2.071899474E-02
    1165   2.068345616E-02
    1166   2.313917611E-02
    1167   2.309955423E-02
    1168   2.306003404E-02
    1169   2.302061517E-02
    1170   2.298129730E-02
    1171   2.453838082E-02
    1172   2.449654215E-02
    1173   2.445481039E-02
    1174   2.441318518E-02
    1175   2.437166616E-02
    1176   2.317660680E-02
    1177   2.313725772E-02
    1178   2.309800877E-02
    1179   2.305885960E-02
    1180   2.301980988E-02
    1181   2.318228876E-02
    1182   2.314309639E-02
    1183   2.310400332E-02
    1184   2.306500922E-02
    1185   2.302611376E-02
    1186   2.177941078E-02
    1187   2.174274511E-02
    1188   2.170617194E-02
    1189   2.166969098E-02
    1190   2.163330191E-02
    1191   1.799178317E-02
    1192   1.796162091E-02
    1193   1.793153445E-02
    1194   1.790152351E-02
    1195   1.787158785E-02
    1196   1.411504638E-02
    1197   1.409148203E-02
    1198   1.406797664E-02
    1199   1.404453001E-02
    1200   1.402114195E-02
    1201   8.530950157E-03
    1202   8.516767363E-03
    1203   8.502619909E-03
    1204   8.488507677E-03
    1205   8.474430550E-03
    1206   4.269923871E-03
    1207   4.262854461E-03
    1208   4.255802593E-03
    1209   4.248768208E-03
    1210   4.241751250E-03
    1211   8.972872628E-04
    1212   8.958078114E-04
    1213   8.943320160E-04
    1214   8.928598645E-04
    1215   8.913913450E-04
    1216  -1.069252412E-03
    1217  -1.067496661E-03
    1218  -1.065745231E-03
    1219  -1.063998108E-03
    1220  -1.062255277E-03
    1221  -2.183702028E-03
    1222  -2.180130970E-03
    1223  -2.176568664E-03
    1224  -2.173015083E-03
    1225  -2.169470197E-03
    1226  -2.603156839E-03
    1227  -2.598917170E-03
    1228  -2.594687849E-03
    1229  -2.590468845E-03
    1230  -2.586260122E-03
    1231  -2.955072287E-03
    1232  -2.950278983E-03
    1233  -2.945497331E-03
    1234  -2.940727295E-03
    1235  -2.935968836E-03
    1236  -2.740174122E-03
    1237  -2.735747347E-03
    1238  -2.731331290E-03
    1239  -2.726925917E-03
    1240  -2.722531193E-03
    1241  -2.411395916E-03
    1242  -2.407515955E-03
    1243  -2.403645350E-03
    1244  -2.399784073E-03
    1245  -2.395932092E-03
    1246  -1.927353170E-03
    1247  -1.924264463E-03
    1248  -1.921183175E-03
    1249  -1.918109282E-03
    1250  -1.915042760E-03
    1251  -1.206631416E-03
    1252  -1.204705428E-03
    1253  -1.202784048E-03
    1254  -1.200867261E-03
    1255  -1.198955052E-03
    1256  -6.551337406E-04
    1257  -6.540921926E-04
    1258  -6.530531263E-04
    1259  -6.520165341E-04
    1260  -6.509824079E-04
    1261  -1.861647921E-04
    1262  -1.858699943E-04
    1263  -1.855758962E-04
    1264  -1.852824956E-04
    1265  -1.849897902E-04
    1266   8.760253185E-05
    1267   8.746435751E-05
    1268   8.732650982E-05
    1269   8.718898776E-05
    1270   8.705179029E-05
    1271   2.376480239E-04
    1272   2.372746570E-04
    1273   2.369021693E-04
    1274   2.365305581E-04
    1275   2.361598205E-04
    1276   2.911866982E-04
    1277   2.907310069E-04
    1278   2.902763846E-04
    1279   2.898228277E-04
    1280   2.893703330E-04
    1281   2.987526307E-04
    1282   2.982869213E-04
    1283   2.978222999E-04
    1284   2.973587632E-04
    1285   2.968963079E-04
    1286   2.677358043E-04
    1287   2.673200655E-04
    1288   2.669052942E-04
    1289   2.664914876E-04
    1290   2.660786425E-04
    1291   2.349631202E-04
    1292   2.345996815E-04
    1293   2.342370854E-04
    1294   2.338753293E-04
    1295   2.335144106E-04
    1296   1.686336955E-04
    1297   1.683738593E-04
    1298   1.681146232E-04
    1299   1.678559853E-04
    1300   1.675979438E-04
    1301   1.018141609E-04
    1302   1.016578843E-04
    1303   1.015019673E-04
    1304   1.013464088E-04
    1305   1.011912075E-04
    1306   3.884223592E-05
    1307   3.878284412E-05
    1308   3.872358844E-05
    1309   3.866446845E-05
    1310   3.860548376E-05
    1311  -1.085526600E-05
    1312  -1.083873094E-05
    1313  -1.082223364E-05
    1314  -1.080577396E-05
    1315  -1.078935182E-05
    1316  -4.736839321E-05
    1317  -4.729651401E-05
    1318  -4.722479829E-05
    1319  -4.715324557E-05
    1320  -4.708185534E-05
    1321  -6.746506275E-05
    1322  -6.736307475E-05
    1323  -6.726131784E-05
    1324  -6.715979133E-05
    1325  -6.705849451E-05
    1326  -7.879640232E-05
    1327  -7.867773304E-05
    1328  -7.855933164E-05
    1329  -7.844119730E-05
    1330  -7.832332924E-05
    1331  -7.898285440E-05
    1332  -7.886435050E-05
    1333  -7.874611309E-05
    1334  -7.862814138E-05
    1335  -7.851043459E-05
    1336  -7.468454189E-05
    1337  -7.457290580E-05
    1338  -7.446151983E-05
    1339  -7.435038324E-05
    1340  -7.423949527E-05
    1341  -6.625130552E-05
    1342  -6.615264386E-05
    1343  -6.605420243E-05
    1344  -6.595598056E-05
    1345  -6.585797762E-05
    1346  -5.504003497E-05
    1347  -5.495837320E-05
    1348  -5.487689303E-05
    1349  -5.479559393E-05
    1350  -5.471447536E-05
    1351  -4.310207984E-05
    1352  -4.303836649E-05
    1353  -4.297479431E-05
    1354  -4.291136288E-05
    1355  -4.284807178E-05
    1356  -3.236742210E-05
    1357  -3.231975285E-05
    1358  -3.227218883E-05
    1359  -3.222472972E-05
    1360  -3.217737524E-05
    1361  -2.351791529E-05
    1362  -2.348340625E-05
    1363  -2.344897310E-05
    1364  -2.341461563E-05
    1365  -2.338033362E-05
    1366  -1.736085262E-05
    1367  -1.733547126E-05
    1368  -1.731014552E-05
    1369  -1.728487523E-05
    1370  -1.725966024E-05
    1371  -1.414353648E-05
    1372  -1.412293410E-05
    1373  -1.410237669E-05
    1374  -1.408186415E-05
    1375  -1.406139632E-05
    1376  -1.357667923E-05
    1377  -1.355697433E-05
    1378  -1.353731229E-05
    1379  -1.351769300E-05
    1380  -1.349811632E-05
    1381  -1.346092534E-05
    1382  -1.344145907E-05
    1383  -1.342203500E-05
    1384  -1.340265300E-05
    1385  -1.338331295E-05
    1386  -1.464021580E-05
    1387  -1.461912039E-05
    1388  -1.459807054E-05
    1389  -1.457706612E-05
    1390  -1.455610700E-05
    1391  -1.453158992E-05
    1392  -1.451072619E-05
    1393  -1.448990736E-05
    1394  -1.446913330E-05
    1395  -1.444840388E-05
    1396  -1.480144575E-05
    1397  -1.478027058E-05
    1398  -1.475914082E-05
    1399  -1.473805633E-05
    1400  -1.471701699E-05
    1401  -1.416835009E-05
    1402  -1.414815287E-05
    1403  -1.412799881E-05
    1404  -1.410788778E-05
    1405  -1.408781966E-05
    1406  -1.318407517E-05
    1407  -1.316534779E-05
    1408  -1.314666028E-05
    1409  -1.312801254E-05
    1410  -1.310940444E-05
    1411  -1.358241358E-05
    1412  -1.356318865E-05
    1413  -1.354400451E-05
    1414  -1.352486104E-05
    1415  -1.350575813E-05
    1416  -1.406888499E-05
    1417  -1.404904172E-05
    1418  -1.402924039E-05
    1419  -1.400948089E-05
    1420  -1.398976312E-05
    1421  -1.522756792E-05
    1422  -1.520616586E-05
    1423  -1.518480888E-05
    1424  -1.516349687E-05
    1425  -1.514222969E-05
    1426  -1.614103225E-05
    1427  -1.611842576E-05
    1428  -1.609586673E-05
    1429  -1.607335503E-05
    1430  -1.605089052E-05
    1431  -1.588443485E-05
    1432  -1.586226537E-05
    1433  -1.584014227E-05
    1434  -1.581806541E-05
    1435  -1.579603468E-05
    1436  -1.588594202E-05
    1437  -1.586384752E-05
    1438  -1.584179909E-05
    1439  -1.581979659E-05
    1440  -1.579783990E-05
    1441  -1.497683348E-05
    1442  -1.495607557E-05
    1443  -1.493536078E-05
    1444  -1.491468900E-05
    1445  -1.489406011E-05
    1446  -1.411214975E-05
    1447  -1.409265783E-05
    1448  -1.407320627E-05
    1449  -1.405379495E-05
    1450  -1.403442376E-05
    1451  -1.334698494E-05
    1452  -1.332861332E-05
    1453  -1.331027960E-05
    1454  -1.329198368E-05
    1455  -1.327372546E-05
    1456  -1.205455836E-05
    1457  -1.203802261E-05
    1458  -1.202152087E-05
    1459  -1.200505303E-05
    1460  -1.198861901E-05
    1461  -1.218223039E-05
    1462  -1.216557662E-05
    1463  -1.214895698E-05
    1464  -1.213237137E-05
    1465  -1.211581971E-05
    1466  -1.133400039E-05
    1467  -1.131855897E-05
    1468  -1.130314909E-05
    1469  -1.128777065E-05
    1470  -1.127242358E-05
    1471  -1.142508901E-05
    1472  -1.140957633E-05
    1473  -1.139409522E-05
    1474  -1.137864560E-05
    1475  -1.136322738E-05
    1476  -1.115229720E-05
    1477  -1.113720613E-05
    1478  -1.112214568E-05
    1479  -1.110711575E-05
    1480  -1.109211627E-05
    1481  -1.144531263E-05
    1482  -1.142987728E-05
    1483  -1.141447313E-05
    1484  -1.139910010E-05
    1485  -1.138375811E-05
    1486  -1.175007145E-05
    1487  -1.173427834E-05
    1488  -1.171851706E-05
    1489  -1.170278750E-05
    1490  -1.168708960E-05
    1491  -1.128392004E-05
    1492  -1.126880428E-05
    1493  -1.125371886E-05
    1494  -1.123866372E-05
    1495  -1.122363877E-05
    1496  -1.099666941E-05
    1497  -1.098198761E-05
    1498  -1.096733519E-05
    1499  -1.095271208E-05
    1500  -1.093811819E-05
    1501  -1.055940579E-05
    1502  -1.054535469E-05
    1503  -1.053133161E-05
    1504  -1.051733649E-05
    1505  -1.050336924E-05
    1506  -1.010214477E-05
    1507  -1.008874670E-05
    1508  -1.007537527E-05
    1509  -1.006203040E-05
    1510  -1.004871203E-05
    1511  -9.893385882E-06
    1512  -9.880308042E-06
    1513  -9.867256116E-06
    1514  -9.854230036E-06
    1515  -9.841229732E-06
    1516  -9.535957735E-06
    1517  -9.523393891E-06
    1518  -9.510854860E-06
    1519  -9.498340577E-06
    1520  -9.485850977E-06
    1521  -9.608809944E-06
    1522  -9.596191678E-06
    1523  -9.583598251E-06
    1524  -9.571029597E-06
    1525  -9.558485653E-06
    1526  -9.845177071E-06
    1527  -9.832290713E-06
    1528  -9.819429640E-06
    1529  -9.806593784E-06
    1530  -9.793783080E-06
    1531  -9.810058228E-06
    1532  -9.797259718E-06
    1533  -9.784486237E-06
    1534  -9.771737721E-06
    1535  -9.759014104E-06
    1536  -9.649287585E-06
    1537  -9.636739746E-06
    1538  -9.624216368E-06
    1539  -9.611717386E-06
    1540  -9.599242736E-06
    1541  -9.399829274E-06
    1542  -9.387645438E-06
    1543  -9.375485276E-06
    1544  -9.363348725E-06
    1545  -9.351235725E-06
    1546  -9.538590640E-06
    1547  -9.526266879E-06
    1548  -9.513966986E-06
    1549  -9.501690900E-06
    1550  -9.489438558E-06
    1551  -8.982718989E-06
    1552  -8.971150773E-06
    1553  -8.959604891E-06
    1554  -8.948081283E-06
    1555  -8.936579893E-06
    1556  -9.120708998E-06
    1557  -9.109000770E-06
    1558  -9.097315073E-06
    1559  -9.085651849E-06
    1560  -9.074011039E-06
    1561  -8.924337840E-06
    1562  -8.912918342E-06
    1563  -8.901520748E-06
    1564  -8.890145002E-06
    1565  -8.878791050E-06
    1566  -8.986342541E-06
    1567  -8.974880370E-06
    1568  -8.963440114E-06
    1569  -8.952021719E-06
    1570  -8.940625129E-06
    1571  -9.056141745E-06
    1572  -9.044627261E-06
    1573  -9.033134723E-06
    1574  -9.021664075E-06
    1575  -9.010215263E-06
    1576  -9.022772663E-06
    1577  -9.011336956E-06
    1578  -8.999922977E-06
    1579  -8.988530669E-06
    1580  -8.977159979E-06
    1581  -9.031901869E-06
    1582  -9.020490749E-06
    1583  -9.009101240E-06
    1584  -8.997733289E-06
    1585  -8.986386841E-06
    1586  -9.030635938E-06
    1587  -9.019262341E-06
    1588  -9.007910217E-06
    1589  -8.996579512E-06
    1590  -8.985270173E-06
    1591  -8.990709219E-06
    1592  -8.979421449E-06
    1593  -8.968154922E-06
    1594  -8.956909587E-06
    1595  -8.945685390E-06
    1596  -8.598568406E-06
    1597  -8.587806743E-06
    1598  -8.577065271E-06
    1599  -8.566343940E-06
    1600  -8.555642698E-06
    1601  -8.387544261E-06
    1602  -8.377079452E-06
    1603  -8.366634216E-06
    1604  -8.356208503E-06
    1605  -8.345802266E-06
    1606  -8.211089466E-06
    1607  -8.200876668E-06
    1608  -8.190682912E-06
    1609  -8.180508151E-06
    1610  -8.170352337E-06
    1611  -8.096052878E-06
    1612  -8.086014375E-06
    1613  -8.075994530E-06
    1614  -8.065993299E-06
    1615  -8.056010634E-06
    1616  -7.942845660E-06
    1617  -7.933027557E-06
    1618  -7.923227646E-06
    1619  -7.913445884E-06
    1620  -7.903682224E-06
    1621  -7.790764294E-06
    1622  -7.781163845E-06
    1623  -7.771581131E-06
    1624  -7.762016108E-06
    1625  -7.752468733E-06
    1626  -7.956087101E-06
    1627  -7.946313038E-06
    1628  -7.936556975E-06
    1629  -7.926818869E-06
    1630  -7.917098674E-06
    1631  -8.091234337E-06
    1632  -8.081324680E-06
    1633  -8.071433218E-06
    1634  -8.061559905E-06
    1635  -8.051704698E-06
    1636  -7.889018214E-06
    1637  -7.879385713E-06
    1638  -7.869770843E-06
    1639  -7.860173562E-06
    1640  -7.850593825E-06
    1641  -7.933538944E-06
    1642  -7.923881562E-06
    1643  -7.914241804E-06
    1644  -7.904619625E-06
    1645  -7.895014984E-06
    1646  -7.722143819E-06
    1647  -7.712772285E-06
    1648  -7.703417801E-06
    1649  -7.694080325E-06
    1650  -7.684759816E-06
    1651  -7.651819278E-06
    1652  -7.642561179E-06
    1653  -7.633319871E-06
    1654  -7.624095316E-06
    1655  -7.614887471E-06
    1656  -7.403545306E-06
    1657  -7.394614612E-06
    1658  -7.385700067E-06
    1659  -7.376801634E-06
    1660  -7.367919272E-06
    1661  -7.221047696E-06
    1662  -7.212363333E-06
    1663  -7.203694627E-06
    1664  -7.195041541E-06
    1665  -7.186404036E-06
    1666  -7.294537092E-06
    1667  -7.285790645E-06
    1668  -7.277059919E-06
    1669  -7.268344877E-06
    1670  -7.259645482E-06
    1671  -7.290630472E-06
    1672  -7.281914835E-06
    1673  -7.273214818E-06
    1674  -7.264530382E-06
    1675  -7.255861491E-06
    1676  -7.355909794E-06
    1677  -7.347142321E-06
    1678  -7.338390513E-06
    1679  -7.329654334E-06
    1680  -7.320933746E-06
    1681  -7.297868203E-06
    1682  -7.289195751E-06
    1683  -7.280538749E-06
    1684  -7.271897160E-06
    1685  -7.263270948E-06
    1686  -7.147359949E-06
    1687  -7.138891513E-06
    1688  -7.130438119E-06
    1689  -7.121999731E-06
    1690  -7.113576313E-06
    1691  -7.147474315E-06
    1692  -7.139030754E-06
    1693  -7.130602146E-06
    1694  -7.122188456E-06
    1695  -7.113789649E-06
    1696  -6.860940768E-06
    1697  -6.852859565E-06
    1698  -6.844792632E-06
    1699  -6.836739935E-06
    1700  -6.828701440E-06
    1701  -6.801336999E-06
    1702  -6.793349522E-06
    1703  -6.785376107E-06
    1704  -6.777416721E-06
    1705  -6.769471332E-06
    1706  -6.489627213E-06
    1707  -6.482028118E-06
    1708  -6.474442363E-06
    1709  -6.466869916E-06
    1710  -6.459310746E-06
    1711  -6.355319964E-06
    1712  -6.347899859E-06
    1713  -6.340492741E-06
    1714  -6.333098580E-06
    1715  -6.325717347E-06
    1716  -6.470409280E-06
    1717  -6.462876790E-06
    1718  -6.455357445E-06
    1719  -6.447851216E-06
    1720  -6.440358071E-06
    1721  -6.293255260E-06
    1722  -6.285950263E-06
    1723  -6.278657977E-06
    1724  -6.271378374E-06
    1725  -6.264111423E-06
    1726  -6.515275920E-06
    1727  -6.507735092E-06
    1728  -6.500207347E-06
    1729  -6.492692657E-06
    1730  -6.485190990E-06
    1731  -6.318758606E-06
    1732  -6.311466328E-06
    1733  -6.304186667E-06
    1734  -6.296919593E-06
    1735  -6.289665077E-06
    1736  -6.320418274E-06
    1737  -6.313145065E-06
    1738  -6.305884404E-06
    1739  -6.298636261E-06
    1740  -6.291400607E-06
    1741  -6.219335490E-06
    1742  -6.212199133E-06
    1743  -6.205075051E-06
    1744  -6.197963218E-06
    1745  -6.190863603E-06
    1746  -5.861308369E-06
    1747  -5.854602067E-06
    1748  -5.847907267E-06
    1749  -5.841223945E-06
    1750  -5.834552073E-06
    1751  -5.767772296E-06
    1752  -5.761191837E-06
    1753  -5.754622633E-06
    1754  -5.748064658E-06
    1755  -5.741517888E-06
    1756  -5.447991225E-06
    1757  -5.441793283E-06
    1758  -5.435605911E-06
    1759  -5.429429086E-06
    1760  -5.423262784E-06
    1761  -5.427842700E-06
    1762  -5.421685193E-06
    1763  -5.415538157E-06
    1764  -5.409401570E-06
    1765  -5.403275408E-06
    1766  -5.162934948E-06
    1767  -5.157094524E-06
    1768  -5.151264004E-06
    1769  -5.145443367E-06
    1770  -5.139632590E-06
    1771  -5.162345574E-06
    1772  -5.156522285E-06
    1773  -5.150708844E-06
    1774  -5.144905229E-06
    1775  -5.139111416E-06
    1776  -5.243585634E-06
    1777  -5.237687337E-06
    1778  -5.231798987E-06
    1779  -5.225920562E-06
    1780  -5.220052038E-06
    1781  -5.165033787E-06
    1782  -5.159240143E-06
    1783  -5.153456241E-06
    1784  -5.147682061E-06
    1785  -5.141917579E-06
    1786  -5.155306650E-06
    1787  -5.149540088E-06
    1788  -5.143783196E-06
    1789  -5.138035952E-06
    1790  -5.132298335E-06
    1791  -4.979760983E-06
    1792  -4.974206314E-06
    1793  -4.968660933E-06
    1794  -4.963124821E-06
    1795  -4.957597956E-06
    1796  -4.890423306E-06
    1797  -4.884983458E-06
    1798  -4.879552682E-06
    1799  -4.874130956E-06
    1800  -4.868718262E-06
    1801  -4.715216496E-06
    1802  -4.709986084E-06
    1803  -4.704764369E-06
    1804  -4.699551334E-06
    1805  -4.694346958E-06
    1806  -4.495618768E-06
    1807  -4.490645738E-06
    1808  -4.485680956E-06
    1809  -4.480724402E-06
    1810  -4.475776060E-06
    1811  -4.447266639E-06
    1812  -4.442360663E-06
    1813  -4.437462802E-06
    1814  -4.432573035E-06
    1815  -4.427691347E-06
    1816  -4.322145020E-06
    1817  -4.317390185E-06
    1818  -4.312643192E-06
    1819  -4.307904023E-06
    1820  -4.303172662E-06
    1821  -4.415762296E-06
    1822  -4.410917796E-06
    1823  -4.406081263E-06
    1824  -4.401252681E-06
    1825  -4.396432032E-06
    1826  -4.301220777E-06
    1827  -4.296514846E-06
    1828  -4.291816634E-06
    1829  -4.287126124E-06
    1830  -4.282443300E-06
    1831  -4.243002847E-06
    1832  -4.238373275E-06
    1833  -4.233751276E-06
    1834  -4.229136833E-06
    1835  -4.224529930E-06
    1836  -4.243860592E-06
    1837  -4.239242681E-06
    1838  -4.234632303E-06
    1839  -4.230029441E-06
    1840  -4.225434081E-06
    1841  -4.144807937E-06
    1842  -4.140310044E-06
    1843  -4.135819469E-06
    1844  -4.131336196E-06
    1845  -4.126860209E-06
    1846  -3.981053961E-06
    1847  -3.976745461E-06
    1848  -3.972443951E-06
    1849  -3.968149417E-06
    1850  -3.963861843E-06
    1851  -3.711772631E-06
    1852  -3.707766401E-06
    1853  -3.703766653E-06
    1854  -3.699773373E-06
    1855  -3.695786548E-06
    1856  -3.509894247E-06
    1857  -3.506116105E-06
    1858  -3.502344060E-06
    1859  -3.498578098E-06
    1860  -3.494818208E-06
    1861  -3.427205816E-06
    1862  -3.423526583E-06
    1863  -3.419853271E-06
    1864  -3.416185868E-06
    1865  -3.412524361E-06
    1866  -3.343827176E-06
    1867  -3.340247061E-06
    1868  -3.336672693E-06
    1869  -3.333104059E-06
    1870  -3.329541147E-06
    1871  -3.364787004E-06
    1872  -3.361194066E-06
    1873  -3.357606879E-06
    1874  -3.354025432E-06
    1875  -3.350449712E-06
    1876  -3.249464370E-06
    1877  -3.246003811E-06
    1878  -3.242548778E-06
    1879  -3.239099258E-06
    1880  -3.235655239E-06
    1881  -3.294998462E-06
    1882  -3.291498729E-06
    1883  -3.288004569E-06
    1884  -3.284515970E-06
    1885  -3.281032920E-06
    1886  -3.194642500E-06
    1887  -3.191258345E-06
    1888  -3.187879564E-06
    1889  -3.184506147E-06
    1890  -3.181138081E-06
    1891  -3.110742403E-06
    1892  -3.107455829E-06
    1893  -3.104174461E-06
    1894  -3.100898287E-06
    1895  -3.097627298E-06
    1896  -3.050719834E-06
    1897  -3.047505167E-06
    1898  -3.044295577E-06
    1899  -3.041091055E-06
    1900  -3.037891591E-06
    1901  -2.789015925E-06
    1902  -2.786084747E-06
    1903  -2.783158188E-06
    1904  -2.780236237E-06
    1905  -2.777318885E-06
    1906  -2.732825239E-06
    1907  -2.729960642E-06
    1908  -2.727100547E-06
    1909  -2.724244944E-06
    1910  -2.721393825E-06
    1911  -2.610622528E-06
    1912  -2.607893179E-06
    1913  -2.605168108E-06
    1914  -2.602447306E-06
    1915  -2.599730764E-06
    1916  -2.563309495E-06
    1917  -2.560636596E-06
    1918  -2.557967877E-06
    1919  -2.555303327E-06
    1920  -2.552642938E-06
    1921  -2.518519364E-06
    1922  -2.515899999E-06
    1923  -2.513284719E-06
    1924  -2.510673514E-06
    1925  -2.508066376E-06
    1926  -2.504069512E-06
    1927  -2.501471930E-06
    1928  -2.498878387E-06
    1929  -2.496288876E-06
    1930  -2.493703388E-06
    1931  -2.531960814E-06
    1932  -2.529341092E-06
    1933  -2.526725435E-06
    1934  -2.524113832E-06
    1935  -2.521506276E-06
    1936  -2.428565112E-06
    1937  -2.426058853E-06
    1938  -2.423556471E-06
    1939  -2.421057959E-06
    1940  -2.418563309E-06
    1941  -2.333797601E-06
    1942  -2.331395339E-06
    1943  -2.328996784E-06
    1944  -2.326601929E-06
    1945  -2.324210765E-06
    1946  -2.235937500E-06
    1947  -2.233641876E-06
    1948  -2.231349786E-06
    1949  -2.229061222E-06
    1950  -2.226776178E-06
    1951  -2.038119737E-06
    1952  -2.036032569E-06
    1953  -2.033948605E-06
    1954  -2.031867839E-06
    1955  -2.029790265E-06
    1956  -1.977145547E-06
    1957  -1.975125991E-06
    1958  -1.973109527E-06
    1959  -1.971096150E-06
    1960  -1.969085853E-06
    1961  -1.800239272E-06
    1962  -1.798405100E-06
    1963  -1.796573730E-06
    1964  -1.794745157E-06
    1965  -1.792919373E-06
    1966  -1.785433297E-06
    1967  -1.783618832E-06
    1968  -1.781807132E-06
    1969  -1.779998190E-06
    1970  -1.778192003E-06
    1971  -1.769839767E-06
    1972  -1.768045708E-06
    1973  -1.766254375E-06
    1974  -1.764465763E-06
    1975  -1.762679866E-06
    1976  -1.721130297E-06
    1977  -1.719390023E-06
    1978  -1.717652388E-06
    1979  -1.715917386E-06
    1980  -1.714185011E-06
    1981  -1.723384814E-06
    1982  -1.721646654E-06
    1983  -1.719911123E-06
    1984  -1.718178216E-06
    1985  -1.716447925E-06
    1986  -1.642648279E-06
    1987  -1.640995716E-06
    1988  -1.639345645E-06
    1989  -1.637698061E-06
    1990  -1.636052960E-06
    1991  -1.641856258E-06
    1992  -1.640208635E-06
    1993  -1.638563491E-06
    1994  -1.636920821E-06
    1995  -1.635280619E-06
    1996  -1.532239199E-06
    1997  -1.530705426E-06
    1998  -1.529173955E-06
    1999  -1.527644781E-06
    2000  -1.526117900E-06
    2001  -1.406902045E-06
    2002  -1.405497250E-06
    2003  -1.404094559E-06
    2004  -1.402693965E-06
    2005  -1.401295467E-06
    2006  -1.339580351E-06
    2007  -1.338246107E-06
    2008  -1.336913856E-06
    2009  -1.335583594E-06
    2010  -1.334255316E-06
    2011  -1.260037569E-06
    2012  -1.258785668E-06
    2013  -1.257535633E-06
    2014  -1.256287459E-06
    2015  -1.255041142E-06
    2016  -1.248428420E-06
    2017  -1.247191127E-06
    2018  -1.245955673E-06
    2019  -1.244722053E-06
    2020  -1.243490265E-06
    2021  -1.211802555E-06
    2022  -1.210604530E-06
    2023  -1.209408280E-06
    2024  -1.208213803E-06
    2025  -1.207021094E-06
    2026  -1.186731630E-06
    2027  -1.185561283E-06
    2028  -1.184392667E-06
    2029  -1.183225777E-06
    2030  -1.182060612E-06
    2031  -1.192001786E-06
    2032  -1.190829133E-06
    2033  -1.189658210E-06
    2034  -1.188489013E-06
    2035  -1.187321538E-06
    2036  -1.125103786E-06
    2037  -1.123999661E-06
    2038  -1.122897160E-06
    2039  -1.121796280E-06
    2040  -1.120697019E-06
    2041  -1.105288799E-06
    2042  -1.104206774E-06
    2043  -1.103126337E-06
    2044  -1.102047485E-06
    2045  -1.100970215E-06
    2046  -1.007061314E-06
    2047  -1.006077855E-06
    2048  -1.005095837E-06
    2049  -1.004115256E-06
    2050  -1.003136109E-06
    2051  -9.290208895E-07
    2052  -9.281158521E-07
    2053  -9.272121366E-07
    2054  -9.263097403E-07
    2055  -9.254086608E-07
    2056  -8.631940180E-07
    2057  -8.623551512E-07
    2058  -8.615175065E-07
    2059  -8.606810818E-07
    2060  -8.598458745E-07
    2061  -8.058463454E-07
    2062  -8.050651080E-07
    2063  -8.042850062E-07
    2064  -8.035060376E-07
    2065  -8.027282002E-07
    2066  -7.777823511E-07
    2067  -7.770301438E-07
    2068  -7.762790272E-07
    2069  -7.755289991E-07
    2070  -7.747800576E-07
    2071  -7.437563514E-07
    2072  -7.430387862E-07
    2073  -7.423222589E-07
    2074  -7.416067676E-07
    2075  -7.408923102E-07
    2076  -7.484036178E-07
    2077  -7.476833063E-07
    2078  -7.469640342E-07
    2079  -7.462457996E-07
    2080  -7.455286003E-07
    2081  -7.329163533E-07
    2082  -7.322126410E-07
    2083  -7.315099418E-07
    2084  -7.308082536E-07
    2085  -7.301075745E-07
    2086  -7.166249726E-07
    2087  -7.159385502E-07
    2088  -7.152531136E-07
    2089  -7.145686609E-07
    2090  -7.138851901E-07
    2091  -6.705473967E-07
    2092  -6.699066443E-07
    2093  -6.692668099E-07
    2094  -6.686278917E-07
    2095  -6.679898880E-07
    2096  -6.376011221E-07
    2097  -6.369933041E-07
    2098  -6.363863548E-07
    2099  -6.357802725E-07
    2100  -6.351750557E-07
    2101  -5.944085526E-07
    2102  -5.938432568E-07
    2103  -5.932787670E-07
    2104  -5.927150817E-07
    2105  -5.921521994E-07
    2106  -5.356991314E-07
    2107  -5.351908780E-07
    2108  -5.346833475E-07
    2109  -5.341765387E-07
    2110  -5.336704500E-07
    2111  -5.162705559E-07
    2112  -5.157818947E-07
    2113  -5.152939270E-07
    2114  -5.148066514E-07
    2115  -5.143200667E-07
    2116  -4.977694732E-07
    2117  -4.972994359E-07
    2118  -4.968300641E-07
    2119  -4.963613565E-07
    2120  -4.958933118E-07
    2121  -4.898971469E-07
    2122  -4.894356328E-07
    2123  -4.889747706E-07
    2124  -4.885145591E-07
    2125  -4.880549970E-07
    2126  -4.770004737E-07
    2127  -4.765521650E-07
    2128  -4.761044880E-07
    2129  -4.756574415E-07
    2130  -4.752110244E-07
    2131  -4.691516673E-07
    2132  -4.687117689E-07
    2133  -4.682724889E-07
    2134  -4.678338261E-07
    2135  -4.673957795E-07
    2136  -4.608229153E-07
    2137  -4.603918368E-07
    2138  -4.599613629E-07
    2139  -4.595314925E-07
    2140  -4.591022244E-07
    2141  -4.332093608E-07
    2142  -4.328050591E-07
    2143  -4.324013230E-07
    2144  -4.319981516E-07
    2145  -4.315955438E-07
    2146  -4.026107320E-07
    2147  -4.022358617E-07
    2148  -4.018615146E-07
    2149  -4.014876900E-07
    2150  -4.011143867E-07
    2151  -3.603918685E-07
    2152  -3.600570874E-07
    2153  -3.597227726E-07
    2154  -3.593889231E-07
    2155  -3.590555382E-07
    2156  -3.271766791E-07
    2157  -3.268734570E-07
    2158  -3.265706562E-07
    2159  -3.262682759E-07
    2160  -3.259663155E-07
    2161  -3.153538147E-07
    2162  -3.150622254E-07
    2163  -3.147710403E-07
    2164  -3.144802588E-07
    2165  -3.141898799E-07
    2166  -2.926491073E-07
    2167  -2.923791358E-07
    2168  -2.921095377E-07
    2169  -2.918403123E-07
    2170  -2.915714590E-07
    2171  -2.862338494E-07
    2172  -2.859704036E-07
    2173  -2.857073214E-07
    2174  -2.854446020E-07
    2175  -2.851822448E-07
    2176  -2.776006244E-07
    2177  -2.773457111E-07
    2178  -2.770911487E-07
    2179  -2.768369367E-07
    2180  -2.765830743E-07
    2181  -2.771391644E-07
    2182  -2.768852577E-07
    2183  -2.766316998E-07
    2184  -2.763784900E-07
    2185  -2.761256277E-07
    2186  -2.703246121E-07
    2187  -2.700775147E-07
    2188  -2.698307559E-07
    2189  -2.695843351E-07
    2190  -2.693382517E-07
    2191  -2.545691953E-07
    2192  -2.543370301E-07
    2193  -2.541051823E-07
    2194  -2.538736514E-07
    2195  -2.536424367E-07
    2196  -2.461595874E-07
    2197  -2.459356024E-07
    2198  -2.457119229E-07
    2199  -2.454885484E-07
    2200  -2.452654784E-07
    2201  -2.242667888E-07
    2202  -2.240631876E-07
    2203  -2.238598635E-07
    2204  -2.236568160E-07
    2205  -2.234540446E-07
    2206  -2.127280334E-07
    2207  -2.125353449E-07
    2208  -2.123429182E-07
    2209  -2.121507526E-07
    2210  -2.119588479E-07
    2211  -1.998679760E-07
    2212  -1.996873452E-07
    2213  -1.995069592E-07
    2214  -1.993268175E-07
    2215  -1.991469196E-07
    2216  -1.912117462E-07
    2217  -1.910393280E-07
    2218  -1.908671430E-07
    2219  -1.906951906E-07
    2220  -1.905234705E-07
    2221  -1.938559985E-07
    2222  -1.936815891E-07
    2223  -1.935074151E-07
    2224  -1.933334758E-07
    2225  -1.931597710E-07
    2226  -1.868775223E-07
    2227  -1.867097687E-07
    2228  -1.865422408E-07
    2229  -1.863749384E-07
    2230  -1.862078609E-07
    2231  -1.885586478E-07
    2232  -1.883897641E-07
    2233  -1.882211072E-07
    2234  -1.880526766E-07
    2235  -1.878844721E-07
    2236  -1.842959144E-07
    2237  -1.841312175E-07
    2238  -1.839667412E-07
    2239  -1.838024851E-07
    2240  -1.836384490E-07
    2241  -1.766800652E-07
    2242  -1.765225261E-07
    2243  -1.763651977E-07
    2244  -1.762080795E-07
    2245  -1.760511711E-07
    2246  -1.778746458E-07
    2247  -1.777163943E-07
    2248  -1.775583539E-07
    2249  -1.774005243E-07
    2250  -1.772429050E-07
    2251  -1.673065269E-07
    2252  -1.671580080E-07
    2253  -1.670096868E-07
    2254  -1.668615629E-07
    2255  -1.667136360E-07
    2256  -1.650351253E-07
    2257  -1.648889471E-07
    2258  -1.647429631E-07
    2259  -1.645971729E-07
    2260  -1.644515761E-07
    2261  -1.595934317E-07
    2262  -1.594523858E-07
    2263  -1.593115268E-07
    2264  -1.591708543E-07
    2265  -1.590303681E-07
    2266  -1.584990196E-07
    2267  -1.583592497E-07
    2268  -1.582196647E-07
    2269  -1.580802641E-07
    2270  -1.579410476E-07
    2271  -1.597955509E-07
    2272  -1.596549477E-07
    2273  -1.595145299E-07
    2274  -1.593742974E-07
    2275  -1.592342497E-07
    2276  -1.548560931E-07
    2277  -1.547201352E-07
    2278  -1.545843562E-07
    2279  -1.544487559E-07
    2280  -1.543133339E-07
    2281  -1.585540892E-07
    2282  -1.584151894E-07
    2283  -1.582764721E-07
    2284  -1.581379369E-07
    2285  -1.579995835E-07
    2286  -1.574480963E-07
    2287  -1.573104669E-07
    2288  -1.571730178E-07
    2289  -1.570357488E-07
    2290  -1.568986595E-07
    2291  -1.577916344E-07
    2292  -1.576540054E-07
    2293  -1.575165564E-07
    2294  -1.573792870E-07
    2295  -1.572421971E-07
    2296  -1.576988887E-07
    2297  -1.575616399E-07
    2298  -1.574245702E-07
    2299  -1.572876793E-07
    2300  -1.571509668E-07
    2301  -1.551609818E-07
    2302  -1.550262350E-07
    2303  -1.548916636E-07
    2304  -1.547572674E-07
    2305  -1.546230460E-07
    2306  -1.607699101E-07
    2307  -1.606305948E-07
    2308  -1.604914605E-07
    2309  -1.603525068E-07
    2310  -1.602137335E-07
    2311  -1.584211096E-07
    2312  -1.582841264E-07
    2313  -1.581473208E-07
    2314  -1.580106924E-07
    2315  -1.578742410E-07
    2316  -1.600820915E-07
    2317  -1.599439706E-07
    2318  -1.598060284E-07
    2319  -1.596682646E-07
    2320  -1.595306788E-07
    2321  -1.591466555E-07
    2322  -1.590096373E-07
    2323  -1.588727960E-07
    2324  -1.587361312E-07
    2325  -1.585996427E-07
    2326  -1.596756712E-07
    2327  -1.595384928E-07
    2328  -1.594014911E-07
    2329  -1.592646658E-07
    2330  -1.591280166E-07
    2331  -1.631366572E-07
    2332  -1.629968058E-07
    2333  -1.628571341E-07
    2334  -1.627176419E-07
    2335  -1.625783289E-07
    2336  -1.621047790E-07
    2337  -1.619661094E-07
    2338  -1.618276176E-07
    2339  -1.616893034E-07
    2340  -1.615511665E-07
    2341  -1.665369460E-07
    2342  -1.663947889E-07
    2343  -1.662528139E-07
    2344  -1.661110204E-07
    2345  -1.659694083E-07
    2346  -1.691496540E-07
    2347  -1.690055742E-07
    2348  -1.688616784E-07
    2349  -1.687179664E-07
    2350  -1.685744377E-07
    2351  -1.757381055E-07
    2352  -1.755887319E-07
    2353  -1.754395486E-07
    2354  -1.752905553E-07
    2355  -1.751417518E-07
    2356  -1.768214600E-07
    2357  -1.766714842E-07
    2358  -1.765216992E-07
    2359  -1.763721045E-07
    2360  -1.762226999E-07
    2361  -1.797261182E-07
    2362  -1.795740013E-07
    2363  -1.794220774E-07
    2364  -1.792703463E-07
    2365  -1.791188075E-07
    2366  -1.845122973E-07
    2367  -1.843564592E-07
    2368  -1.842008184E-07
    2369  -1.840453747E-07
    2370  -1.838901277E-07
    2371  -1.839628114E-07
    2372  -1.838077648E-07
    2373  -1.836529141E-07
    2374  -1.834982590E-07
    2375  -1.833437992E-07
    2376  -1.849199307E-07
    2377  -1.847644051E-07
    2378  -1.846090756E-07
    2379  -1.844539419E-07
    2380  -1.842990037E-07
    2381  -1.871604311E-07
    2382  -1.870033515E-07
    2383  -1.868464694E-07
    2384  -1.866897848E-07
    2385  -1.865332971E-07
    2386  -1.871057181E-07
    2387  -1.869490132E-07
    2388  -1.867925050E-07
    2389  -1.866361933E-07
    2390  -1.864800777E-07
    2391  -1.941326428E-07
    2392  -1.939703923E-07
    2393  -1.938083452E-07
    2394  -1.936465011E-07
    2395  -1.934848596E-07
    2396  -1.947468370E-07
    2397  -1.945844126E-07
    2398  -1.944221913E-07
    2399  -1.942601728E-07
    2400  -1.940983568E-07
    2401  -2.034853656E-07
    2402  -2.033160062E-07
    2403  -2.031468581E-07
    2404  -2.029779210E-07
    2405  -2.028091946E-07
    2406  -2.063807450E-07
    2407  -2.062093324E-07
    2408  -2.060381333E-07
    2409  -2.058671473E-07
    2410  -2.056963741E-07
    2411  -2.114881154E-07
    2412  -2.113128248E-07
    2413  -2.111377520E-07
    2414  -2.109628968E-07
    2415  -2.107882586E-07
    2416  -2.145009288E-07
    2417  -2.143235087E-07
    2418  -2.141463086E-07
    2419  -2.139693282E-07
    2420  -2.137925671E-07
    2421  -2.115101114E-07
    2422  -2.113355261E-07
    2423  -2.111611569E-07
    2424  -2.109870033E-07
    2425  -2.108130652E-07
    2426  -2.173555932E-07
    2427  -2.171765523E-07
    2428  -2.169977326E-07
    2429  -2.168191336E-07
    2430  -2.166407551E-07
    2431  -2.144594748E-07
    2432  -2.142831826E-07
    2433  -2.141071077E-07
    2434  -2.139312497E-07
    2435  -2.137556083E-07
    2436  -2.208494155E-07
    2437  -2.206682429E-07
    2438  -2.204872931E-07
    2439  -2.203065659E-07
    2440  -2.201260607E-07
    2441  -2.220720086E-07
    2442  -2.218902059E-07
    2443  -2.217086263E-07
    2444  -2.215272696E-07
    2445  -2.213461353E-07
    2446  -2.230689283E-07
    2447  -2.228866824E-07
    2448  -2.227046598E-07
    2449  -2.225228601E-07
    2450  -2.223412829E-07
    2451  -2.314031208E-07
    2452  -2.312144513E-07
    2453  -2.310260124E-07
    2454  -2.308378039E-07
    2455  -2.306498252E-07
    2456  -2.341500687E-07
    2457  -2.339595479E-07
    2458  -2.337692595E-07
    2459  -2.335792032E-07
    2460  -2.333893786E-07
    2461  -2.392322521E-07
    2462  -2.390379912E-07
    2463  -2.388439669E-07
    2464  -2.386501786E-07
    2465  -2.384566262E-07
    2466  -2.400868924E-07
    2467  -2.398923325E-07
    2468  -2.396980090E-07
    2469  -2.395039216E-07
    2470  -2.393100698E-07
    2471  -2.394755732E-07
    2472  -2.392819010E-07
    2473  -2.390884638E-07
    2474  -2.388952610E-07
    2475  -2.387022923E-07
    2476  -2.440644097E-07
    2477  -2.438674247E-07
    2478  -2.436706780E-07
    2479  -2.434741694E-07
    2480  -2.432778984E-07
    2481  -2.404629437E-07
    2482  -2.402692563E-07
    2483  -2.400758028E-07
    2484  -2.398825828E-07
    2485  -2.396895961E-07
    2486  -2.455391905E-07
    2487  -2.453418118E-07
    2488  -2.451446709E-07
    2489  -2.449477675E-07
    2490  -2.447511013E-07
    2491  -2.460159463E-07
    2492  -2.458185809E-07
    2493  -2.456214529E-07
    2494  -2.454245620E-07
    2495  -2.452279077E-07
    2496  -2.492604468E-07
    2497  -2.490608787E-07
    2498  -2.488615503E-07
    2499  -2.486624611E-07
    2500  -2.484636106E-07
    2501  -2.520310662E-07
    2502  -2.518296830E-07
    2503  -2.516285410E-07
    2504  -2.514276400E-07
    2505  -2.512269795E-07
    2506  -2.500667817E-07
    2507  -2.498673664E-07
    2508  -2.496681896E-07
    2509  -2.494692508E-07
    2510  -2.492705497E-07
    2511  -2.595683213E-07
    2512  -2.593617408E-07
    2513  -2.591554069E-07
    2514  -2.589493191E-07
    2515  -2.587434770E-07
    2516  -2.571977250E-07
    2517  -2.569934377E-07
    2518  -2.567893937E-07
    2519  -2.565855926E-07
    2520  -2.563820340E-07
    2521  -2.610750920E-07
    2522  -2.608681359E-07
    2523  -2.606614258E-07
    2524  -2.604549613E-07
    2525  -2.602487420E-07
    2526  -2.560258797E-07
    2527  -2.558233276E-07
    2528  -2.556210157E-07
    2529  -2.554189438E-07
    2530  -2.552171113E-07
    2531  -2.557269107E-07
    2532  -2.555249945E-07
    2533  -2.553233173E-07
    2534  -2.551218788E-07
    2535  -2.549206786E-07
    2536  -2.597683175E-07
    2537  -2.595636143E-07
    2538  -2.593591530E-07
    2539  -2.591549332E-07
    2540  -2.589509545E-07
    2541  -2.578180232E-07
    2542  -2.576152564E-07
    2543  -2.574127287E-07
    2544  -2.572104397E-07
    2545  -2.570083891E-07
    2546  -2.597097880E-07
    2547  -2.595059342E-07
    2548  -2.593023203E-07
    2549  -2.590989459E-07
    2550  -2.588958107E-07
    2551  -2.571659763E-07
    2552  -2.569645145E-07
    2553  -2.567632893E-07
    2554  -2.565623005E-07
    2555  -2.563615475E-07
    2556  -2.596501605E-07
    2557  -2.594471502E-07
    2558  -2.592443779E-07
    2559  -2.590418433E-07
    2560  -2.588395458E-07
    2561  -2.583444138E-07
    2562  -2.581428185E-07
    2563  -2.579414590E-07
    2564  -2.577403351E-07
    2565  -2.575394463E-07
    2566  -2.576569086E-07
    2567  -2.574562412E-07
    2568  -2.572558082E-07
    2569  -2.570556091E-07
    2570  -2.568556437E-07
    2571  -2.606311214E-07
    2572  -2.604285321E-07
    2573  -2.602261789E-07
    2574  -2.600240615E-07
    2575  -2.598221794E-07
    2576  -2.564222998E-07
    2577  -2.562233686E-07
    2578  -2.560246688E-07
    2579  -2.558262001E-07
    2580  -2.556279621E-07
    2581  -2.605981345E-07
    2582  -2.603963551E-07
    2583  -2.601948099E-07
    2584  -2.599934987E-07
    2585  -2.597924209E-07
    2586  -2.594021169E-07
    2587  -2.592016516E-07
    2588  -2.590014186E-07
    2589  -2.588014175E-07
    2590  -2.586016479E-07
    2591  -2.572082879E-07
    2592  -2.570099013E-07
    2593  -2.568117441E-07
    2594  -2.566138159E-07
    2595  -2.564161165E-07
    2596  -2.585375407E-07
    2597  -2.583385126E-07
    2598  -2.581397142E-07
    2599  -2.579411452E-07
    2600  -2.577428052E-07
    2601  -2.523009069E-07
    2602  -2.521070530E-07
    2603  -2.519134224E-07
    2604  -2.517200147E-07
    2605  -2.515268298E-07
    2606  -2.573799137E-07
    2607  -2.571825364E-07
    2608  -2.569853862E-07
    2609  -2.567884625E-07
    2610  -2.565917651E-07
    2611  -2.516785466E-07
    2612  -2.514859109E-07
    2613  -2.512934963E-07
    2614  -2.511013024E-07
    2615  -2.509093289E-07
    2616  -2.549537285E-07
    2617  -2.547589586E-07
    2618  -2.545644119E-07
    2619  -2.543700879E-07
    2620  -2.541759864E-07
    2621  -2.509919076E-07
    2622  -2.508005298E-07
    2623  -2.506093709E-07
    2624  -2.504184304E-07
    2625  -2.502277081E-07
    2626  -2.529721422E-07
    2627  -2.527796216E-07
    2628  -2.525873206E-07
    2629  -2.523952390E-07
    2630  -2.522033764E-07
    2631  -2.536860194E-07
    2632  -2.534933221E-07
    2633  -2.533008442E-07
    2634  -2.531085855E-07
    2635  -2.529165456E-07
    2636  -2.494000173E-07
    2637  -2.492109347E-07
    2638  -2.490220670E-07
    2639  -2.488334139E-07
    2640  -2.486449751E-07
    2641  -2.506052373E-07
    2642  -2.504156004E-07
    2643  -2.502261786E-07
    2644  -2.500369716E-07
    2645  -2.498479792E-07
    2646  -2.463957679E-07
    2647  -2.462096683E-07
    2648  -2.460237796E-07
    2649  -2.458381013E-07
    2650  -2.456526331E-07
    2651  -2.422292029E-07
    2652  -2.420465951E-07
    2653  -2.418641938E-07
    2654  -2.416819985E-07
    2655  -2.415000090E-07
    2656  -2.434944613E-07
    2657  -2.433112450E-07
    2658  -2.431282354E-07
    2659  -2.429454323E-07
    2660  -2.427628352E-07
    2661  -2.359675455E-07
    2662  -2.357903262E-07
    2663  -2.356133064E-07
    2664  -2.354364859E-07
    2665  -2.352598644E-07
    2666  -2.423524414E-07
    2667  -2.421707679E-07
    2668  -2.419892986E-07
    2669  -2.418080332E-07
    2670  -2.416269714E-07
    2671  -2.394536186E-07
    2672  -2.392744539E-07
    2673  -2.390954902E-07
    2674  -2.389167272E-07
    2675  -2.387381646E-07
    2676  -2.353438433E-07
    2677  -2.351680824E-07
    2678  -2.349925183E-07
    2679  -2.348171508E-07
    2680  -2.346419795E-07
    2681  -2.372716761E-07
    2682  -2.370948056E-07
    2683  -2.369181329E-07
    2684  -2.367416576E-07
    2685  -2.365653793E-07
    2686  -2.314607966E-07
    2687  -2.312885787E-07
    2688  -2.311165530E-07
    2689  -2.309447191E-07
    2690  -2.307730768E-07
    2691  -2.350172261E-07
    2692  -2.348426868E-07
    2693  -2.346683418E-07
    2694  -2.344941909E-07
    2695  -2.343202338E-07
    2696  -2.262772218E-07
    2697  -2.261094848E-07
    2698  -2.259419343E-07
    2699  -2.257745699E-07
    2700  -2.256073914E-07
    2701  -2.246268045E-07
    2702  -2.244605990E-07
    2703  -2.242945778E-07
    2704  -2.241287408E-07
    2705  -2.239630876E-07
    2706  -2.211450924E-07
    2707  -2.209817652E-07
    2708  -2.208186188E-07
    2709  -2.206556530E-07
    2710  -2.204928676E-07
    2711  -2.151318518E-07
    2712  -2.149732585E-07
    2713  -2.148148405E-07
    2714  -2.146565975E-07
    2715  -2.144985293E-07
    2716  -2.189231061E-07
    2717  -2.187620148E-07
    2718  -2.186011012E-07
    2719  -2.184403651E-07
    2720  -2.182798062E-07
    2721  -2.109969750E-07
    2722  -2.108420011E-07
    2723  -2.106871979E-07
    2724  -2.105325651E-07
    2725  -2.103781025E-07
    2726  -2.135433603E-07
    2727  -2.133868036E-07
    2728  -2.132304190E-07
    2729  -2.130742062E-07
    2730  -2.129181651E-07
    2731  -2.146178575E-07
    2732  -2.144608009E-07
    2733  -2.143039166E-07
    2734  -2.141472045E-07
    2735  -2.139906641E-07
    2736  -2.066018956E-07
    2737  -2.064509811E-07
    2738  -2.063002320E-07
    2739  -2.061496479E-07
    2740  -2.059992286E-07
    2741  -2.096931061E-07
    2742  -2.095402128E-07
    2743  -2.093874867E-07
    2744  -2.092349275E-07
    2745  -2.090825350E-07
    2746  -1.995411384E-07
    2747  -1.993959119E-07
    2748  -1.992508440E-07
    2749  -1.991059343E-07
    2750  -1.989611826E-07
    2751  -1.994392643E-07
    2752  -1.992943756E-07
    2753  -1.991496448E-07
    2754  -1.990050715E-07
    2755  -1.988606556E-07
    2756  -1.944133304E-07
    2757  -1.942723490E-07
    2758  -1.941315209E-07
    2759  -1.939908459E-07
    2760  -1.938503237E-07
    2761  -1.895119791E-07
    2762  -1.893748007E-07
    2763  -1.892377712E-07
    2764  -1.891008903E-07
    2765  -1.889641579E-07
    2766  -1.900957218E-07
    2767  -1.899583694E-07
    2768  -1.898211659E-07
    2769  -1.896841109E-07
    2770  -1.895472042E-07
    2771  -1.846223226E-07
    2772  -1.844891655E-07
    2773  -1.843561524E-07
    2774  -1.842232831E-07
    2775  -1.840905574E-07
    2776  -1.886344537E-07
    2777  -1.884986478E-07
    2778  -1.883629885E-07
    2779  -1.882274755E-07
    2780  -1.880921088E-07
    2781  -1.832368204E-07
    2782  -1.831051375E-07
    2783  -1.829735964E-07
    2784  -1.828421971E-07
    2785  -1.827109392E-07
    2786  -1.827441662E-07
    2787  -1.826130728E-07
    2788  -1.824821204E-07
    2789  -1.823513089E-07
    2790  -1.822206379E-07
    2791  -1.807086197E-07
    2792  -1.805792186E-07
    2793  -1.804499565E-07
    2794  -1.803208331E-07
    2795  -1.801918482E-07
    2796  -1.755406055E-07
    2797  -1.754151297E-07
    2798  -1.752897884E-07
    2799  -1.751645814E-07
    2800  -1.750395085E-07
    2801  -1.717753630E-07
    2802  -1.716527976E-07
    2803  -1.715303634E-07
    2804  -1.714080601E-07
    2805  -1.712858875E-07
    2806  -1.635999495E-07
    2807  -1.634834253E-07
    2808  -1.633670256E-07
    2809  -1.632507501E-07
    2810  -1.631345987E-07
    2811  -1.610428203E-07
    2812  -1.609283213E-07
    2813  -1.608139444E-07
    2814  -1.606996893E-07
    2815  -1.605855560E-07
    2816  -1.605974389E-07
    2817  -1.604834592E-07
    2818  -1.603696008E-07
    2819  -1.602558635E-07
    2820  -1.601422471E-07
    2821  -1.589292951E-07
    2822  -1.588166990E-07
    2823  -1.587042226E-07
    2824  -1.585918657E-07
    2825  -1.584796280E-07
    2826  -1.573679168E-07
    2827  -1.572566241E-07
    2828  -1.571454494E-07
    2829  -1.570343925E-07
    2830  -1.569234533E-07
    2831  -1.552832382E-07
    2832  -1.551736136E-07
    2833  -1.550641051E-07
    2834  -1.549547124E-07
    2835  -1.548454354E-07
    2836  -1.539518442E-07
    2837  -1.538433510E-07
    2838  -1.537349724E-07
    2839  -1.536267084E-07
    2840  -1.535185586E-07
    2841  -1.508412956E-07
    2842  -1.507351814E-07
    2843  -1.506291792E-07
    2844  -1.505232888E-07
    2845  -1.504175099E-07
    2846  -1.457397995E-07
    2847  -1.456374541E-07
    2848  -1.455352165E-07
    2849  -1.454330865E-07
    2850  -1.453310640E-07
    2851  -1.400531804E-07
    2852  -1.399550008E-07
    2853  -1.398569245E-07
    2854  -1.397589511E-07
    2855  -1.396610807E-07
    2856  -1.359730328E-07
    2857  -1.358778802E-07
    2858  -1.357828274E-07
    2859  -1.356878744E-07
    2860  -1.355930210E-07
    2861  -1.332702211E-07
    2862  -1.331771228E-07
    2863  -1.330841221E-07
    2864  -1.329912187E-07
    2865  -1.328984125E-07
    2866  -1.308749301E-07
    2867  -1.307836644E-07
    2868  -1.306924942E-07
    2869  -1.306014193E-07
    2870  -1.305104396E-07
    2871  -1.295013645E-07
    2872  -1.294112139E-07
    2873  -1.293211574E-07
    2874  -1.292311948E-07
    2875  -1.291413261E-07
    2876  -1.271924946E-07
    2877  -1.271041051E-07
    2878  -1.270158077E-07
    2879  -1.269276023E-07
    2880  -1.268394887E-07
    2881  -1.269532812E-07
    2882  -1.268652110E-07
    2883  -1.267772323E-07
    2884  -1.266893452E-07
    2885  -1.266015493E-07
    2886  -1.258866434E-07
    2887  -1.257994643E-07
    2888  -1.257123757E-07
    2889  -1.256253776E-07
    2890  -1.255384696E-07
    2891  -1.224791001E-07
    2892  -1.223944274E-07
    2893  -1.223098425E-07
    2894  -1.222253452E-07
    2895  -1.221409354E-07
    2896  -1.186537047E-07
    2897  -1.185718181E-07
    2898  -1.184900163E-07
    2899  -1.184082990E-07
    2900  -1.183266663E-07
    2901  -1.130462697E-07
    2902  -1.129683873E-07
    2903  -1.128905854E-07
    2904  -1.128128638E-07
    2905  -1.127352225E-07
    2906  -1.105641800E-07
    2907  -1.104881386E-07
    2908  -1.104121757E-07
    2909  -1.103362910E-07
    2910  -1.102604846E-07
    2911  -1.069626585E-07
    2912  -1.068892203E-07
    2913  -1.068158578E-07
    2914  -1.067425707E-07
    2915  -1.066693591E-07
    2916  -1.047838385E-07
    2917  -1.047120195E-07
    2918  -1.046402744E-07
    2919  -1.045686030E-07
    2920  -1.044970052E-07
    2921  -1.055424647E-07
    2922  -1.054702496E-07
    2923  -1.053981085E-07
    2924  -1.053260414E-07
    2925  -1.052540482E-07
    2926  -1.021501650E-07
    2927  -1.020803903E-07
    2928  -1.020106871E-07
    2929  -1.019410552E-07
    2930  -1.018714946E-07
    2931  -1.029261839E-07
    2932  -1.028559990E-07
    2933  -1.027858858E-07
    2934  -1.027158443E-07
    2935  -1.026458744E-07
    2936  -9.968430886E-08
    2937  -9.961645024E-08
    2938  -9.954866089E-08
    2939  -9.948094071E-08
    2940  -9.941328961E-08
    2941  -9.734990448E-08
    2942  -9.728374756E-08
    2943  -9.721765806E-08
    2944  -9.715163588E-08
    2945  -9.708568094E-08
    2946  -9.605969493E-08
    2947  -9.599452553E-08
    2948  -9.592942243E-08
    2949  -9.586438553E-08
    2950  -9.579941475E-08
    2951  -8.938588981E-08
    2952  -8.932535077E-08
    2953  -8.926487322E-08
    2954  -8.920445706E-08
    2955  -8.914410222E-08
    2956  -8.744072466E-08
    2957  -8.738160314E-08
    2958  -8.732254156E-08
    2959  -8.726353985E-08
    2960  -8.720459791E-08
    2961  -8.408537061E-08
    2962  -8.402861370E-08
    2963  -8.397191423E-08
    2964  -8.391527213E-08
    2965  -8.385868732E-08
    2966  -8.314459838E-08
    2967  -8.308857102E-08
    2968  -8.303260027E-08
    2969  -8.297668606E-08
    2970  -8.292082832E-08
    2971  -8.198139301E-08
    2972  -8.192624240E-08
    2973  -8.187114741E-08
    2974  -8.181610798E-08
    2975  -8.176112404E-08
    2976  -7.937914547E-08
    2977  -7.932583510E-08
    2978  -7.927257841E-08
    2979  -7.921937534E-08
    2980  -7.916622580E-08
    2981  -8.061881938E-08
    2982  -8.056476721E-08
    2983  -8.051076938E-08
    2984  -8.045682581E-08
    2985  -8.040293644E-08
    2986  -7.851949602E-08
    2987  -7.846693946E-08
    2988  -7.841443565E-08
    2989  -7.836198452E-08
    2990  -7.830958601E-08
    2991  -7.687469044E-08
    2992  -7.682332079E-08
    2993  -7.677200260E-08
    2994  -7.672073582E-08
    2995  -7.666952038E-08
    2996  -7.325105259E-08
    2997  -7.320218597E-08
    2998  -7.315336824E-08
    2999  -7.310459933E-08
    3000  -7.305587917E-08
    3001  -6.878157863E-08
    3002  -6.873577006E-08
    3003  -6.869000723E-08
    3004  -6.864429008E-08
    3005  -6.859861857E-08
    3006  -6.800667554E-08
    3007  -6.796145833E-08
    3008  -6.791628621E-08
    3009  -6.787115911E-08
    3010  -6.782607697E-08
    3011  -6.488474533E-08
    3012  -6.484167547E-08
    3013  -6.479864848E-08
    3014  -6.475566430E-08
    3015  -6.471272288E-08
    3016  -6.371775655E-08
    3017  -6.367553140E-08
    3018  -6.363334820E-08
    3019  -6.359120691E-08
    3020  -6.354910747E-08
    3021  -6.259064449E-08
    3022  -6.254923486E-08
    3023  -6.250786632E-08
    3024  -6.246653881E-08
    3025  -6.242525226E-08
    3026  -6.116011697E-08
    3027  -6.111972059E-08
    3028  -6.107936423E-08
    3029  -6.103904781E-08
    3030  -6.099877131E-08
    3031  -6.207148678E-08
    3032  -6.203055603E-08
    3033  -6.198966575E-08
    3034  -6.194881589E-08
    3035  -6.190800639E-08
    3036  -5.982796494E-08
    3037  -5.978857852E-08
    3038  -5.974923099E-08
    3039  -5.970992228E-08
    3040  -5.967065236E-08
    3041  -5.796355727E-08
    3042  -5.792546095E-08
    3043  -5.788740217E-08
    3044  -5.784938089E-08
    3045  -5.781139705E-08
    3046  -5.484445086E-08
    3047  -5.480846369E-08
    3048  -5.477251193E-08
    3049  -5.473659553E-08
    3050  -5.470071444E-08
    3051  -5.248029632E-08
    3052  -5.244591682E-08
    3053  -5.241157110E-08
    3054  -5.237725911E-08
    3055  -5.234298080E-08
    3056  -5.030566640E-08
    3057  -5.027276537E-08
    3058  -5.023989662E-08
    3059  -5.020706008E-08
    3060  -5.017425573E-08
    3061  -4.794185834E-08
    3062  -4.791055448E-08
    3063  -4.787928127E-08
    3064  -4.784803868E-08
    3065  -4.781682665E-08
    3066  -4.710328554E-08
    3067  -4.707257935E-08
    3068  -4.704190319E-08
    3069  -4.701125699E-08
    3070  -4.698064074E-08
    3071  -4.628534073E-08
    3072  -4.625521685E-08
    3073  -4.622512237E-08
    3074  -4.619505725E-08
    3075  -4.616502145E-08
    3076  -4.598238004E-08
    3077  -4.595250195E-08
    3078  -4.592265297E-08
    3079  -4.589283306E-08
    3080  -4.586304220E-08
    3081  -4.471269841E-08
    3082  -4.468369244E-08
    3083  -4.465471469E-08
    3084  -4.462576512E-08
    3085  -4.459684369E-08
    3086  -4.376396234E-08
    3087  -4.373561780E-08
    3088  -4.370730079E-08
    3089  -4.367901128E-08
    3090  -4.365074922E-08
    3091  -4.312647726E-08
    3092  -4.309859076E-08
    3093  -4.307073129E-08
    3094  -4.304289883E-08
    3095  -4.301509334E-08
    3096  -4.059062484E-08
    3097  -4.056442043E-08
    3098  -4.053824139E-08
    3099  -4.051208769E-08
    3100  -4.048595929E-08
    3101  -3.895547824E-08
    3102  -3.893036998E-08
    3103  -3.890528598E-08
    3104  -3.888022621E-08
    3105  -3.885519065E-08
    3106  -3.628621421E-08
    3107  -3.626286401E-08
    3108  -3.623953634E-08
    3109  -3.621623117E-08
    3110  -3.619294847E-08
    3111  -3.582137540E-08
    3112  -3.579836135E-08
    3113  -3.577536946E-08
    3114  -3.575239972E-08
    3115  -3.572945210E-08
    3116  -3.458527493E-08
    3117  -3.456309066E-08
    3118  -3.454092773E-08
    3119  -3.451878611E-08
    3120  -3.449666577E-08
    3121  -3.396594900E-08
    3122  -3.394419687E-08
    3123  -3.392246563E-08
    3124  -3.390075526E-08
    3125  -3.387906571E-08
    3126  -3.369363106E-08
    3127  -3.367208781E-08
    3128  -3.365056523E-08
    3129  -3.362906327E-08
    3130  -3.360758191E-08
    3131  -3.284845039E-08
    3132  -3.282748106E-08
    3133  -3.280653181E-08
    3134  -3.278560260E-08
    3135  -3.276469341E-08
    3136  -3.293583202E-08
    3137  -3.291484041E-08
    3138  -3.289386887E-08
    3139  -3.287291736E-08
    3140  -3.285198586E-08
    3141  -3.151533558E-08
    3142  -3.149528128E-08
    3143  -3.147524611E-08
    3144  -3.145523006E-08
    3145  -3.143523309E-08
    3146  -3.035097355E-08
    3147  -3.033169085E-08
    3148  -3.031242652E-08
    3149  -3.029318053E-08
    3150  -3.027395287E-08
    3151  -2.960491641E-08
    3152  -2.958613752E-08
    3153  -2.956737650E-08
    3154  -2.954863331E-08
    3155  -2.952990794E-08
    3156  -2.790278538E-08
    3157  -2.788511421E-08
    3158  -2.786745981E-08
    3159  -2.784982218E-08
    3160  -2.783220129E-08
    3161  -2.720670426E-08
    3162  -2.718950116E-08
    3163  -2.717231437E-08
    3164  -2.715514387E-08
    3165  -2.713798964E-08
    3166  -2.628824221E-08
    3167  -2.627164609E-08
    3168  -2.625506569E-08
    3169  -2.623850098E-08
    3170  -2.622195194E-08
    3171  -2.581749419E-08
    3172  -2.580122095E-08
    3173  -2.578496309E-08
    3174  -2.576872060E-08
    3175  -2.575249344E-08
    3176  -2.540630330E-08
    3177  -2.539031444E-08
    3178  -2.537434066E-08
    3179  -2.535838196E-08
    3180  -2.534243830E-08
    3181  -2.382109343E-08
    3182  -2.380612573E-08
    3183  -2.379117214E-08
    3184  -2.377623262E-08
    3185  -2.376130718E-08
    3186  -2.268283901E-08
    3187  -2.266860887E-08
    3188  -2.265439212E-08
    3189  -2.264018874E-08
    3190  -2.262599872E-08
    3191  -1.937752533E-08
    3192  -1.936538783E-08
    3193  -1.935326173E-08
    3194  -1.934114701E-08
    3195  -1.932904366E-08
    3196  -1.599968566E-08
    3197  -1.598967960E-08
    3198  -1.597968293E-08
    3199  -1.596969563E-08
    3200  -1.595971769E-08
    3201  -1.153831057E-08
    3202  -1.153110589E-08
    3203  -1.152390794E-08
    3204  -1.151671674E-08
    3205  -1.150953226E-08
    3206  -7.507235471E-09
    3207  -7.502555149E-09
    3208  -7.497879203E-09
    3209  -7.493207628E-09
    3210  -7.488540416E-09
    3211  -4.939698235E-09
    3212  -4.936623415E-09
    3213  -4.933551465E-09
    3214  -4.930482382E-09
    3215  -4.927416162E-09
    3216  -3.218911498E-09
    3217  -3.216910931E-09
    3218  -3.214912229E-09
    3219  -3.212915389E-09
    3220  -3.210920409E-09
    3221  -2.338627892E-09
    3222  -2.337176681E-09
    3223  -2.335726819E-09
    3224  -2.334278306E-09
    3225  -2.332831141E-09
    3226  -1.801544162E-09
    3227  -1.800427964E-09
    3228  -1.799312803E-09
    3229  -1.798198677E-09
    3230  -1.797085586E-09
    3231  -1.446633404E-09
    3232  -1.445738487E-09
    3233  -1.444844400E-09
    3234  -1.443951142E-09
    3235  -1.443058713E-09
    3236  -1.263418806E-09
    3237  -1.262638436E-09
    3238  -1.261858789E-09
    3239  -1.261079864E-09
    3240  -1.260301660E-09
    3241  -1.051374592E-09
    3242  -1.050726195E-09
    3243  -1.050078399E-09
    3244  -1.049431201E-09
    3245  -1.048784601E-09
    3246  -9.229397944E-10
    3247  -9.223714817E-10
    3248  -9.218036938E-10
    3249  -9.212364300E-10
    3250  -9.206696896E-10
    3251  -7.928737691E-10
    3252  -7.923862967E-10
    3253  -7.918992738E-10
    3254  -7.914126997E-10
    3255  -7.909265740E-10
    3256  -7.013830558E-10
    3257  -7.009524953E-10
    3258  -7.005223311E-10
    3259  -7.000925628E-10
    3260  -6.996631899E-10
    3261  -6.533579781E-10
    3262  -6.529575135E-10
    3263  -6.525574170E-10
    3264  -6.521576881E-10
    3265  -6.517583263E-10
    3266  -5.853202883E-10
    3267  -5.849620752E-10
    3268  -5.846041908E-10
    3269  -5.842466347E-10
    3270  -5.838894065E-10
    3271  -5.559359865E-10
    3272  -5.555962761E-10
    3273  -5.552568771E-10
    3274  -5.549177889E-10
    3275  -5.545790112E-10
    3276  -5.019671678E-10
    3277  -5.016609035E-10
    3278  -5.013549195E-10
    3279  -5.010492152E-10
    3280  -5.007437905E-10
    3281  -4.628998661E-10
    3282  -4.626178680E-10
    3283  -4.623361275E-10
    3284  -4.620546443E-10
    3285  -4.617734181E-10
    3286  -4.243196106E-10
    3287  -4.240615086E-10
    3288  -4.238036421E-10
    3289  -4.235460107E-10
    3290  -4.232886141E-10
    3291  -3.806621022E-10
    3292  -3.804309075E-10
    3293  -3.801999233E-10
    3294  -3.799691495E-10
    3295  -3.797385857E-10
    3296  -3.663687021E-10
    3297  -3.661465258E-10
    3298  -3.659245516E-10
    3299  -3.657027791E-10
    3300  -3.654812082E-10
    3301  -3.366696579E-10
    3302  -3.364658011E-10
    3303  -3.362621293E-10
    3304  -3.360586423E-10
    3305  -3.358553401E-10
    3306  -3.159661920E-10
    3307  -3.157751605E-10
    3308  -3.155843021E-10
    3309  -3.153936167E-10
    3310  -3.152031041E-10
    3311  -2.990367249E-10
    3312  -2.988562017E-10
    3313  -2.986758419E-10
    3314  -2.984956453E-10
    3315  -2.983156117E-10
    3316  -2.793908988E-10
    3317  -2.792224896E-10
    3318  -2.790542326E-10
    3319  -2.788861276E-10
    3320  -2.787181745E-10
    3321  -2.665906473E-10
    3322  -2.664301955E-10
    3323  -2.662698886E-10
    3324  -2.661097262E-10
    3325  -2.659497084E-10
    3326  -2.531181751E-10
    3327  -2.529660608E-10
    3328  -2.528140836E-10
    3329  -2.526622433E-10
    3330  -2.525105398E-10
    3331  -2.407474124E-10
    3332  -2.406029496E-10
    3333  -2.404586166E-10
    3334  -2.403144136E-10
    3335  -2.401703402E-10
    3336  -2.290075683E-10
    3337  -2.288703559E-10
    3338  -2.287332667E-10
    3339  -2.285963007E-10
    3340  -2.284594577E-10
    3341  -2.208232481E-10
    3342  -2.206911373E-10
    3343  -2.205591450E-10
    3344  -2.204272711E-10
    3345  -2.202955154E-10
    3346  -2.135905238E-10
    3347  -2.134629309E-10
    3348  -2.133354523E-10
    3349  -2.132080879E-10
    3350  -2.130808374E-10
    3351  -1.999193927E-10
    3352  -1.998001447E-10
    3353  -1.996810033E-10
    3354  -1.995619684E-10
    3355  -1.994430399E-10
    3356  -1.927688410E-10
    3357  -1.926540293E-10
    3358  -1.925393202E-10
    3359  -1.924247134E-10
    3360  -1.923102090E-10
    3361  -1.834441678E-10
    3362  -1.833350722E-10
    3363  -1.832260740E-10
    3364  -1.831171729E-10
    3365  -1.830083689E-10
    3366  -1.785422032E-10
    3367  -1.784361805E-10
    3368  -1.783302522E-10
    3369  -1.782244182E-10
    3370  -1.781186784E-10
    3371  -1.698072624E-10
    3372  -1.697065762E-10
    3373  -1.696059795E-10
    3374  -1.695054723E-10
    3375  -1.694050543E-10
    3376  -1.628451537E-10
    3377  -1.627487386E-10
    3378  -1.626524091E-10
    3379  -1.625561650E-10
    3380  -1.624600064E-10
    3381  -1.576874674E-10
    3382  -1.575942440E-10
    3383  -1.575011032E-10
    3384  -1.574080449E-10
    3385  -1.573150691E-10
    3386  -1.527693092E-10
    3387  -1.526791266E-10
    3388  -1.525890239E-10
    3389  -1.524990008E-10
    3390  -1.524090575E-10
    3391  -1.473926203E-10
    3392  -1.473057399E-10
    3393  -1.472189363E-10
    3394  -1.471322093E-10
    3395  -1.470455590E-10
    3396  -1.417637602E-10
    3397  -1.416803207E-10
    3398  -1.415969548E-10
    3399  -1.415136625E-10
    3400  -1.414304436E-10
    3401  -1.379338398E-10
    3402  -1.378527737E-10
    3403  -1.377717791E-10
    3404  -1.376908559E-10
    3405  -1.376100040E-10
    3406  -1.323759162E-10
    3407  -1.322982309E-10
    3408  -1.322206138E-10
    3409  -1.321430651E-10
    3410  -1.320655845E-10
    3411  -1.294541217E-10
    3412  -1.293782623E-10
    3413  -1.293024695E-10
    3414  -1.292267433E-10
    3415  -1.291510836E-10
    3416  -1.253168897E-10
    3417  -1.252435621E-10
    3418  -1.251702988E-10
    3419  -1.250970998E-10
    3420  -1.250239650E-10
    3421  -1.193363095E-10
    3422  -1.192665833E-10
    3423  -1.191969183E-10
    3424  -1.191273142E-10
    3425  -1.190577712E-10
    3426  -1.164257864E-10
    3427  -1.163578601E-10
    3428  -1.162899931E-10
    3429  -1.162221856E-10
    3430  -1.161544373E-10
    3431  -1.114558125E-10
    3432  -1.113908805E-10
    3433  -1.113260052E-10
    3434  -1.112611866E-10
    3435  -1.111964245E-10
    3436  -1.079080549E-10
    3437  -1.078452811E-10
    3438  -1.077825621E-10
    3439  -1.077198979E-10
    3440  -1.076572882E-10
    3441  -1.056364057E-10
    3442  -1.055750427E-10
    3443  -1.055137331E-10
    3444  -1.054524770E-10
    3445  -1.053912741E-10
    3446  -9.965812649E-11
    3447  -9.960032016E-11
    3448  -9.954256410E-11
    3449  -9.948485826E-11
    3450  -9.942720259E-11
    3451  -9.895262526E-11
    3452  -9.889531126E-11
    3453  -9.883804703E-11
    3454  -9.878083254E-11
    3455  -9.872366770E-11
    3456  -9.353144799E-11
    3457  -9.347735230E-11
    3458  -9.342330352E-11
    3459  -9.336930161E-11
    3460  -9.331534651E-11
    3461  -9.157667909E-11
    3462  -9.152379045E-11
    3463  -9.147094762E-11
    3464  -9.141815054E-11
    3465  -9.136539915E-11
    3466  -8.785711658E-11
    3467  -8.780644927E-11
    3468  -8.775582577E-11
    3469  -8.770524605E-11
    3470  -8.765471004E-11
    3471  -8.401206837E-11
    3472  -8.396368826E-11
    3473  -8.391534992E-11
    3474  -8.386705332E-11
    3475  -8.381879840E-11
    3476  -8.223944173E-11
    3477  -8.219215050E-11
    3478  -8.214490006E-11
    3479  -8.209769035E-11
    3480  -8.205052132E-11
    3481  -7.796622859E-11
    3482  -7.792145900E-11
    3483  -7.787672797E-11
    3484  -7.783203544E-11
    3485  -7.778738138E-11
    3486  -7.569016892E-11
    3487  -7.564676859E-11
    3488  -7.560340558E-11
    3489  -7.556007985E-11
    3490  -7.551679135E-11
    3491  -7.284889468E-11
    3492  -7.280718332E-11
    3493  -7.276550777E-11
    3494  -7.272386799E-11
    3495  -7.268226395E-11
    3496  -7.006700729E-11
    3497  -7.002694611E-11
    3498  -6.998691927E-11
    3499  -6.994692675E-11
    3500  -6.990696849E-11
