      50   0.000000000E+00
      51   0.000000000E+00
      52   0.000000000E+00
      53   0.000000000E+00
      54   0.000000000E+00
      55   0.000000000E+00
      56   0.000000000E+00
      57   0.000000000E+00
      58   0.000000000E+00
      59   0.000000000E+00
      60   0.000000000E+00
      61   0.000000000E+00
      62   0.000000000E+00
      63   0.000000000E+00
      64   0.000000000E+00
      65   0.000000000E+00
      66   0.000000000E+00
      67   0.000000000E+00
      68   0.000000000E+00
      69   0.000000000E+00
      70   0.000000000E+00
      71   4.987721956E-13
      72   4.851072040E-13
      73   4.719961984E-13
      74   4.594096331E-13
      75   4.473199060E-13
      76   1.133266839E-12
      77   1.104208715E-12
      78   1.076254064E-12
      79   1.049347712E-12
      80   1.023437892E-12
      81   3.338008070E-12
      82   3.257574141E-12
      83   3.180012852E-12
      84   3.105189020E-12
      85   3.032975322E-12
      86   0.000000000E+00
      87   0.000000000E+00
      88   0.000000000E+00
      89   0.000000000E+00
      90   0.000000000E+00
      91   0.000000000E+00
      92   0.000000000E+00
      93   0.000000000E+00
      94   0.000000000E+00
      95   0.000000000E+00
      96   0.000000000E+00
      97   0.000000000E+00
      98   0.000000000E+00
      99   0.000000000E+00
     100   0.000000000E+00
     101   0.000000000E+00
     102   0.000000000E+00
     103   0.000000000E+00
     104   0.000000000E+00
     105   0.000000000E+00
     106   0.000000000E+00
     107   0.000000000E+00
     108   0.000000000E+00
     109   0.000000000E+00
     110   0.000000000E+00
     111   5.038396533E-12
     112   4.949221374E-12
     113   4.862392928E-12
     114   4.777829573E-12
     115   4.695453201E-12
     116   5.533975270E-12
     117   5.440179079E-12
     118   5.348747498E-12
     119   5.259601706E-12
     120   5.172666141E-12
     121   0.000000000E+00
     122   0.000000000E+00
     123   0.000000000E+00
     124   0.000000000E+00
     125   0.000000000E+00
     126   0.000000000E+00
     127   0.000000000E+00
     128   0.000000000E+00
     129   0.000000000E+00
     130   0.000000000E+00
     131   0.000000000E+00
     132   0.000000000E+00
     133   0.000000000E+00
     134   0.000000000E+00
     135   0.000000000E+00
     136   0.000000000E+00
     137   0.000000000E+00
     138   0.000000000E+00
     139   0.000000000E+00
     140   0.000000000E+00
     141   0.000000000E+00
     142   0.000000000E+00
     143   0.000000000E+00
     144   0.000000000E+00
     145   0.000000000E+00
     146   0.000000000E+00
     147   0.000000000E+00
     148   0.000000000E+00
     149   0.000000000E+00
     150   0.000000000E+00
     151   0.000000000E+00
     152   0.000000000E+00
     153   0.000000000E+00
     154   0.000000000E+00
     155   0.000000000E+00
     156   0.000000000E+00
     157   0.000000000E+00
     158   0.000000000E+00
     159   0.000000000E+00
     160   0.000000000E+00
     161   3.697697609E-12
     162   3.652327086E-12
     163   3.607786512E-12
     164   3.564055766E-12
     165   3.521115336E-12
     166   0.000000000E+00
     167   0.000000000E+00
     168   0.000000000E+00
     169   0.000000000E+00
     170   0.000000000E+00
     171   2.153933618E-13
     172   2.129032652E-13
     173   2.104561012E-13
     174   2.080508886E-13
     175   2.056866740E-13
     176   1.273076686E-11
     177   1.258772453E-11
     178   1.244707957E-11
     179   1.230877868E-11
     180   1.217277008E-11
     181   9.071646970E-12
     182   8.972503287E-12
     183   8.874976078E-12
     184   8.779030390E-12
     185   8.684632214E-12
     186   2.251847117E-11
     187   2.227891297E-11
     188   2.204315728E-11
     189   2.181112404E-11
     190   2.158273531E-11
     191   1.689092566E-11
     192   1.671589016E-11
     193   1.654356140E-11
     194   1.637388385E-11
     195   1.620680340E-11
     196   2.746541032E-11
     197   2.718798193E-11
     198   2.691473588E-11
     199   2.664558852E-11
     200   2.638045829E-11
     201   2.801050457E-11
     202   2.773453901E-11
     203   2.746263177E-11
     204   2.719470365E-11
     205   2.693067740E-11
     206   0.000000000E+00
     207   0.000000000E+00
     208   0.000000000E+00
     209   0.000000000E+00
     210   0.000000000E+00
     211   0.000000000E+00
     212   0.000000000E+00
     213   0.000000000E+00
     214   0.000000000E+00
     215   0.000000000E+00
     216   0.000000000E+00
     217   0.000000000E+00
     218   0.000000000E+00
     219   0.000000000E+00
     220   0.000000000E+00
     221   0.000000000E+00
     222   0.000000000E+00
     223   0.000000000E+00
     224   0.000000000E+00
     225   0.000000000E+00
     226   0.000000000E+00
     227   0.000000000E+00
     228   0.000000000E+00
     229   0.000000000E+00
     230   0.000000000E+00
     231   0.000000000E+00
     232   0.000000000E+00
     233   0.000000000E+00
     234   0.000000000E+00
     235   0.000000000E+00
     236   0.000000000E+00
     237   0.000000000E+00
     238   0.000000000E+00
     239   0.000000000E+00
     240   0.000000000E+00
     241   0.000000000E+00
     242   0.000000000E+00
     243   0.000000000E+00
     244   0.000000000E+00
     245   0.000000000E+00
     246   0.000000000E+00
     247   0.000000000E+00
     248   0.000000000E+00
     249   0.000000000E+00
     250   0.000000000E+00
     251   7.939373818E-11
     252   7.876611970E-11
     253   7.814591403E-11
     254   7.753300490E-11
     255   7.692727830E-11
     256   8.859712279E-11
     257   8.791032338E-11
     258   8.723147919E-11
     259   8.656046781E-11
     260   8.589716921E-11
     261   1.912686538E-10
     262   1.898141394E-10
     263   1.883761534E-10
     264   1.869544466E-10
     265   1.855487741E-10
     266   1.990766744E-10
     267   1.975910276E-10
     268   1.961219493E-10
     269   1.946691941E-10
     270   1.932325211E-10
     271   3.283519627E-10
     272   3.259464538E-10
     273   3.235672826E-10
     274   3.212140660E-10
     275   3.188864279E-10
     276   3.426528713E-10
     277   3.401877428E-10
     278   3.377491209E-10
     279   3.353366272E-10
     280   3.329498897E-10
     281   1.757991817E-09
     282   1.745567847E-09
     283   1.733275115E-09
     284   1.721111781E-09
     285   1.709076035E-09
     286   2.802327226E-09
     287   2.782866620E-09
     288   2.763608028E-09
     289   2.744548662E-09
     290   2.725685784E-09
     291   3.993999518E-09
     292   3.966736723E-09
     293   3.939752119E-09
     294   3.913041936E-09
     295   3.886602463E-09
     296   4.965801962E-09
     297   4.932474432E-09
     298   4.899481292E-09
     299   4.866818084E-09
     300   4.834480422E-09
     301   6.136493517E-09
     302   6.095988609E-09
     303   6.055883421E-09
     304   6.016172710E-09
     305   5.976851320E-09
     306   9.613142825E-09
     307   9.550719820E-09
     308   9.488902863E-09
     309   9.427684135E-09
     310   9.367055941E-09
     311   9.079437259E-09
     312   9.021421686E-09
     313   8.963960401E-09
     314   8.907046367E-09
     315   8.850672655E-09
     316   1.026351731E-08
     317   1.019896688E-08
     318   1.013502352E-08
     319   1.007167962E-08
     320   1.000892772E-08
     321   1.248559340E-08
     322   1.240828322E-08
     323   1.233168888E-08
     324   1.225580157E-08
     325   1.218061260E-08
     326   1.284479604E-08
     327   1.276647411E-08
     328   1.268886637E-08
     329   1.261196415E-08
     330   1.253575893E-08
     331   1.558723468E-08
     332   1.549361765E-08
     333   1.540084150E-08
     334   1.530889618E-08
     335   1.521777179E-08
     336   1.534162942E-08
     337   1.525085055E-08
     338   1.516087503E-08
     339   1.507169341E-08
     340   1.498329638E-08
     341   1.881803912E-08
     342   1.870831295E-08
     343   1.859954369E-08
     344   1.849172024E-08
     345   1.838483169E-08
     346   2.093808749E-08
     347   2.081775365E-08
     348   2.069845420E-08
     349   2.058017732E-08
     350   2.046291135E-08
     351   1.917371216E-08
     352   1.906507923E-08
     353   1.895736692E-08
     354   1.885056485E-08
     355   1.874466280E-08
     356   2.400714965E-08
     357   2.387303149E-08
     358   2.374003410E-08
     359   2.360814502E-08
     360   2.347735198E-08
     361   2.158215064E-08
     362   2.146324072E-08
     363   2.134531082E-08
     364   2.122835022E-08
     365   2.111234830E-08
     366   2.859163486E-08
     367   2.843624554E-08
     368   2.828211955E-08
     369   2.812924323E-08
     370   2.797760310E-08
     371   2.652630759E-08
     372   2.638407538E-08
     373   2.624298406E-08
     374   2.610302148E-08
     375   2.596417562E-08
     376   2.857004385E-08
     377   2.841887959E-08
     378   2.826891189E-08
     379   2.812012815E-08
     380   2.797251592E-08
     381   3.222602465E-08
     382   3.205774253E-08
     383   3.189077512E-08
     384   3.172510876E-08
     385   3.156072996E-08
     386   2.983360339E-08
     387   2.967982193E-08
     388   2.952722645E-08
     389   2.937580477E-08
     390   2.922554490E-08
     391   3.547703098E-08
     392   3.529648630E-08
     393   3.511731632E-08
     394   3.493950712E-08
     395   3.476304496E-08
     396   3.473911359E-08
     397   3.456454518E-08
     398   3.439128931E-08
     399   3.421933286E-08
     400   3.404866287E-08
     401   3.869886050E-08
     402   3.850680660E-08
     403   3.831617884E-08
     404   3.812696314E-08
     405   3.793914559E-08
     406   4.131178206E-08
     407   4.110927332E-08
     408   4.090824998E-08
     409   4.070869754E-08
     410   4.051060169E-08
     411   4.198276589E-08
     412   4.177945952E-08
     413   4.157762638E-08
     414   4.137725228E-08
     415   4.117832318E-08
     416   4.493930090E-08
     417   4.472428032E-08
     418   4.451079927E-08
     419   4.429884308E-08
     420   4.408839727E-08
     421   4.726184772E-08
     422   4.703838744E-08
     423   4.681650826E-08
     424   4.659619528E-08
     425   4.637743380E-08
     426   4.910978684E-08
     427   4.888030186E-08
     428   4.865242166E-08
     429   4.842613133E-08
     430   4.820141610E-08
     431   5.118717960E-08
     432   5.095074921E-08
     433   5.071595313E-08
     434   5.048277633E-08
     435   5.025120396E-08
     436   5.676001633E-08
     437   5.650083818E-08
     438   5.624343117E-08
     439   5.598777921E-08
     440   5.573386638E-08
     441   5.569628339E-08
     442   5.544483290E-08
     443   5.519508140E-08
     444   5.494701362E-08
     445   5.470061445E-08
     446   6.214572558E-08
     447   6.186828931E-08
     448   6.159270673E-08
     449   6.131896136E-08
     450   6.104703692E-08
     451   6.216301636E-08
     452   6.188856596E-08
     453   6.161592910E-08
     454   6.134508985E-08
     455   6.107603244E-08
     456   6.649082190E-08
     457   6.620046896E-08
     458   6.591201376E-08
     459   6.562543979E-08
     460   6.534073072E-08
     461   7.085163612E-08
     462   7.054558154E-08
     463   7.024150576E-08
     464   6.993939175E-08
     465   6.963922269E-08
     466   6.753498416E-08
     467   6.724637311E-08
     468   6.695960820E-08
     469   6.667467369E-08
     470   6.639155406E-08
     471   8.330314061E-08
     472   8.295090746E-08
     473   8.260090363E-08
     474   8.225311035E-08
     475   8.190750905E-08
     476   7.817410677E-08
     477   7.784701846E-08
     478   7.752197871E-08
     479   7.719897047E-08
     480   7.687797683E-08
     481   8.849436485E-08
     482   8.812792856E-08
     483   8.776376357E-08
     484   8.740185114E-08
     485   8.704217274E-08
     486   8.562659695E-08
     487   8.527566827E-08
     488   8.492689253E-08
     489   8.458025216E-08
     490   8.423572974E-08
     491   8.646719898E-08
     492   8.611641927E-08
     493   8.576776980E-08
     494   8.542123335E-08
     495   8.507679289E-08
     496   1.041403436E-07
     497   1.037221093E-07
     498   1.033063894E-07
     499   1.028931639E-07
     500   1.024824127E-07
     501   9.447262778E-08
     502   9.409699109E-08
     503   9.372359033E-08
     504   9.335240780E-08
     505   9.298342595E-08
     506   1.095996365E-07
     507   1.091681419E-07
     508   1.087391905E-07
     509   1.083127623E-07
     510   1.078888376E-07
     511   1.078145244E-07
     512   1.073941948E-07
     513   1.069763186E-07
     514   1.065608766E-07
     515   1.061478499E-07
     516   1.126279879E-07
     517   1.121931308E-07
     518   1.117607873E-07
     519   1.113309381E-07
     520   1.109035641E-07
     521   1.273590844E-07
     522   1.268720515E-07
     523   1.263878071E-07
     524   1.259063297E-07
     525   1.254275984E-07
     526   1.111732538E-07
     527   1.107521430E-07
     528   1.103334203E-07
     529   1.099170678E-07
     530   1.095030675E-07
     531   1.364693555E-07
     532   1.359572754E-07
     533   1.354480721E-07
     534   1.349417242E-07
     535   1.344382103E-07
     536   1.321106224E-07
     537   1.316195049E-07
     538   1.311311208E-07
     539   1.306454500E-07
     540   1.301624724E-07
     541   1.498228818E-07
     542   1.492710480E-07
     543   1.487222574E-07
     544   1.481764876E-07
     545   1.476337166E-07
     546   1.538912677E-07
     547   1.533296207E-07
     548   1.527710428E-07
     549   1.522155118E-07
     550   1.516630054E-07
     551   1.382009300E-07
     552   1.377011074E-07
     553   1.372039915E-07
     554   1.367095627E-07
     555   1.362178017E-07
     556   1.687032072E-07
     557   1.680985362E-07
     558   1.674971103E-07
     559   1.668989063E-07
     560   1.663039013E-07
     561   1.599863157E-07
     562   1.594179806E-07
     563   1.588526687E-07
     564   1.582903583E-07
     565   1.577310284E-07
     566   1.797641497E-07
     567   1.791311773E-07
     568   1.785015423E-07
     569   1.778752211E-07
     570   1.772521905E-07
     571   1.773138295E-07
     572   1.766949331E-07
     573   1.760792713E-07
     574   1.754668217E-07
     575   1.748575619E-07
     576   1.820203244E-07
     577   1.813904963E-07
     578   1.807639315E-07
     579   1.801406076E-07
     580   1.795205023E-07
     581   1.990400635E-07
     582   1.983572503E-07
     583   1.976779446E-07
     584   1.970021226E-07
     585   1.963297604E-07
     586   1.906580742E-07
     587   1.900095773E-07
     588   1.893643835E-07
     589   1.887224703E-07
     590   1.880838156E-07
     591   2.141906954E-07
     592   2.134682985E-07
     593   2.127495500E-07
     594   2.120344255E-07
     595   2.113229005E-07
     596   2.192110812E-07
     597   2.184779337E-07
     598   2.177484582E-07
     599   2.170226300E-07
     600   2.163004249E-07
     601   2.276624570E-07
     602   2.269073576E-07
     603   2.261560087E-07
     604   2.254083856E-07
     605   2.246644635E-07
     606   2.322308611E-07
     607   2.314669438E-07
     608   2.307067896E-07
     609   2.299503739E-07
     610   2.291976722E-07
     611   2.224776945E-07
     612   2.217518293E-07
     613   2.210295107E-07
     614   2.203107155E-07
     615   2.195954210E-07
     616   2.602862187E-07
     617   2.594438685E-07
     618   2.586056008E-07
     619   2.577713891E-07
     620   2.569412075E-07
     621   2.528121873E-07
     622   2.520005912E-07
     623   2.511928970E-07
     624   2.503890797E-07
     625   2.495891146E-07
     626   2.692142685E-07
     627   2.683568983E-07
     628   2.675036172E-07
     629   2.666543994E-07
     630   2.658092190E-07
     631   2.637580486E-07
     632   2.629246898E-07
     633   2.620952744E-07
     634   2.612697775E-07
     635   2.604481744E-07
     636   2.823160610E-07
     637   2.814310577E-07
     638   2.805502093E-07
     639   2.796734899E-07
     640   2.788008737E-07
     641   3.003746254E-07
     642   2.994403342E-07
     643   2.985103952E-07
     644   2.975847816E-07
     645   2.966634665E-07
     646   2.850518787E-07
     647   2.841720890E-07
     648   2.832963660E-07
     649   2.824246849E-07
     650   2.815570207E-07
     651   3.180587538E-07
     652   3.170846076E-07
     653   3.161149299E-07
     654   3.151496934E-07
     655   3.141888712E-07
     656   3.118355316E-07
     657   3.108877033E-07
     658   3.099441897E-07
     659   3.090049649E-07
     660   3.080700029E-07
     661   3.302036282E-07
     662   3.292075388E-07
     663   3.282159498E-07
     664   3.272288342E-07
     665   3.262461650E-07
     666   3.484180676E-07
     667   3.473748997E-07
     668   3.463364097E-07
     669   3.453025697E-07
     670   3.442733519E-07
     671   3.393973887E-07
     672   3.383887783E-07
     673   3.373846573E-07
     674   3.363849991E-07
     675   3.353897772E-07
     676   3.783974889E-07
     677   3.772812721E-07
     678   3.761699871E-07
     679   3.750636048E-07
     680   3.739620964E-07
     681   3.662498590E-07
     682   3.651773850E-07
     683   3.641096149E-07
     684   3.630465211E-07
     685   3.619880765E-07
     686   4.073200224E-07
     687   4.061359526E-07
     688   4.049570384E-07
     689   4.037832498E-07
     690   4.026145574E-07
     691   3.973997969E-07
     692   3.962529000E-07
     693   3.951109608E-07
     694   3.939739508E-07
     695   3.928418418E-07
     696   3.986831874E-07
     697   3.975408287E-07
     698   3.964033729E-07
     699   3.952707918E-07
     700   3.941430577E-07
     701   4.518875618E-07
     702   4.506019642E-07
     703   4.493218450E-07
     704   4.480471731E-07
     705   4.467779176E-07
     706   4.098816278E-07
     707   4.087237701E-07
     708   4.075708117E-07
     709   4.064227249E-07
     710   4.052794823E-07
     711   4.641552552E-07
     712   4.628532769E-07
     713   4.615567691E-07
     714   4.602657013E-07
     715   4.589800429E-07
     716   4.470452485E-07
     717   4.457999971E-07
     718   4.445599415E-07
     719   4.433250528E-07
     720   4.420953023E-07
     721   4.788015851E-07
     722   4.774770994E-07
     723   4.761581019E-07
     724   4.748445623E-07
     725   4.735364505E-07
     726   4.995536847E-07
     727   4.981812844E-07
     728   4.968145319E-07
     729   4.954533962E-07
     730   4.940978466E-07
     731   4.751297336E-07
     732   4.738333360E-07
     733   4.725422370E-07
     734   4.712564077E-07
     735   4.699758197E-07
     736   5.325090033E-07
     737   5.310658895E-07
     738   5.296286340E-07
     739   5.281972053E-07
     740   5.267715718E-07
     741   5.258692961E-07
     742   5.244537663E-07
     743   5.230439444E-07
     744   5.216397996E-07
     745   5.202413014E-07
     746   5.632694522E-07
     747   5.617633841E-07
     748   5.602633484E-07
     749   5.587693128E-07
     750   5.572812454E-07
     751   5.669527336E-07
     752   5.654468831E-07
     753   5.639470239E-07
     754   5.624531245E-07
     755   5.609651533E-07
     756   5.416739522E-07
     757   5.402447334E-07
     758   5.388211636E-07
     759   5.374032131E-07
     760   5.359908525E-07
     761   6.360880755E-07
     762   6.344207411E-07
     763   6.327599538E-07
     764   6.311056794E-07
     765   6.294578839E-07
     766   5.988648691E-07
     767   5.973053252E-07
     768   5.957518653E-07
     769   5.942044578E-07
     770   5.926630714E-07
     771   6.364957379E-07
     772   6.348489184E-07
     773   6.332084820E-07
     774   6.315743956E-07
     775   6.299466265E-07
     776   6.310155440E-07
     777   6.293933961E-07
     778   6.277774952E-07
     779   6.261678093E-07
     780   6.245643066E-07
     781   6.678818743E-07
     782   6.661759181E-07
     783   6.644764897E-07
     784   6.627835560E-07
     785   6.610970838E-07
     786   6.812221488E-07
     787   6.794931586E-07
     788   6.777707425E-07
     789   6.760548672E-07
     790   6.743454996E-07
     791   6.865573579E-07
     792   6.848258135E-07
     793   6.831008115E-07
     794   6.813823189E-07
     795   6.796703030E-07
     796   7.237807780E-07
     797   7.219667911E-07
     798   7.201596152E-07
     799   7.183592161E-07
     800   7.165655602E-07
     801   7.360135435E-07
     802   7.341803840E-07
     803   7.323540646E-07
     804   7.305345514E-07
     805   7.287218106E-07
     806   7.495147494E-07
     807   7.476595149E-07
     808   7.458111601E-07
     809   7.439696510E-07
     810   7.421349540E-07
     811   7.529482124E-07
     812   7.510959413E-07
     813   7.492504967E-07
     814   7.474118452E-07
     815   7.455799534E-07
     816   7.531529185E-07
     817   7.513114688E-07
     818   7.494767643E-07
     819   7.476487722E-07
     820   7.458274598E-07
     821   8.136156239E-07
     822   8.116384292E-07
     823   8.096684330E-07
     824   8.077056004E-07
     825   8.057498968E-07
     826   8.096488046E-07
     827   8.076931311E-07
     828   8.057445349E-07
     829   8.038029818E-07
     830   8.018684380E-07
     831   8.631373264E-07
     832   8.610649679E-07
     833   8.590000639E-07
     834   8.569425787E-07
     835   8.548924768E-07
     836   8.371125892E-07
     837   8.351147071E-07
     838   8.331239688E-07
     839   8.311403403E-07
     840   8.291637878E-07
     841   8.507645705E-07
     842   8.487461492E-07
     843   8.467349024E-07
     844   8.447307961E-07
     845   8.427337966E-07
     846   9.239904337E-07
     847   9.218112109E-07
     848   9.196396887E-07
     849   9.174758306E-07
     850   9.153196006E-07
     851   8.926082327E-07
     852   8.905153646E-07
     853   8.884298486E-07
     854   8.863516501E-07
     855   8.842807350E-07
     856   9.453118475E-07
     857   9.431083234E-07
     858   9.409124949E-07
     859   9.387243263E-07
     860   9.365437820E-07
     861   9.063468011E-07
     862   9.042463450E-07
     863   9.021531821E-07
     864   9.000672788E-07
     865   8.979886015E-07
     866   9.684246957E-07
     867   9.661933024E-07
     868   9.639696124E-07
     869   9.617535903E-07
     870   9.595452009E-07
     871   1.013115536E-06
     872   1.010794538E-06
     873   1.008481507E-06
     874   1.006176406E-06
     875   1.003879200E-06
     876   9.797472902E-07
     877   9.775155196E-07
     878   9.752913660E-07
     879   9.730747947E-07
     880   9.708657713E-07
     881   1.042037058E-06
     882   1.039676838E-06
     883   1.037324628E-06
     884   1.034980392E-06
     885   1.032644093E-06
     886   1.028676672E-06
     887   1.026359833E-06
     888   1.024050812E-06
     889   1.021749574E-06
     890   1.019456084E-06
     891   1.071499665E-06
     892   1.069099890E-06
     893   1.066708168E-06
     894   1.064324462E-06
     895   1.061948738E-06
     896   1.076878545E-06
     897   1.074480152E-06
     898   1.072089762E-06
     899   1.069707340E-06
     900   1.067332851E-06
     901   1.061561387E-06
     902   1.059210199E-06
     903   1.056866814E-06
     904   1.054531196E-06
     905   1.052203313E-06
     906   1.144171128E-06
     907   1.141650927E-06
     908   1.139139044E-06
     909   1.136635442E-06
     910   1.134140084E-06
     911   1.103483510E-06
     912   1.101066241E-06
     913   1.098656906E-06
     914   1.096255470E-06
     915   1.093861899E-06
     916   1.175222114E-06
     917   1.172661717E-06
     918   1.170109678E-06
     919   1.167565962E-06
     920   1.165030531E-06
     921   1.141517161E-06
     922   1.139043668E-06
     923   1.136578205E-06
     924   1.134120739E-06
     925   1.131671234E-06
     926   1.146426854E-06
     927   1.143956107E-06
     928   1.141493338E-06
     929   1.139038514E-06
     930   1.136591600E-06
     931   1.256410517E-06
     932   1.253717247E-06
     933   1.251032627E-06
     934   1.248356622E-06
     935   1.245689193E-06
     936   1.163875218E-06
     937   1.161393608E-06
     938   1.158919926E-06
     939   1.156454139E-06
     940   1.153996213E-06
     941   1.268322624E-06
     942   1.265632650E-06
     943   1.262951225E-06
     944   1.260278312E-06
     945   1.257613876E-06
     946   1.253471949E-06
     947   1.250827493E-06
     948   1.248191398E-06
     949   1.245563626E-06
     950   1.242944144E-06
     951   1.300369995E-06
     952   1.297640992E-06
     953   1.294920571E-06
     954   1.292208695E-06
     955   1.289505330E-06
     956   1.320281199E-06
     957   1.317524871E-06
     958   1.314777165E-06
     959   1.312038046E-06
     960   1.309307478E-06
     961   1.265106756E-06
     962   1.262479328E-06
     963   1.259860076E-06
     964   1.257248967E-06
     965   1.254645967E-06
     966   1.403357148E-06
     967   1.400457650E-06
     968   1.397567128E-06
     969   1.394685547E-06
     970   1.391812868E-06
     971   1.304589275E-06
     972   1.301907694E-06
     973   1.299234372E-06
     974   1.296569276E-06
     975   1.293912372E-06
     976   1.418203920E-06
     977   1.415303707E-06
     978   1.412412382E-06
     979   1.409529908E-06
     980   1.406656248E-06
     981   1.380670131E-06
     982   1.377861036E-06
     983   1.375060505E-06
     984   1.372268504E-06
     985   1.369484998E-06
     986   1.356123573E-06
     987   1.353378383E-06
     988   1.350641521E-06
     989   1.347912952E-06
     990   1.345192644E-06
     991   1.460959679E-06
     992   1.458017162E-06
     993   1.455083526E-06
     994   1.452158735E-06
     995   1.449242754E-06
     996   1.455895729E-06
     997   1.452978102E-06
     998   1.450069237E-06
     999   1.447169099E-06
    1000   1.444277652E-06
    1001   1.462864854E-06
    1002   1.459947875E-06
    1003   1.457039612E-06
    1004   1.454140031E-06
    1005   1.451249097E-06
    1006   1.445954938E-06
    1007   1.443085980E-06
    1008   1.440225552E-06
    1009   1.437373620E-06
    1010   1.434530151E-06
    1011   1.453838928E-06
    1012   1.450968565E-06
    1013   1.448106694E-06
    1014   1.445253282E-06
    1015   1.442408295E-06
    1016   1.534679857E-06
    1017   1.531664769E-06
    1018   1.528658557E-06
    1019   1.525661187E-06
    1020   1.522672625E-06
    1021   1.487644117E-06
    1022   1.484735722E-06
    1023   1.481835848E-06
    1024   1.478944461E-06
    1025   1.476061528E-06
    1026   1.513758204E-06
    1027   1.510813149E-06
    1028   1.507876680E-06
    1029   1.504948764E-06
    1030   1.502029368E-06
    1031   1.515148934E-06
    1032   1.512215441E-06
    1033   1.509290460E-06
    1034   1.506373957E-06
    1035   1.503465899E-06
    1036   1.548163564E-06
    1037   1.545180590E-06
    1038   1.542206229E-06
    1039   1.539240447E-06
    1040   1.536283213E-06
    1041   1.597803268E-06
    1042   1.594739407E-06
    1043   1.591684351E-06
    1044   1.588638065E-06
    1045   1.585600516E-06
    1046   1.549251580E-06
    1047   1.546294993E-06
    1048   1.543346861E-06
    1049   1.540407153E-06
    1050   1.537475836E-06
    1051   1.572420095E-06
    1052   1.569433542E-06
    1053   1.566455490E-06
    1054   1.563485906E-06
    1055   1.560524759E-06
    1056   1.546949388E-06
    1057   1.544025098E-06
    1058   1.541109092E-06
    1059   1.538201339E-06
    1060   1.535301808E-06
    1061   1.593395687E-06
    1062   1.590397765E-06
    1063   1.587408295E-06
    1064   1.584427247E-06
    1065   1.581454588E-06
    1066   1.625264542E-06
    1067   1.622220975E-06
    1068   1.619185950E-06
    1069   1.616159434E-06
    1070   1.613141396E-06
    1071   1.621956180E-06
    1072   1.618932962E-06
    1073   1.615918190E-06
    1074   1.612911830E-06
    1075   1.609913853E-06
    1076   1.593318921E-06
    1077   1.590362856E-06
    1078   1.587415010E-06
    1079   1.584475353E-06
    1080   1.581543853E-06
    1081   1.682163177E-06
    1082   1.679056689E-06
    1083   1.675958798E-06
    1084   1.672869473E-06
    1085   1.669788682E-06
    1086   1.666353398E-06
    1087   1.663290248E-06
    1088   1.660235537E-06
    1089   1.657189233E-06
    1090   1.654151306E-06
    1091   1.646372413E-06
    1092   1.643359838E-06
    1093   1.640355524E-06
    1094   1.637359440E-06
    1095   1.634371558E-06
    1096   1.666566670E-06
    1097   1.663531029E-06
    1098   1.660503675E-06
    1099   1.657484577E-06
    1100   1.654473706E-06
    1101   1.693008374E-06
    1102   1.689938549E-06
    1103   1.686877067E-06
    1104   1.683823895E-06
    1105   1.680779006E-06
    1106   1.627597775E-06
    1107   1.624659873E-06
    1108   1.621729918E-06
    1109   1.618807882E-06
    1110   1.615893737E-06
    1111   1.682563000E-06
    1112   1.679539527E-06
    1113   1.676524195E-06
    1114   1.673516977E-06
    1115   1.670517843E-06
    1116   1.657295191E-06
    1117   1.654330441E-06
    1118   1.651373639E-06
    1119   1.648424758E-06
    1120   1.645483768E-06
    1121   1.730699234E-06
    1122   1.727616956E-06
    1123   1.724542904E-06
    1124   1.721477050E-06
    1125   1.718419365E-06
    1126   1.676960365E-06
    1127   1.673987031E-06
    1128   1.671021598E-06
    1129   1.668064038E-06
    1130   1.665114322E-06
    1131   1.694194577E-06
    1132   1.691203942E-06
    1133   1.688221219E-06
    1134   1.685246380E-06
    1135   1.682279397E-06
    1136   1.699756870E-06
    1137   1.696769600E-06
    1138   1.693790198E-06
    1139   1.690818636E-06
    1140   1.687854887E-06
    1141   1.695485257E-06
    1142   1.692518529E-06
    1143   1.689559581E-06
    1144   1.686608385E-06
    1145   1.683664915E-06
    1146   1.753743781E-06
    1147   1.750688479E-06
    1148   1.747641153E-06
    1149   1.744601777E-06
    1150   1.741570323E-06
    1151   1.658508659E-06
    1152   1.655631801E-06
    1153   1.652762422E-06
    1154   1.649900496E-06
    1155   1.647045996E-06
    1156   1.710880303E-06
    1157   1.707925414E-06
    1158   1.704978175E-06
    1159   1.702038557E-06
    1160   1.699106535E-06
    1161   1.662405843E-06
    1162   1.659547020E-06
    1163   1.656695564E-06
    1164   1.653851452E-06
    1165   1.651014657E-06
    1166   1.696493756E-06
    1167   1.693588801E-06
    1168   1.690691301E-06
    1169   1.687801230E-06
    1170   1.684918564E-06
    1171   1.729144325E-06
    1172   1.726196082E-06
    1173   1.723255373E-06
    1174   1.720322173E-06
    1175   1.717396455E-06
    1176   1.624301692E-06
    1177   1.621543965E-06
    1178   1.618793254E-06
    1179   1.616049536E-06
    1180   1.613312789E-06
    1181   1.670479946E-06
    1182   1.667655805E-06
    1183   1.664838818E-06
    1184   1.662028964E-06
    1185   1.659226217E-06
    1186   1.690218772E-06
    1187   1.687373286E-06
    1188   1.684534979E-06
    1189   1.681703828E-06
    1190   1.678879808E-06
    1191   1.623877147E-06
    1192   1.621154805E-06
    1193   1.618439303E-06
    1194   1.615730618E-06
    1195   1.613028727E-06
    1196   1.678415156E-06
    1197   1.675613127E-06
    1198   1.672818110E-06
    1199   1.670030079E-06
    1200   1.667249013E-06
    1201   1.597412074E-06
    1202   1.594756360E-06
    1203   1.592107263E-06
    1204   1.589464762E-06
    1205   1.586828833E-06
    1206   1.661638669E-06
    1207   1.658887611E-06
    1208   1.656143380E-06
    1209   1.653405953E-06
    1210   1.650675308E-06
    1211   1.581429008E-06
    1212   1.578821540E-06
    1213   1.576220516E-06
    1214   1.573625915E-06
    1215   1.571037714E-06
    1216   1.594274979E-06
    1217   1.591657122E-06
    1218   1.589045707E-06
    1219   1.586440714E-06
    1220   1.583842122E-06
    1221   1.613064053E-06
    1222   1.610426173E-06
    1223   1.607794757E-06
    1224   1.605169786E-06
    1225   1.602551238E-06
    1226   1.537689643E-06
    1227   1.535185263E-06
    1228   1.532686995E-06
    1229   1.530194821E-06
    1230   1.527708721E-06
    1231   1.634327579E-06
    1232   1.631676602E-06
    1233   1.629032069E-06
    1234   1.626393960E-06
    1235   1.623762255E-06
    1236   1.552922508E-06
    1237   1.550413748E-06
    1238   1.547911062E-06
    1239   1.545414431E-06
    1240   1.542923836E-06
    1241   1.535514892E-06
    1242   1.533044232E-06
    1243   1.530579531E-06
    1244   1.528120769E-06
    1245   1.525667926E-06
    1246   1.568502575E-06
    1247   1.565988949E-06
    1248   1.563481361E-06
    1249   1.560979790E-06
    1250   1.558484219E-06
    1251   1.488932451E-06
    1252   1.486555863E-06
    1253   1.484184961E-06
    1254   1.481819726E-06
    1255   1.479460140E-06
    1256   1.564010641E-06
    1257   1.561524138E-06
    1258   1.559043559E-06
    1259   1.556568887E-06
    1260   1.554100102E-06
    1261   1.459486849E-06
    1262   1.457175706E-06
    1263   1.454870049E-06
    1264   1.452569859E-06
    1265   1.450275120E-06
    1266   1.497739477E-06
    1267   1.495377112E-06
    1268   1.493020332E-06
    1269   1.490669119E-06
    1270   1.488323456E-06
    1271   1.492076880E-06
    1272   1.489732690E-06
    1273   1.487394020E-06
    1274   1.485060853E-06
    1275   1.482733171E-06
    1276   1.446905362E-06
    1277   1.444641035E-06
    1278   1.442382018E-06
    1279   1.440128296E-06
    1280   1.437879852E-06
    1281   1.444851195E-06
    1282   1.442598893E-06
    1283   1.440351855E-06
    1284   1.438110062E-06
    1285   1.435873499E-06
    1286   1.397402131E-06
    1287   1.395232252E-06
    1288   1.393067423E-06
    1289   1.390907629E-06
    1290   1.388752853E-06
    1291   1.444400026E-06
    1292   1.442165842E-06
    1293   1.439936838E-06
    1294   1.437712997E-06
    1295   1.435494304E-06
    1296   1.381559253E-06
    1297   1.379430502E-06
    1298   1.377306667E-06
    1299   1.375187734E-06
    1300   1.373073687E-06
    1301   1.366971549E-06
    1302   1.364873358E-06
    1303   1.362779994E-06
    1304   1.360691442E-06
    1305   1.358607688E-06
    1306   1.341579037E-06
    1307   1.339527693E-06
    1308   1.337481050E-06
    1309   1.335439094E-06
    1310   1.333401811E-06
    1311   1.319952185E-06
    1312   1.317941595E-06
    1313   1.315935595E-06
    1314   1.313934173E-06
    1315   1.311937312E-06
    1316   1.327177205E-06
    1317   1.325163279E-06
    1318   1.323153934E-06
    1319   1.321149155E-06
    1320   1.319148930E-06
    1321   1.260840220E-06
    1322   1.258934188E-06
    1323   1.257032475E-06
    1324   1.255135068E-06
    1325   1.253241953E-06
    1326   1.264031775E-06
    1327   1.262128112E-06
    1328   1.260228747E-06
    1329   1.258333666E-06
    1330   1.256442857E-06
    1331   1.229603505E-06
    1332   1.227758639E-06
    1333   1.225917921E-06
    1334   1.224081340E-06
    1335   1.222248883E-06
    1336   1.210537842E-06
    1337   1.208728369E-06
    1338   1.206922949E-06
    1339   1.205121571E-06
    1340   1.203324224E-06
    1341   1.182883977E-06
    1342   1.181122422E-06
    1343   1.179364800E-06
    1344   1.177611097E-06
    1345   1.175861304E-06
    1346   1.157140567E-06
    1347   1.155423741E-06
    1348   1.153710734E-06
    1349   1.152001533E-06
    1350   1.150296127E-06
    1351   1.148702620E-06
    1352   1.147004612E-06
    1353   1.145310366E-06
    1354   1.143619871E-06
    1355   1.141933116E-06
    1356   1.143276725E-06
    1357   1.141592960E-06
    1358   1.139912912E-06
    1359   1.138236569E-06
    1360   1.136563922E-06
    1361   1.108201294E-06
    1362   1.106575173E-06
    1363   1.104952629E-06
    1364   1.103333651E-06
    1365   1.101718228E-06
    1366   1.063047665E-06
    1367   1.061493502E-06
    1368   1.059942745E-06
    1369   1.058395383E-06
    1370   1.056851407E-06
    1371   1.041850345E-06
    1372   1.040332719E-06
    1373   1.038818406E-06
    1374   1.037307398E-06
    1375   1.035799683E-06
    1376   1.061325845E-06
    1377   1.059785459E-06
    1378   1.058248424E-06
    1379   1.056714731E-06
    1380   1.055184369E-06
    1381   1.002712289E-06
    1382   1.001262235E-06
    1383   9.998153243E-07
    1384   9.983715476E-07
    1385   9.969308960E-07
    1386   1.004390227E-06
    1387   1.002942979E-06
    1388   1.001498856E-06
    1389   1.000057851E-06
    1390   9.986199531E-07
    1391   9.451910782E-07
    1392   9.438340200E-07
    1393   9.424798822E-07
    1394   9.411286566E-07
    1395   9.397803347E-07
    1396   9.583465032E-07
    1397   9.569754782E-07
    1398   9.556073931E-07
    1399   9.542422397E-07
    1400   9.528800095E-07
    1401   9.424235647E-07
    1402   9.410801241E-07
    1403   9.397395541E-07
    1404   9.384018466E-07
    1405   9.370669933E-07
    1406   8.897143895E-07
    1407   8.884505906E-07
    1408   8.871894826E-07
    1409   8.859310578E-07
    1410   8.846753086E-07
    1411   8.898546881E-07
    1412   8.885951627E-07
    1413   8.873383096E-07
    1414   8.860841212E-07
    1415   8.848325899E-07
    1416   8.556450368E-07
    1417   8.544382032E-07
    1418   8.532339210E-07
    1419   8.520321831E-07
    1420   8.508329823E-07
    1421   8.496683997E-07
    1422   8.484742066E-07
    1423   8.472825294E-07
    1424   8.460933609E-07
    1425   8.449066942E-07
    1426   8.413439640E-07
    1427   8.401656111E-07
    1428   8.389897320E-07
    1429   8.378163198E-07
    1430   8.366453676E-07
    1431   7.972108399E-07
    1432   7.960981939E-07
    1433   7.949878756E-07
    1434   7.938798786E-07
    1435   7.927741963E-07
    1436   7.947390846E-07
    1437   7.936337451E-07
    1438   7.925307101E-07
    1439   7.914299730E-07
    1440   7.903315275E-07
    1441   7.660546327E-07
    1442   7.649928799E-07
    1443   7.639333330E-07
    1444   7.628759858E-07
    1445   7.618208323E-07
    1446   7.551037490E-07
    1447   7.540607881E-07
    1448   7.530199864E-07
    1449   7.519813382E-07
    1450   7.509448373E-07
    1451   7.519004466E-07
    1452   7.508654838E-07
    1453   7.498326565E-07
    1454   7.488019587E-07
    1455   7.477733846E-07
    1456   7.088403944E-07
    1457   7.078680482E-07
    1458   7.068977013E-07
    1459   7.059293483E-07
    1460   7.049629837E-07
    1461   7.348552610E-07
    1462   7.338506742E-07
    1463   7.328481460E-07
    1464   7.318476707E-07
    1465   7.308492427E-07
    1466   6.882694852E-07
    1467   6.873317883E-07
    1468   6.863960064E-07
    1469   6.854621343E-07
    1470   6.845301668E-07
    1471   6.911337513E-07
    1472   6.901953484E-07
    1473   6.892588554E-07
    1474   6.883242671E-07
    1475   6.873915784E-07
    1476   6.643243916E-07
    1477   6.634254411E-07
    1478   6.625283141E-07
    1479   6.616330055E-07
    1480   6.607395106E-07
    1481   6.667075871E-07
    1482   6.658084535E-07
    1483   6.649111375E-07
    1484   6.640156343E-07
    1485   6.631219390E-07
    1486   6.713439292E-07
    1487   6.704415852E-07
    1488   6.695410593E-07
    1489   6.686423464E-07
    1490   6.677454419E-07
    1491   6.413245737E-07
    1492   6.404654651E-07
    1493   6.396080816E-07
    1494   6.387524186E-07
    1495   6.378984715E-07
    1496   6.372135309E-07
    1497   6.363627785E-07
    1498   6.355137288E-07
    1499   6.346663771E-07
    1500   6.338207191E-07
    1501   6.343121587E-07
    1502   6.334680972E-07
    1503   6.326257195E-07
    1504   6.317850208E-07
    1505   6.309459969E-07
    1506   6.312670909E-07
    1507   6.304298667E-07
    1508   6.295943069E-07
    1509   6.287604071E-07
    1510   6.279281631E-07
    1511   6.355856783E-07
    1512   6.347455122E-07
    1513   6.339070109E-07
    1514   6.330701699E-07
    1515   6.322349850E-07
    1516   6.204382801E-07
    1517   6.196208384E-07
    1518   6.188050111E-07
    1519   6.179907940E-07
    1520   6.171781828E-07
    1521   6.269679933E-07
    1522   6.261446604E-07
    1523   6.253229482E-07
    1524   6.245028525E-07
    1525   6.236843691E-07
    1526   6.413769741E-07
    1527   6.405374754E-07
    1528   6.396996239E-07
    1529   6.388634152E-07
    1530   6.380288451E-07
    1531   6.400731433E-07
    1532   6.392380837E-07
    1533   6.384046573E-07
    1534   6.375728597E-07
    1535   6.367426867E-07
    1536   6.353634245E-07
    1537   6.345372042E-07
    1538   6.337125944E-07
    1539   6.328895910E-07
    1540   6.320681899E-07
    1541   6.320360049E-07
    1542   6.312167748E-07
    1543   6.303991365E-07
    1544   6.295830858E-07
    1545   6.287686187E-07
    1546   6.600668581E-07
    1547   6.592140585E-07
    1548   6.583629106E-07
    1549   6.575134101E-07
    1550   6.566655527E-07
    1551   6.406731412E-07
    1552   6.398480631E-07
    1553   6.390245778E-07
    1554   6.382026812E-07
    1555   6.373823693E-07
    1556   6.693713607E-07
    1557   6.685120907E-07
    1558   6.676544741E-07
    1559   6.667985069E-07
    1560   6.659441846E-07
    1561   6.681496077E-07
    1562   6.672946498E-07
    1563   6.664413318E-07
    1564   6.655896496E-07
    1565   6.647395990E-07
    1566   6.845305570E-07
    1567   6.836574313E-07
    1568   6.827859751E-07
    1569   6.819161840E-07
    1570   6.810480539E-07
    1571   7.025338951E-07
    1572   7.016406543E-07
    1573   7.007491160E-07
    1574   6.998592759E-07
    1575   6.989711296E-07
    1576   7.132664044E-07
    1577   7.123623912E-07
    1578   7.114600955E-07
    1579   7.105595131E-07
    1580   7.096606396E-07
    1581   7.321178916E-07
    1582   7.311929164E-07
    1583   7.302696930E-07
    1584   7.293482170E-07
    1585   7.284284841E-07
    1586   7.556519229E-07
    1587   7.547002203E-07
    1588   7.537503144E-07
    1589   7.528022008E-07
    1590   7.518558750E-07
    1591   7.833853633E-07
    1592   7.824018287E-07
    1593   7.814201451E-07
    1594   7.804403079E-07
    1595   7.794623125E-07
    1596   7.888585661E-07
    1597   7.878712587E-07
    1598   7.868858037E-07
    1599   7.859021965E-07
    1600   7.849204323E-07
    1601   8.163382855E-07
    1602   8.153197724E-07
    1603   8.143031642E-07
    1604   8.132884562E-07
    1605   8.122756437E-07
    1606   8.496050125E-07
    1607   8.485482899E-07
    1608   8.474935375E-07
    1609   8.464407505E-07
    1610   8.453899240E-07
    1611   8.846151152E-07
    1612   8.835182582E-07
    1613   8.824234401E-07
    1614   8.813306556E-07
    1615   8.802398999E-07
    1616   9.094017523E-07
    1617   9.082776463E-07
    1618   9.071556233E-07
    1619   9.060356781E-07
    1620   9.049178056E-07
    1621   9.302142499E-07
    1622   9.290679600E-07
    1623   9.279237876E-07
    1624   9.267817276E-07
    1625   9.256417747E-07
    1626   9.891930546E-07
    1627   9.879778298E-07
    1628   9.867648429E-07
    1629   9.855540885E-07
    1630   9.843455611E-07
    1631   1.048748667E-06
    1632   1.047464223E-06
    1633   1.046182137E-06
    1634   1.044902403E-06
    1635   1.043625016E-06
    1636   1.067486359E-06
    1637   1.066182957E-06
    1638   1.064881941E-06
    1639   1.063583304E-06
    1640   1.062287042E-06
    1641   1.128328219E-06
    1642   1.126954722E-06
    1643   1.125583730E-06
    1644   1.124215240E-06
    1645   1.122849243E-06
    1646   1.164223803E-06
    1647   1.162810910E-06
    1648   1.161400587E-06
    1649   1.159992829E-06
    1650   1.158587629E-06
    1651   1.228851116E-06
    1652   1.227364303E-06
    1653   1.225880186E-06
    1654   1.224398760E-06
    1655   1.222920018E-06
    1656   1.265931123E-06
    1657   1.264404065E-06
    1658   1.262879768E-06
    1659   1.261358226E-06
    1660   1.259839432E-06
    1661   1.310321277E-06
    1662   1.308745425E-06
    1663   1.307172414E-06
    1664   1.305602236E-06
    1665   1.304034887E-06
    1666   1.398758479E-06
    1667   1.397081311E-06
    1668   1.395407157E-06
    1669   1.393736011E-06
    1670   1.392067865E-06
    1671   1.469158173E-06
    1672   1.467401857E-06
    1673   1.465648689E-06
    1674   1.463898661E-06
    1675   1.462151765E-06
    1676   1.555367610E-06
    1677   1.553513775E-06
    1678   1.551663253E-06
    1679   1.549816034E-06
    1680   1.547972113E-06
    1681   1.615691939E-06
    1682   1.613771924E-06
    1683   1.611855331E-06
    1684   1.609942149E-06
    1685   1.608032372E-06
    1686   1.657520743E-06
    1687   1.655556856E-06
    1688   1.653596457E-06
    1689   1.651639538E-06
    1690   1.649686091E-06
    1691   1.736868685E-06
    1692   1.734816861E-06
    1693   1.732768671E-06
    1694   1.730724107E-06
    1695   1.728683158E-06
    1696   1.754830813E-06
    1697   1.752763875E-06
    1698   1.750700586E-06
    1699   1.748640938E-06
    1700   1.746584923E-06
    1701   1.835160965E-06
    1702   1.833005756E-06
    1703   1.830854340E-06
    1704   1.828706711E-06
    1705   1.826562858E-06
    1706   1.846289893E-06
    1707   1.844127961E-06
    1708   1.841969825E-06
    1709   1.839815474E-06
    1710   1.837664901E-06
    1711   1.897262005E-06
    1712   1.895046872E-06
    1713   1.892835615E-06
    1714   1.890628227E-06
    1715   1.888424697E-06
    1716   2.016117109E-06
    1717   2.013770057E-06
    1718   2.011427102E-06
    1719   2.009088233E-06
    1720   2.006753442E-06
    1721   2.044872450E-06
    1722   2.042498831E-06
    1723   2.040129343E-06
    1724   2.037763976E-06
    1725   2.035402720E-06
    1726   2.207643151E-06
    1727   2.205088008E-06
    1728   2.202537299E-06
    1729   2.199991013E-06
    1730   2.197449141E-06
    1731   2.242039474E-06
    1732   2.239452008E-06
    1733   2.236869018E-06
    1734   2.234290495E-06
    1735   2.231716428E-06
    1736   2.363426960E-06
    1737   2.360707252E-06
    1738   2.357992235E-06
    1739   2.355281899E-06
    1740   2.352576233E-06
    1741   2.471762444E-06
    1742   2.468926227E-06
    1743   2.466094890E-06
    1744   2.463268420E-06
    1745   2.460446807E-06
    1746   2.498640929E-06
    1747   2.495782072E-06
    1748   2.492928119E-06
    1749   2.490079058E-06
    1750   2.487234879E-06
    1751   2.649862684E-06
    1752   2.646839452E-06
    1753   2.643821391E-06
    1754   2.640808489E-06
    1755   2.637800734E-06
    1756   2.691954191E-06
    1757   2.688891672E-06
    1758   2.685834376E-06
    1759   2.682782292E-06
    1760   2.679735406E-06
    1761   2.864451470E-06
    1762   2.861201950E-06
    1763   2.857957957E-06
    1764   2.854719478E-06
    1765   2.851486500E-06
    1766   2.883213597E-06
    1767   2.879952043E-06
    1768   2.876696020E-06
    1769   2.873445516E-06
    1770   2.870200519E-06
    1771   3.031351837E-06
    1772   3.027932376E-06
    1773   3.024518698E-06
    1774   3.021110790E-06
    1775   3.017708638E-06
    1776   3.219493659E-06
    1777   3.215872181E-06
    1778   3.212256811E-06
    1779   3.208647533E-06
    1780   3.205044336E-06
    1781   3.307601609E-06
    1782   3.303891455E-06
    1783   3.300187541E-06
    1784   3.296489852E-06
    1785   3.292798374E-06
    1786   3.444105459E-06
    1787   3.440252992E-06
    1788   3.436406985E-06
    1789   3.432567424E-06
    1790   3.428734295E-06
    1791   3.481004169E-06
    1792   3.477121287E-06
    1793   3.473244897E-06
    1794   3.469374986E-06
    1795   3.465511540E-06
    1796   3.601381653E-06
    1797   3.597375667E-06
    1798   3.593376361E-06
    1799   3.589383720E-06
    1800   3.585397731E-06
    1801   3.670313370E-06
    1802   3.666242030E-06
    1803   3.662177460E-06
    1804   3.658119646E-06
    1805   3.654068572E-06
    1806   3.695372660E-06
    1807   3.691284858E-06
    1808   3.687203836E-06
    1809   3.683129577E-06
    1810   3.679062068E-06
    1811   3.844220373E-06
    1812   3.839979644E-06
    1813   3.835745929E-06
    1814   3.831519212E-06
    1815   3.827299477E-06
    1816   3.900712637E-06
    1817   3.896421424E-06
    1818   3.892137288E-06
    1819   3.887860214E-06
    1820   3.883590186E-06
    1821   4.143209306E-06
    1822   4.138663822E-06
    1823   4.134125813E-06
    1824   4.129595264E-06
    1825   4.125072159E-06
    1826   4.189405199E-06
    1827   4.184821605E-06
    1828   4.180245529E-06
    1829   4.175676955E-06
    1830   4.171115866E-06
    1831   4.292972110E-06
    1832   4.288288016E-06
    1833   4.283611584E-06
    1834   4.278942798E-06
    1835   4.274281640E-06
    1836   4.477725638E-06
    1837   4.472853249E-06
    1838   4.467988809E-06
    1839   4.463132299E-06
    1840   4.458283703E-06
    1841   4.609829360E-06
    1842   4.604826832E-06
    1843   4.599832443E-06
    1844   4.594846175E-06
    1845   4.589868010E-06
    1846   4.722374525E-06
    1847   4.717263730E-06
    1848   4.712161227E-06
    1849   4.707066999E-06
    1850   4.701981027E-06
    1851   4.737869126E-06
    1852   4.732755397E-06
    1853   4.727649944E-06
    1854   4.722552747E-06
    1855   4.717463789E-06
    1856   4.822693575E-06
    1857   4.817502301E-06
    1858   4.812319405E-06
    1859   4.807144868E-06
    1860   4.801978672E-06
    1861   5.016621592E-06
    1862   5.011236061E-06
    1863   5.005859199E-06
    1864   5.000490985E-06
    1865   4.995131402E-06
    1866   5.164729247E-06
    1867   5.159199558E-06
    1868   5.153678745E-06
    1869   5.148166790E-06
    1870   5.142663672E-06
    1871   5.431406247E-06
    1872   5.425606561E-06
    1873   5.419816159E-06
    1874   5.414035021E-06
    1875   5.408263129E-06
    1876   5.456042671E-06
    1877   5.450232189E-06
    1878   5.444430984E-06
    1879   5.438639036E-06
    1880   5.432856325E-06
    1881   5.755827986E-06
    1882   5.749714520E-06
    1883   5.743610789E-06
    1884   5.737516772E-06
    1885   5.731432449E-06
    1886   5.823399279E-06
    1887   5.817230424E-06
    1888   5.811071366E-06
    1889   5.804922084E-06
    1890   5.798782558E-06
    1891   5.950128128E-06
    1892   5.943841674E-06
    1893   5.937565178E-06
    1894   5.931298619E-06
    1895   5.925041975E-06
    1896   6.165522430E-06
    1897   6.159025567E-06
    1898   6.152538969E-06
    1899   6.146062612E-06
    1900   6.139596475E-06
    1901   5.969586020E-06
    1902   5.963312151E-06
    1903   5.957048168E-06
    1904   5.950794049E-06
    1905   5.944549774E-06
    1906   6.174733137E-06
    1907   6.168260670E-06
    1908   6.161798375E-06
    1909   6.155346230E-06
    1910   6.148904214E-06
    1911   6.167415509E-06
    1912   6.160967610E-06
    1913   6.154529817E-06
    1914   6.148102110E-06
    1915   6.141684467E-06
    1916   6.276985172E-06
    1917   6.270439827E-06
    1918   6.263904716E-06
    1919   6.257379815E-06
    1920   6.250865104E-06
    1921   6.378088156E-06
    1922   6.371454679E-06
    1923   6.364831545E-06
    1924   6.358218733E-06
    1925   6.351616222E-06
    1926   6.548273536E-06
    1927   6.541480721E-06
    1928   6.534698470E-06
    1929   6.527926762E-06
    1930   6.521165574E-06
    1931   6.856119538E-06
    1932   6.849025778E-06
    1933   6.841943021E-06
    1934   6.834871245E-06
    1935   6.827810428E-06
    1936   6.845670990E-06
    1937   6.838606314E-06
    1938   6.831552569E-06
    1939   6.824509731E-06
    1940   6.817477779E-06
    1941   6.913904247E-06
    1942   6.906787516E-06
    1943   6.899681767E-06
    1944   6.892586979E-06
    1945   6.885503128E-06
    1946   7.072017077E-06
    1947   7.064756279E-06
    1948   7.057506657E-06
    1949   7.050268189E-06
    1950   7.043040851E-06
    1951   6.962628124E-06
    1952   6.955497936E-06
    1953   6.948378696E-06
    1954   6.941270380E-06
    1955   6.934172967E-06
    1956   7.311186667E-06
    1957   7.303718652E-06
    1958   7.296262073E-06
    1959   7.288816908E-06
    1960   7.281383132E-06
    1961   7.153731333E-06
    1962   7.146442763E-06
    1963   7.139165326E-06
    1964   7.131899000E-06
    1965   7.124643762E-06
    1966   7.521682410E-06
    1967   7.514038424E-06
    1968   7.506406084E-06
    1969   7.498785367E-06
    1970   7.491176250E-06
    1971   7.805073494E-06
    1972   7.797161610E-06
    1973   7.789261751E-06
    1974   7.781373891E-06
    1975   7.773498006E-06
    1976   7.875483944E-06
    1977   7.867520867E-06
    1978   7.859569860E-06
    1979   7.851630901E-06
    1980   7.843703964E-06
    1981   8.141754420E-06
    1982   8.133542868E-06
    1983   8.125343732E-06
    1984   8.117156988E-06
    1985   8.108982610E-06
    1986   8.046780893E-06
    1987   8.038685540E-06
    1988   8.030602397E-06
    1989   8.022531440E-06
    1990   8.014472644E-06
    1991   8.407471255E-06
    1992   8.399034254E-06
    1993   8.390609947E-06
    1994   8.382198308E-06
    1995   8.373799312E-06
    1996   8.310107497E-06
    1997   8.301789071E-06
    1998   8.293483129E-06
    1999   8.285189646E-06
    2000   8.276908597E-06
    2001   8.147599661E-06
    2002   8.139464264E-06
    2003   8.131341046E-06
    2004   8.123229983E-06
    2005   8.115131050E-06
    2006   8.251898644E-06
    2007   8.243679622E-06
    2008   8.235472872E-06
    2009   8.227278372E-06
    2010   8.219096096E-06
    2011   8.159546239E-06
    2012   8.151439387E-06
    2013   8.143344611E-06
    2014   8.135261887E-06
    2015   8.127191191E-06
    2016   8.388796745E-06
    2017   8.380482774E-06
    2018   8.372181157E-06
    2019   8.363891869E-06
    2020   8.355614885E-06
    2021   8.406526221E-06
    2022   8.398215270E-06
    2023   8.389916639E-06
    2024   8.381630301E-06
    2025   8.373356234E-06
    2026   8.497143357E-06
    2027   8.488763531E-06
    2028   8.480396096E-06
    2029   8.472041026E-06
    2030   8.463698297E-06
    2031   8.840349725E-06
    2032   8.831652873E-06
    2033   8.822968849E-06
    2034   8.814297626E-06
    2035   8.805639181E-06
    2036   8.730016411E-06
    2037   8.721449173E-06
    2038   8.712894539E-06
    2039   8.704352485E-06
    2040   8.695822987E-06
    2041   9.084236324E-06
    2042   9.075343288E-06
    2043   9.066463304E-06
    2044   9.057596347E-06
    2045   9.048742392E-06
    2046   8.908083543E-06
    2047   8.899384242E-06
    2048   8.890697679E-06
    2049   8.882023828E-06
    2050   8.873362663E-06
    2051   8.952996009E-06
    2052   8.944274143E-06
    2053   8.935565015E-06
    2054   8.926868601E-06
    2055   8.918184877E-06
    2056   9.062437919E-06
    2057   9.053630885E-06
    2058   9.044836683E-06
    2059   9.036055288E-06
    2060   9.027286675E-06
    2061   9.113227718E-06
    2062   9.104392791E-06
    2063   9.095570705E-06
    2064   9.086761435E-06
    2065   9.077964957E-06
    2066   9.320674717E-06
    2067   9.311660525E-06
    2068   9.302659403E-06
    2069   9.293671327E-06
    2070   9.284696270E-06
    2071   9.309323435E-06
    2072   9.300341936E-06
    2073   9.291373429E-06
    2074   9.282417888E-06
    2075   9.273475289E-06
    2076   9.691979980E-06
    2077   9.682651799E-06
    2078   9.673337079E-06
    2079   9.664035793E-06
    2080   9.654747917E-06
    2081   9.811467107E-06
    2082   9.802046591E-06
    2083   9.792639637E-06
    2084   9.783246217E-06
    2085   9.773866307E-06
    2086   9.939674411E-06
    2087   9.930153650E-06
    2088   9.920646562E-06
    2089   9.911153120E-06
    2090   9.901673299E-06
    2091   9.746097073E-06
    2092   9.736784032E-06
    2093   9.727484334E-06
    2094   9.718197953E-06
    2095   9.708924863E-06
    2096   9.824756368E-06
    2097   9.815390538E-06
    2098   9.806038093E-06
    2099   9.796699009E-06
    2100   9.787373260E-06
    2101   9.822716112E-06
    2102   9.813374490E-06
    2103   9.804046187E-06
    2104   9.794731179E-06
    2105   9.785429440E-06
    2106   9.478516395E-06
    2107   9.469523495E-06
    2108   9.460543387E-06
    2109   9.451576047E-06
    2110   9.442621451E-06
    2111   9.644105352E-06
    2112   9.634976999E-06
    2113   9.625861600E-06
    2114   9.616759130E-06
    2115   9.607669566E-06
    2116   9.675142251E-06
    2117   9.666006139E-06
    2118   9.656882962E-06
    2119   9.647772695E-06
    2120   9.638675314E-06
    2121   9.809702115E-06
    2122   9.800460757E-06
    2123   9.791232451E-06
    2124   9.782017173E-06
    2125   9.772814899E-06
    2126   9.802719133E-06
    2127   9.793506051E-06
    2128   9.784305951E-06
    2129   9.775118810E-06
    2130   9.765944602E-06
    2131   9.925224862E-06
    2132   9.915918509E-06
    2133   9.906625240E-06
    2134   9.897345029E-06
    2135   9.888077852E-06
    2136   1.008607209E-05
    2137   1.007663704E-05
    2138   1.006721522E-05
    2139   1.005780660E-05
    2140   1.004841117E-05
    2141   9.947144137E-06
    2142   9.937860754E-06
    2143   9.928590362E-06
    2144   9.919332935E-06
    2145   9.910088450E-06
    2146   9.874788672E-06
    2147   9.865594269E-06
    2148   9.856412702E-06
    2149   9.847243946E-06
    2150   9.838087977E-06
    2151   9.583457394E-06
    2152   9.574554972E-06
    2153   9.565664949E-06
    2154   9.556787302E-06
    2155   9.547922007E-06
    2156   9.442917604E-06
    2157   9.434166059E-06
    2158   9.425426674E-06
    2159   9.416699427E-06
    2160   9.407984295E-06
    2161   9.741249831E-06
    2162   9.732242665E-06
    2163   9.723247986E-06
    2164   9.714265771E-06
    2165   9.705295996E-06
    2166   9.548607399E-06
    2167   9.539798721E-06
    2168   9.531002226E-06
    2169   9.522217892E-06
    2170   9.513445697E-06
    2171   9.737059315E-06
    2172   9.728097456E-06
    2173   9.719147964E-06
    2174   9.710210817E-06
    2175   9.701285991E-06
    2176   9.791264360E-06
    2177   9.782273300E-06
    2178   9.773294619E-06
    2179   9.764328294E-06
    2180   9.755374302E-06
    2181   1.010815551E-05
    2182   1.009889472E-05
    2183   1.008964665E-05
    2184   1.008041128E-05
    2185   1.007118858E-05
    2186   1.016098448E-05
    2187   1.015169656E-05
    2188   1.014242137E-05
    2189   1.013315888E-05
    2190   1.012390908E-05
    2191   9.903630781E-06
    2192   9.894598742E-06
    2193   9.885579053E-06
    2194   9.876571692E-06
    2195   9.867576636E-06
    2196   9.993903435E-06
    2197   9.984809802E-06
    2198   9.975728574E-06
    2199   9.966659730E-06
    2200   9.957603247E-06
    2201   9.599601183E-06
    2202   9.590886157E-06
    2203   9.582182994E-06
    2204   9.573491671E-06
    2205   9.564812169E-06
    2206   9.631746616E-06
    2207   9.623022208E-06
    2208   9.614309649E-06
    2209   9.605608916E-06
    2210   9.596919989E-06
    2211   9.527629600E-06
    2212   9.519019000E-06
    2213   9.510420067E-06
    2214   9.501832780E-06
    2215   9.493257119E-06
    2216   9.498907505E-06
    2217   9.490342215E-06
    2218   9.481788504E-06
    2219   9.473246352E-06
    2220   9.464715738E-06
    2221   9.912746873E-06
    2222   9.903828522E-06
    2223   9.894922202E-06
    2224   9.886027890E-06
    2225   9.877145564E-06
    2226   9.788272476E-06
    2227   9.779485876E-06
    2228   9.770711102E-06
    2229   9.761948132E-06
    2230   9.753196946E-06
    2231   1.012876651E-05
    2232   1.011969462E-05
    2233   1.011063491E-05
    2234   1.010158737E-05
    2235   1.009255196E-05
    2236   1.016837552E-05
    2237   1.015928850E-05
    2238   1.015021365E-05
    2239   1.014115096E-05
    2240   1.013210040E-05
    2241   1.003128939E-05
    2242   1.002234486E-05
    2243   1.001341229E-05
    2244   1.000449165E-05
    2245   9.995582933E-06
    2246   1.032418269E-05
    2247   1.031499747E-05
    2248   1.030582451E-05
    2249   1.029666378E-05
    2250   1.028751525E-05
    2251   9.848463407E-06
    2252   9.839720874E-06
    2253   9.830989977E-06
    2254   9.822270695E-06
    2255   9.813563009E-06
    2256   9.762564451E-06
    2257   9.753917361E-06
    2258   9.745281754E-06
    2259   9.736657611E-06
    2260   9.728044911E-06
    2261   9.465406725E-06
    2262   9.457041364E-06
    2263   9.448687087E-06
    2264   9.440343875E-06
    2265   9.432011709E-06
    2266   9.489057096E-06
    2267   9.480689321E-06
    2268   9.472332610E-06
    2269   9.463986942E-06
    2270   9.455652299E-06
    2271   9.743264882E-06
    2272   9.734691837E-06
    2273   9.726130103E-06
    2274   9.717579659E-06
    2275   9.709040485E-06
    2276   9.670970595E-06
    2277   9.662479840E-06
    2278   9.654000261E-06
    2279   9.645531840E-06
    2280   9.637074556E-06
    2281   1.004323884E-05
    2282   1.003444056E-05
    2283   1.002565383E-05
    2284   1.001687865E-05
    2285   1.000811497E-05
    2286   9.909836128E-06
    2287   9.901173684E-06
    2288   9.892522592E-06
    2289   9.883882835E-06
    2290   9.875254391E-06
    2291   9.624335185E-06
    2292   9.615940649E-06
    2293   9.607557091E-06
    2294   9.599184492E-06
    2295   9.590822833E-06
    2296   9.221236386E-06
    2297   9.213210941E-06
    2298   9.205195968E-06
    2299   9.197191450E-06
    2300   9.189197368E-06
    2301   8.842333201E-06
    2302   8.834654232E-06
    2303   8.826985261E-06
    2304   8.819326272E-06
    2305   8.811677247E-06
    2306   9.311011058E-06
    2307   9.302942591E-06
    2308   9.294884607E-06
    2309   9.286837088E-06
    2310   9.278800016E-06
    2311   9.699322739E-06
    2312   9.690935949E-06
    2313   9.682560032E-06
    2314   9.674194969E-06
    2315   9.665840742E-06
    2316   1.046257283E-05
    2317   1.045354559E-05
    2318   1.044453002E-05
    2319   1.043552612E-05
    2320   1.042653385E-05
    2321   1.090255965E-05
    2322   1.089317303E-05
    2323   1.088379853E-05
    2324   1.087443612E-05
    2325   1.086508579E-05
    2326   1.112104318E-05
    2327   1.111148902E-05
    2328   1.110194717E-05
    2329   1.109241760E-05
    2330   1.108290030E-05
    2331   1.130937328E-05
    2332   1.129967815E-05
    2333   1.128999548E-05
    2334   1.128032524E-05
    2335   1.127066743E-05
    2336   1.102340008E-05
    2337   1.101397032E-05
    2338   1.100455264E-05
    2339   1.099514704E-05
    2340   1.098575349E-05
    2341   1.096990092E-05
    2342   1.096053695E-05
    2343   1.095118495E-05
    2344   1.094184492E-05
    2345   1.093251684E-05
    2346   1.051280684E-05
    2347   1.050385215E-05
    2348   1.049490890E-05
    2349   1.048597706E-05
    2350   1.047705662E-05
    2351   9.973164741E-06
    2352   9.964687763E-06
    2353   9.956221588E-06
    2354   9.947766198E-06
    2355   9.939321575E-06
    2356   9.005385007E-06
    2357   8.997746852E-06
    2358   8.990118410E-06
    2359   8.982499666E-06
    2360   8.974890602E-06
    2361   8.380121290E-06
    2362   8.373028509E-06
    2363   8.365944728E-06
    2364   8.358869934E-06
    2365   8.351804109E-06
    2366   8.454076865E-06
    2367   8.446936597E-06
    2368   8.439805372E-06
    2369   8.432683173E-06
    2370   8.425569986E-06
    2371   9.279342999E-06
    2372   9.271522230E-06
    2373   9.263711343E-06
    2374   9.255910323E-06
    2375   9.248119153E-06
    2376   1.118811541E-05
    2377   1.117870572E-05
    2378   1.116930790E-05
    2379   1.115992193E-05
    2380   1.115054778E-05
    2381   1.363012610E-05
    2382   1.361868663E-05
    2383   1.360726156E-05
    2384   1.359585085E-05
    2385   1.358445450E-05
    2386   1.541418975E-05
    2387   1.540128004E-05
    2388   1.538838654E-05
    2389   1.537550923E-05
    2390   1.536264808E-05
    2391   1.656189641E-05
    2392   1.654805446E-05
    2393   1.653422985E-05
    2394   1.652042256E-05
    2395   1.650663256E-05
    2396   1.600809908E-05
    2397   1.599474787E-05
    2398   1.598141336E-05
    2399   1.596809551E-05
    2400   1.595479431E-05
    2401   1.591070870E-05
    2402   1.589746633E-05
    2403   1.588424049E-05
    2404   1.587103114E-05
    2405   1.585783826E-05
    2406   1.630613865E-05
    2407   1.629259535E-05
    2408   1.627906891E-05
    2409   1.626555931E-05
    2410   1.625206652E-05
    2411   1.829704661E-05
    2412   1.828188121E-05
    2413   1.826673467E-05
    2414   1.825160694E-05
    2415   1.823649799E-05
    2416   2.079432138E-05
    2417   2.077712178E-05
    2418   2.075994351E-05
    2419   2.074278653E-05
    2420   2.072565081E-05
    2421   2.183206231E-05
    2422   2.181404162E-05
    2423   2.179604324E-05
    2424   2.177806712E-05
    2425   2.176011323E-05
    2426   2.155994386E-05
    2427   2.154218443E-05
    2428   2.152444694E-05
    2429   2.150673134E-05
    2430   2.148903761E-05
    2431   1.768450943E-05
    2432   1.766997222E-05
    2433   1.765545294E-05
    2434   1.764095154E-05
    2435   1.762646800E-05
    2436   1.216997265E-05
    2437   1.215998908E-05
    2438   1.215001779E-05
    2439   1.214005875E-05
    2440   1.213011196E-05
    2441   4.471083523E-06
    2442   4.467423200E-06
    2443   4.463767371E-06
    2444   4.460116028E-06
    2445   4.456469163E-06
    2446  -4.748001734E-06
    2447  -4.744122648E-06
    2448  -4.740248313E-06
    2449  -4.736378723E-06
    2450  -4.732513869E-06
    2451  -1.498743509E-05
    2452  -1.497521541E-05
    2453  -1.496301067E-05
    2454  -1.495082085E-05
    2455  -1.493864591E-05
    2456  -2.408477631E-05
    2457  -2.406517926E-05
    2458  -2.404560612E-05
    2459  -2.402605685E-05
    2460  -2.400653140E-05
    2461  -3.138449632E-05
    2462  -3.135901155E-05
    2463  -3.133355781E-05
    2464  -3.130813504E-05
    2465  -3.128274321E-05
    2466  -3.509746459E-05
    2467  -3.506902256E-05
    2468  -3.504061509E-05
    2469  -3.501224212E-05
    2470  -3.498390360E-05
    2471  -3.200128299E-05
    2472  -3.197540245E-05
    2473  -3.194955330E-05
    2474  -3.192373548E-05
    2475  -3.189794894E-05
    2476  -1.809886505E-05
    2477  -1.808425741E-05
    2478  -1.806966744E-05
    2479  -1.805509513E-05
    2480  -1.804054044E-05
    2481   1.126381267E-05
    2482   1.125473993E-05
    2483   1.124567814E-05
    2484   1.123662729E-05
    2485   1.122758737E-05
    2486   5.672737129E-05
    2487   5.668177051E-05
    2488   5.663622469E-05
    2489   5.659073375E-05
    2490   5.654529759E-05
    2491   1.157208198E-04
    2492   1.156279832E-04
    2493   1.155352583E-04
    2494   1.154426448E-04
    2495   1.153501427E-04
    2496   1.881035560E-04
    2497   1.879529527E-04
    2498   1.878025301E-04
    2499   1.876522881E-04
    2500   1.875022263E-04
    2501   2.632020682E-04
    2502   2.629917589E-04
    2503   2.627817016E-04
    2504   2.625718958E-04
    2505   2.623623413E-04
    2506   3.227286558E-04
    2507   3.224712964E-04
    2508   3.222142448E-04
    2509   3.219575004E-04
    2510   3.217010627E-04
    2511   3.825340976E-04
    2512   3.822296534E-04
    2513   3.819255726E-04
    2514   3.816218544E-04
    2515   3.813184984E-04
    2516   4.072089701E-04
    2517   4.068855317E-04
    2518   4.065624785E-04
    2519   4.062398099E-04
    2520   4.059175252E-04
    2521   4.078278969E-04
    2522   4.075046088E-04
    2523   4.071817050E-04
    2524   4.068591848E-04
    2525   4.065370477E-04
    2526   3.325374749E-04
    2527   3.322743914E-04
    2528   3.320116201E-04
    2529   3.317491603E-04
    2530   3.314870116E-04
    2531   1.662219061E-04
    2532   1.660906610E-04
    2533   1.659595713E-04
    2534   1.658286367E-04
    2535   1.656978571E-04
    2536  -1.421045925E-04
    2537  -1.419926110E-04
    2538  -1.418807617E-04
    2539  -1.417690446E-04
    2540  -1.416574593E-04
    2541  -6.188639933E-04
    2542  -6.183772737E-04
    2543  -6.178911281E-04
    2544  -6.174055555E-04
    2545  -6.169205550E-04
    2546  -1.256816775E-03
    2547  -1.255830262E-03
    2548  -1.254844911E-03
    2549  -1.253860719E-03
    2550  -1.252877684E-03
    2551  -1.905595307E-03
    2552  -1.904102479E-03
    2553  -1.902611404E-03
    2554  -1.901122080E-03
    2555  -1.899634504E-03
    2556  -2.446071445E-03
    2557  -2.444158957E-03
    2558  -2.442248712E-03
    2559  -2.440340705E-03
    2560  -2.438434933E-03
    2561  -2.709986568E-03
    2562  -2.707871869E-03
    2563  -2.705759645E-03
    2564  -2.703649891E-03
    2565  -2.701542603E-03
    2566  -2.737386552E-03
    2567  -2.735254631E-03
    2568  -2.733125200E-03
    2569  -2.730998254E-03
    2570  -2.728873790E-03
    2571  -2.537373587E-03
    2572  -2.535401280E-03
    2573  -2.533431271E-03
    2574  -2.531463557E-03
    2575  -2.529498135E-03
    2576  -1.892733223E-03
    2577  -1.891264850E-03
    2578  -1.889798184E-03
    2579  -1.888333224E-03
    2580  -1.886869967E-03
    2581  -7.027644241E-04
    2582  -7.022202782E-04
    2583  -7.016767640E-04
    2584  -7.011338806E-04
    2585  -7.005916271E-04
    2586   1.469663433E-03
    2587   1.468527680E-03
    2588   1.467393244E-03
    2589   1.466260122E-03
    2590   1.465128312E-03
    2591   4.894217157E-03
    2592   4.890442211E-03
    2593   4.886671631E-03
    2594   4.882905410E-03
    2595   4.879143542E-03
    2596   9.660728133E-03
    2597   9.653291083E-03
    2598   9.645862617E-03
    2599   9.638442723E-03
    2600   9.631031387E-03
    2601   1.453240485E-02
    2602   1.452123896E-02
    2603   1.451008594E-02
    2604   1.449894575E-02
    2605   1.448781840E-02
    2606   1.927636334E-02
    2607   1.926158085E-02
    2608   1.924681536E-02
    2609   1.923206684E-02
    2610   1.921733527E-02
    2611   2.178809935E-02
    2612   2.177142266E-02
    2613   2.175476510E-02
    2614   2.173812666E-02
    2615   2.172150729E-02
    2616   2.364699879E-02
    2617   2.362893386E-02
    2618   2.361088961E-02
    2619   2.359286603E-02
    2620   2.357486308E-02
    2621   2.378172529E-02
    2622   2.376359206E-02
    2623   2.374547957E-02
    2624   2.372738778E-02
    2625   2.370931665E-02
    2626   2.372374498E-02
    2627   2.370569038E-02
    2628   2.368765638E-02
    2629   2.366964296E-02
    2630   2.365165007E-02
    2631   2.275398435E-02
    2632   2.273670065E-02
    2633   2.271943664E-02
    2634   2.270219229E-02
    2635   2.268496756E-02
    2636   2.043475143E-02
    2637   2.041925883E-02
    2638   2.040378383E-02
    2639   2.038832642E-02
    2640   2.037288656E-02
    2641   1.742180251E-02
    2642   1.740861916E-02
    2643   1.739545076E-02
    2644   1.738229731E-02
    2645   1.736915876E-02
    2646   1.288295156E-02
    2647   1.287322124E-02
    2648   1.286350193E-02
    2649   1.285379363E-02
    2650   1.284409631E-02
    2651   7.959747817E-03
    2652   7.953747254E-03
    2653   7.947753473E-03
    2654   7.941766465E-03
    2655   7.935786219E-03
    2656   3.806964261E-03
    2657   3.804099728E-03
    2658   3.801238427E-03
    2659   3.798380353E-03
    2660   3.795525502E-03
    2661   7.969728364E-04
    2662   7.963742837E-04
    2663   7.957764051E-04
    2664   7.951791996E-04
    2665   7.945826661E-04
    2666  -9.794489823E-04
    2667  -9.787147627E-04
    2668  -9.779813684E-04
    2669  -9.772487980E-04
    2670  -9.765170505E-04
    2671  -1.908312747E-03
    2672  -1.906884903E-03
    2673  -1.905458662E-03
    2674  -1.904034020E-03
    2675  -1.902610975E-03
    2676  -2.294562215E-03
    2677  -2.292848577E-03
    2678  -2.291136857E-03
    2679  -2.289427053E-03
    2680  -2.287719163E-03
    2681  -2.429671095E-03
    2682  -2.427859935E-03
    2683  -2.426050799E-03
    2684  -2.424243685E-03
    2685  -2.422438589E-03
    2686  -2.275600407E-03
    2687  -2.273907252E-03
    2688  -2.272215986E-03
    2689  -2.270526606E-03
    2690  -2.268839110E-03
    2691  -2.029698193E-03
    2692  -2.028190805E-03
    2693  -2.026685095E-03
    2694  -2.025181062E-03
    2695  -2.023678702E-03
    2696  -1.515084224E-03
    2697  -1.513961107E-03
    2698  -1.512839239E-03
    2699  -1.511718617E-03
    2700  -1.510599240E-03
