      50   0.000000000E+00
      51   0.000000000E+00
      52   0.000000000E+00
      53   0.000000000E+00
      54   0.000000000E+00
      55   0.000000000E+00
      56   0.000000000E+00
      57   0.000000000E+00
      58   0.000000000E+00
      59   0.000000000E+00
      60   0.000000000E+00
      61   0.000000000E+00
      62   0.000000000E+00
      63   0.000000000E+00
      64   0.000000000E+00
      65   0.000000000E+00
      66   0.000000000E+00
      67   0.000000000E+00
      68   0.000000000E+00
      69   0.000000000E+00
      70   0.000000000E+00
      71   6.201911450E-11
      72   6.031996068E-11
      73   5.868969147E-11
      74   5.712463303E-11
      75   5.562135322E-11
      76   8.459881604E-11
      77   8.242961563E-11
      78   8.034278992E-11
      79   7.833422017E-11
      80   7.640004189E-11
      81   2.582093038E-10
      82   2.519873929E-10
      83   2.459876930E-10
      84   2.401997473E-10
      85   2.346137067E-10
      86   0.000000000E+00
      87   0.000000000E+00
      88   0.000000000E+00
      89   0.000000000E+00
      90   0.000000000E+00
      91   0.000000000E+00
      92   0.000000000E+00
      93   0.000000000E+00
      94   0.000000000E+00
      95   0.000000000E+00
      96   0.000000000E+00
      97   0.000000000E+00
      98   0.000000000E+00
      99   0.000000000E+00
     100   0.000000000E+00
     101   0.000000000E+00
     102   0.000000000E+00
     103   0.000000000E+00
     104   0.000000000E+00
     105   0.000000000E+00
     106   0.000000000E+00
     107   0.000000000E+00
     108   0.000000000E+00
     109   0.000000000E+00
     110   0.000000000E+00
     111   2.338009295E-10
     112   2.296628600E-10
     113   2.256336870E-10
     114   2.217096229E-10
     115   2.178870432E-10
     116   2.327591800E-10
     117   2.288141092E-10
     118   2.249684939E-10
     119   2.212190190E-10
     120   2.175625063E-10
     121   0.000000000E+00
     122   0.000000000E+00
     123   0.000000000E+00
     124   0.000000000E+00
     125   0.000000000E+00
     126   0.000000000E+00
     127   0.000000000E+00
     128   0.000000000E+00
     129   0.000000000E+00
     130   0.000000000E+00
     131   0.000000000E+00
     132   0.000000000E+00
     133   0.000000000E+00
     134   0.000000000E+00
     135   0.000000000E+00
     136   0.000000000E+00
     137   0.000000000E+00
     138   0.000000000E+00
     139   0.000000000E+00
     140   0.000000000E+00
     141   0.000000000E+00
     142   0.000000000E+00
     143   0.000000000E+00
     144   0.000000000E+00
     145   0.000000000E+00
     146   0.000000000E+00
     147   0.000000000E+00
     148   0.000000000E+00
     149   0.000000000E+00
     150   0.000000000E+00
     151   0.000000000E+00
     152   0.000000000E+00
     153   0.000000000E+00
     154   0.000000000E+00
     155   0.000000000E+00
     156   0.000000000E+00
     157   0.000000000E+00
     158   0.000000000E+00
     159   0.000000000E+00
     160   0.000000000E+00
     161   3.859265537E-10
     162   3.811912586E-10
     163   3.765425847E-10
     164   3.719784321E-10
     165   3.674967643E-10
     166   0.000000000E+00
     167   0.000000000E+00
     168   0.000000000E+00
     169   0.000000000E+00
     170   0.000000000E+00
     171   2.294586698E-11
     172   2.268059684E-11
     173   2.241990032E-11
     174   2.216367289E-11
     175   2.191181297E-11
     176   1.372241849E-09
     177   1.356823401E-09
     178   1.341663363E-09
     179   1.326755993E-09
     180   1.312095706E-09
     181   9.865078656E-10
     182   9.757263589E-10
     183   9.651206376E-10
     184   9.546869009E-10
     185   9.444214504E-10
     186   2.457629305E-09
     187   2.431484313E-09
     188   2.405754320E-09
     189   2.380430590E-09
     190   2.355504615E-09
     191   1.839122584E-09
     192   1.820064319E-09
     193   1.801300769E-09
     194   1.782825890E-09
     195   1.764633789E-09
     196   2.969128697E-09
     197   2.939137498E-09
     198   2.909598428E-09
     199   2.880502444E-09
     200   2.851840728E-09
     201   2.998790148E-09
     202   2.969245418E-09
     203   2.940135168E-09
     204   2.911450923E-09
     205   2.883184409E-09
     206   0.000000000E+00
     207   0.000000000E+00
     208   0.000000000E+00
     209   0.000000000E+00
     210   0.000000000E+00
     211   0.000000000E+00
     212   0.000000000E+00
     213   0.000000000E+00
     214   0.000000000E+00
     215   0.000000000E+00
     216   0.000000000E+00
     217   0.000000000E+00
     218   0.000000000E+00
     219   0.000000000E+00
     220   0.000000000E+00
     221   0.000000000E+00
     222   0.000000000E+00
     223   0.000000000E+00
     224   0.000000000E+00
     225   0.000000000E+00
     226   0.000000000E+00
     227   0.000000000E+00
     228   0.000000000E+00
     229   0.000000000E+00
     230   0.000000000E+00
     231   0.000000000E+00
     232   0.000000000E+00
     233   0.000000000E+00
     234   0.000000000E+00
     235   0.000000000E+00
     236   0.000000000E+00
     237   0.000000000E+00
     238   0.000000000E+00
     239   0.000000000E+00
     240   0.000000000E+00
     241   0.000000000E+00
     242   0.000000000E+00
     243   0.000000000E+00
     244   0.000000000E+00
     245   0.000000000E+00
     246   0.000000000E+00
     247   0.000000000E+00
     248   0.000000000E+00
     249   0.000000000E+00
     250   0.000000000E+00
     251   8.378863102E-09
     252   8.312627030E-09
     253   8.247173274E-09
     254   8.182489562E-09
     255   8.118563862E-09
     256   9.477742475E-09
     257   9.404271603E-09
     258   9.331651745E-09
     259   9.259869809E-09
     260   9.188912952E-09
     261   2.073447309E-08
     262   2.057679649E-08
     263   2.042091167E-08
     264   2.026679158E-08
     265   2.011440969E-08
     266   2.187674861E-08
     267   2.171348929E-08
     268   2.155205071E-08
     269   2.139240589E-08
     270   2.123452835E-08
     271   4.101866333E-08
     272   4.071816030E-08
     273   4.042094746E-08
     274   4.012697693E-08
     275   3.983620173E-08
     276   4.343362016E-08
     277   4.312114807E-08
     278   4.281203590E-08
     279   4.250623564E-08
     280   4.220370015E-08
     281   2.770637160E-07
     282   2.751056685E-07
     283   2.731683047E-07
     284   2.712513341E-07
     285   2.693544716E-07
     286   4.473720143E-07
     287   4.442652642E-07
     288   4.411907641E-07
     289   4.381480692E-07
     290   4.351367422E-07
     291   6.471233015E-07
     292   6.427060776E-07
     293   6.383339274E-07
     294   6.340062397E-07
     295   6.297224138E-07
     296   7.968193149E-07
     297   7.914715343E-07
     298   7.861774103E-07
     299   7.809362275E-07
     300   7.757472825E-07
     301   9.836125415E-07
     302   9.771200494E-07
     303   9.706916281E-07
     304   9.643264371E-07
     305   9.580236499E-07
     306   1.547271231E-06
     307   1.537224015E-06
     308   1.527274345E-06
     309   1.517420962E-06
     310   1.507662628E-06
     311   1.458754127E-06
     312   1.449433014E-06
     313   1.440200957E-06
     314   1.431056824E-06
     315   1.421999502E-06
     316   1.640416485E-06
     317   1.630099401E-06
     318   1.619879342E-06
     319   1.609755096E-06
     320   1.599725469E-06
     321   1.980228849E-06
     322   1.967967370E-06
     323   1.955819423E-06
     324   1.943783611E-06
     325   1.931858559E-06
     326   2.027879896E-06
     327   2.015514774E-06
     328   2.003262405E-06
     329   1.991121421E-06
     330   1.979090476E-06
     331   2.437816843E-06
     332   2.423175301E-06
     333   2.408665269E-06
     334   2.394285178E-06
     335   2.380033480E-06
     336   2.363203540E-06
     337   2.349220088E-06
     338   2.335360382E-06
     339   2.321622968E-06
     340   2.308006411E-06
     341   2.874495259E-06
     342   2.857734354E-06
     343   2.841119619E-06
     344   2.824649361E-06
     345   2.808321908E-06
     346   3.159379149E-06
     347   3.141221798E-06
     348   3.123220526E-06
     349   3.105373552E-06
     350   3.087679116E-06
     351   2.854258390E-06
     352   2.838086954E-06
     353   2.822052565E-06
     354   2.806153677E-06
     355   2.790388769E-06
     356   3.528726285E-06
     357   3.509012730E-06
     358   3.489463913E-06
     359   3.470078002E-06
     360   3.450853193E-06
     361   3.126079756E-06
     362   3.108856176E-06
     363   3.091774549E-06
     364   3.074833318E-06
     365   3.058030950E-06
     366   4.085023962E-06
     367   4.062822745E-06
     368   4.040802026E-06
     369   4.018959853E-06
     370   3.997294301E-06
     371   3.734518148E-06
     372   3.714493922E-06
     373   3.694630318E-06
     374   3.674925623E-06
     375   3.655378146E-06
     376   3.981210777E-06
     377   3.960146170E-06
     378   3.939248301E-06
     379   3.918515415E-06
     380   3.897945780E-06
     381   4.444407724E-06
     382   4.421199329E-06
     383   4.398172249E-06
     384   4.375324601E-06
     385   4.352654525E-06
     386   4.063117696E-06
     387   4.042173791E-06
     388   4.021391406E-06
     389   4.000768886E-06
     390   3.980304595E-06
     391   4.755158105E-06
     392   4.730958827E-06
     393   4.706943807E-06
     394   4.683111180E-06
     395   4.659459104E-06
     396   4.559353371E-06
     397   4.536442047E-06
     398   4.513702990E-06
     399   4.491134475E-06
     400   4.468734801E-06
     401   5.004978843E-06
     402   4.980140238E-06
     403   4.955486079E-06
     404   4.931014543E-06
     405   4.906723830E-06
     406   5.264085442E-06
     407   5.238281102E-06
     408   5.212666035E-06
     409   5.187238396E-06
     410   5.161996360E-06
     411   5.241636303E-06
     412   5.216253076E-06
     413   5.191053786E-06
     414   5.166036659E-06
     415   5.141199945E-06
     416   5.538686438E-06
     417   5.512185546E-06
     418   5.485874397E-06
     419   5.459751186E-06
     420   5.433814126E-06
     421   5.702123493E-06
     422   5.675163098E-06
     423   5.648393461E-06
     424   5.621812786E-06
     425   5.595419298E-06
     426   5.815515358E-06
     427   5.788340053E-06
     428   5.761354785E-06
     429   5.734557786E-06
     430   5.707947309E-06
     431   5.955605866E-06
     432   5.928097294E-06
     433   5.900778873E-06
     434   5.873648855E-06
     435   5.846705512E-06
     436   6.480329914E-06
     437   6.450739367E-06
     438   6.421351033E-06
     439   6.392163073E-06
     440   6.363173672E-06
     441   6.274681065E-06
     442   6.246352933E-06
     443   6.218216209E-06
     444   6.190269169E-06
     445   6.162510115E-06
     446   6.838553256E-06
     447   6.808024000E-06
     448   6.777698726E-06
     449   6.747575621E-06
     450   6.717652891E-06
     451   6.695019771E-06
     452   6.665461185E-06
     453   6.636097920E-06
     454   6.606928259E-06
     455   6.577950503E-06
     456   6.953013680E-06
     457   6.922651175E-06
     458   6.892487117E-06
     459   6.862519782E-06
     460   6.832747462E-06
     461   7.211773715E-06
     462   7.180621345E-06
     463   7.149670391E-06
     464   7.118919120E-06
     465   7.088365819E-06
     466   6.735301441E-06
     467   6.706518102E-06
     468   6.677918877E-06
     469   6.649502201E-06
     470   6.621266523E-06
     471   8.089082416E-06
     472   8.054879107E-06
     473   8.020892276E-06
     474   7.987120098E-06
     475   7.953560770E-06
     476   7.487441619E-06
     477   7.456113412E-06
     478   7.424981414E-06
     479   7.394043991E-06
     480   7.363299526E-06
     481   8.327721185E-06
     482   8.293237868E-06
     483   8.258968290E-06
     484   8.224910689E-06
     485   8.191063319E-06
     486   7.929186481E-06
     487   7.896689815E-06
     488   7.864392515E-06
     489   7.832292954E-06
     490   7.800389520E-06
     491   7.815786461E-06
     492   7.784079416E-06
     493   7.752564925E-06
     494   7.721241430E-06
     495   7.690107392E-06
     496   9.164385224E-06
     497   9.127580464E-06
     498   9.090996976E-06
     499   9.054632988E-06
     500   9.018486748E-06
     501   8.232395735E-06
     502   8.199662552E-06
     503   8.167124208E-06
     504   8.134779162E-06
     505   8.102625884E-06
     506   9.545195252E-06
     507   9.507615743E-06
     508   9.470257725E-06
     509   9.433119459E-06
     510   9.396199226E-06
     511   9.522397957E-06
     512   9.485273599E-06
     513   9.448365919E-06
     514   9.411673236E-06
     515   9.375193882E-06
     516   1.006262054E-05
     517   1.002376872E-05
     518   9.985141485E-06
     519   9.946737095E-06
     520   9.908553843E-06
     521   1.138377456E-05
     522   1.134024196E-05
     523   1.129695860E-05
     524   1.125392256E-05
     525   1.121113198E-05
     526   9.832393719E-06
     527   9.795149803E-06
     528   9.758117101E-06
     529   9.721294017E-06
     530   9.684678974E-06
     531   1.182822851E-05
     532   1.178384492E-05
     533   1.173971067E-05
     534   1.169582390E-05
     535   1.165218276E-05
     536   1.124336860E-05
     537   1.120157169E-05
     538   1.116000742E-05
     539   1.111867406E-05
     540   1.107756990E-05
     541   1.258404967E-05
     542   1.253769958E-05
     543   1.249160510E-05
     544   1.244576434E-05
     545   1.240017546E-05
     546   1.274517674E-05
     547   1.269866149E-05
     548   1.265240043E-05
     549   1.260639170E-05
     550   1.256063347E-05
     551   1.121295851E-05
     552   1.117240531E-05
     553   1.113207172E-05
     554   1.109195615E-05
     555   1.105205702E-05
     556   1.324199691E-05
     557   1.319453456E-05
     558   1.314732692E-05
     559   1.310037218E-05
     560   1.305366854E-05
     561   1.212493508E-05
     562   1.208186249E-05
     563   1.203901901E-05
     564   1.199640301E-05
     565   1.195401289E-05
     566   1.336710675E-05
     567   1.332003947E-05
     568   1.327322035E-05
     569   1.322664765E-05
     570   1.318031964E-05
     571   1.338845096E-05
     572   1.334171989E-05
     573   1.329523306E-05
     574   1.324898877E-05
     575   1.320298534E-05
     576   1.445342475E-05
     577   1.440341290E-05
     578   1.435366018E-05
     579   1.430416480E-05
     580   1.425492499E-05
     581   1.682175459E-05
     582   1.676404702E-05
     583   1.670663590E-05
     584   1.664951920E-05
     585   1.659269490E-05
     586   1.690706008E-05
     587   1.684955307E-05
     588   1.679233897E-05
     589   1.673541579E-05
     590   1.667878155E-05
     591   1.934464456E-05
     592   1.927940124E-05
     593   1.921448744E-05
     594   1.914990092E-05
     595   1.908563951E-05
     596   1.970410450E-05
     597   1.963820448E-05
     598   1.957263452E-05
     599   1.950739240E-05
     600   1.944247595E-05
     601   2.036375715E-05
     602   2.029621567E-05
     603   2.022900966E-05
     604   2.016213690E-05
     605   2.009559519E-05
     606   2.119242542E-05
     607   2.112271350E-05
     608   2.105334498E-05
     609   2.098431762E-05
     610   2.091562918E-05
     611   2.123825082E-05
     612   2.116895800E-05
     613   2.110000374E-05
     614   2.103138584E-05
     615   2.096310212E-05
     616   2.613560734E-05
     617   2.605102609E-05
     618   2.596685476E-05
     619   2.588309071E-05
     620   2.579973132E-05
     621   2.602048934E-05
     622   2.593695646E-05
     623   2.585382519E-05
     624   2.577109295E-05
     625   2.568875719E-05
     626   2.701222747E-05
     627   2.692620126E-05
     628   2.684058536E-05
     629   2.675537715E-05
     630   2.667057406E-05
     631   2.445035688E-05
     632   2.437310457E-05
     633   2.429621780E-05
     634   2.421969428E-05
     635   2.414353172E-05
     636   2.309504694E-05
     637   2.302264867E-05
     638   2.295059030E-05
     639   2.287886971E-05
     640   2.280748478E-05
     641   2.088351273E-05
     642   2.081855624E-05
     643   2.075390234E-05
     644   2.068954915E-05
     645   2.062549482E-05
     646   1.599838322E-05
     647   1.594900550E-05
     648   1.589985602E-05
     649   1.585093338E-05
     650   1.580223620E-05
     651   1.335316211E-05
     652   1.331226421E-05
     653   1.327155393E-05
     654   1.323103010E-05
     655   1.319069159E-05
     656   8.995887831E-06
     657   8.968544707E-06
     658   8.941326058E-06
     659   8.914231131E-06
     660   8.887259176E-06
     661   5.839465687E-06
     662   5.821850406E-06
     663   5.804314712E-06
     664   5.786858126E-06
     665   5.769480174E-06
     666   3.773677492E-06
     667   3.762379056E-06
     668   3.751131286E-06
     669   3.739933879E-06
     670   3.728786536E-06
     671   5.254417951E-06
     672   5.238803039E-06
     673   5.223257629E-06
     674   5.207781310E-06
     675   5.192373673E-06
     676   1.517840760E-05
     677   1.513363353E-05
     678   1.508905729E-05
     679   1.504467771E-05
     680   1.500049364E-05
     681   3.294746950E-05
     682   3.285099082E-05
     683   3.275493529E-05
     684   3.265930045E-05
     685   3.256408383E-05
     686   6.741767763E-05
     687   6.722169601E-05
     688   6.702656772E-05
     689   6.683228782E-05
     690   6.663885138E-05
     691   1.050444318E-04
     692   1.047412733E-04
     693   1.044394252E-04
     694   1.041388801E-04
     695   1.038396305E-04
     696   1.523177753E-04
     697   1.518813347E-04
     698   1.514467672E-04
     699   1.510140622E-04
     700   1.505832089E-04
     701   2.264696614E-04
     702   2.258253665E-04
     703   2.251838172E-04
     704   2.245449978E-04
     705   2.239088930E-04
     706   2.481142761E-04
     707   2.474133883E-04
     708   2.467154662E-04
     709   2.460204931E-04
     710   2.453284523E-04
     711   3.177238766E-04
     712   3.168326456E-04
     713   3.159451592E-04
     714   3.150613965E-04
     715   3.141813367E-04
     716   3.269918103E-04
     717   3.260809696E-04
     718   3.251739294E-04
     719   3.242706685E-04
     720   3.233711659E-04
     721   3.469411513E-04
     722   3.459814248E-04
     723   3.450256750E-04
     724   3.440738800E-04
     725   3.431260181E-04
     726   3.101574391E-04
     727   3.093053583E-04
     728   3.084567839E-04
     729   3.076116968E-04
     730   3.067700779E-04
     731   1.751396794E-04
     732   1.746618085E-04
     733   1.741858908E-04
     734   1.737119156E-04
     735   1.732398723E-04
     736  -4.377818471E-05
     737  -4.365954465E-05
     738  -4.354138620E-05
     739  -4.342370678E-05
     740  -4.330650379E-05
     741  -4.022949335E-04
     742  -4.012120400E-04
     743  -4.001335130E-04
     744  -3.990593291E-04
     745  -3.979894649E-04
     746  -9.239329125E-04
     747  -9.214625036E-04
     748  -9.190019896E-04
     749  -9.165513176E-04
     750  -9.141104353E-04
     751  -1.436437199E-03
     752  -1.432621961E-03
     753  -1.428821903E-03
     754  -1.425036944E-03
     755  -1.421267005E-03
     756  -1.743574194E-03
     757  -1.738973735E-03
     758  -1.734391459E-03
     759  -1.729827271E-03
     760  -1.725281076E-03
     761  -2.263709513E-03
     762  -2.257775805E-03
     763  -2.251865397E-03
     764  -2.245978167E-03
     765  -2.240113994E-03
     766  -2.141087043E-03
     767  -2.135511295E-03
     768  -2.129957300E-03
     769  -2.124424943E-03
     770  -2.118914113E-03
     771  -2.063076635E-03
     772  -2.057738791E-03
     773  -2.052421636E-03
     774  -2.047125064E-03
     775  -2.041848969E-03
     776  -1.521971949E-03
     777  -1.518059425E-03
     778  -1.514161968E-03
     779  -1.510279502E-03
     780  -1.506411949E-03
     781  -5.385385728E-04
     782  -5.371629954E-04
     783  -5.357926816E-04
     784  -5.344276047E-04
     785  -5.330677380E-04
     786   1.364921502E-03
     787   1.361457235E-03
     788   1.358006139E-03
     789   1.354568149E-03
     790   1.351143198E-03
     791   4.408616371E-03
     792   4.397497541E-03
     793   4.386420721E-03
     794   4.375385700E-03
     795   4.364392269E-03
     796   8.953102681E-03
     797   8.930663827E-03
     798   8.908309224E-03
     799   8.886038451E-03
     800   8.863851089E-03
     801   1.380645207E-02
     802   1.377206489E-02
     803   1.373780602E-02
     804   1.370367483E-02
     805   1.366967067E-02
     806   1.810269231E-02
     807   1.805788366E-02
     808   1.801324118E-02
     809   1.796876404E-02
     810   1.792445143E-02
     811   2.082893591E-02
     812   2.077769621E-02
     813   2.072664536E-02
     814   2.067578243E-02
     815   2.062510649E-02
     816   2.213902639E-02
     817   2.208489674E-02
     818   2.203096537E-02
     819   2.197723131E-02
     820   2.192369360E-02
     821   2.432307935E-02
     822   2.426397102E-02
     823   2.420507789E-02
     824   2.414639891E-02
     825   2.408793305E-02
     826   2.378446917E-02
     827   2.372701877E-02
     828   2.366977626E-02
     829   2.361274065E-02
     830   2.355591095E-02
     831   2.409939581E-02
     832   2.404153412E-02
     833   2.398388056E-02
     834   2.392643414E-02
     835   2.386919386E-02
     836   2.115382223E-02
     837   2.110333578E-02
     838   2.105302986E-02
     839   2.100290360E-02
     840   2.095295615E-02
     841   1.797560916E-02
     842   1.793296240E-02
     843   1.789046723E-02
     844   1.784812293E-02
     845   1.780592879E-02
     846   1.442349204E-02
     847   1.438947437E-02
     848   1.435557690E-02
     849   1.432179907E-02
     850   1.428814032E-02
     851   8.571400285E-03
     852   8.551303215E-03
     853   8.531276744E-03
     854   8.511320541E-03
     855   8.491434278E-03
     856   4.212926684E-03
     857   4.203106342E-03
     858   4.193320297E-03
     859   4.183568390E-03
     860   4.173850461E-03
     861   8.092742756E-04
     862   8.073987848E-04
     863   8.055298061E-04
     864   8.036673094E-04
     865   8.018112648E-04
     866  -1.171156708E-03
     867  -1.168458190E-03
     868  -1.165768988E-03
     869  -1.163089060E-03
     870  -1.160418361E-03
     871  -2.339166984E-03
     872  -2.333808068E-03
     873  -2.328467546E-03
     874  -2.323145334E-03
     875  -2.317841349E-03
     876  -2.742040226E-03
     877  -2.735794121E-03
     878  -2.729569333E-03
     879  -2.723365767E-03
     880  -2.717183325E-03
     881  -3.040430258E-03
     882  -3.033543667E-03
     883  -3.026680446E-03
     884  -3.019840490E-03
     885  -3.013023694E-03
     886  -2.862700454E-03
     887  -2.856252930E-03
     888  -2.849827164E-03
     889  -2.843423058E-03
     890  -2.837040515E-03
     891  -2.595700561E-03
     892  -2.589887122E-03
     893  -2.584093191E-03
     894  -2.578318681E-03
     895  -2.572563505E-03
     896  -1.996505133E-03
     897  -1.992058574E-03
     898  -1.987626853E-03
     899  -1.983209905E-03
     900  -1.978807663E-03
     901  -1.268706986E-03
     902  -1.265897004E-03
     903  -1.263096346E-03
     904  -1.260304973E-03
     905  -1.257522843E-03
     906  -6.979357115E-04
     907  -6.963984082E-04
     908  -6.948661784E-04
     909  -6.933390000E-04
     910  -6.918168507E-04
     911  -2.133620052E-04
     912  -2.128946186E-04
     913  -2.124287660E-04
     914  -2.119644408E-04
     915  -2.115016364E-04
     916   7.186310620E-05
     917   7.170654170E-05
     918   7.155048829E-05
     919   7.139494375E-05
     920   7.123990587E-05
     921   2.179260938E-04
     922   2.174538812E-04
     923   2.169832018E-04
     924   2.165140489E-04
     925   2.160464160E-04
     926   2.753469226E-04
     927   2.747535025E-04
     928   2.741619988E-04
     929   2.735724031E-04
     930   2.729847073E-04
     931   3.035838641E-04
     932   3.029330948E-04
     933   3.022844158E-04
     934   3.016378181E-04
     935   3.009932929E-04
     936   2.519326121E-04
     937   2.513954423E-04
     938   2.508599888E-04
     939   2.503262441E-04
     940   2.497942011E-04
     941   2.246140531E-04
     942   2.241376712E-04
     943   2.236628033E-04
     944   2.231894428E-04
     945   2.227175835E-04
     946   1.580788883E-04
     947   1.577453886E-04
     948   1.574129431E-04
     949   1.570815474E-04
     950   1.567511971E-04
     951   9.048250662E-05
     952   9.029261678E-05
     953   9.010332408E-05
     954   8.991462602E-05
     955   8.972652011E-05
     956   2.435855295E-05
     957   2.430770003E-05
     958   2.425700618E-05
     959   2.420647075E-05
     960   2.415609308E-05
     961  -2.624759630E-05
     962  -2.619308416E-05
     963  -2.613874166E-05
     964  -2.608456811E-05
     965  -2.603056279E-05
     966  -6.699006998E-05
     967  -6.685166074E-05
     968  -6.671368002E-05
     969  -6.657612604E-05
     970  -6.643899705E-05
     971  -8.287643357E-05
     972  -8.270608119E-05
     973  -8.253625351E-05
     974  -8.236694837E-05
     975  -8.219816364E-05
     976  -9.930001740E-05
     977  -9.909694988E-05
     978  -9.889450463E-05
     979  -9.869267911E-05
     980  -9.849147080E-05
     981  -9.616381760E-05
     982  -9.596816385E-05
     983  -9.577310661E-05
     984  -9.557864345E-05
     985  -9.538477196E-05
     986  -8.838320294E-05
     987  -8.820428958E-05
     988  -8.802591892E-05
     989  -8.784808878E-05
     990  -8.767079698E-05
     991  -8.453640868E-05
     992  -8.436614401E-05
     993  -8.419639322E-05
     994  -8.402715424E-05
     995  -8.385842501E-05
     996  -7.036513477E-05
     997  -7.022412247E-05
     998  -7.008353364E-05
     999  -6.994336657E-05
    1000  -6.980361959E-05
    1001  -5.569632824E-05
    1002  -5.558526876E-05
    1003  -5.547454114E-05
    1004  -5.536414404E-05
    1005  -5.525407616E-05
    1006  -4.209737926E-05
    1007  -4.201385272E-05
    1008  -4.193057452E-05
    1009  -4.184754368E-05
    1010  -4.176475922E-05
    1011  -3.269939374E-05
    1012  -3.263483422E-05
    1013  -3.257046571E-05
    1014  -3.250628746E-05
    1015  -3.244229870E-05
    1016  -2.772058735E-05
    1017  -2.766612647E-05
    1018  -2.761182593E-05
    1019  -2.755768509E-05
    1020  -2.750370334E-05
    1021  -2.307144320E-05
    1022  -2.302633774E-05
    1023  -2.298136442E-05
    1024  -2.293652273E-05
    1025  -2.289181216E-05
    1026  -2.194807679E-05
    1027  -2.190537625E-05
    1028  -2.186280020E-05
    1029  -2.182034816E-05
    1030  -2.177801965E-05
    1031  -2.192191769E-05
    1032  -2.187947448E-05
    1033  -2.183715441E-05
    1034  -2.179495701E-05
    1035  -2.175288181E-05
    1036  -2.284216068E-05
    1037  -2.279814881E-05
    1038  -2.275426402E-05
    1039  -2.271050582E-05
    1040  -2.266687372E-05
    1041  -2.358869102E-05
    1042  -2.354345863E-05
    1043  -2.349835622E-05
    1044  -2.345338329E-05
    1045  -2.340853934E-05
    1046  -2.219655993E-05
    1047  -2.215420009E-05
    1048  -2.211196138E-05
    1049  -2.206984336E-05
    1050  -2.202784556E-05
    1051  -2.137732776E-05
    1052  -2.133672505E-05
    1053  -2.129623790E-05
    1054  -2.125586589E-05
    1055  -2.121560857E-05
    1056  -2.011608026E-05
    1057  -2.007805364E-05
    1058  -2.004013475E-05
    1059  -2.000232318E-05
    1060  -1.996461851E-05
    1061  -2.042953522E-05
    1062  -2.039109771E-05
    1063  -2.035276858E-05
    1064  -2.031454742E-05
    1065  -2.027643382E-05
    1066  -2.118782699E-05
    1067  -2.114814941E-05
    1068  -2.110858318E-05
    1069  -2.106912788E-05
    1070  -2.102978311E-05
    1071  -2.178414312E-05
    1072  -2.174353894E-05
    1073  -2.170304818E-05
    1074  -2.166267042E-05
    1075  -2.162240523E-05
    1076  -2.187590437E-05
    1077  -2.183531828E-05
    1078  -2.179484503E-05
    1079  -2.175448420E-05
    1080  -2.171423539E-05
    1081  -2.312571378E-05
    1082  -2.308300701E-05
    1083  -2.304041844E-05
    1084  -2.299794762E-05
    1085  -2.295559413E-05
    1086  -2.238697489E-05
    1087  -2.234582236E-05
    1088  -2.230478320E-05
    1089  -2.226385699E-05
    1090  -2.222304332E-05
    1091  -2.115431488E-05
    1092  -2.111560616E-05
    1093  -2.107700359E-05
    1094  -2.103850678E-05
    1095  -2.100011534E-05
    1096  -2.012459641E-05
    1097  -2.008793958E-05
    1098  -2.005138282E-05
    1099  -2.001492576E-05
    1100  -1.997856804E-05
    1101  -1.913581957E-05
    1102  -1.910112180E-05
    1103  -1.906651832E-05
    1104  -1.903200878E-05
    1105  -1.899759285E-05
    1106  -1.734917662E-05
    1107  -1.731786041E-05
    1108  -1.728662892E-05
    1109  -1.725548185E-05
    1110  -1.722441887E-05
    1111  -1.716524957E-05
    1112  -1.713440456E-05
    1113  -1.710364261E-05
    1114  -1.707296343E-05
    1115  -1.704236672E-05
    1116  -1.644104697E-05
    1117  -1.641163543E-05
    1118  -1.638230275E-05
    1119  -1.635304864E-05
    1120  -1.632387282E-05
    1121  -1.688735457E-05
    1122  -1.685727914E-05
    1123  -1.682728398E-05
    1124  -1.679736881E-05
    1125  -1.676753334E-05
    1126  -1.623169380E-05
    1127  -1.620291420E-05
    1128  -1.617421108E-05
    1129  -1.614558415E-05
    1130  -1.611703316E-05
    1131  -1.633688796E-05
    1132  -1.630804968E-05
    1133  -1.627928769E-05
    1134  -1.625060172E-05
    1135  -1.622199150E-05
    1136  -1.629981915E-05
    1137  -1.627117272E-05
    1138  -1.624260174E-05
    1139  -1.621410595E-05
    1140  -1.618568508E-05
    1141  -1.599646296E-05
    1142  -1.596847264E-05
    1143  -1.594055573E-05
    1144  -1.591271197E-05
    1145  -1.588494109E-05
    1146  -1.605614889E-05
    1147  -1.602817651E-05
    1148  -1.600027716E-05
    1149  -1.597245059E-05
    1150  -1.594469655E-05
    1151  -1.457563968E-05
    1152  -1.455035669E-05
    1153  -1.452513944E-05
    1154  -1.449998768E-05
    1155  -1.447490120E-05
    1156  -1.447012428E-05
    1157  -1.444513270E-05
    1158  -1.442020581E-05
    1159  -1.439534338E-05
    1160  -1.437054520E-05
    1161  -1.368191892E-05
    1162  -1.365839026E-05
    1163  -1.363492223E-05
    1164  -1.361151464E-05
    1165  -1.358816727E-05
    1166  -1.378302442E-05
    1167  -1.375942335E-05
    1168  -1.373588285E-05
    1169  -1.371240271E-05
    1170  -1.368898272E-05
    1171  -1.400656145E-05
    1172  -1.398267985E-05
    1173  -1.395885927E-05
    1174  -1.393509951E-05
    1175  -1.391140036E-05
    1176  -1.318546715E-05
    1177  -1.316308096E-05
    1178  -1.314075173E-05
    1179  -1.311847927E-05
    1180  -1.309626339E-05
    1181  -1.358388103E-05
    1182  -1.356091589E-05
    1183  -1.353800894E-05
    1184  -1.351515998E-05
    1185  -1.349236882E-05
    1186  -1.370553871E-05
    1187  -1.368246541E-05
    1188  -1.365945033E-05
    1189  -1.363649327E-05
    1190  -1.361359404E-05
    1191  -1.305386407E-05
    1192  -1.303197997E-05
    1193  -1.301015086E-05
    1194  -1.298837655E-05
    1195  -1.296665685E-05
    1196  -1.330627711E-05
    1197  -1.328406295E-05
    1198  -1.326190438E-05
    1199  -1.323980121E-05
    1200  -1.321775325E-05
    1201  -1.247440634E-05
    1202  -1.245366751E-05
    1203  -1.243298036E-05
    1204  -1.241234471E-05
    1205  -1.239176039E-05
    1206  -1.283781540E-05
    1207  -1.281656073E-05
    1208  -1.279535881E-05
    1209  -1.277420946E-05
    1210  -1.275311250E-05
    1211  -1.216396328E-05
    1212  -1.214390729E-05
    1213  -1.212390085E-05
    1214  -1.210394381E-05
    1215  -1.208403601E-05
    1216  -1.229041064E-05
    1217  -1.227022934E-05
    1218  -1.225009771E-05
    1219  -1.223001558E-05
    1220  -1.220998279E-05
    1221  -1.249681412E-05
    1222  -1.247637780E-05
    1223  -1.245599156E-05
    1224  -1.243565525E-05
    1225  -1.241536870E-05
    1226  -1.197370068E-05
    1227  -1.195419954E-05
    1228  -1.193474600E-05
    1229  -1.191533991E-05
    1230  -1.189598111E-05
    1231  -1.276619864E-05
    1232  -1.274549110E-05
    1233  -1.272483390E-05
    1234  -1.270422688E-05
    1235  -1.268366988E-05
    1236  -1.210911368E-05
    1237  -1.208955130E-05
    1238  -1.207003629E-05
    1239  -1.205056849E-05
    1240  -1.203114775E-05
    1241  -1.186669673E-05
    1242  -1.184760309E-05
    1243  -1.182855550E-05
    1244  -1.180955380E-05
    1245  -1.179059786E-05
    1246  -1.190955697E-05
    1247  -1.189047114E-05
    1248  -1.187143116E-05
    1249  -1.185243687E-05
    1250  -1.183348813E-05
    1251  -1.105475624E-05
    1252  -1.103711098E-05
    1253  -1.101950793E-05
    1254  -1.100194696E-05
    1255  -1.098442794E-05
    1256  -1.139525149E-05
    1257  -1.137713504E-05
    1258  -1.135906175E-05
    1259  -1.134103149E-05
    1260  -1.132304413E-05
    1261  -1.051916416E-05
    1262  -1.050250673E-05
    1263  -1.048588884E-05
    1264  -1.046931036E-05
    1265  -1.045277117E-05
    1266  -1.077591164E-05
    1267  -1.075891494E-05
    1268  -1.074195841E-05
    1269  -1.072504194E-05
    1270  -1.070816540E-05
    1271  -1.078634232E-05
    1272  -1.076939599E-05
    1273  -1.075248956E-05
    1274  -1.073562291E-05
    1275  -1.071879591E-05
    1276  -1.054351713E-05
    1277  -1.052701710E-05
    1278  -1.051055578E-05
    1279  -1.049413303E-05
    1280  -1.047774875E-05
    1281  -1.061549060E-05
    1282  -1.059894268E-05
    1283  -1.058243343E-05
    1284  -1.056596271E-05
    1285  -1.054953042E-05
    1286  -1.031445211E-05
    1287  -1.029843588E-05
    1288  -1.028245692E-05
    1289  -1.026651513E-05
    1290  -1.025061038E-05
    1291  -1.064869182E-05
    1292  -1.063222053E-05
    1293  -1.061578742E-05
    1294  -1.059939238E-05
    1295  -1.058303530E-05
    1296  -1.010717623E-05
    1297  -1.009160277E-05
    1298  -1.007606528E-05
    1299  -1.006056364E-05
    1300  -1.004509775E-05
    1301  -9.888643747E-06
    1302  -9.873465475E-06
    1303  -9.858322123E-06
    1304  -9.843213584E-06
    1305  -9.828139750E-06
    1306  -9.635192926E-06
    1307  -9.620460215E-06
    1308  -9.605761269E-06
    1309  -9.591095985E-06
    1310  -9.576464259E-06
    1311  -9.484318062E-06
    1312  -9.469871272E-06
    1313  -9.455457464E-06
    1314  -9.441076541E-06
    1315  -9.426728400E-06
    1316  -9.611173177E-06
    1317  -9.596588696E-06
    1318  -9.582037386E-06
    1319  -9.567519148E-06
    1320  -9.553033881E-06
    1321  -9.240530117E-06
    1322  -9.226561062E-06
    1323  -9.212623658E-06
    1324  -9.198717811E-06
    1325  -9.184843426E-06
    1326  -9.389658300E-06
    1327  -9.375517248E-06
    1328  -9.361408118E-06
    1329  -9.347330812E-06
    1330  -9.333285237E-06
    1331  -9.250320218E-06
    1332  -9.236441268E-06
    1333  -9.222593530E-06
    1334  -9.208776910E-06
    1335  -9.194991316E-06
    1336  -9.174478586E-06
    1337  -9.160764866E-06
    1338  -9.147081871E-06
    1339  -9.133429510E-06
    1340  -9.119807692E-06
    1341  -8.961573177E-06
    1342  -8.948227573E-06
    1343  -8.934911758E-06
    1344  -8.921625644E-06
    1345  -8.908369142E-06
    1346  -8.683272532E-06
    1347  -8.670389338E-06
    1348  -8.657534795E-06
    1349  -8.644708817E-06
    1350  -8.631911321E-06
    1351  -8.506496918E-06
    1352  -8.493922644E-06
    1353  -8.481376229E-06
    1354  -8.468857593E-06
    1355  -8.456366652E-06
    1356  -8.384383611E-06
    1357  -8.372035476E-06
    1358  -8.359714599E-06
    1359  -8.347420901E-06
    1360  -8.335154302E-06
    1361  -8.123965162E-06
    1362  -8.112044450E-06
    1363  -8.100149957E-06
    1364  -8.088281605E-06
    1365  -8.076439319E-06
    1366  -7.858569436E-06
    1367  -7.847080299E-06
    1368  -7.835616340E-06
    1369  -7.824177484E-06
    1370  -7.812763658E-06
    1371  -7.807064884E-06
    1372  -7.795692611E-06
    1373  -7.784345169E-06
    1374  -7.773022486E-06
    1375  -7.761724488E-06
    1376  -8.074249539E-06
    1377  -8.062530745E-06
    1378  -8.050837444E-06
    1379  -8.039169564E-06
    1380  -8.027527030E-06
    1381  -7.724691854E-06
    1382  -7.713520933E-06
    1383  -7.702374226E-06
    1384  -7.691251664E-06
    1385  -7.680153177E-06
    1386  -7.783616827E-06
    1387  -7.772401241E-06
    1388  -7.761209878E-06
    1389  -7.750042670E-06
    1390  -7.738899546E-06
    1391  -7.291687473E-06
    1392  -7.281218431E-06
    1393  -7.270771920E-06
    1394  -7.260347874E-06
    1395  -7.249946230E-06
    1396  -7.268305913E-06
    1397  -7.257907764E-06
    1398  -7.247531913E-06
    1399  -7.237178296E-06
    1400  -7.226846850E-06
    1401  -6.986327971E-06
    1402  -6.976368844E-06
    1403  -6.966430996E-06
    1404  -6.956514369E-06
    1405  -6.946618900E-06
    1406  -6.469477676E-06
    1407  -6.460288077E-06
    1408  -6.451118045E-06
    1409  -6.441967522E-06
    1410  -6.432836456E-06
    1411  -6.420697278E-06
    1412  -6.411609242E-06
    1413  -6.402540488E-06
    1414  -6.393490960E-06
    1415  -6.384460606E-06
    1416  -6.203203940E-06
    1417  -6.194454710E-06
    1418  -6.185723978E-06
    1419  -6.177011691E-06
    1420  -6.168317797E-06
    1421  -6.232648285E-06
    1422  -6.223888414E-06
    1423  -6.215146997E-06
    1424  -6.206423984E-06
    1425  -6.197719322E-06
    1426  -6.261375019E-06
    1427  -6.252605586E-06
    1428  -6.243854564E-06
    1429  -6.235121900E-06
    1430  -6.226407544E-06
    1431  -6.009520329E-06
    1432  -6.001133001E-06
    1433  -5.992763220E-06
    1434  -5.984410937E-06
    1435  -5.976076103E-06
    1436  -6.031718077E-06
    1437  -6.023329040E-06
    1438  -6.014957491E-06
    1439  -6.006603384E-06
    1440  -5.998266668E-06
    1441  -5.796220224E-06
    1442  -5.788186655E-06
    1443  -5.780169776E-06
    1444  -5.772169541E-06
    1445  -5.764185904E-06
    1446  -5.629742340E-06
    1447  -5.621966453E-06
    1448  -5.614206665E-06
    1449  -5.606462931E-06
    1450  -5.598735208E-06
    1451  -5.491638314E-06
    1452  -5.484079280E-06
    1453  -5.476535842E-06
    1454  -5.469007958E-06
    1455  -5.461495585E-06
    1456  -5.094385697E-06
    1457  -5.087397513E-06
    1458  -5.080423699E-06
    1459  -5.073464215E-06
    1460  -5.066519021E-06
    1461  -5.239374579E-06
    1462  -5.232212071E-06
    1463  -5.225064241E-06
    1464  -5.217931047E-06
    1465  -5.210812451E-06
    1466  -4.916118658E-06
    1467  -4.909420948E-06
    1468  -4.902736917E-06
    1469  -4.896066527E-06
    1470  -4.889409740E-06
    1471  -4.967685474E-06
    1472  -4.960940484E-06
    1473  -4.954209221E-06
    1474  -4.947491650E-06
    1475  -4.940787731E-06
    1476  -4.807870125E-06
    1477  -4.801364211E-06
    1478  -4.794871494E-06
    1479  -4.788391938E-06
    1480  -4.781925507E-06
    1481  -4.835237196E-06
    1482  -4.828716310E-06
    1483  -4.822208606E-06
    1484  -4.815714049E-06
    1485  -4.809232603E-06
    1486  -4.838061605E-06
    1487  -4.831558834E-06
    1488  -4.825069165E-06
    1489  -4.818592562E-06
    1490  -4.812128990E-06
    1491  -4.527234598E-06
    1492  -4.521169984E-06
    1493  -4.515117547E-06
    1494  -4.509077256E-06
    1495  -4.503049078E-06
    1496  -4.334035402E-06
    1497  -4.328248973E-06
    1498  -4.322474125E-06
    1499  -4.316710826E-06
    1500  -4.310959046E-06
    1501  -4.114823357E-06
    1502  -4.109347876E-06
    1503  -4.103883318E-06
    1504  -4.098429652E-06
    1505  -4.092986851E-06
    1506  -3.909059577E-06
    1507  -3.903875148E-06
    1508  -3.898701025E-06
    1509  -3.893537183E-06
    1510  -3.888383593E-06
    1511  -3.796299631E-06
    1512  -3.791281389E-06
    1513  -3.786273092E-06
    1514  -3.781274711E-06
    1515  -3.776286222E-06
    1516  -3.613561288E-06
    1517  -3.608800337E-06
    1518  -3.604048790E-06
    1519  -3.599306620E-06
    1520  -3.594573804E-06
    1521  -3.587680323E-06
    1522  -3.582968990E-06
    1523  -3.578266931E-06
    1524  -3.573574122E-06
    1525  -3.568890539E-06
    1526  -3.609851269E-06
    1527  -3.605126332E-06
    1528  -3.600410667E-06
    1529  -3.595704248E-06
    1530  -3.591007051E-06
    1531  -3.533335222E-06
    1532  -3.528725522E-06
    1533  -3.524124837E-06
    1534  -3.519533143E-06
    1535  -3.514950417E-06
    1536  -3.414381695E-06
    1537  -3.409941666E-06
    1538  -3.405510293E-06
    1539  -3.401087553E-06
    1540  -3.396673422E-06
    1541  -3.259418037E-06
    1542  -3.255193256E-06
    1543  -3.250976685E-06
    1544  -3.246768301E-06
    1545  -3.242568083E-06
    1546  -3.221512836E-06
    1547  -3.217350675E-06
    1548  -3.213196574E-06
    1549  -3.209050514E-06
    1550  -3.204912474E-06
    1551  -2.933644796E-06
    1552  -2.929866760E-06
    1553  -2.926096018E-06
    1554  -2.922332550E-06
    1555  -2.918576339E-06
    1556  -2.878462601E-06
    1557  -2.874767527E-06
    1558  -2.871079564E-06
    1559  -2.867398692E-06
    1560  -2.863724895E-06
    1561  -2.729039986E-06
    1562  -2.725547932E-06
    1563  -2.722062577E-06
    1564  -2.718583903E-06
    1565  -2.715111892E-06
    1566  -2.677001080E-06
    1567  -2.673586537E-06
    1568  -2.670178524E-06
    1569  -2.666777023E-06
    1570  -2.663382017E-06
    1571  -2.640264590E-06
    1572  -2.636907610E-06
    1573  -2.633557028E-06
    1574  -2.630212829E-06
    1575  -2.626874995E-06
    1576  -2.578615923E-06
    1577  -2.575347715E-06
    1578  -2.572085717E-06
    1579  -2.568829912E-06
    1580  -2.565580285E-06
    1581  -2.528800243E-06
    1582  -2.525605297E-06
    1583  -2.522416401E-06
    1584  -2.519233541E-06
    1585  -2.516056702E-06
    1586  -2.467502927E-06
    1587  -2.464395241E-06
    1588  -2.461293422E-06
    1589  -2.458197455E-06
    1590  -2.455107327E-06
    1591  -2.384086397E-06
    1592  -2.381093194E-06
    1593  -2.378105624E-06
    1594  -2.375123674E-06
    1595  -2.372147328E-06
    1596  -2.199964588E-06
    1597  -2.197211191E-06
    1598  -2.194462959E-06
    1599  -2.191719881E-06
    1600  -2.188981942E-06
    1601  -2.059752388E-06
    1602  -2.057182516E-06
    1603  -2.054617450E-06
    1604  -2.052057179E-06
    1605  -2.049501691E-06
    1606  -1.938887053E-06
    1607  -1.936475502E-06
    1608  -1.934068447E-06
    1609  -1.931665878E-06
    1610  -1.929267782E-06
    1611  -1.845965670E-06
    1612  -1.843676810E-06
    1613  -1.841392205E-06
    1614  -1.839111843E-06
    1615  -1.836835714E-06
    1616  -1.758946678E-06
    1617  -1.756772454E-06
    1618  -1.754602260E-06
    1619  -1.752436084E-06
    1620  -1.750273918E-06
    1621  -1.682647773E-06
    1622  -1.680574270E-06
    1623  -1.678504597E-06
    1624  -1.676438745E-06
    1625  -1.674376705E-06
    1626  -1.680400440E-06
    1627  -1.678336066E-06
    1628  -1.676275494E-06
    1629  -1.674218714E-06
    1630  -1.672165718E-06
    1631  -1.670680274E-06
    1632  -1.668634126E-06
    1633  -1.666591734E-06
    1634  -1.664553090E-06
    1635  -1.662518184E-06
    1636  -1.585865198E-06
    1637  -1.583928855E-06
    1638  -1.581996055E-06
    1639  -1.580066792E-06
    1640  -1.578141056E-06
    1641  -1.543900872E-06
    1642  -1.542021504E-06
    1643  -1.540145565E-06
    1644  -1.538273048E-06
    1645  -1.536403944E-06
    1646  -1.443026631E-06
    1647  -1.441275386E-06
    1648  -1.439527326E-06
    1649  -1.437782444E-06
    1650  -1.436040733E-06
    1651  -1.364214449E-06
    1652  -1.362563857E-06
    1653  -1.360916259E-06
    1654  -1.359271647E-06
    1655  -1.357630014E-06
    1656  -1.259088976E-06
    1657  -1.257570171E-06
    1658  -1.256054113E-06
    1659  -1.254540795E-06
    1660  -1.253030210E-06
    1661  -1.180808352E-06
    1662  -1.179388258E-06
    1663  -1.177970724E-06
    1664  -1.176555744E-06
    1665  -1.175143312E-06
    1666  -1.157068340E-06
    1667  -1.155680968E-06
    1668  -1.154296090E-06
    1669  -1.152913699E-06
    1670  -1.151533791E-06
    1671  -1.128282023E-06
    1672  -1.126933210E-06
    1673  -1.125586815E-06
    1674  -1.124242830E-06
    1675  -1.122901252E-06
    1676  -1.113811963E-06
    1677  -1.112484416E-06
    1678  -1.111159241E-06
    1679  -1.109836432E-06
    1680  -1.108515984E-06
    1681  -1.079615687E-06
    1682  -1.078332721E-06
    1683  -1.077052041E-06
    1684  -1.075773641E-06
    1685  -1.074497516E-06
    1686  -1.027721469E-06
    1687  -1.026503789E-06
    1688  -1.025288272E-06
    1689  -1.024074914E-06
    1690  -1.022863707E-06
    1691  -9.881691871E-07
    1692  -9.870018284E-07
    1693  -9.858365370E-07
    1694  -9.846733080E-07
    1695  -9.835121367E-07
    1696  -9.018579353E-07
    1697  -9.007956763E-07
    1698  -8.997352929E-07
    1699  -8.986767808E-07
    1700  -8.976201355E-07
    1701  -8.427857409E-07
    1702  -8.417959749E-07
    1703  -8.408079514E-07
    1704  -8.398216664E-07
    1705  -8.388371158E-07
    1706  -7.579016789E-07
    1707  -7.570142062E-07
    1708  -7.561282914E-07
    1709  -7.552439308E-07
    1710  -7.543611209E-07
    1711  -7.060767223E-07
    1712  -7.052523478E-07
    1713  -7.044294162E-07
    1714  -7.036079242E-07
    1715  -7.027878684E-07
    1716  -6.915139286E-07
    1717  -6.907089065E-07
    1718  -6.899052894E-07
    1719  -6.891030740E-07
    1720  -6.883022569E-07
    1721  -6.533943355E-07
    1722  -6.526358975E-07
    1723  -6.518787793E-07
    1724  -6.511229778E-07
    1725  -6.503684900E-07
    1726  -6.607524453E-07
    1727  -6.599876855E-07
    1728  -6.592242527E-07
    1729  -6.584621437E-07
    1730  -6.577013556E-07
    1731  -6.269066914E-07
    1732  -6.261831984E-07
    1733  -6.254609571E-07
    1734  -6.247399647E-07
    1735  -6.240202182E-07
    1736  -6.128702195E-07
    1737  -6.121649603E-07
    1738  -6.114609178E-07
    1739  -6.107580892E-07
    1740  -6.100564716E-07
    1741  -5.868231083E-07
    1742  -5.861497599E-07
    1743  -5.854775698E-07
    1744  -5.848065353E-07
    1745  -5.841366539E-07
    1746  -5.350079657E-07
    1747  -5.343958285E-07
    1748  -5.337847412E-07
    1749  -5.331747015E-07
    1750  -5.325657070E-07
    1751  -5.063354828E-07
    1752  -5.057578040E-07
    1753  -5.051811133E-07
    1754  -5.046054083E-07
    1755  -5.040306869E-07
    1756  -4.598102460E-07
    1757  -4.592871399E-07
    1758  -4.587649260E-07
    1759  -4.582436022E-07
    1760  -4.577231666E-07
    1761  -4.429934519E-07
    1762  -4.424909068E-07
    1763  -4.419892165E-07
    1764  -4.414883788E-07
    1765  -4.409883920E-07
    1766  -4.100875730E-07
    1767  -4.096236731E-07
    1768  -4.091605598E-07
    1769  -4.086982315E-07
    1770  -4.082366863E-07
    1771  -4.007969114E-07
    1772  -4.003447998E-07
    1773  -3.998934528E-07
    1774  -3.994428687E-07
    1775  -3.989930456E-07
    1776  -3.983933916E-07
    1777  -3.979452550E-07
    1778  -3.974978742E-07
    1779  -3.970512474E-07
    1780  -3.966053729E-07
    1781  -3.836723650E-07
    1782  -3.832419978E-07
    1783  -3.828123543E-07
    1784  -3.823834329E-07
    1785  -3.819552319E-07
    1786  -3.724264784E-07
    1787  -3.720098939E-07
    1788  -3.715940081E-07
    1789  -3.711788192E-07
    1790  -3.707643259E-07
    1791  -3.465454463E-07
    1792  -3.461588925E-07
    1793  -3.457729851E-07
    1794  -3.453877228E-07
    1795  -3.450031039E-07
    1796  -3.238537398E-07
    1797  -3.234935020E-07
    1798  -3.231338650E-07
    1799  -3.227748273E-07
    1800  -3.224163878E-07
    1801  -2.937491697E-07
    1802  -2.934233248E-07
    1803  -2.930980218E-07
    1804  -2.927732595E-07
    1805  -2.924490366E-07
    1806  -2.631134895E-07
    1807  -2.628224348E-07
    1808  -2.625318627E-07
    1809  -2.622417722E-07
    1810  -2.619521623E-07
    1811  -2.469680029E-07
    1812  -2.466955617E-07
    1813  -2.464235710E-07
    1814  -2.461520299E-07
    1815  -2.458809373E-07
    1816  -2.306372411E-07
    1817  -2.303835148E-07
    1818  -2.301302069E-07
    1819  -2.298773166E-07
    1820  -2.296248428E-07
    1821  -2.287289010E-07
    1822  -2.284779642E-07
    1823  -2.282274401E-07
    1824  -2.279773278E-07
    1825  -2.277276265E-07
    1826  -2.177075824E-07
    1827  -2.174693903E-07
    1828  -2.172315889E-07
    1829  -2.169941773E-07
    1830  -2.167571547E-07
    1831  -2.107161361E-07
    1832  -2.104862222E-07
    1833  -2.102566843E-07
    1834  -2.100275217E-07
    1835  -2.097987335E-07
    1836  -2.066793938E-07
    1837  -2.064544978E-07
    1838  -2.062299687E-07
    1839  -2.060058057E-07
    1840  -2.057820080E-07
    1841  -1.981968258E-07
    1842  -1.979817452E-07
    1843  -1.977670144E-07
    1844  -1.975526328E-07
    1845  -1.973385996E-07
    1846  -1.866998688E-07
    1847  -1.864978127E-07
    1848  -1.862960844E-07
    1849  -1.860946832E-07
    1850  -1.858936084E-07
    1851  -1.707374020E-07
    1852  -1.705531199E-07
    1853  -1.703691360E-07
    1854  -1.701854496E-07
    1855  -1.700020601E-07
    1856  -1.584636237E-07
    1857  -1.582930493E-07
    1858  -1.581227502E-07
    1859  -1.579527257E-07
    1860  -1.577829753E-07
    1861  -1.518965036E-07
    1862  -1.517334371E-07
    1863  -1.515706329E-07
    1864  -1.514080907E-07
    1865  -1.512458098E-07
    1866  -1.459754779E-07
    1867  -1.458191872E-07
    1868  -1.456631475E-07
    1869  -1.455073580E-07
    1870  -1.453518183E-07
    1871  -1.447569543E-07
    1872  -1.446023820E-07
    1873  -1.444480572E-07
    1874  -1.442939793E-07
    1875  -1.441401477E-07
    1876  -1.379908249E-07
    1877  -1.378438699E-07
    1878  -1.376971494E-07
    1879  -1.375506631E-07
    1880  -1.374044104E-07
    1881  -1.386845469E-07
    1882  -1.385372452E-07
    1883  -1.383901781E-07
    1884  -1.382433450E-07
    1885  -1.380967455E-07
    1886  -1.338207019E-07
    1887  -1.336789427E-07
    1888  -1.335374086E-07
    1889  -1.333960992E-07
    1890  -1.332550140E-07
    1891  -1.304982689E-07
    1892  -1.303603944E-07
    1893  -1.302227382E-07
    1894  -1.300853000E-07
    1895  -1.299480792E-07
    1896  -1.291929845E-07
    1897  -1.290568486E-07
    1898  -1.289209277E-07
    1899  -1.287852215E-07
    1900  -1.286497294E-07
    1901  -1.197073253E-07
    1902  -1.195815162E-07
    1903  -1.194559054E-07
    1904  -1.193304924E-07
    1905  -1.192052767E-07
    1906  -1.187870032E-07
    1907  -1.186624885E-07
    1908  -1.185381695E-07
    1909  -1.184140458E-07
    1910  -1.182901169E-07
    1911  -1.142062408E-07
    1912  -1.140868407E-07
    1913  -1.139676277E-07
    1914  -1.138486015E-07
    1915  -1.137297616E-07
    1916  -1.121842292E-07
    1917  -1.120672488E-07
    1918  -1.119504512E-07
    1919  -1.118338362E-07
    1920  -1.117174032E-07
    1921  -1.100721516E-07
    1922  -1.099576720E-07
    1923  -1.098433709E-07
    1924  -1.097292479E-07
    1925  -1.096153027E-07
    1926  -1.091476746E-07
    1927  -1.090344509E-07
    1928  -1.089214033E-07
    1929  -1.088085313E-07
    1930  -1.086958348E-07
    1931  -1.106492060E-07
    1932  -1.105347216E-07
    1933  -1.104204147E-07
    1934  -1.103062851E-07
    1935  -1.101923323E-07
    1936  -1.076548915E-07
    1937  -1.075437925E-07
    1938  -1.074328655E-07
    1939  -1.073221099E-07
    1940  -1.072115256E-07
    1941  -1.067583394E-07
    1942  -1.066484492E-07
    1943  -1.065387285E-07
    1944  -1.064291772E-07
    1945  -1.063197947E-07
    1946  -1.079946552E-07
    1947  -1.078837778E-07
    1948  -1.077730710E-07
    1949  -1.076625345E-07
    1950  -1.075521680E-07
    1951  -1.053033666E-07
    1952  -1.051955290E-07
    1953  -1.050878570E-07
    1954  -1.049803503E-07
    1955  -1.048730084E-07
    1956  -1.087179848E-07
    1957  -1.086069348E-07
    1958  -1.084960548E-07
    1959  -1.083853445E-07
    1960  -1.082748036E-07
    1961  -1.036828343E-07
    1962  -1.035771972E-07
    1963  -1.034717214E-07
    1964  -1.033664067E-07
    1965  -1.032612527E-07
    1966  -1.054482156E-07
    1967  -1.053410528E-07
    1968  -1.052340532E-07
    1969  -1.051272166E-07
    1970  -1.050205426E-07
    1971  -1.058811798E-07
    1972  -1.057738497E-07
    1973  -1.056666826E-07
    1974  -1.055596784E-07
    1975  -1.054528366E-07
    1976  -1.037258802E-07
    1977  -1.036210007E-07
    1978  -1.035162801E-07
    1979  -1.034117182E-07
    1980  -1.033073147E-07
    1981  -1.049356223E-07
    1982  -1.048297871E-07
    1983  -1.047241119E-07
    1984  -1.046185964E-07
    1985  -1.045132403E-07
    1986  -1.025153782E-07
    1987  -1.024122441E-07
    1988  -1.023092654E-07
    1989  -1.022064420E-07
    1990  -1.021037736E-07
    1991  -1.073480976E-07
    1992  -1.072403725E-07
    1993  -1.071328094E-07
    1994  -1.070254081E-07
    1995  -1.069181682E-07
    1996  -1.078535800E-07
    1997  -1.077456185E-07
    1998  -1.076378190E-07
    1999  -1.075301811E-07
    2000  -1.074227047E-07
    2001  -1.081577018E-07
    2002  -1.080497061E-07
    2003  -1.079418720E-07
    2004  -1.078341993E-07
    2005  -1.077266877E-07
    2006  -1.114983986E-07
    2007  -1.113873444E-07
    2008  -1.112764561E-07
    2009  -1.111657332E-07
    2010  -1.110551755E-07
    2011  -1.109263757E-07
    2012  -1.108161657E-07
    2013  -1.107061199E-07
    2014  -1.105962379E-07
    2015  -1.104865194E-07
    2016  -1.132758192E-07
    2017  -1.131635537E-07
    2018  -1.130514551E-07
    2019  -1.129395230E-07
    2020  -1.128277570E-07
    2021  -1.117741914E-07
    2022  -1.116636880E-07
    2023  -1.115533484E-07
    2024  -1.114431722E-07
    2025  -1.113331592E-07
    2026  -1.106865459E-07
    2027  -1.105773876E-07
    2028  -1.104683906E-07
    2029  -1.103595548E-07
    2030  -1.102508797E-07
    2031  -1.129065576E-07
    2032  -1.127954838E-07
    2033  -1.126845738E-07
    2034  -1.125738273E-07
    2035  -1.124632439E-07
    2036  -1.101387832E-07
    2037  -1.100306981E-07
    2038  -1.099227719E-07
    2039  -1.098150045E-07
    2040  -1.097073955E-07
    2041  -1.147250417E-07
    2042  -1.146127313E-07
    2043  -1.145005858E-07
    2044  -1.143886048E-07
    2045  -1.142767880E-07
    2046  -1.143226499E-07
    2047  -1.142110067E-07
    2048  -1.140995269E-07
    2049  -1.139882103E-07
    2050  -1.138770565E-07
    2051  -1.173193163E-07
    2052  -1.172050256E-07
    2053  -1.170909020E-07
    2054  -1.169769449E-07
    2055  -1.168631541E-07
    2056  -1.202217986E-07
    2057  -1.201049650E-07
    2058  -1.199883016E-07
    2059  -1.198718081E-07
    2060  -1.197554841E-07
    2061  -1.205748707E-07
    2062  -1.204579779E-07
    2063  -1.203412551E-07
    2064  -1.202247018E-07
    2065  -1.201083178E-07
    2066  -1.214135460E-07
    2067  -1.212961247E-07
    2068  -1.211788738E-07
    2069  -1.210617927E-07
    2070  -1.209448813E-07
    2071  -1.188265242E-07
    2072  -1.187118821E-07
    2073  -1.185974058E-07
    2074  -1.184830951E-07
    2075  -1.183689495E-07
    2076  -1.212128488E-07
    2077  -1.210961858E-07
    2078  -1.209796912E-07
    2079  -1.208633645E-07
    2080  -1.207472056E-07
    2081  -1.207198316E-07
    2082  -1.206039221E-07
    2083  -1.204881793E-07
    2084  -1.203726031E-07
    2085  -1.202571932E-07
    2086  -1.213712717E-07
    2087  -1.212550157E-07
    2088  -1.211389267E-07
    2089  -1.210230043E-07
    2090  -1.209072482E-07
    2091  -1.195219424E-07
    2092  -1.194077313E-07
    2093  -1.192936838E-07
    2094  -1.191797996E-07
    2095  -1.190660784E-07
    2096  -1.226182560E-07
    2097  -1.225013654E-07
    2098  -1.223846419E-07
    2099  -1.222680851E-07
    2100  -1.221516947E-07
    2101  -1.252515325E-07
    2102  -1.251324155E-07
    2103  -1.250134684E-07
    2104  -1.248946907E-07
    2105  -1.247760823E-07
    2106  -1.229771616E-07
    2107  -1.228604850E-07
    2108  -1.227439743E-07
    2109  -1.226276293E-07
    2110  -1.225114497E-07
    2111  -1.258430164E-07
    2112  -1.257239033E-07
    2113  -1.256049592E-07
    2114  -1.254861838E-07
    2115  -1.253675769E-07
    2116  -1.256795334E-07
    2117  -1.255608558E-07
    2118  -1.254423463E-07
    2119  -1.253240045E-07
    2120  -1.252058300E-07
    2121  -1.259758744E-07
    2122  -1.258571972E-07
    2123  -1.257386876E-07
    2124  -1.256203453E-07
    2125  -1.255021700E-07
    2126  -1.241620828E-07
    2127  -1.240453892E-07
    2128  -1.239288599E-07
    2129  -1.238124948E-07
    2130  -1.236962935E-07
    2131  -1.241430181E-07
    2132  -1.240266159E-07
    2133  -1.239103772E-07
    2134  -1.237943019E-07
    2135  -1.236783897E-07
    2136  -1.253543859E-07
    2137  -1.252371226E-07
    2138  -1.251200239E-07
    2139  -1.250030893E-07
    2140  -1.248863185E-07
    2141  -1.241988869E-07
    2142  -1.240829756E-07
    2143  -1.239672266E-07
    2144  -1.238516394E-07
    2145  -1.237362139E-07
    2146  -1.251199301E-07
    2147  -1.250034311E-07
    2148  -1.248870948E-07
    2149  -1.247709207E-07
    2150  -1.246549087E-07
    2151  -1.239719411E-07
    2152  -1.238567791E-07
    2153  -1.237417774E-07
    2154  -1.236269359E-07
    2155  -1.235122541E-07
    2156  -1.240484561E-07
    2157  -1.239334900E-07
    2158  -1.238186836E-07
    2159  -1.237040367E-07
    2160  -1.235895489E-07
    2161  -1.282065715E-07
    2162  -1.280880263E-07
    2163  -1.279696455E-07
    2164  -1.278514288E-07
    2165  -1.277333757E-07
    2166  -1.241732571E-07
    2167  -1.240587062E-07
    2168  -1.239443136E-07
    2169  -1.238300792E-07
    2170  -1.237160027E-07
    2171  -1.239908130E-07
    2172  -1.238766935E-07
    2173  -1.237627315E-07
    2174  -1.236489267E-07
    2175  -1.235352788E-07
    2176  -1.217576562E-07
    2177  -1.216458493E-07
    2178  -1.215341964E-07
    2179  -1.214226972E-07
    2180  -1.213113513E-07
    2181  -1.231816778E-07
    2182  -1.230688224E-07
    2183  -1.229561220E-07
    2184  -1.228435763E-07
    2185  -1.227311851E-07
    2186  -1.223358197E-07
    2187  -1.222239954E-07
    2188  -1.221123243E-07
    2189  -1.220008062E-07
    2190  -1.218894408E-07
    2191  -1.192870476E-07
    2192  -1.191782587E-07
    2193  -1.190696185E-07
    2194  -1.189611269E-07
    2195  -1.188527834E-07
    2196  -1.214945030E-07
    2197  -1.213839530E-07
    2198  -1.212735537E-07
    2199  -1.211633051E-07
    2200  -1.210532066E-07
    2201  -1.180026508E-07
    2202  -1.178955218E-07
    2203  -1.177885385E-07
    2204  -1.176817008E-07
    2205  -1.175750085E-07
    2206  -1.185878480E-07
    2207  -1.184804314E-07
    2208  -1.183731608E-07
    2209  -1.182660357E-07
    2210  -1.181590561E-07
    2211  -1.160338122E-07
    2212  -1.159289466E-07
    2213  -1.158242231E-07
    2214  -1.157196414E-07
    2215  -1.156152013E-07
    2216  -1.136724762E-07
    2217  -1.135699762E-07
    2218  -1.134676148E-07
    2219  -1.133653917E-07
    2220  -1.132633067E-07
    2221  -1.162858435E-07
    2222  -1.161812229E-07
    2223  -1.160767434E-07
    2224  -1.159724047E-07
    2225  -1.158682067E-07
    2226  -1.125322347E-07
    2227  -1.124312184E-07
    2228  -1.123303380E-07
    2229  -1.122295933E-07
    2230  -1.121289840E-07
    2231  -1.138246604E-07
    2232  -1.137227127E-07
    2233  -1.136209018E-07
    2234  -1.135192276E-07
    2235  -1.134176899E-07
    2236  -1.118496874E-07
    2237  -1.117497324E-07
    2238  -1.116499113E-07
    2239  -1.115502239E-07
    2240  -1.114506699E-07
    2241  -1.085244856E-07
    2242  -1.084277184E-07
    2243  -1.083310805E-07
    2244  -1.082345717E-07
    2245  -1.081381919E-07
    2246  -1.110581768E-07
    2247  -1.109593706E-07
    2248  -1.108606962E-07
    2249  -1.107621534E-07
    2250  -1.106637419E-07
    2251  -1.065672939E-07
    2252  -1.064726935E-07
    2253  -1.063782191E-07
    2254  -1.062838703E-07
    2255  -1.061896470E-07
    2256  -1.068222907E-07
    2257  -1.067276740E-07
    2258  -1.066331829E-07
    2259  -1.065388173E-07
    2260  -1.064445768E-07
    2261  -1.042750745E-07
    2262  -1.041829180E-07
    2263  -1.040908837E-07
    2264  -1.039989712E-07
    2265  -1.039071804E-07
    2266  -1.038723421E-07
    2267  -1.037807439E-07
    2268  -1.036892668E-07
    2269  -1.035979106E-07
    2270  -1.035066751E-07
    2271  -1.043910405E-07
    2272  -1.042991874E-07
    2273  -1.042074555E-07
    2274  -1.041158445E-07
    2275  -1.040243543E-07
    2276  -1.005859836E-07
    2277  -1.004976728E-07
    2278  -1.004094783E-07
    2279  -1.003213998E-07
    2280  -1.002334372E-07
    2281  -1.019484858E-07
    2282  -1.018591748E-07
    2283  -1.017699811E-07
    2284  -1.016809046E-07
    2285  -1.015919449E-07
    2286  -9.987871098E-08
    2287  -9.979140442E-08
    2288  -9.970421228E-08
    2289  -9.961713436E-08
    2290  -9.953017047E-08
    2291  -9.836542150E-08
    2292  -9.827962523E-08
    2293  -9.819394116E-08
    2294  -9.810836910E-08
    2295  -9.802290885E-08
    2296  -9.627159180E-08
    2297  -9.618780452E-08
    2298  -9.610412657E-08
    2299  -9.602055776E-08
    2300  -9.593709791E-08
    2301  -9.254970344E-08
    2302  -9.246933027E-08
    2303  -9.238906176E-08
    2304  -9.230889771E-08
    2305  -9.222883796E-08
    2306  -9.374554192E-08
    2307  -9.366430662E-08
    2308  -9.358317686E-08
    2309  -9.350215246E-08
    2310  -9.342123325E-08
    2311  -9.064743107E-08
    2312  -9.056905023E-08
    2313  -9.049077102E-08
    2314  -9.041259325E-08
    2315  -9.033451674E-08
    2316  -8.998708999E-08
    2317  -8.990944798E-08
    2318  -8.983190641E-08
    2319  -8.975446511E-08
    2320  -8.967712391E-08
    2321  -8.808883284E-08
    2322  -8.801299226E-08
    2323  -8.793724958E-08
    2324  -8.786160463E-08
    2325  -8.778605725E-08
    2326  -8.697882764E-08
    2327  -8.690410356E-08
    2328  -8.682947573E-08
    2329  -8.675494399E-08
    2330  -8.668050818E-08
    2331  -8.734102421E-08
    2332  -8.726614978E-08
    2333  -8.719137158E-08
    2334  -8.711668947E-08
    2335  -8.704210326E-08
    2336  -8.453022880E-08
    2337  -8.445791894E-08
    2338  -8.438570182E-08
    2339  -8.431357729E-08
    2340  -8.424154519E-08
    2341  -8.365215580E-08
    2342  -8.358074978E-08
    2343  -8.350943515E-08
    2344  -8.343821175E-08
    2345  -8.336707943E-08
    2346  -8.089229334E-08
    2347  -8.082339020E-08
    2348  -8.075457505E-08
    2349  -8.068584775E-08
    2350  -8.061720815E-08
    2351  -7.962708242E-08
    2352  -7.955940109E-08
    2353  -7.949180602E-08
    2354  -7.942429705E-08
    2355  -7.935687405E-08
    2356  -7.626450192E-08
    2357  -7.619981616E-08
    2358  -7.613521267E-08
    2359  -7.607069131E-08
    2360  -7.600625193E-08
    2361  -7.470588349E-08
    2362  -7.464265379E-08
    2363  -7.457950434E-08
    2364  -7.451643499E-08
    2365  -7.445344561E-08
    2366  -7.456691601E-08
    2367  -7.450393720E-08
    2368  -7.444103814E-08
    2369  -7.437821870E-08
    2370  -7.431547874E-08
    2371  -7.279129730E-08
    2372  -7.272994771E-08
    2373  -7.266867564E-08
    2374  -7.260748096E-08
    2375  -7.254636355E-08
    2376  -7.169040269E-08
    2377  -7.163010798E-08
    2378  -7.156988931E-08
    2379  -7.150974655E-08
    2380  -7.144967956E-08
    2381  -7.095789428E-08
    2382  -7.089834086E-08
    2383  -7.083886239E-08
    2384  -7.077945873E-08
    2385  -7.072012976E-08
    2386  -6.888592858E-08
    2387  -6.882823517E-08
    2388  -6.877061421E-08
    2389  -6.871306558E-08
    2390  -6.865558915E-08
    2391  -6.842954733E-08
    2392  -6.837235590E-08
    2393  -6.831523613E-08
    2394  -6.825818792E-08
    2395  -6.820121113E-08
    2396  -6.500732028E-08
    2397  -6.495310233E-08
    2398  -6.489895218E-08
    2399  -6.484486972E-08
    2400  -6.479085484E-08
    2401  -6.394276804E-08
    2402  -6.388954893E-08
    2403  -6.383639623E-08
    2404  -6.378330982E-08
    2405  -6.373028962E-08
    2406  -6.145966768E-08
    2407  -6.140862145E-08
    2408  -6.135763878E-08
    2409  -6.130671958E-08
    2410  -6.125586373E-08
    2411  -6.038362275E-08
    2412  -6.033357416E-08
    2413  -6.028358777E-08
    2414  -6.023366347E-08
    2415  -6.018380117E-08
    2416  -5.940429427E-08
    2417  -5.935515920E-08
    2418  -5.930608508E-08
    2419  -5.925707178E-08
    2420  -5.920811922E-08
    2421  -5.718656883E-08
    2422  -5.713936571E-08
    2423  -5.709222102E-08
    2424  -5.704513466E-08
    2425  -5.699810652E-08
    2426  -5.755385998E-08
    2427  -5.750645152E-08
    2428  -5.745910163E-08
    2429  -5.741181018E-08
    2430  -5.736457710E-08
    2431  -5.549666645E-08
    2432  -5.545104650E-08
    2433  -5.540548278E-08
    2434  -5.535997520E-08
    2435  -5.531452366E-08
    2436  -5.536933512E-08
    2437  -5.532391319E-08
    2438  -5.527854713E-08
    2439  -5.523323684E-08
    2440  -5.518798224E-08
    2441  -5.333671602E-08
    2442  -5.329305109E-08
    2443  -5.324943975E-08
    2444  -5.320588193E-08
    2445  -5.316237753E-08
    2446  -5.079816711E-08
    2447  -5.075666534E-08
    2448  -5.071521441E-08
    2449  -5.067381424E-08
    2450  -5.063246474E-08
    2451  -4.966584660E-08
    2452  -4.962535264E-08
    2453  -4.958490817E-08
    2454  -4.954451314E-08
    2455  -4.950416744E-08
    2456  -4.764044166E-08
    2457  -4.760167807E-08
    2458  -4.756296178E-08
    2459  -4.752429271E-08
    2460  -4.748567077E-08
    2461  -4.657705258E-08
    2462  -4.653923118E-08
    2463  -4.650145583E-08
    2464  -4.646372646E-08
    2465  -4.642604298E-08
    2466  -4.532899497E-08
    2467  -4.529226159E-08
    2468  -4.525557284E-08
    2469  -4.521892865E-08
    2470  -4.518232895E-08
    2471  -4.417369229E-08
    2472  -4.413796751E-08
    2473  -4.410228605E-08
    2474  -4.406664784E-08
    2475  -4.403105281E-08
    2476  -4.406494949E-08
    2477  -4.402938456E-08
    2478  -4.399386267E-08
    2479  -4.395838375E-08
    2480  -4.392294773E-08
    2481  -4.242013429E-08
    2482  -4.238596584E-08
    2483  -4.235183865E-08
    2484  -4.231775266E-08
    2485  -4.228370781E-08
    2486  -4.202097476E-08
    2487  -4.198719584E-08
    2488  -4.195345764E-08
    2489  -4.191976008E-08
    2490  -4.188610311E-08
    2491  -4.042392242E-08
    2492  -4.039149248E-08
    2493  -4.035910155E-08
    2494  -4.032674956E-08
    2495  -4.029443646E-08
    2496  -3.893364706E-08
    2497  -3.890247520E-08
    2498  -3.887134077E-08
    2499  -3.884024369E-08
    2500  -3.880918392E-08
    2501  -3.721437862E-08
    2502  -3.718464280E-08
    2503  -3.715494261E-08
    2504  -3.712527799E-08
    2505  -3.709564887E-08
    2506  -3.500536451E-08
    2507  -3.497744955E-08
    2508  -3.494956796E-08
    2509  -3.492171970E-08
    2510  -3.489390471E-08
    2511  -3.484288280E-08
    2512  -3.481515269E-08
    2513  -3.478745567E-08
    2514  -3.475979169E-08
    2515  -3.473216070E-08
    2516  -3.346650477E-08
    2517  -3.343992296E-08
    2518  -3.341337280E-08
    2519  -3.338685425E-08
    2520  -3.336036726E-08
    2521  -3.317647414E-08
    2522  -3.315017492E-08
    2523  -3.312390695E-08
    2524  -3.309767019E-08
    2525  -3.307146459E-08
    2526  -3.186063691E-08
    2527  -3.183543071E-08
    2528  -3.181025441E-08
    2529  -3.178510797E-08
    2530  -3.175999133E-08
    2531  -3.117836125E-08
    2532  -3.115374352E-08
    2533  -3.112915493E-08
    2534  -3.110459544E-08
    2535  -3.108006500E-08
    2536  -3.085005426E-08
    2537  -3.082574374E-08
    2538  -3.080146194E-08
    2539  -3.077720882E-08
    2540  -3.075298433E-08
    2541  -2.953794432E-08
    2542  -2.951471354E-08
    2543  -2.949151015E-08
    2544  -2.946833411E-08
    2545  -2.944518538E-08
    2546  -2.846335885E-08
    2547  -2.844101712E-08
    2548  -2.841870169E-08
    2549  -2.839641252E-08
    2550  -2.837414955E-08
    2551  -2.685706838E-08
    2552  -2.683602877E-08
    2553  -2.681501387E-08
    2554  -2.679402364E-08
    2555  -2.677305805E-08
    2556  -2.590731773E-08
    2557  -2.588706181E-08
    2558  -2.586682964E-08
    2559  -2.584662118E-08
    2560  -2.582643640E-08
    2561  -2.481948212E-08
    2562  -2.480011460E-08
    2563  -2.478076974E-08
    2564  -2.476144750E-08
    2565  -2.474214785E-08
    2566  -2.408181853E-08
    2567  -2.406306322E-08
    2568  -2.404432981E-08
    2569  -2.402561827E-08
    2570  -2.400692856E-08
    2571  -2.383935018E-08
    2572  -2.382081979E-08
    2573  -2.380231099E-08
    2574  -2.378382376E-08
    2575  -2.376535806E-08
    2576  -2.300613420E-08
    2577  -2.298828615E-08
    2578  -2.297045886E-08
    2579  -2.295265230E-08
    2580  -2.293486644E-08
    2581  -2.286800275E-08
    2582  -2.285029620E-08
    2583  -2.283261021E-08
    2584  -2.281494475E-08
    2585  -2.279729978E-08
    2586  -2.215573597E-08
    2587  -2.213861407E-08
    2588  -2.212151202E-08
    2589  -2.210442977E-08
    2590  -2.208736730E-08
    2591  -2.122600562E-08
    2592  -2.120963384E-08
    2593  -2.119328100E-08
    2594  -2.117694707E-08
    2595  -2.116063201E-08
    2596  -2.042934432E-08
    2597  -2.041361734E-08
    2598  -2.039790852E-08
    2599  -2.038221782E-08
    2600  -2.036654522E-08
    2601  -1.897804419E-08
    2602  -1.896346252E-08
    2603  -1.894889765E-08
    2604  -1.893434955E-08
    2605  -1.891981820E-08
    2606  -1.847147010E-08
    2607  -1.845730486E-08
    2608  -1.844315591E-08
    2609  -1.842902322E-08
    2610  -1.841490677E-08
    2611  -1.738737508E-08
    2612  -1.737406672E-08
    2613  -1.736077363E-08
    2614  -1.734749579E-08
    2615  -1.733423318E-08
    2616  -1.713248861E-08
    2617  -1.711940039E-08
    2618  -1.710632715E-08
    2619  -1.709326889E-08
    2620  -1.708022557E-08
    2621  -1.649510066E-08
    2622  -1.648252338E-08
    2623  -1.646996048E-08
    2624  -1.645741194E-08
    2625  -1.644487773E-08
    2626  -1.629182803E-08
    2627  -1.627942938E-08
    2628  -1.626704487E-08
    2629  -1.625467450E-08
    2630  -1.624231822E-08
    2631  -1.598680488E-08
    2632  -1.597466147E-08
    2633  -1.596253189E-08
    2634  -1.595041611E-08
    2635  -1.593831413E-08
    2636  -1.531820711E-08
    2637  -1.530659361E-08
    2638  -1.529499331E-08
    2639  -1.528340619E-08
    2640  -1.527183224E-08
    2641  -1.490226898E-08
    2642  -1.489099220E-08
    2643  -1.487972821E-08
    2644  -1.486847700E-08
    2645  -1.485723854E-08
    2646  -1.405077673E-08
    2647  -1.404016436E-08
    2648  -1.402956401E-08
    2649  -1.401897566E-08
    2650  -1.400839929E-08
    2651  -1.317942272E-08
    2652  -1.316948723E-08
    2653  -1.315956298E-08
    2654  -1.314964994E-08
    2655  -1.313974809E-08
    2656  -1.266407604E-08
    2657  -1.265454701E-08
    2658  -1.264502874E-08
    2659  -1.263552120E-08
    2660  -1.262602437E-08
    2661  -1.184243858E-08
    2662  -1.183354452E-08
    2663  -1.182466048E-08
    2664  -1.181578643E-08
    2665  -1.180692238E-08
    2666  -1.183721823E-08
    2667  -1.182834475E-08
    2668  -1.181948125E-08
    2669  -1.181062771E-08
    2670  -1.180178411E-08
    2671  -1.143848163E-08
    2672  -1.142992309E-08
    2673  -1.142137416E-08
    2674  -1.141283482E-08
    2675  -1.140430504E-08
    2676  -1.102388006E-08
    2677  -1.101564714E-08
    2678  -1.100742344E-08
    2679  -1.099920895E-08
    2680  -1.099100364E-08
    2681  -1.086892079E-08
    2682  -1.086081873E-08
    2683  -1.085272572E-08
    2684  -1.084464175E-08
    2685  -1.083656681E-08
    2686  -1.032507380E-08
    2687  -1.031739146E-08
    2688  -1.030971768E-08
    2689  -1.030205247E-08
    2690  -1.029439579E-08
    2691  -1.013392631E-08
    2692  -1.012640019E-08
    2693  -1.011888245E-08
    2694  -1.011137307E-08
    2695  -1.010387205E-08
    2696  -9.362377260E-09
    2697  -9.355437025E-09
    2698  -9.348504504E-09
    2699  -9.341579686E-09
    2700  -9.334662559E-09
