      50   0.000000000E+00
      51   0.000000000E+00
      52   0.000000000E+00
      53   0.000000000E+00
      54   0.000000000E+00
      55   0.000000000E+00
      56   0.000000000E+00
      57   0.000000000E+00
      58   0.000000000E+00
      59   0.000000000E+00
      60   0.000000000E+00
      61   0.000000000E+00
      62   0.000000000E+00
      63   0.000000000E+00
      64   0.000000000E+00
      65   0.000000000E+00
      66   0.000000000E+00
      67   0.000000000E+00
      68   0.000000000E+00
      69   0.000000000E+00
      70   0.000000000E+00
      71   1.879473375E-12
      72   1.827980954E-12
      73   1.778576063E-12
      74   1.731147368E-12
      75   1.685590859E-12
      76   6.693661268E-13
      77   6.522028928E-13
      78   6.356914272E-13
      79   6.197991415E-13
      80   6.044954590E-13
      81   2.138306915E-12
      82   2.086781447E-12
      83   2.037096175E-12
      84   1.989164500E-12
      85   1.942904861E-12
      86   0.000000000E+00
      87   0.000000000E+00
      88   0.000000000E+00
      89   0.000000000E+00
      90   0.000000000E+00
      91   0.000000000E+00
      92   0.000000000E+00
      93   0.000000000E+00
      94   0.000000000E+00
      95   0.000000000E+00
      96   0.000000000E+00
      97   0.000000000E+00
      98   0.000000000E+00
      99   0.000000000E+00
     100   0.000000000E+00
     101   0.000000000E+00
     102   0.000000000E+00
     103   0.000000000E+00
     104   0.000000000E+00
     105   0.000000000E+00
     106   0.000000000E+00
     107   0.000000000E+00
     108   0.000000000E+00
     109   0.000000000E+00
     110   0.000000000E+00
     111   5.881747091E-12
     112   5.777645373E-12
     113   5.676283173E-12
     114   5.577565205E-12
     115   5.481400288E-12
     116   5.947094830E-12
     117   5.846296612E-12
     118   5.748039526E-12
     119   5.652238868E-12
     120   5.558813432E-12
     121   0.000000000E+00
     122   0.000000000E+00
     123   0.000000000E+00
     124   0.000000000E+00
     125   0.000000000E+00
     126   0.000000000E+00
     127   0.000000000E+00
     128   0.000000000E+00
     129   0.000000000E+00
     130   0.000000000E+00
     131   0.000000000E+00
     132   0.000000000E+00
     133   0.000000000E+00
     134   0.000000000E+00
     135   0.000000000E+00
     136   0.000000000E+00
     137   0.000000000E+00
     138   0.000000000E+00
     139   0.000000000E+00
     140   0.000000000E+00
     141   0.000000000E+00
     142   0.000000000E+00
     143   0.000000000E+00
     144   0.000000000E+00
     145   0.000000000E+00
     146   0.000000000E+00
     147   0.000000000E+00
     148   0.000000000E+00
     149   0.000000000E+00
     150   0.000000000E+00
     151   0.000000000E+00
     152   0.000000000E+00
     153   0.000000000E+00
     154   0.000000000E+00
     155   0.000000000E+00
     156   0.000000000E+00
     157   0.000000000E+00
     158   0.000000000E+00
     159   0.000000000E+00
     160   0.000000000E+00
     161   4.461800394E-12
     162   4.407054376E-12
     163   4.353309811E-12
     164   4.300542419E-12
     165   4.248728655E-12
     166   0.000000000E+00
     167   0.000000000E+00
     168   0.000000000E+00
     169   0.000000000E+00
     170   0.000000000E+00
     171   2.696324578E-13
     172   2.665153195E-13
     173   2.634519251E-13
     174   2.604410459E-13
     175   2.574814886E-13
     176   1.637134662E-11
     177   1.618739891E-11
     178   1.600653411E-11
     179   1.582868373E-11
     180   1.565378115E-11
     181   1.203493516E-11
     182   1.190340581E-11
     183   1.177402096E-11
     184   1.164673425E-11
     185   1.152150055E-11
     186   3.092310448E-11
     187   3.059413529E-11
     188   3.027038782E-11
     189   2.995175216E-11
     190   2.963812125E-11
     191   2.407145110E-11
     192   2.382200601E-11
     193   2.357641832E-11
     194   2.333460890E-11
     195   2.309650065E-11
     196   4.068455048E-11
     197   4.027359543E-11
     198   3.986883567E-11
     199   3.947014732E-11
     200   3.907740953E-11
     201   4.314385871E-11
     202   4.271879607E-11
     203   4.229998434E-11
     204   4.188730157E-11
     205   4.148062874E-11
     206   0.000000000E+00
     207   0.000000000E+00
     208   0.000000000E+00
     209   0.000000000E+00
     210   0.000000000E+00
     211   0.000000000E+00
     212   0.000000000E+00
     213   0.000000000E+00
     214   0.000000000E+00
     215   0.000000000E+00
     216   0.000000000E+00
     217   0.000000000E+00
     218   0.000000000E+00
     219   0.000000000E+00
     220   0.000000000E+00
     221   0.000000000E+00
     222   0.000000000E+00
     223   0.000000000E+00
     224   0.000000000E+00
     225   0.000000000E+00
     226   0.000000000E+00
     227   0.000000000E+00
     228   0.000000000E+00
     229   0.000000000E+00
     230   0.000000000E+00
     231   0.000000000E+00
     232   0.000000000E+00
     233   0.000000000E+00
     234   0.000000000E+00
     235   0.000000000E+00
     236   0.000000000E+00
     237   0.000000000E+00
     238   0.000000000E+00
     239   0.000000000E+00
     240   0.000000000E+00
     241   0.000000000E+00
     242   0.000000000E+00
     243   0.000000000E+00
     244   0.000000000E+00
     245   0.000000000E+00
     246   0.000000000E+00
     247   0.000000000E+00
     248   0.000000000E+00
     249   0.000000000E+00
     250   0.000000000E+00
     251   1.589033462E-10
     252   1.576471933E-10
     253   1.564058768E-10
     254   1.551791640E-10
     255   1.539668268E-10
     256   1.789801380E-10
     257   1.775926950E-10
     258   1.762213229E-10
     259   1.748657742E-10
     260   1.735258066E-10
     261   3.899891648E-10
     262   3.870234677E-10
     263   3.840914717E-10
     264   3.811926682E-10
     265   3.783265579E-10
     266   4.103680498E-10
     267   4.073056017E-10
     268   4.042773072E-10
     269   4.012826605E-10
     270   3.983211649E-10
     271   7.177041399E-10
     272   7.124462341E-10
     273   7.072458966E-10
     274   7.021022901E-10
     275   6.970145923E-10
     276   7.651739953E-10
     277   7.596691464E-10
     278   7.542234895E-10
     279   7.488361788E-10
     280   7.435063839E-10
     281   4.135173654E-09
     282   4.105949812E-09
     283   4.077034672E-09
     284   4.048423903E-09
     285   4.020113246E-09
     286   6.788150510E-09
     287   6.741010576E-09
     288   6.694359983E-09
     289   6.648191984E-09
     290   6.602499942E-09
     291   9.955403207E-09
     292   9.887448237E-09
     293   9.820186684E-09
     294   9.753609147E-09
     295   9.687706383E-09
     296   1.265599105E-08
     297   1.257105151E-08
     298   1.248696421E-08
     299   1.240371778E-08
     300   1.232130105E-08
     301   1.591069633E-08
     302   1.580567523E-08
     303   1.570169052E-08
     304   1.559872862E-08
     305   1.549677614E-08
     306   2.540942832E-08
     307   2.524443204E-08
     308   2.508103765E-08
     309   2.491922451E-08
     310   2.475897226E-08
     311   2.437295928E-08
     312   2.421722152E-08
     313   2.406297170E-08
     314   2.391019093E-08
     315   2.375886061E-08
     316   2.798497573E-08
     317   2.780896959E-08
     318   2.763461868E-08
     319   2.746190232E-08
     320   2.729080012E-08
     321   3.451045256E-08
     322   3.429676555E-08
     323   3.408505712E-08
     324   3.387530292E-08
     325   3.366747897E-08
     326   3.598910718E-08
     327   3.576966140E-08
     328   3.555221665E-08
     329   3.533674867E-08
     330   3.512323358E-08
     331   4.406590347E-08
     332   4.380124339E-08
     333   4.353896049E-08
     334   4.327902640E-08
     335   4.302141315E-08
     336   4.357313725E-08
     337   4.331530803E-08
     338   4.305976049E-08
     339   4.280646778E-08
     340   4.255540346E-08
     341   5.393409608E-08
     342   5.361961156E-08
     343   5.330786963E-08
     344   5.299883850E-08
     345   5.269248683E-08
     346   6.035825858E-08
     347   6.001137204E-08
     348   5.966746733E-08
     349   5.932651037E-08
     350   5.898846758E-08
     351   5.564362717E-08
     352   5.532836583E-08
     353   5.501577619E-08
     354   5.470582816E-08
     355   5.439849205E-08
     356   6.992727990E-08
     357   6.953662470E-08
     358   6.914923403E-08
     359   6.876507162E-08
     360   6.838410170E-08
     361   6.304546699E-08
     362   6.269810904E-08
     363   6.235361394E-08
     364   6.201195030E-08
     365   6.167308718E-08
     366   8.363455395E-08
     367   8.318001833E-08
     368   8.272917813E-08
     369   8.228199338E-08
     370   8.183842468E-08
     371   7.753214213E-08
     372   7.711642019E-08
     373   7.670403292E-08
     374   7.629494474E-08
     375   7.588912057E-08
     376   8.366775391E-08
     377   8.322506738E-08
     378   8.278588497E-08
     379   8.235016979E-08
     380   8.191788543E-08
     381   9.454392196E-08
     382   9.405022002E-08
     383   9.356037512E-08
     384   9.307434720E-08
     385   9.259209669E-08
     386   8.784846561E-08
     387   8.739563847E-08
     388   8.694630357E-08
     389   8.650042509E-08
     390   8.605796767E-08
     391   1.045732775E-07
     392   1.040410979E-07
     393   1.035129705E-07
     394   1.029888542E-07
     395   1.024687085E-07
     396   1.024826732E-07
     397   1.019676849E-07
     398   1.014565687E-07
     399   1.009492858E-07
     400   1.004457981E-07
     401   1.143739336E-07
     402   1.138063211E-07
     403   1.132429234E-07
     404   1.126836991E-07
     405   1.121286070E-07
     406   1.221987011E-07
     407   1.215996879E-07
     408   1.210050684E-07
     409   1.204147998E-07
     410   1.198288397E-07
     411   1.241970836E-07
     412   1.235956449E-07
     413   1.229985645E-07
     414   1.224058004E-07
     415   1.218173109E-07
     416   1.329578798E-07
     417   1.323217177E-07
     418   1.316901104E-07
     419   1.310630147E-07
     420   1.304403875E-07
     421   1.395568097E-07
     422   1.388969667E-07
     423   1.382417923E-07
     424   1.375912427E-07
     425   1.369452744E-07
     426   1.445442767E-07
     427   1.438688361E-07
     428   1.431981189E-07
     429   1.425320812E-07
     430   1.418706794E-07
     431   1.501281824E-07
     432   1.494347497E-07
     433   1.487461103E-07
     434   1.480622202E-07
     435   1.473830357E-07
     436   1.654358549E-07
     437   1.646804400E-07
     438   1.639301875E-07
     439   1.631850502E-07
     440   1.624449820E-07
     441   1.616845702E-07
     442   1.609546173E-07
     443   1.602295965E-07
     444   1.595094635E-07
     445   1.587941744E-07
     446   1.785044802E-07
     447   1.777075852E-07
     448   1.769160147E-07
     449   1.761297213E-07
     450   1.753486582E-07
     451   1.774476675E-07
     452   1.766642341E-07
     453   1.758859775E-07
     454   1.751128523E-07
     455   1.743448135E-07
     456   1.878952404E-07
     457   1.870747372E-07
     458   1.862595967E-07
     459   1.854497724E-07
     460   1.846452181E-07
     461   1.988367228E-07
     462   1.979778169E-07
     463   1.971244642E-07
     464   1.962766171E-07
     465   1.954342282E-07
     466   1.887739562E-07
     467   1.879672299E-07
     468   1.871656639E-07
     469   1.863692142E-07
     470   1.855778375E-07
     471   2.299584954E-07
     472   2.289861550E-07
     473   2.280199687E-07
     474   2.270598846E-07
     475   2.261058515E-07
     476   2.147725906E-07
     477   2.138739605E-07
     478   2.129809585E-07
     479   2.120935379E-07
     480   2.112116521E-07
     481   2.416252512E-07
     482   2.406247326E-07
     483   2.396304155E-07
     484   2.386422489E-07
     485   2.376601820E-07
     486   2.335988777E-07
     487   2.326415053E-07
     488   2.316900063E-07
     489   2.307443328E-07
     490   2.298044373E-07
     491   2.350496593E-07
     492   2.340961110E-07
     493   2.331483534E-07
     494   2.322063399E-07
     495   2.312700240E-07
     496   2.810512299E-07
     497   2.799225101E-07
     498   2.788005762E-07
     499   2.776853739E-07
     500   2.765768495E-07
     501   2.542049602E-07
     502   2.531942049E-07
     503   2.521894660E-07
     504   2.511906958E-07
     505   2.501978472E-07
     506   2.931313096E-07
     507   2.919772493E-07
     508   2.908299910E-07
     509   2.896894812E-07
     510   2.885556672E-07
     511   2.873521840E-07
     512   2.862319025E-07
     513   2.851181597E-07
     514   2.840109047E-07
     515   2.829100873E-07
     516   2.984185313E-07
     517   2.972663362E-07
     518   2.961208012E-07
     519   2.949818750E-07
     520   2.938495070E-07
     521   3.352936971E-07
     522   3.340115032E-07
     523   3.327366502E-07
     524   3.314690820E-07
     525   3.302087433E-07
     526   2.911144889E-07
     527   2.900117825E-07
     528   2.889153296E-07
     529   2.878250831E-07
     530   2.867409961E-07
     531   3.534652245E-07
     532   3.521389010E-07
     533   3.508200287E-07
     534   3.495085520E-07
     535   3.482044156E-07
     536   3.392123720E-07
     537   3.379513595E-07
     538   3.366973656E-07
     539   3.354503383E-07
     540   3.342102261E-07
     541   3.809548604E-07
     542   3.795517118E-07
     543   3.781563010E-07
     544   3.767685715E-07
     545   3.753884668E-07
     546   3.874574641E-07
     547   3.860433858E-07
     548   3.846370346E-07
     549   3.832383545E-07
     550   3.818472897E-07
     551   3.454057499E-07
     552   3.441565429E-07
     553   3.429141005E-07
     554   3.416783740E-07
     555   3.404493151E-07
     556   4.165375771E-07
     557   4.150446109E-07
     558   4.135596570E-07
     559   4.120826582E-07
     560   4.106135578E-07
     561   3.917697327E-07
     562   3.903780107E-07
     563   3.889936915E-07
     564   3.876167227E-07
     565   3.862470523E-07
     566   4.361037439E-07
     567   4.345681674E-07
     568   4.330406870E-07
     569   4.315212460E-07
     570   4.300097880E-07
     571   4.269968086E-07
     572   4.255064184E-07
     573   4.240238176E-07
     574   4.225489522E-07
     575   4.210817683E-07
     576   4.350335305E-07
     577   4.335282241E-07
     578   4.320307173E-07
     579   4.305409562E-07
     580   4.290588875E-07
     581   4.716073001E-07
     582   4.699894363E-07
     583   4.683798834E-07
     584   4.667785846E-07
     585   4.651854837E-07
     586   4.485920871E-07
     587   4.470662637E-07
     588   4.455482119E-07
     589   4.440378789E-07
     590   4.425352127E-07
     591   5.011178783E-07
     592   4.994277674E-07
     593   4.977461924E-07
     594   4.960730960E-07
     595   4.944084211E-07
     596   5.092436911E-07
     597   5.075405349E-07
     598   5.058459087E-07
     599   5.041597557E-07
     600   5.024820194E-07
     601   5.253416924E-07
     602   5.235992655E-07
     603   5.218654931E-07
     604   5.201403179E-07
     605   5.184236832E-07
     606   5.321791093E-07
     607   5.304285201E-07
     608   5.286865545E-07
     609   5.269531560E-07
     610   5.252282684E-07
     611   5.064419721E-07
     612   5.047896329E-07
     613   5.031453670E-07
     614   5.015091219E-07
     615   4.998808455E-07
     616   5.881182644E-07
     617   5.862149690E-07
     618   5.843208980E-07
     619   5.824359919E-07
     620   5.805601916E-07
     621   5.659140712E-07
     622   5.640973326E-07
     623   5.622893283E-07
     624   5.604900025E-07
     625   5.586992996E-07
     626   5.969788955E-07
     627   5.950776889E-07
     628   5.931855500E-07
     629   5.913024212E-07
     630   5.894282456E-07
     631   5.786273858E-07
     632   5.767991792E-07
     633   5.749796234E-07
     634   5.731686640E-07
     635   5.713662468E-07
     636   6.122183714E-07
     637   6.102991916E-07
     638   6.083890219E-07
     639   6.064878062E-07
     640   6.045954886E-07
     641   6.432745402E-07
     642   6.412736863E-07
     643   6.392821531E-07
     644   6.372998828E-07
     645   6.353268182E-07
     646   6.032974663E-07
     647   6.014354371E-07
     648   5.995820151E-07
     649   5.977371474E-07
     650   5.959007814E-07
     651   6.650199875E-07
     652   6.629831728E-07
     653   6.609557014E-07
     654   6.589375160E-07
     655   6.569285602E-07
     656   6.445499516E-07
     657   6.425908332E-07
     658   6.406406334E-07
     659   6.386992982E-07
     660   6.367667738E-07
     661   6.739636988E-07
     662   6.719306258E-07
     663   6.699067383E-07
     664   6.678919812E-07
     665   6.658862996E-07
     666   7.022756388E-07
     667   7.001730171E-07
     668   6.980798242E-07
     669   6.959960039E-07
     670   6.939215001E-07
     671   6.761604696E-07
     672   6.741510774E-07
     673   6.721506291E-07
     674   6.701590717E-07
     675   6.681763526E-07
     676   7.456445175E-07
     677   7.434449762E-07
     678   7.412551530E-07
     679   7.390749907E-07
     680   7.369044328E-07
     681   7.146999848E-07
     682   7.126071591E-07
     683   7.105235124E-07
     684   7.084489912E-07
     685   7.063835422E-07
     686   7.870483030E-07
     687   7.847603719E-07
     688   7.824824027E-07
     689   7.802143378E-07
     690   7.779561197E-07
     691   7.618056384E-07
     692   7.596070652E-07
     693   7.574179958E-07
     694   7.552383757E-07
     695   7.530681505E-07
     696   7.582525677E-07
     697   7.560799242E-07
     698   7.539166054E-07
     699   7.517625580E-07
     700   7.496177290E-07
     701   8.518388426E-07
     702   8.494154035E-07
     703   8.470022916E-07
     704   8.445994482E-07
     705   8.422068152E-07
     706   7.665769689E-07
     707   7.644114973E-07
     708   7.622551884E-07
     709   7.601079907E-07
     710   7.579698529E-07
     711   8.605943102E-07
     712   8.581803009E-07
     713   8.557764345E-07
     714   8.533826543E-07
     715   8.509989039E-07
     716   8.222912580E-07
     717   8.200007531E-07
     718   8.177198052E-07
     719   8.154483613E-07
     720   8.131863687E-07
     721   8.730886474E-07
     722   8.706734644E-07
     723   8.682682891E-07
     724   8.658730662E-07
     725   8.634877410E-07
     726   9.026174690E-07
     727   9.001377507E-07
     728   8.976682370E-07
     729   8.952088719E-07
     730   8.927596001E-07
     731   8.495044143E-07
     732   8.471865305E-07
     733   8.448781203E-07
     734   8.425791322E-07
     735   8.402895150E-07
     736   9.414326108E-07
     737   9.388813029E-07
     738   9.363403521E-07
     739   9.338097025E-07
     740   9.312892985E-07
     741   9.180556786E-07
     742   9.155844655E-07
     743   9.131232169E-07
     744   9.106718794E-07
     745   9.082303999E-07
     746   9.704266390E-07
     747   9.678319154E-07
     748   9.652475845E-07
     749   9.626735909E-07
     750   9.601098796E-07
     751   9.628200334E-07
     752   9.602627425E-07
     753   9.577156264E-07
     754   9.551786314E-07
     755   9.526517038E-07
     756   9.061761567E-07
     757   9.037851905E-07
     758   9.014036749E-07
     759   8.990315600E-07
     760   8.966687963E-07
     761   1.048329679E-06
     762   1.045581763E-06
     763   1.042844638E-06
     764   1.040118247E-06
     765   1.037402534E-06
     766   9.725177492E-07
     767   9.699851509E-07
     768   9.674624327E-07
     769   9.649495433E-07
     770   9.624464316E-07
     771   1.019087492E-06
     772   1.016450784E-06
     773   1.013824296E-06
     774   1.011207975E-06
     775   1.008601769E-06
     776   9.958109710E-07
     777   9.932510456E-07
     778   9.907009787E-07
     779   9.881607198E-07
     780   9.856302186E-07
     781   1.040161994E-06
     782   1.037505131E-06
     783   1.034858434E-06
     784   1.032221852E-06
     785   1.029595333E-06
     786   1.047547628E-06
     787   1.044888878E-06
     788   1.042240237E-06
     789   1.039601654E-06
     790   1.036973079E-06
     791   1.042554155E-06
     792   1.039924762E-06
     793   1.037305305E-06
     794   1.034695732E-06
     795   1.032095994E-06
     796   1.086176388E-06
     797   1.083454141E-06
     798   1.080742116E-06
     799   1.078040260E-06
     800   1.075348524E-06
     801   1.091665262E-06
     802   1.088946295E-06
     803   1.086237473E-06
     804   1.083538746E-06
     805   1.080850065E-06
     806   1.099458337E-06
     807   1.096736905E-06
     808   1.094025566E-06
     809   1.091324268E-06
     810   1.088632963E-06
     811   1.091946594E-06
     812   1.089260379E-06
     813   1.086584063E-06
     814   1.083917599E-06
     815   1.081260939E-06
     816   1.078874228E-06
     817   1.076236393E-06
     818   1.073608221E-06
     819   1.070989665E-06
     820   1.068380677E-06
     821   1.149866055E-06
     822   1.147071727E-06
     823   1.144287572E-06
     824   1.141513541E-06
     825   1.138749586E-06
     826   1.128012487E-06
     827   1.125287819E-06
     828   1.122573011E-06
     829   1.119868016E-06
     830   1.117172786E-06
     831   1.184767065E-06
     832   1.181922486E-06
     833   1.179088139E-06
     834   1.176263976E-06
     835   1.173449947E-06
     836   1.132624263E-06
     837   1.129921102E-06
     838   1.127227607E-06
     839   1.124543732E-06
     840   1.121869431E-06
     841   1.135081746E-06
     842   1.132388789E-06
     843   1.129705403E-06
     844   1.127031544E-06
     845   1.124367167E-06
     846   1.215906726E-06
     847   1.213039021E-06
     848   1.210181450E-06
     849   1.207333964E-06
     850   1.204496517E-06
     851   1.159085726E-06
     852   1.156368058E-06
     853   1.153659936E-06
     854   1.150961316E-06
     855   1.148272154E-06
     856   1.211047929E-06
     857   1.208224974E-06
     858   1.205411877E-06
     859   1.202608594E-06
     860   1.199815078E-06
     861   1.145637842E-06
     862   1.142982830E-06
     863   1.140337036E-06
     864   1.137700419E-06
     865   1.135072935E-06
     866   1.208682123E-06
     867   1.205897141E-06
     868   1.203121774E-06
     869   1.200355977E-06
     870   1.197599706E-06
     871   1.249219755E-06
     872   1.246357854E-06
     873   1.243505777E-06
     874   1.240663478E-06
     875   1.237830913E-06
     876   1.194798500E-06
     877   1.192076864E-06
     878   1.189364516E-06
     879   1.186661415E-06
     880   1.183967518E-06
     881   1.256559651E-06
     882   1.253713537E-06
     883   1.250877081E-06
     884   1.248050240E-06
     885   1.245232971E-06
     886   1.226368036E-06
     887   1.223605946E-06
     888   1.220853177E-06
     889   1.218109687E-06
     890   1.215375434E-06
     891   1.261143452E-06
     892   1.258318943E-06
     893   1.255503912E-06
     894   1.252698316E-06
     895   1.249902115E-06
     896   1.249189276E-06
     897   1.246407117E-06
     898   1.243634243E-06
     899   1.240870611E-06
     900   1.238116181E-06
     901   1.212117285E-06
     902   1.209432640E-06
     903   1.206756904E-06
     904   1.204090038E-06
     905   1.201432003E-06
     906   1.284672021E-06
     907   1.281842347E-06
     908   1.279022012E-06
     909   1.276210975E-06
     910   1.273409194E-06
     911   1.218150387E-06
     912   1.215481931E-06
     913   1.212822233E-06
     914   1.210171255E-06
     915   1.207528960E-06
     916   1.275944983E-06
     917   1.273165147E-06
     918   1.270394385E-06
     919   1.267632658E-06
     920   1.264879927E-06
     921   1.219177898E-06
     922   1.216536125E-06
     923   1.213902930E-06
     924   1.211278275E-06
     925   1.208662124E-06
     926   1.204024395E-06
     927   1.201429515E-06
     928   1.198843015E-06
     929   1.196264858E-06
     930   1.193695008E-06
     931   1.296828968E-06
     932   1.294049056E-06
     933   1.291278073E-06
     934   1.288515981E-06
     935   1.285762742E-06
     936   1.179485887E-06
     937   1.176970992E-06
     938   1.174464132E-06
     939   1.171965272E-06
     940   1.169474379E-06
     941   1.262675868E-06
     942   1.259997871E-06
     943   1.257328384E-06
     944   1.254667371E-06
     945   1.252014797E-06
     946   1.226675003E-06
     947   1.224087081E-06
     948   1.221507340E-06
     949   1.218935746E-06
     950   1.216372264E-06
     951   1.251503506E-06
     952   1.248877056E-06
     953   1.246258865E-06
     954   1.243648899E-06
     955   1.241047123E-06
     956   1.249419769E-06
     957   1.246811377E-06
     958   1.244211144E-06
     959   1.241619038E-06
     960   1.239035023E-06
     961   1.177215727E-06
     962   1.174770835E-06
     963   1.172333551E-06
     964   1.169903844E-06
     965   1.167481683E-06
     966   1.282314830E-06
     967   1.279665419E-06
     968   1.277024211E-06
     969   1.274391172E-06
     970   1.271766267E-06
     971   1.170257806E-06
     972   1.167852342E-06
     973   1.165454288E-06
     974   1.163063613E-06
     975   1.160680286E-06
     976   1.248669381E-06
     977   1.246115865E-06
     978   1.243570174E-06
     979   1.241032276E-06
     980   1.238502138E-06
     981   1.193647919E-06
     982   1.191219337E-06
     983   1.188798159E-06
     984   1.186384356E-06
     985   1.183977897E-06
     986   1.151866906E-06
     987   1.149535191E-06
     988   1.147210550E-06
     989   1.144892953E-06
     990   1.142582372E-06
     991   1.219776651E-06
     992   1.217319900E-06
     993   1.214870564E-06
     994   1.212428614E-06
     995   1.209994018E-06
     996   1.195582602E-06
     997   1.193186645E-06
     998   1.190797882E-06
     999   1.188416287E-06
    1000   1.186041829E-06
    1001   1.181769205E-06
    1002   1.179412736E-06
    1003   1.177063308E-06
    1004   1.174720894E-06
    1005   1.172385464E-06
    1006   1.149973226E-06
    1007   1.147691533E-06
    1008   1.145416624E-06
    1009   1.143148472E-06
    1010   1.140887051E-06
    1011   1.138320502E-06
    1012   1.136073078E-06
    1013   1.133832303E-06
    1014   1.131598150E-06
    1015   1.129370595E-06
    1016   1.183014646E-06
    1017   1.180690452E-06
    1018   1.178373101E-06
    1019   1.176062566E-06
    1020   1.173758819E-06
    1021   1.128324099E-06
    1022   1.126118187E-06
    1023   1.123918738E-06
    1024   1.121725725E-06
    1025   1.119539126E-06
    1026   1.128744442E-06
    1027   1.126548441E-06
    1028   1.124358843E-06
    1029   1.122175622E-06
    1030   1.119998753E-06
    1031   1.109923070E-06
    1032   1.107774139E-06
    1033   1.105631442E-06
    1034   1.103494956E-06
    1035   1.101364657E-06
    1036   1.113823587E-06
    1037   1.111677491E-06
    1038   1.109537593E-06
    1039   1.107403866E-06
    1040   1.105276289E-06
    1041   1.129414758E-06
    1042   1.127249054E-06
    1043   1.125089573E-06
    1044   1.122936291E-06
    1045   1.120789185E-06
    1046   1.075154803E-06
    1047   1.073102981E-06
    1048   1.071057027E-06
    1049   1.069016918E-06
    1050   1.066982633E-06
    1051   1.070382617E-06
    1052   1.068349601E-06
    1053   1.066322372E-06
    1054   1.064300908E-06
    1055   1.062285187E-06
    1056   1.031716173E-06
    1057   1.029765859E-06
    1058   1.027821070E-06
    1059   1.025881785E-06
    1060   1.023947983E-06
    1061   1.040358219E-06
    1062   1.038400819E-06
    1063   1.036448938E-06
    1064   1.034502555E-06
    1065   1.032561649E-06
    1066   1.038352693E-06
    1067   1.036408213E-06
    1068   1.034469189E-06
    1069   1.032535602E-06
    1070   1.030607431E-06
    1071   1.014531303E-06
    1072   1.012640284E-06
    1073   1.010754548E-06
    1074   1.008874075E-06
    1075   1.006998844E-06
    1076   9.765625674E-07
    1077   9.747507630E-07
    1078   9.729439961E-07
    1079   9.711422480E-07
    1080   9.693455001E-07
    1081   1.010684474E-06
    1082   1.008818021E-06
    1083   1.006956733E-06
    1084   1.005100592E-06
    1085   1.003249578E-06
    1086   9.812545199E-07
    1087   9.794507432E-07
    1088   9.776519356E-07
    1089   9.758580788E-07
    1090   9.740691548E-07
    1091   9.498531506E-07
    1092   9.481150845E-07
    1093   9.463817845E-07
    1094   9.446532333E-07
    1095   9.429294135E-07
    1096   9.415348534E-07
    1097   9.398198537E-07
    1098   9.381095354E-07
    1099   9.364038817E-07
    1100   9.347028756E-07
    1101   9.367737008E-07
    1102   9.350751084E-07
    1103   9.333811317E-07
    1104   9.316917541E-07
    1105   9.300069589E-07
    1106   8.815264007E-07
    1107   8.799351978E-07
    1108   8.783482993E-07
    1109   8.767656898E-07
    1110   8.751873537E-07
    1111   8.917936857E-07
    1112   8.901911814E-07
    1113   8.885929925E-07
    1114   8.869991038E-07
    1115   8.854094996E-07
    1116   8.596303961E-07
    1117   8.580925957E-07
    1118   8.565589182E-07
    1119   8.550293487E-07
    1120   8.535038726E-07
    1121   8.781528673E-07
    1122   8.765889263E-07
    1123   8.750291595E-07
    1124   8.734735521E-07
    1125   8.719220893E-07
    1126   8.322893736E-07
    1127   8.308136832E-07
    1128   8.293419140E-07
    1129   8.278740522E-07
    1130   8.264100840E-07
    1131   8.221393951E-07
    1132   8.206881341E-07
    1133   8.192407123E-07
    1134   8.177971164E-07
    1135   8.163573327E-07
    1136   8.070053706E-07
    1137   8.055870835E-07
    1138   8.041725320E-07
    1139   8.027617030E-07
    1140   8.013545834E-07
    1141   7.883183035E-07
    1142   7.869389189E-07
    1143   7.855631516E-07
    1144   7.841909889E-07
    1145   7.828224182E-07
    1146   7.996837613E-07
    1147   7.982905840E-07
    1148   7.969010443E-07
    1149   7.955151294E-07
    1150   7.941328269E-07
    1151   7.419301526E-07
    1152   7.406431966E-07
    1153   7.393595862E-07
    1154   7.380793098E-07
    1155   7.368023560E-07
    1156   7.515229937E-07
    1157   7.502250265E-07
    1158   7.489304190E-07
    1159   7.476391597E-07
    1160   7.463512369E-07
    1161   7.165888613E-07
    1162   7.153565503E-07
    1163   7.141274153E-07
    1164   7.129014455E-07
    1165   7.116786300E-07
    1166   7.173818155E-07
    1167   7.161534220E-07
    1168   7.149281809E-07
    1169   7.137060814E-07
    1170   7.124871129E-07
    1171   7.173922585E-07
    1172   7.161690833E-07
    1173   7.149490337E-07
    1174   7.137320992E-07
    1175   7.125182691E-07
    1176   6.611798569E-07
    1177   6.600573105E-07
    1178   6.589376204E-07
    1179   6.578207770E-07
    1180   6.567067706E-07
    1181   6.685731590E-07
    1182   6.674428578E-07
    1183   6.663154206E-07
    1184   6.651908376E-07
    1185   6.640690992E-07
    1186   6.654602067E-07
    1187   6.643399033E-07
    1188   6.632224266E-07
    1189   6.621077670E-07
    1190   6.609959152E-07
    1191   6.297612650E-07
    1192   6.287055042E-07
    1193   6.276523962E-07
    1194   6.266019319E-07
    1195   6.255541026E-07
    1196   6.417403977E-07
    1197   6.406690448E-07
    1198   6.396003725E-07
    1199   6.385343719E-07
    1200   6.374710340E-07
    1201   6.025276445E-07
    1202   6.015259361E-07
    1203   6.005267235E-07
    1204   5.995299987E-07
    1205   5.985357533E-07
    1206   6.187746809E-07
    1207   6.177502195E-07
    1208   6.167283002E-07
    1209   6.157089146E-07
    1210   6.146920543E-07
    1211   5.814937626E-07
    1212   5.805349930E-07
    1213   5.795785927E-07
    1214   5.786245539E-07
    1215   5.776728687E-07
    1216   5.794803723E-07
    1217   5.785288446E-07
    1218   5.775796587E-07
    1219   5.766328068E-07
    1220   5.756882813E-07
    1221   5.802447945E-07
    1222   5.792959069E-07
    1223   5.783493450E-07
    1224   5.774051011E-07
    1225   5.764631679E-07
    1226   5.482382605E-07
    1227   5.473453643E-07
    1228   5.464546477E-07
    1229   5.455661035E-07
    1230   5.446797248E-07
    1231   5.783806590E-07
    1232   5.774424908E-07
    1233   5.765066035E-07
    1234   5.755729896E-07
    1235   5.746416417E-07
    1236   5.458568325E-07
    1237   5.449749960E-07
    1238   5.440952946E-07
    1239   5.432177215E-07
    1240   5.423422699E-07
    1241   5.374291404E-07
    1242   5.365644112E-07
    1243   5.357017675E-07
    1244   5.348412024E-07
    1245   5.339827093E-07
    1246   5.475160703E-07
    1247   5.466386407E-07
    1248   5.457633186E-07
    1249   5.448900973E-07
    1250   5.440189700E-07
    1251   5.202053911E-07
    1252   5.193750552E-07
    1253   5.185467059E-07
    1254   5.177203366E-07
    1255   5.168959412E-07
    1256   5.481572678E-07
    1257   5.472857936E-07
    1258   5.464163960E-07
    1259   5.455490684E-07
    1260   5.446838042E-07
    1261   5.146291138E-07
    1262   5.138141825E-07
    1263   5.130011854E-07
    1264   5.121901164E-07
    1265   5.113809693E-07
    1266   5.326483497E-07
    1267   5.318082104E-07
    1268   5.309700572E-07
    1269   5.301338838E-07
    1270   5.292996842E-07
    1271   5.366432645E-07
    1272   5.358001487E-07
    1273   5.349590181E-07
    1274   5.341198667E-07
    1275   5.332826882E-07
    1276   5.274878921E-07
    1277   5.266624024E-07
    1278   5.258388490E-07
    1279   5.250172258E-07
    1280   5.241975268E-07
    1281   5.352762874E-07
    1282   5.344418739E-07
    1283   5.336094099E-07
    1284   5.327788894E-07
    1285   5.319503064E-07
    1286   5.277343296E-07
    1287   5.269148664E-07
    1288   5.260973103E-07
    1289   5.252816556E-07
    1290   5.244678963E-07
    1291   5.572931377E-07
    1292   5.564311220E-07
    1293   5.555711048E-07
    1294   5.547130799E-07
    1295   5.538570412E-07
    1296   5.456604470E-07
    1297   5.448196759E-07
    1298   5.439808465E-07
    1299   5.431439529E-07
    1300   5.423089891E-07
    1301   5.539181007E-07
    1302   5.530678810E-07
    1303   5.522196174E-07
    1304   5.513733038E-07
    1305   5.505289343E-07
    1306   5.592230069E-07
    1307   5.583679258E-07
    1308   5.575148045E-07
    1309   5.566636369E-07
    1310   5.558144170E-07
    1311   5.678000144E-07
    1312   5.669351248E-07
    1313   5.660722099E-07
    1314   5.652112635E-07
    1315   5.643522799E-07
    1316   5.910185537E-07
    1317   5.901217122E-07
    1318   5.892269105E-07
    1319   5.883341425E-07
    1320   5.874434019E-07
    1321   5.835287019E-07
    1322   5.826465723E-07
    1323   5.817664415E-07
    1324   5.808883035E-07
    1325   5.800121522E-07
    1326   6.096618266E-07
    1327   6.087436612E-07
    1328   6.078275684E-07
    1329   6.069135420E-07
    1330   6.060015757E-07
    1331   6.198816863E-07
    1332   6.189516312E-07
    1333   6.180236678E-07
    1334   6.170977896E-07
    1335   6.161739905E-07
    1336   6.394278042E-07
    1337   6.384720078E-07
    1338   6.375183528E-07
    1339   6.365668328E-07
    1340   6.356174416E-07
    1341   6.550603854E-07
    1342   6.540848674E-07
    1343   6.531115268E-07
    1344   6.521403572E-07
    1345   6.511713522E-07
    1346   6.716810581E-07
    1347   6.706844986E-07
    1348   6.696901554E-07
    1349   6.686980219E-07
    1350   6.677080914E-07
    1351   6.996717175E-07
    1352   6.986374651E-07
    1353   6.976055043E-07
    1354   6.965758283E-07
    1355   6.955484303E-07
    1356   7.338503981E-07
    1357   7.327696170E-07
    1358   7.316912217E-07
    1359   7.306152052E-07
    1360   7.295415605E-07
    1361   7.532904608E-07
    1362   7.521851190E-07
    1363   7.510822082E-07
    1364   7.499817215E-07
    1365   7.488836516E-07
    1366   7.677305400E-07
    1367   7.666081269E-07
    1368   7.654881735E-07
    1369   7.643706725E-07
    1370   7.632556168E-07
    1371   8.013412032E-07
    1372   8.001739181E-07
    1373   7.990091817E-07
    1374   7.978469866E-07
    1375   7.966873252E-07
    1376   8.710892068E-07
    1377   8.698249264E-07
    1378   8.685633964E-07
    1379   8.673046089E-07
    1380   8.660485558E-07
    1381   8.784179564E-07
    1382   8.771476485E-07
    1383   8.758800941E-07
    1384   8.746152853E-07
    1385   8.733532142E-07
    1386   9.381848326E-07
    1387   9.368329812E-07
    1388   9.354840496E-07
    1389   9.341380294E-07
    1390   9.327949122E-07
    1391   9.399158589E-07
    1392   9.385663745E-07
    1393   9.372197943E-07
    1394   9.358761100E-07
    1395   9.345353133E-07
    1396   1.012930895E-06
    1397   1.011481781E-06
    1398   1.010035774E-06
    1399   1.008592866E-06
    1400   1.007153047E-06
    1401   1.060172881E-06
    1402   1.058661587E-06
    1403   1.057153522E-06
    1404   1.055648677E-06
    1405   1.054147043E-06
    1406   1.069566018E-06
    1407   1.068046749E-06
    1408   1.066530713E-06
    1409   1.065017904E-06
    1410   1.063508311E-06
    1411   1.148479496E-06
    1412   1.146853906E-06
    1413   1.145231765E-06
    1414   1.143613062E-06
    1415   1.141997790E-06
    1416   1.188575467E-06
    1417   1.186899056E-06
    1418   1.185226189E-06
    1419   1.183556856E-06
    1420   1.181891048E-06
    1421   1.270012501E-06
    1422   1.268227522E-06
    1423   1.266446304E-06
    1424   1.264668835E-06
    1425   1.262895106E-06
    1426   1.350508971E-06
    1427   1.348617502E-06
    1428   1.346730004E-06
    1429   1.344846466E-06
    1430   1.342966876E-06
    1431   1.369589494E-06
    1432   1.367677994E-06
    1433   1.365770493E-06
    1434   1.363866980E-06
    1435   1.361967444E-06
    1436   1.453356818E-06
    1437   1.451335459E-06
    1438   1.449318314E-06
    1439   1.447305372E-06
    1440   1.445296621E-06
    1441   1.481181835E-06
    1442   1.479128915E-06
    1443   1.477080260E-06
    1444   1.475035858E-06
    1445   1.472995698E-06
    1446   1.533228760E-06
    1447   1.531111041E-06
    1448   1.528997706E-06
    1449   1.526888744E-06
    1450   1.524784142E-06
    1451   1.598532919E-06
    1452   1.596332599E-06
    1453   1.594136818E-06
    1454   1.591945564E-06
    1455   1.589758826E-06
    1456   1.581509312E-06
    1457   1.579339889E-06
    1458   1.577174927E-06
    1459   1.575014413E-06
    1460   1.572858336E-06
    1461   1.724836866E-06
    1462   1.722478920E-06
    1463   1.720125807E-06
    1464   1.717777512E-06
    1465   1.715434023E-06
    1466   1.706718334E-06
    1467   1.704393105E-06
    1468   1.702072624E-06
    1469   1.699756879E-06
    1470   1.697445857E-06
    1471   1.815038226E-06
    1472   1.812573816E-06
    1473   1.810114421E-06
    1474   1.807660029E-06
    1475   1.805210625E-06
    1476   1.849966749E-06
    1477   1.847463411E-06
    1478   1.844965151E-06
    1479   1.842471955E-06
    1480   1.839983809E-06
    1481   1.967797615E-06
    1482   1.965143809E-06
    1483   1.962495367E-06
    1484   1.959852276E-06
    1485   1.957214520E-06
    1486   2.097366770E-06
    1487   2.094547729E-06
    1488   2.091734367E-06
    1489   2.088926670E-06
    1490   2.086124622E-06
    1491   2.111952864E-06
    1492   2.109123724E-06
    1493   2.106300266E-06
    1494   2.103482473E-06
    1495   2.100670330E-06
    1496   2.198697396E-06
    1497   2.195761886E-06
    1498   2.192832250E-06
    1499   2.189908474E-06
    1500   2.186990541E-06
    1501   2.285178256E-06
    1502   2.282137433E-06
    1503   2.279102676E-06
    1504   2.276073968E-06
    1505   2.273051294E-06
    1506   2.371399967E-06
    1507   2.368254874E-06
    1508   2.365116034E-06
    1509   2.361983430E-06
    1510   2.358857046E-06
    1511   2.493095182E-06
    1512   2.489799616E-06
    1513   2.486510581E-06
    1514   2.483228059E-06
    1515   2.479952033E-06
    1516   2.542272110E-06
    1517   2.538922608E-06
    1518   2.535579721E-06
    1519   2.532243432E-06
    1520   2.528913723E-06
    1521   2.679661625E-06
    1522   2.676142700E-06
    1523   2.672630702E-06
    1524   2.669125612E-06
    1525   2.665627414E-06
    1526   2.848666820E-06
    1527   2.844938198E-06
    1528   2.841216893E-06
    1529   2.837502884E-06
    1530   2.833796152E-06
    1531   2.939181311E-06
    1532   2.935346762E-06
    1533   2.931519713E-06
    1534   2.927700144E-06
    1535   2.923888034E-06
    1536   2.996419202E-06
    1537   2.992522688E-06
    1538   2.988633770E-06
    1539   2.984752427E-06
    1540   2.980878641E-06
    1541   3.036309944E-06
    1542   3.032374351E-06
    1543   3.028446405E-06
    1544   3.024526086E-06
    1545   3.020613375E-06
    1546   3.212510823E-06
    1547   3.208360292E-06
    1548   3.204217800E-06
    1549   3.200083325E-06
    1550   3.195956848E-06
    1551   3.149667473E-06
    1552   3.145611237E-06
    1553   3.141562831E-06
    1554   3.137522236E-06
    1555   3.133489431E-06
    1556   3.326581352E-06
    1557   3.322311029E-06
    1558   3.318048924E-06
    1559   3.313795015E-06
    1560   3.309549281E-06
    1561   3.365298153E-06
    1562   3.360991949E-06
    1563   3.356694006E-06
    1564   3.352404301E-06
    1565   3.348122814E-06
    1566   3.495615278E-06
    1567   3.491156585E-06
    1568   3.486706417E-06
    1569   3.482264753E-06
    1570   3.477831571E-06
    1571   3.629513553E-06
    1572   3.624898787E-06
    1573   3.620292816E-06
    1574   3.615695619E-06
    1575   3.611107173E-06
    1576   3.720126156E-06
    1577   3.715411167E-06
    1578   3.710705136E-06
    1579   3.706008041E-06
    1580   3.701319859E-06
    1581   3.835517229E-06
    1582   3.830671345E-06
    1583   3.825834638E-06
    1584   3.821007087E-06
    1585   3.816188667E-06
    1586   3.959746431E-06
    1587   3.954759344E-06
    1588   3.949781674E-06
    1589   3.944813395E-06
    1590   3.939854484E-06
    1591   4.096796452E-06
    1592   4.091652953E-06
    1593   4.086519135E-06
    1594   4.081394973E-06
    1595   4.076280443E-06
    1596   4.108946574E-06
    1597   4.103803963E-06
    1598   4.098671000E-06
    1599   4.093547661E-06
    1600   4.088433923E-06
    1601   4.228426048E-06
    1602   4.223150407E-06
    1603   4.217884633E-06
    1604   4.212628702E-06
    1605   4.207382589E-06
    1606   4.371664917E-06
    1607   4.366227522E-06
    1608   4.360800266E-06
    1609   4.355383123E-06
    1610   4.349976068E-06
    1611   4.517335813E-06
    1612   4.511734652E-06
    1613   4.506143903E-06
    1614   4.500563539E-06
    1615   4.494993535E-06
    1616   4.602961377E-06
    1617   4.597271684E-06
    1618   4.591592534E-06
    1619   4.585923902E-06
    1620   4.580265760E-06
    1621   4.658014550E-06
    1622   4.652274545E-06
    1623   4.646545143E-06
    1624   4.640826318E-06
    1625   4.635118044E-06
    1626   4.893980070E-06
    1627   4.887967810E-06
    1628   4.881966622E-06
    1629   4.875976479E-06
    1630   4.869997354E-06
    1631   5.120589863E-06
    1632   5.114318474E-06
    1633   5.108058598E-06
    1634   5.101810208E-06
    1635   5.095573276E-06
    1636   5.136121417E-06
    1637   5.129850207E-06
    1638   5.123590475E-06
    1639   5.117342194E-06
    1640   5.111105335E-06
    1641   5.331563597E-06
    1642   5.325073563E-06
    1643   5.318595371E-06
    1644   5.312128994E-06
    1645   5.305674402E-06
    1646   5.372193869E-06
    1647   5.365674216E-06
    1648   5.359166425E-06
    1649   5.352670465E-06
    1650   5.346186310E-06
    1651   5.506811797E-06
    1652   5.500148988E-06
    1653   5.493498264E-06
    1654   5.486859595E-06
    1655   5.480232953E-06
    1656   5.488730850E-06
    1657   5.482109944E-06
    1658   5.475501011E-06
    1659   5.468904022E-06
    1660   5.462318948E-06
    1661   5.490493874E-06
    1662   5.483890754E-06
    1663   5.477299539E-06
    1664   5.470720201E-06
    1665   5.464152709E-06
    1666   5.669939455E-06
    1667   5.663140966E-06
    1668   5.656354698E-06
    1669   5.649580620E-06
    1670   5.642818705E-06
    1671   5.785126710E-06
    1672   5.778210838E-06
    1673   5.771307361E-06
    1674   5.764416247E-06
    1675   5.757537469E-06
    1676   5.968867459E-06
    1677   5.961753195E-06
    1678   5.954651642E-06
    1679   5.947562771E-06
    1680   5.940486551E-06
    1681   6.064499795E-06
    1682   6.057293021E-06
    1683   6.050099086E-06
    1684   6.042917960E-06
    1685   6.035749611E-06
    1686   6.098439115E-06
    1687   6.091213476E-06
    1688   6.084000672E-06
    1689   6.076800671E-06
    1690   6.069613444E-06
    1691   6.274610950E-06
    1692   6.267198533E-06
    1693   6.259799243E-06
    1694   6.252413049E-06
    1695   6.245039920E-06
    1696   6.240739449E-06
    1697   6.233388754E-06
    1698   6.226051040E-06
    1699   6.218726274E-06
    1700   6.211414426E-06
    1701   6.444007206E-06
    1702   6.436439376E-06
    1703   6.428884870E-06
    1704   6.421343656E-06
    1705   6.413815703E-06
    1706   6.420810501E-06
    1707   6.413291987E-06
    1708   6.405786672E-06
    1709   6.398294524E-06
    1710   6.390815512E-06
    1711   6.548628736E-06
    1712   6.540982935E-06
    1713   6.533350516E-06
    1714   6.525731449E-06
    1715   6.518125701E-06
    1716   6.904201596E-06
    1717   6.896164108E-06
    1718   6.888140648E-06
    1719   6.880131182E-06
    1720   6.872135678E-06
    1721   6.915733475E-06
    1722   6.907705926E-06
    1723   6.899692346E-06
    1724   6.891692703E-06
    1725   6.883706964E-06
    1726   7.332155637E-06
    1727   7.323669345E-06
    1728   7.315197779E-06
    1729   7.306740903E-06
    1730   7.298298683E-06
    1731   7.274148802E-06
    1732   7.265753939E-06
    1733   7.257373600E-06
    1734   7.249007752E-06
    1735   7.240656360E-06
    1736   7.459865758E-06
    1737   7.451281332E-06
    1738   7.442711716E-06
    1739   7.434156875E-06
    1740   7.425616775E-06
    1741   7.574585159E-06
    1742   7.565893725E-06
    1743   7.557217241E-06
    1744   7.548555674E-06
    1745   7.539908989E-06
    1746   7.420692889E-06
    1747   7.412202393E-06
    1748   7.403726462E-06
    1749   7.395265060E-06
    1750   7.386818155E-06
    1751   7.616927849E-06
    1752   7.608237686E-06
    1753   7.599562386E-06
    1754   7.590901916E-06
    1755   7.582256242E-06
    1756   7.480555252E-06
    1757   7.472044950E-06
    1758   7.463549162E-06
    1759   7.455067857E-06
    1760   7.446600999E-06
    1761   7.687222596E-06
    1762   7.678501980E-06
    1763   7.669796195E-06
    1764   7.661105208E-06
    1765   7.652428985E-06
    1766   7.481948831E-06
    1767   7.473485088E-06
    1768   7.465035698E-06
    1769   7.456600630E-06
    1770   7.448179850E-06
    1771   7.636394871E-06
    1772   7.627780776E-06
    1773   7.619181249E-06
    1774   7.610596256E-06
    1775   7.602025765E-06
    1776   7.918726329E-06
    1777   7.909818875E-06
    1778   7.900926442E-06
    1779   7.892048997E-06
    1780   7.883186505E-06
    1781   7.989631832E-06
    1782   7.980669822E-06
    1783   7.971722883E-06
    1784   7.962790981E-06
    1785   7.953874082E-06
    1786   8.195792272E-06
    1787   8.186624719E-06
    1788   8.177472539E-06
    1789   8.168335698E-06
    1790   8.159214162E-06
    1791   8.171573999E-06
    1792   8.162459026E-06
    1793   8.153359294E-06
    1794   8.144274771E-06
    1795   8.135205423E-06
    1796   8.332158051E-06
    1797   8.322889800E-06
    1798   8.313637004E-06
    1799   8.304399630E-06
    1800   8.295177642E-06
    1801   8.364916306E-06
    1802   8.355637420E-06
    1803   8.346373964E-06
    1804   8.337125904E-06
    1805   8.327893206E-06
    1806   8.301634934E-06
    1807   8.292451709E-06
    1808   8.283283714E-06
    1809   8.274130914E-06
    1810   8.264993277E-06
    1811   8.517762421E-06
    1812   8.508366103E-06
    1813   8.498985325E-06
    1814   8.489620052E-06
    1815   8.480270250E-06
    1816   8.526061674E-06
    1817   8.516682068E-06
    1818   8.507317932E-06
    1819   8.497969231E-06
    1820   8.488635931E-06
    1821   8.917358465E-06
    1822   8.907575296E-06
    1823   8.897808218E-06
    1824   8.888057195E-06
    1825   8.878322193E-06
    1826   8.862998877E-06
    1827   8.853301942E-06
    1828   8.843620912E-06
    1829   8.833955752E-06
    1830   8.824306429E-06
    1831   8.924985728E-06
    1832   8.915247610E-06
    1833   8.905525420E-06
    1834   8.895819126E-06
    1835   8.886128691E-06
    1836   9.145569163E-06
    1837   9.135617510E-06
    1838   9.125682092E-06
    1839   9.115762872E-06
    1840   9.105859816E-06
    1841   9.237184148E-06
    1842   9.227160074E-06
    1843   9.217152308E-06
    1844   9.207160815E-06
    1845   9.197185560E-06
    1846   9.250331982E-06
    1847   9.240320800E-06
    1848   9.230325862E-06
    1849   9.220347131E-06
    1850   9.210384573E-06
    1851   9.043525870E-06
    1852   9.033764914E-06
    1853   9.024019752E-06
    1854   9.014290351E-06
    1855   9.004576676E-06
    1856   8.955267732E-06
    1857   8.945628047E-06
    1858   8.936003918E-06
    1859   8.926395312E-06
    1860   8.916802195E-06
    1861   9.061752383E-06
    1862   9.052024254E-06
    1863   9.042311781E-06
    1864   9.032614932E-06
    1865   9.022933673E-06
    1866   9.083667018E-06
    1867   9.073941464E-06
    1868   9.064231521E-06
    1869   9.054537156E-06
    1870   9.044858335E-06
    1871   9.318746886E-06
    1872   9.308796275E-06
    1873   9.298861594E-06
    1874   9.288942808E-06
    1875   9.279039884E-06
    1876   9.146371839E-06
    1877   9.136631294E-06
    1878   9.126906301E-06
    1879   9.117196826E-06
    1880   9.107502837E-06
    1881   9.436987412E-06
    1882   9.426964059E-06
    1883   9.416956666E-06
    1884   9.406965200E-06
    1885   9.396989627E-06
    1886   9.342772319E-06
    1887   9.332875315E-06
    1888   9.322994028E-06
    1889   9.313128426E-06
    1890   9.303278475E-06
    1891   9.340736856E-06
    1892   9.330868143E-06
    1893   9.321015061E-06
    1894   9.311177578E-06
    1895   9.301355661E-06
    1896   9.475730560E-06
    1897   9.465745596E-06
    1898   9.455776406E-06
    1899   9.445822958E-06
    1900   9.435885216E-06
    1901   8.992458210E-06
    1902   8.983007387E-06
    1903   8.973571455E-06
    1904   8.964150383E-06
    1905   8.954744139E-06
    1906   9.137458999E-06
    1907   9.127880949E-06
    1908   9.118317952E-06
    1909   9.108769975E-06
    1910   9.099236987E-06
    1911   9.004909495E-06
    1912   8.995495058E-06
    1913   8.986095376E-06
    1914   8.976710420E-06
    1915   8.967340159E-06
    1916   9.086465998E-06
    1917   9.076991060E-06
    1918   9.067530933E-06
    1919   9.058085589E-06
    1920   9.048654995E-06
    1921   9.173681515E-06
    1922   9.164140505E-06
    1923   9.154614371E-06
    1924   9.145103083E-06
    1925   9.135606611E-06
    1926   9.351420929E-06
    1927   9.341720285E-06
    1928   9.332034727E-06
    1929   9.322364225E-06
    1930   9.312708747E-06
    1931   9.690906857E-06
    1932   9.680880052E-06
    1933   9.670868801E-06
    1934   9.660873071E-06
    1935   9.650892830E-06
    1936   9.546674899E-06
    1937   9.536822810E-06
    1938   9.526985963E-06
    1939   9.517164328E-06
    1940   9.507357873E-06
    1941   9.467161620E-06
    1942   9.457416729E-06
    1943   9.447686876E-06
    1944   9.437972031E-06
    1945   9.428272163E-06
    1946   9.482187067E-06
    1947   9.472451762E-06
    1948   9.462731442E-06
    1949   9.453026076E-06
    1950   9.443335634E-06
    1951   9.137278781E-06
    1952   9.127921608E-06
    1953   9.118578802E-06
    1954   9.109250333E-06
    1955   9.099936171E-06
    1956   9.405641081E-06
    1957   9.396033685E-06
    1958   9.386441001E-06
    1959   9.376863000E-06
    1960   9.367299651E-06
    1961   9.034796977E-06
    1962   9.025591886E-06
    1963   9.016400856E-06
    1964   9.007223857E-06
    1965   8.998060863E-06
    1966   9.323777020E-06
    1967   9.314301637E-06
    1968   9.304840691E-06
    1969   9.295394152E-06
    1970   9.285961992E-06
    1971   9.508841061E-06
    1972   9.499202094E-06
    1973   9.489577776E-06
    1974   9.479968077E-06
    1975   9.470372967E-06
    1976   9.463252719E-06
    1977   9.453684212E-06
    1978   9.444130211E-06
    1979   9.434590686E-06
    1980   9.425065607E-06
    1981   9.714612464E-06
    1982   9.704814570E-06
    1983   9.695031491E-06
    1984   9.685263197E-06
    1985   9.675509659E-06
    1986   9.584644123E-06
    1987   9.575001624E-06
    1988   9.565373668E-06
    1989   9.555760228E-06
    1990   9.546161272E-06
    1991   1.001846050E-05
    1992   1.000840685E-05
    1993   9.998368328E-06
    1994   9.988344901E-06
    1995   9.978336540E-06
    1996   9.872154282E-06
    1997   9.862272245E-06
    1998   9.852405040E-06
    1999   9.842552634E-06
    2000   9.832715001E-06
    2001   9.579680926E-06
    2002   9.570115593E-06
    2003   9.560564580E-06
    2004   9.551027857E-06
    2005   9.541505396E-06
    2006   9.537523524E-06
    2007   9.528023998E-06
    2008   9.518538658E-06
    2009   9.509067475E-06
    2010   9.499610422E-06
    2011   9.267579773E-06
    2012   9.258372044E-06
    2013   9.249178030E-06
    2014   9.239997704E-06
    2015   9.230831040E-06
    2016   9.415609536E-06
    2017   9.406277911E-06
    2018   9.396960152E-06
    2019   9.387656231E-06
    2020   9.378366121E-06
    2021   9.401663279E-06
    2022   9.392368506E-06
    2023   9.383087509E-06
    2024   9.373820262E-06
    2025   9.364566738E-06
    2026   9.502062329E-06
    2027   9.492691459E-06
    2028   9.483334445E-06
    2029   9.473991258E-06
    2030   9.464661872E-06
    2031   9.822695485E-06
    2032   9.813032233E-06
    2033   9.803383234E-06
    2034   9.793748459E-06
    2035   9.784127881E-06
    2036   9.503595598E-06
    2037   9.494269204E-06
    2038   9.484956532E-06
    2039   9.475657555E-06
    2040   9.466372246E-06
    2041   9.555405127E-06
    2042   9.546050839E-06
    2043   9.536710281E-06
    2044   9.527383425E-06
    2045   9.518070245E-06
    2046   9.051142955E-06
    2047   9.042303948E-06
    2048   9.033477883E-06
    2049   9.024664734E-06
    2050   9.015864475E-06
    2051   8.963557336E-06
    2052   8.954825180E-06
    2053   8.946105779E-06
    2054   8.937399107E-06
    2055   8.928705139E-06
    2056   9.244374880E-06
    2057   9.235391037E-06
    2058   9.226420283E-06
    2059   9.217462594E-06
    2060   9.208517943E-06
    2061   9.720946757E-06
    2062   9.711522669E-06
    2063   9.702112279E-06
    2064   9.692715560E-06
    2065   9.683332486E-06
    2066   1.042320186E-05
    2067   1.041312140E-05
    2068   1.040305555E-05
    2069   1.039300429E-05
    2070   1.038296759E-05
    2071   1.070140014E-05
    2072   1.069107559E-05
    2073   1.068076597E-05
    2074   1.067047125E-05
    2075   1.066019141E-05
    2076   1.115156372E-05
    2077   1.114083075E-05
    2078   1.113011326E-05
    2079   1.111941122E-05
    2080   1.110872462E-05
    2081   1.112507889E-05
    2082   1.111439710E-05
    2083   1.110373070E-05
    2084   1.109307964E-05
    2085   1.108244389E-05
    2086   1.110267253E-05
    2087   1.109203778E-05
    2088   1.108141831E-05
    2089   1.107081408E-05
    2090   1.106022507E-05
    2091   1.074526362E-05
    2092   1.073499581E-05
    2093   1.072474271E-05
    2094   1.071450429E-05
    2095   1.070428053E-05
    2096   1.058919474E-05
    2097   1.057910018E-05
    2098   1.056902005E-05
    2099   1.055895431E-05
    2100   1.054890295E-05
    2101   1.011083332E-05
    2102   1.010121769E-05
    2103   1.009161577E-05
    2104   1.008202754E-05
    2105   1.007245297E-05
    2106   9.126903257E-06
    2107   9.118243956E-06
    2108   9.109596972E-06
    2109   9.100962283E-06
    2110   9.092339865E-06
    2111   8.734524155E-06
    2112   8.726256740E-06
    2113   8.718001057E-06
    2114   8.709757084E-06
    2115   8.701524800E-06
    2116   8.677284430E-06
    2117   8.669090582E-06
    2118   8.660908335E-06
    2119   8.652737667E-06
    2120   8.644578556E-06
    2121   9.586735556E-06
    2122   9.577704246E-06
    2123   9.568685692E-06
    2124   9.559679871E-06
    2125   9.550686757E-06
    2126   1.127428205E-05
    2127   1.126368592E-05
    2128   1.125310472E-05
    2129   1.124253842E-05
    2130   1.123198700E-05
    2131   1.354550190E-05
    2132   1.353280101E-05
    2133   1.352011797E-05
    2134   1.350745276E-05
    2135   1.349480533E-05
    2136   1.559990430E-05
    2137   1.558531131E-05
    2138   1.557073879E-05
    2139   1.555618670E-05
    2140   1.554165500E-05
    2141   1.632466939E-05
    2142   1.630943405E-05
    2143   1.629422002E-05
    2144   1.627902728E-05
    2145   1.626385577E-05
    2146   1.632083177E-05
    2147   1.630563547E-05
    2148   1.629046038E-05
    2149   1.627530646E-05
    2150   1.626017368E-05
    2151   1.585139594E-05
    2152   1.583667100E-05
    2153   1.582196657E-05
    2154   1.580728262E-05
    2155   1.579261909E-05
    2156   1.643915378E-05
    2157   1.642391823E-05
    2158   1.640870386E-05
    2159   1.639351061E-05
    2160   1.637833846E-05
    2161   1.887254082E-05
    2162   1.885509049E-05
    2163   1.883766434E-05
    2164   1.882026234E-05
    2165   1.880288444E-05
    2166   2.066266570E-05
    2167   2.064360420E-05
    2168   2.062456907E-05
    2169   2.060556025E-05
    2170   2.058657770E-05
    2171   2.219318103E-05
    2172   2.217275473E-05
    2173   2.215235661E-05
    2174   2.213198663E-05
    2175   2.211164473E-05
    2176   2.124679201E-05
    2177   2.122728164E-05
    2178   2.120779813E-05
    2179   2.118834144E-05
    2180   2.116891150E-05
    2181   1.832847061E-05
    2182   1.831167860E-05
    2183   1.829490967E-05
    2184   1.827816375E-05
    2185   1.826144082E-05
    2186   1.284884340E-05
    2187   1.283709857E-05
    2188   1.282536984E-05
    2189   1.281365717E-05
    2190   1.280196055E-05
    2191   5.566687959E-06
    2192   5.561611180E-06
    2193   5.556541343E-06
    2194   5.551478435E-06
    2195   5.546422444E-06
    2196  -3.199879276E-06
    2197  -3.196967648E-06
    2198  -3.194059992E-06
    2199  -3.191156301E-06
    2200  -3.188256568E-06
    2201  -1.265145308E-05
    2202  -1.263996742E-05
    2203  -1.262849740E-05
    2204  -1.261704298E-05
    2205  -1.260560414E-05
    2206  -2.160541631E-05
    2207  -2.158584618E-05
    2208  -2.156630264E-05
    2209  -2.154678562E-05
    2210  -2.152729509E-05
    2211  -2.798911719E-05
    2212  -2.796382201E-05
    2213  -2.793856110E-05
    2214  -2.791333441E-05
    2215  -2.788814187E-05
    2216  -3.130345442E-05
    2217  -3.127522768E-05
    2218  -3.124703910E-05
    2219  -3.121888861E-05
    2220  -3.119077615E-05
    2221  -2.963795342E-05
    2222  -2.961128860E-05
    2223  -2.958465974E-05
    2224  -2.955806679E-05
    2225  -2.953150967E-05
    2226  -1.544984077E-05
    2227  -1.543597197E-05
    2228  -1.542212184E-05
    2229  -1.540829034E-05
    2230  -1.539447744E-05
    2231   1.251489928E-05
    2232   1.250369023E-05
    2233   1.249249624E-05
    2234   1.248131727E-05
    2235   1.247015330E-05
    2236   5.566441933E-05
    2237   5.561467454E-05
    2238   5.556499640E-05
    2239   5.551538480E-05
    2240   5.546583961E-05
    2241   1.110196562E-04
    2242   1.109206641E-04
    2243   1.108218043E-04
    2244   1.107230767E-04
    2245   1.106244809E-04
    2246   1.855380510E-04
    2247   1.853729816E-04
    2248   1.852081323E-04
    2249   1.850435029E-04
    2250   1.848790928E-04
    2251   2.523694295E-04
    2252   2.521453998E-04
    2253   2.519216683E-04
    2254   2.516982344E-04
    2255   2.514750977E-04
    2256   3.196380167E-04
    2257   3.193549007E-04
    2258   3.190721606E-04
    2259   3.187897958E-04
    2260   3.185078058E-04
    2261   3.633773110E-04
    2262   3.630561645E-04
    2263   3.627354435E-04
    2264   3.624151473E-04
    2265   3.620952752E-04
    2266   3.950026370E-04
    2267   3.946543102E-04
    2268   3.943064439E-04
    2269   3.939590373E-04
    2270   3.936120897E-04
    2271   3.975203090E-04
    2272   3.971705331E-04
    2273   3.968212186E-04
    2274   3.964723648E-04
    2275   3.961239708E-04
    2276   3.241501445E-04
    2277   3.238655526E-04
    2278   3.235813354E-04
    2279   3.232974921E-04
    2280   3.230140221E-04
    2281   1.693660239E-04
    2282   1.692176524E-04
    2283   1.690694758E-04
    2284   1.689214938E-04
    2285   1.687737060E-04
    2286  -1.314709082E-04
    2287  -1.313559861E-04
    2288  -1.312412146E-04
    2289  -1.311265935E-04
    2290  -1.310121224E-04
    2291  -5.977500701E-04
    2292  -5.972287007E-04
    2293  -5.967080131E-04
    2294  -5.961880061E-04
    2295  -5.956686785E-04
    2296  -1.211811425E-03
    2297  -1.210756759E-03
    2298  -1.209703469E-03
    2299  -1.208651553E-03
    2300  -1.207601008E-03
    2301  -1.828421289E-03
    2302  -1.826833428E-03
    2303  -1.825247635E-03
    2304  -1.823663906E-03
    2305  -1.822082238E-03
    2306  -2.403834071E-03
    2307  -2.401751026E-03
    2308  -2.399670688E-03
    2309  -2.397593051E-03
    2310  -2.395518111E-03
    2311  -2.638632152E-03
    2312  -2.636350585E-03
    2313  -2.634071977E-03
    2314  -2.631796320E-03
    2315  -2.629523612E-03
    2316  -2.696960268E-03
    2317  -2.694633296E-03
    2318  -2.692309334E-03
    2319  -2.689988378E-03
    2320  -2.687670422E-03
    2321  -2.453813902E-03
    2322  -2.451701277E-03
    2323  -2.449591379E-03
    2324  -2.447484204E-03
    2325  -2.445379746E-03
    2326  -1.861748244E-03
    2327  -1.860148803E-03
    2328  -1.858551424E-03
    2329  -1.856956101E-03
    2330  -1.855362831E-03
    2331  -6.918492442E-04
    2332  -6.912561458E-04
    2333  -6.906638098E-04
    2334  -6.900722348E-04
    2335  -6.894814195E-04
    2336   1.435463885E-03
    2337   1.434235944E-03
    2338   1.433009577E-03
    2339   1.431784782E-03
    2340   1.430561558E-03
    2341   4.864823630E-03
    2342   4.860670985E-03
    2343   4.856523655E-03
    2344   4.852381630E-03
    2345   4.848244903E-03
    2346   9.460153780E-03
    2347   9.452095728E-03
    2348   9.444047966E-03
    2349   9.436010479E-03
    2350   9.427983247E-03
    2351   1.472555478E-02
    2352   1.471303837E-02
    2353   1.470053791E-02
    2354   1.468805338E-02
    2355   1.467558475E-02
    2356   1.880727761E-02
    2357   1.879132572E-02
    2358   1.877539411E-02
    2359   1.875948276E-02
    2360   1.874359163E-02
    2361   2.172192740E-02
    2362   2.170354236E-02
    2363   2.168518065E-02
    2364   2.166684223E-02
    2365   2.164852706E-02
    2366   2.363689082E-02
    2367   2.361692723E-02
    2368   2.359698892E-02
    2369   2.357707585E-02
    2370   2.355718798E-02
    2371   2.394671991E-02
    2372   2.392653725E-02
    2373   2.390638010E-02
    2374   2.388624841E-02
    2375   2.386614214E-02
    2376   2.366346483E-02
    2377   2.364356284E-02
    2378   2.362368595E-02
    2379   2.360383411E-02
    2380   2.358400728E-02
    2381   2.273839351E-02
    2382   2.271930967E-02
    2383   2.270024985E-02
    2384   2.268121400E-02
    2385   2.266220208E-02
    2386   2.051196552E-02
    2387   2.049478632E-02
    2388   2.047762870E-02
    2389   2.046049260E-02
    2390   2.044337801E-02
    2391   1.763778040E-02
    2392   1.762303926E-02
    2393   1.760831658E-02
    2394   1.759361235E-02
    2395   1.757892653E-02
    2396   1.287729134E-02
    2397   1.286655131E-02
    2398   1.285582472E-02
    2399   1.284511153E-02
    2400   1.283441173E-02
    2401   8.134832827E-03
    2402   8.128062263E-03
    2403   8.121300148E-03
    2404   8.114546468E-03
    2405   8.107801209E-03
    2406   3.799317266E-03
    2407   3.796161687E-03
    2408   3.793010037E-03
    2409   3.789862311E-03
    2410   3.786718501E-03
    2411   8.171786015E-04
    2412   8.165012881E-04
    2413   8.158248164E-04
    2414   8.151491851E-04
    2415   8.144743927E-04
    2416  -9.919589235E-04
    2417  -9.911384446E-04
    2418  -9.903189833E-04
    2419  -9.895005379E-04
    2420  -9.886831066E-04
    2421  -1.906661374E-03
    2422  -1.905087572E-03
    2423  -1.903515717E-03
    2424  -1.901945808E-03
    2425  -1.900377839E-03
    2426  -2.382438233E-03
    2427  -2.380475763E-03
    2428  -2.378515717E-03
    2429  -2.376558091E-03
    2430  -2.374602881E-03
    2431  -2.449653232E-03
    2432  -2.447639542E-03
    2433  -2.445628335E-03
    2434  -2.443619605E-03
    2435  -2.441613349E-03
    2436  -2.385878530E-03
    2437  -2.383921287E-03
    2438  -2.381966452E-03
    2439  -2.380014021E-03
    2440  -2.378063989E-03
    2441  -2.058757843E-03
    2442  -2.057072409E-03
    2443  -2.055389043E-03
    2444  -2.053707744E-03
    2445  -2.052028506E-03
    2446  -1.551618262E-03
    2447  -1.550350600E-03
    2448  -1.549084491E-03
    2449  -1.547819932E-03
    2450  -1.546556921E-03
    2451  -1.006158673E-03
    2452  -1.005338323E-03
    2453  -1.004518977E-03
    2454  -1.003700631E-03
    2455  -1.002883285E-03
    2456  -4.900986671E-04
    2457  -4.896998886E-04
    2458  -4.893015968E-04
    2459  -4.889037906E-04
    2460  -4.885064693E-04
    2461  -1.222027840E-04
    2462  -1.221035531E-04
    2463  -1.220044431E-04
    2464  -1.219054537E-04
    2465  -1.218065847E-04
    2466   1.052707513E-04
    2467   1.051854428E-04
    2468   1.051002379E-04
    2469   1.050151365E-04
    2470   1.049301384E-04
    2471   2.200910395E-04
    2472   2.199130443E-04
    2473   2.197352650E-04
    2474   2.195577012E-04
    2475   2.193803524E-04
    2476   2.671796099E-04
    2477   2.669639686E-04
    2478   2.667485882E-04
    2479   2.665334684E-04
    2480   2.663186086E-04
    2481   2.617242869E-04
    2482   2.615134740E-04
    2483   2.613029156E-04
    2484   2.610926115E-04
    2485   2.608825611E-04
    2486   2.413644143E-04
    2487   2.411703915E-04
    2488   2.409766025E-04
    2489   2.407830470E-04
    2490   2.405897246E-04
    2491   2.006289821E-04
    2492   2.004680282E-04
    2493   2.003072680E-04
    2494   2.001467010E-04
    2495   1.999863270E-04
    2496   1.508996516E-04
    2497   1.507788352E-04
    2498   1.506581639E-04
    2499   1.505376374E-04
    2500   1.504172554E-04
    2501   9.489835199E-05
    2502   9.482252430E-05
    2503   9.474678746E-05
    2504   9.467114132E-05
    2505   9.459558574E-05
    2506   4.342208349E-05
    2507   4.338745663E-05
    2508   4.335287117E-05
    2509   4.331832705E-05
    2510   4.328382420E-05
    2511   5.109577460E-06
    2512   5.105510944E-06
    2513   5.101449280E-06
    2514   5.097392462E-06
    2515   5.093340480E-06
    2516  -2.214388126E-05
    2517  -2.212629279E-05
    2518  -2.210872527E-05
    2519  -2.209117866E-05
    2520  -2.207365294E-05
    2521  -3.878336625E-05
    2522  -3.875262240E-05
    2523  -3.872191509E-05
    2524  -3.869124427E-05
    2525  -3.866060987E-05
    2526  -4.484164493E-05
    2527  -4.480616895E-05
    2528  -4.477073504E-05
    2529  -4.473534316E-05
    2530  -4.469999322E-05
    2531  -4.523423236E-05
    2532  -4.519851643E-05
    2533  -4.516284278E-05
    2534  -4.512721134E-05
    2535  -4.509162206E-05
    2536  -4.237933523E-05
    2537  -4.234593937E-05
    2538  -4.231258298E-05
    2539  -4.227926599E-05
    2540  -4.224598833E-05
    2541  -3.619275300E-05
    2542  -3.616428839E-05
    2543  -3.613585735E-05
    2544  -3.610745982E-05
    2545  -3.607909575E-05
    2546  -2.880272578E-05
    2547  -2.878011767E-05
    2548  -2.875753618E-05
    2549  -2.873498125E-05
    2550  -2.871245284E-05
    2551  -2.033713815E-05
    2552  -2.032120620E-05
    2553  -2.030529296E-05
    2554  -2.028939841E-05
    2555  -2.027352251E-05
    2556  -1.327602949E-05
    2557  -1.326564948E-05
    2558  -1.325528164E-05
    2559  -1.324492595E-05
    2560  -1.323458239E-05
    2561  -7.801126360E-06
    2562  -7.795038864E-06
    2563  -7.788958491E-06
    2564  -7.782885229E-06
    2565  -7.776819067E-06
    2566  -4.132086807E-06
    2567  -4.128868671E-06
    2568  -4.125654293E-06
    2569  -4.122443667E-06
    2570  -4.119236787E-06
    2571  -2.110138706E-06
    2572  -2.108498489E-06
    2573  -2.106860184E-06
    2574  -2.105223788E-06
    2575  -2.103589298E-06
    2576  -1.422069812E-06
    2577  -1.420966578E-06
    2578  -1.419864626E-06
    2579  -1.418763956E-06
    2580  -1.417664565E-06
    2581  -1.744734035E-06
    2582  -1.743383099E-06
    2583  -1.742033731E-06
    2584  -1.740685929E-06
    2585  -1.739339691E-06
    2586  -2.399785816E-06
    2587  -2.397931267E-06
    2588  -2.396078868E-06
    2589  -2.394228614E-06
    2590  -2.392380502E-06
    2591  -2.879267153E-06
    2592  -2.877046353E-06
    2593  -2.874828121E-06
    2594  -2.872612454E-06
    2595  -2.870399348E-06
    2596  -3.022636707E-06
    2597  -3.020309812E-06
    2598  -3.017985603E-06
    2599  -3.015664076E-06
    2600  -3.013345226E-06
    2601  -2.841800409E-06
    2602  -2.839616928E-06
    2603  -2.837435963E-06
    2604  -2.835257509E-06
    2605  -2.833081563E-06
    2606  -2.854887648E-06
    2607  -2.852698317E-06
    2608  -2.850511504E-06
    2609  -2.848327204E-06
    2610  -2.846145414E-06
    2611  -3.021687079E-06
    2612  -3.019374269E-06
    2613  -3.017064113E-06
    2614  -3.014756607E-06
    2615  -3.012451747E-06
    2616  -3.571188114E-06
    2617  -3.568459934E-06
    2618  -3.565734878E-06
    2619  -3.563012943E-06
    2620  -3.560294124E-06
    2621  -4.082950344E-06
    2622  -4.079837153E-06
    2623  -4.076727521E-06
    2624  -4.073621443E-06
    2625  -4.070518913E-06
    2626  -4.535132898E-06
    2627  -4.531681503E-06
    2628  -4.528234046E-06
    2629  -4.524790523E-06
    2630  -4.521350925E-06
    2631  -4.679808508E-06
    2632  -4.676253773E-06
    2633  -4.672703087E-06
    2634  -4.669156443E-06
    2635  -4.665613836E-06
    2636  -4.463361062E-06
    2637  -4.459977164E-06
    2638  -4.456597113E-06
    2639  -4.453220903E-06
    2640  -4.449848529E-06
    2641  -4.165639542E-06
    2642  -4.162487336E-06
    2643  -4.159338708E-06
    2644  -4.156193650E-06
    2645  -4.153052158E-06
    2646  -3.689624910E-06
    2647  -3.686838184E-06
    2648  -3.684054615E-06
    2649  -3.681274196E-06
    2650  -3.678496924E-06
    2651  -3.234163449E-06
    2652  -3.231725331E-06
    2653  -3.229289969E-06
    2654  -3.226857359E-06
    2655  -3.224427497E-06
    2656  -2.938332337E-06
    2657  -2.936121402E-06
    2658  -2.933912962E-06
    2659  -2.931707012E-06
    2660  -2.929503550E-06
    2661  -2.646913189E-06
    2662  -2.644925270E-06
    2663  -2.642939591E-06
    2664  -2.640956146E-06
    2665  -2.638974934E-06
    2666  -2.586030489E-06
    2667  -2.584091935E-06
    2668  -2.582155560E-06
    2669  -2.580221361E-06
    2670  -2.578289335E-06
    2671  -2.480869390E-06
    2672  -2.479013147E-06
    2673  -2.477158986E-06
    2674  -2.475306904E-06
    2675  -2.473456899E-06
    2676  -2.426145347E-06
    2677  -2.424333438E-06
    2678  -2.422523559E-06
    2679  -2.420715705E-06
    2680  -2.418909875E-06
    2681  -2.488836439E-06
    2682  -2.486981175E-06
    2683  -2.485127985E-06
    2684  -2.483276865E-06
    2685  -2.481427813E-06
    2686  -2.482267367E-06
    2687  -2.480420442E-06
    2688  -2.478575577E-06
    2689  -2.476732770E-06
    2690  -2.474892018E-06
    2691  -2.529749953E-06
    2692  -2.527871194E-06
    2693  -2.525994526E-06
    2694  -2.524119948E-06
    2695  -2.522247455E-06
    2696  -2.366063005E-06
    2697  -2.364309066E-06
    2698  -2.362557077E-06
    2699  -2.360807035E-06
    2700  -2.359058936E-06
