      50   0.000000000E+00
      51   0.000000000E+00
      52   0.000000000E+00
      53   0.000000000E+00
      54   0.000000000E+00
      55   0.000000000E+00
      56   0.000000000E+00
      57   0.000000000E+00
      58   0.000000000E+00
      59   0.000000000E+00
      60   0.000000000E+00
      61   0.000000000E+00
      62   0.000000000E+00
      63   0.000000000E+00
      64   0.000000000E+00
      65   0.000000000E+00
      66   0.000000000E+00
      67   0.000000000E+00
      68   0.000000000E+00
      69   0.000000000E+00
      70   0.000000000E+00
      71   6.633737105E-12
      72   6.451990883E-12
      73   6.277612751E-12
      74   6.110209744E-12
      75   5.949414751E-12
      76   1.048152937E-11
      77   1.021277220E-11
      78   9.954221008E-12
      79   9.705365483E-12
      80   9.465726829E-12
      81   3.196091689E-11
      82   3.119077432E-11
      83   3.044813683E-11
      84   2.973171008E-11
      85   2.904027497E-11
      86   0.000000000E+00
      87   0.000000000E+00
      88   0.000000000E+00
      89   0.000000000E+00
      90   0.000000000E+00
      91   0.000000000E+00
      92   0.000000000E+00
      93   0.000000000E+00
      94   0.000000000E+00
      95   0.000000000E+00
      96   0.000000000E+00
      97   0.000000000E+00
      98   0.000000000E+00
      99   0.000000000E+00
     100   0.000000000E+00
     101   0.000000000E+00
     102   0.000000000E+00
     103   0.000000000E+00
     104   0.000000000E+00
     105   0.000000000E+00
     106   0.000000000E+00
     107   0.000000000E+00
     108   0.000000000E+00
     109   0.000000000E+00
     110   0.000000000E+00
     111   2.218692168E-11
     112   2.179423280E-11
     113   2.141187784E-11
     114   2.103949735E-11
     115   2.067674740E-11
     116   2.188157264E-11
     117   2.151069853E-11
     118   2.114917418E-11
     119   2.079668795E-11
     120   2.045294104E-11
     121   0.000000000E+00
     122   0.000000000E+00
     123   0.000000000E+00
     124   0.000000000E+00
     125   0.000000000E+00
     126   0.000000000E+00
     127   0.000000000E+00
     128   0.000000000E+00
     129   0.000000000E+00
     130   0.000000000E+00
     131   0.000000000E+00
     132   0.000000000E+00
     133   0.000000000E+00
     134   0.000000000E+00
     135   0.000000000E+00
     136   0.000000000E+00
     137   0.000000000E+00
     138   0.000000000E+00
     139   0.000000000E+00
     140   0.000000000E+00
     141   0.000000000E+00
     142   0.000000000E+00
     143   0.000000000E+00
     144   0.000000000E+00
     145   0.000000000E+00
     146   0.000000000E+00
     147   0.000000000E+00
     148   0.000000000E+00
     149   0.000000000E+00
     150   0.000000000E+00
     151   0.000000000E+00
     152   0.000000000E+00
     153   0.000000000E+00
     154   0.000000000E+00
     155   0.000000000E+00
     156   0.000000000E+00
     157   0.000000000E+00
     158   0.000000000E+00
     159   0.000000000E+00
     160   0.000000000E+00
     161   4.230319280E-11
     162   4.178413522E-11
     163   4.127457259E-11
     164   4.077427474E-11
     165   4.028301842E-11
     166   0.000000000E+00
     167   0.000000000E+00
     168   0.000000000E+00
     169   0.000000000E+00
     170   0.000000000E+00
     171   2.410068130E-12
     172   2.382206071E-12
     173   2.354824392E-12
     174   2.327912113E-12
     175   2.301458566E-12
     176   1.415861529E-10
     177   1.399952973E-10
     178   1.384311040E-10
     179   1.368929806E-10
     180   1.353803510E-10
     181   1.005574407E-10
     182   9.945845231E-11
     183   9.837738217E-11
     184   9.731384291E-11
     185   9.626745750E-11
     186   2.492705860E-10
     187   2.466187712E-10
     188   2.440090488E-10
     189   2.414405325E-10
     190   2.389123594E-10
     191   1.868832022E-10
     192   1.849465887E-10
     193   1.830399228E-10
     194   1.811625903E-10
     195   1.793139924E-10
     196   3.036957269E-10
     197   3.006280933E-10
     198   2.976067054E-10
     199   2.946306384E-10
     200   2.916989902E-10
     201   3.093639711E-10
     202   3.063160502E-10
     203   3.033129516E-10
     204   3.003538009E-10
     205   2.974377446E-10
     206   0.000000000E+00
     207   0.000000000E+00
     208   0.000000000E+00
     209   0.000000000E+00
     210   0.000000000E+00
     211   0.000000000E+00
     212   0.000000000E+00
     213   0.000000000E+00
     214   0.000000000E+00
     215   0.000000000E+00
     216   0.000000000E+00
     217   0.000000000E+00
     218   0.000000000E+00
     219   0.000000000E+00
     220   0.000000000E+00
     221   0.000000000E+00
     222   0.000000000E+00
     223   0.000000000E+00
     224   0.000000000E+00
     225   0.000000000E+00
     226   0.000000000E+00
     227   0.000000000E+00
     228   0.000000000E+00
     229   0.000000000E+00
     230   0.000000000E+00
     231   0.000000000E+00
     232   0.000000000E+00
     233   0.000000000E+00
     234   0.000000000E+00
     235   0.000000000E+00
     236   0.000000000E+00
     237   0.000000000E+00
     238   0.000000000E+00
     239   0.000000000E+00
     240   0.000000000E+00
     241   0.000000000E+00
     242   0.000000000E+00
     243   0.000000000E+00
     244   0.000000000E+00
     245   0.000000000E+00
     246   0.000000000E+00
     247   0.000000000E+00
     248   0.000000000E+00
     249   0.000000000E+00
     250   0.000000000E+00
     251   8.760481223E-10
     252   8.691228407E-10
     253   8.622793537E-10
     254   8.555163784E-10
     255   8.488326567E-10
     256   9.674564616E-10
     257   9.599567991E-10
     258   9.525440053E-10
     259   9.452167437E-10
     260   9.379737035E-10
     261   2.067083978E-09
     262   2.051364709E-09
     263   2.035824067E-09
     264   2.020459357E-09
     265   2.005267933E-09
     266   2.132278306E-09
     267   2.116365781E-09
     268   2.100630719E-09
     269   2.085070492E-09
     270   2.069682518E-09
     271   3.807933712E-09
     272   3.780036762E-09
     273   3.752445253E-09
     274   3.725154742E-09
     275   3.698160867E-09
     276   3.972520967E-09
     277   3.943941679E-09
     278   3.915669696E-09
     279   3.887700627E-09
     280   3.860030160E-09
     281   2.349310986E-08
     282   2.332708082E-08
     283   2.316280560E-08
     284   2.300025960E-08
     285   2.283941862E-08
     286   3.747387301E-08
     287   3.721363779E-08
     288   3.695610396E-08
     289   3.670123428E-08
     290   3.644899212E-08
     291   5.361598163E-08
     292   5.325000224E-08
     293   5.288775732E-08
     294   5.252919626E-08
     295   5.217426926E-08
     296   6.576283785E-08
     297   6.532147652E-08
     298   6.488454357E-08
     299   6.445197995E-08
     300   6.402372759E-08
     301   8.070800815E-08
     302   8.017528203E-08
     303   7.964781307E-08
     304   7.912553233E-08
     305   7.860837198E-08
     306   1.261009001E-07
     307   1.252820631E-07
     308   1.244711760E-07
     309   1.236681361E-07
     310   1.228728427E-07
     311   1.182804295E-07
     312   1.175246440E-07
     313   1.167760794E-07
     314   1.160346440E-07
     315   1.153002475E-07
     316   1.324091281E-07
     317   1.315763663E-07
     318   1.307514361E-07
     319   1.299342397E-07
     320   1.291246805E-07
     321   1.590214273E-07
     322   1.580367745E-07
     323   1.570612389E-07
     324   1.560947082E-07
     325   1.551370719E-07
     326   1.617636053E-07
     327   1.607772419E-07
     328   1.597998726E-07
     329   1.588313885E-07
     330   1.578716823E-07
     331   1.933663416E-07
     332   1.922049822E-07
     333   1.910540542E-07
     334   1.899134329E-07
     335   1.887829958E-07
     336   1.864730364E-07
     337   1.853696456E-07
     338   1.842760194E-07
     339   1.831920428E-07
     340   1.821176027E-07
     341   2.257122531E-07
     342   2.243961467E-07
     343   2.230915179E-07
     344   2.217982337E-07
     345   2.205161630E-07
     346   2.471932823E-07
     347   2.457726313E-07
     348   2.443641921E-07
     349   2.429678253E-07
     350   2.415833932E-07
     351   2.227908065E-07
     352   2.215285356E-07
     353   2.202769620E-07
     354   2.190359650E-07
     355   2.178054259E-07
     356   2.744162024E-07
     357   2.728831510E-07
     358   2.713629106E-07
     359   2.698553389E-07
     360   2.683602954E-07
     361   2.420264253E-07
     362   2.406929464E-07
     363   2.393704577E-07
     364   2.380588387E-07
     365   2.367579707E-07
     366   3.137336331E-07
     367   3.120285590E-07
     368   3.103373473E-07
     369   3.086598481E-07
     370   3.069959136E-07
     371   2.842762511E-07
     372   2.827519817E-07
     373   2.812399390E-07
     374   2.797399927E-07
     375   2.782520140E-07
     376   2.998150075E-07
     377   2.982286847E-07
     378   2.966549186E-07
     379   2.950935769E-07
     380   2.935445293E-07
     381   3.309896467E-07
     382   3.292612413E-07
     383   3.275463390E-07
     384   3.258447996E-07
     385   3.241564845E-07
     386   3.000841665E-07
     387   2.985373409E-07
     388   2.970024446E-07
     389   2.954793551E-07
     390   2.939679518E-07
     391   3.482266560E-07
     392   3.464545102E-07
     393   3.446958578E-07
     394   3.429505624E-07
     395   3.412184888E-07
     396   3.314319971E-07
     397   3.297665097E-07
     398   3.281135448E-07
     399   3.264729770E-07
     400   3.248446829E-07
     401   3.595902389E-07
     402   3.578056719E-07
     403   3.560343567E-07
     404   3.542761624E-07
     405   3.525309596E-07
     406   3.729881722E-07
     407   3.711597988E-07
     408   3.693448365E-07
     409   3.675431543E-07
     410   3.657546232E-07
     411   3.666160647E-07
     412   3.648406843E-07
     413   3.630781689E-07
     414   3.613283946E-07
     415   3.595912388E-07
     416   3.818071859E-07
     417   3.799803573E-07
     418   3.781666086E-07
     419   3.763658152E-07
     420   3.745778541E-07
     421   3.886248876E-07
     422   3.867874177E-07
     423   3.849629488E-07
     424   3.831513584E-07
     425   3.813525258E-07
     426   3.916237204E-07
     427   3.897937030E-07
     428   3.879764830E-07
     429   3.861719412E-07
     430   3.843799600E-07
     431   3.956111259E-07
     432   3.937838228E-07
     433   3.919691508E-07
     434   3.901669937E-07
     435   3.883772369E-07
     436   4.234425936E-07
     437   4.215090658E-07
     438   4.195887511E-07
     439   4.176815295E-07
     440   4.157872822E-07
     441   4.030475737E-07
     442   4.012279458E-07
     443   3.994206128E-07
     444   3.976254639E-07
     445   3.958423901E-07
     446   4.329206290E-07
     447   4.309879476E-07
     448   4.290681795E-07
     449   4.271612098E-07
     450   4.252669250E-07
     451   4.195474766E-07
     452   4.176951698E-07
     453   4.158551030E-07
     454   4.140271685E-07
     455   4.122112598E-07
     456   4.328692641E-07
     457   4.309790053E-07
     458   4.291011012E-07
     459   4.272354442E-07
     460   4.253819282E-07
     461   4.465907128E-07
     462   4.446615952E-07
     463   4.427449504E-07
     464   4.408406711E-07
     465   4.389486510E-07
     466   4.131633913E-07
     467   4.113977358E-07
     468   4.096433744E-07
     469   4.079002112E-07
     470   4.061681508E-07
     471   4.893603954E-07
     472   4.872912182E-07
     473   4.852351371E-07
     474   4.831920418E-07
     475   4.811618231E-07
     476   4.443470386E-07
     477   4.424878460E-07
     478   4.406402976E-07
     479   4.388042963E-07
     480   4.369797462E-07
     481   4.855927550E-07
     482   4.835820190E-07
     483   4.815837462E-07
     484   4.795978338E-07
     485   4.776241802E-07
     486   4.560113621E-07
     487   4.541424631E-07
     488   4.522850297E-07
     489   4.504389683E-07
     490   4.486041864E-07
     491   4.453277547E-07
     492   4.435211512E-07
     493   4.417255191E-07
     494   4.399407695E-07
     495   4.381668148E-07
     496   5.160381940E-07
     497   5.139657515E-07
     498   5.119057685E-07
     499   5.098581454E-07
     500   5.078227836E-07
     501   4.527619992E-07
     502   4.509617527E-07
     503   4.491722219E-07
     504   4.473933220E-07
     505   4.456249690E-07
     506   5.057484682E-07
     507   5.037573325E-07
     508   5.017779324E-07
     509   4.998101758E-07
     510   4.978539716E-07
     511   4.808452581E-07
     512   4.789706177E-07
     513   4.771069188E-07
     514   4.752540764E-07
     515   4.734120063E-07
     516   4.843476613E-07
     517   4.824775931E-07
     518   4.806183346E-07
     519   4.787698025E-07
     520   4.769319146E-07
     521   5.275911128E-07
     522   5.255735560E-07
     523   5.235675501E-07
     524   5.215730070E-07
     525   5.195898397E-07
     526   4.448277888E-07
     527   4.431428351E-07
     528   4.414674368E-07
     529   4.398015220E-07
     530   4.381450190E-07
     531   5.235000641E-07
     532   5.215357112E-07
     533   5.195823939E-07
     534   5.176400298E-07
     535   5.157085372E-07
     536   4.870017109E-07
     537   4.851912957E-07
     538   4.833909569E-07
     539   4.816006200E-07
     540   4.798202111E-07
     541   5.302574931E-07
     542   5.283044268E-07
     543   5.263621311E-07
     544   5.244305270E-07
     545   5.225095361E-07
     546   5.230702483E-07
     547   5.211612328E-07
     548   5.192626491E-07
     549   5.173744213E-07
     550   5.154964742E-07
     551   4.523876811E-07
     552   4.507515593E-07
     553   4.491242973E-07
     554   4.475058314E-07
     555   4.458960982E-07
     556   5.285228814E-07
     557   5.266285342E-07
     558   5.247443534E-07
     559   5.228702664E-07
     560   5.210062013E-07
     561   4.813258182E-07
     562   4.796159574E-07
     563   4.779151916E-07
     564   4.762234564E-07
     565   4.745406880E-07
     566   5.180923019E-07
     567   5.162680333E-07
     568   5.144533829E-07
     569   5.126482833E-07
     570   5.108526676E-07
     571   4.901266043E-07
     572   4.884158657E-07
     573   4.867140682E-07
     574   4.850211497E-07
     575   4.833370485E-07
     576   4.822117518E-07
     577   4.805431990E-07
     578   4.788832916E-07
     579   4.772319699E-07
     580   4.755891748E-07
     581   5.053731563E-07
     582   5.036394576E-07
     583   5.019146650E-07
     584   5.001987174E-07
     585   4.984915545E-07
     586   4.646418738E-07
     587   4.630614593E-07
     588   4.614890944E-07
     589   4.599247246E-07
     590   4.583682957E-07
     591   5.011252247E-07
     592   4.994350890E-07
     593   4.977534894E-07
     594   4.960803684E-07
     595   4.944156692E-07
     596   4.921781031E-07
     597   4.905320225E-07
     598   4.888941860E-07
     599   4.872645387E-07
     600   4.856430261E-07
     601   4.904261855E-07
     602   4.887995646E-07
     603   4.871810230E-07
     604   4.855705073E-07
     605   4.839679643E-07
     606   4.801875114E-07
     607   4.786079472E-07
     608   4.770361641E-07
     609   4.754721111E-07
     610   4.739157376E-07
     611   4.416847187E-07
     612   4.402436593E-07
     613   4.388096408E-07
     614   4.373826176E-07
     615   4.359625442E-07
     616   4.958289540E-07
     617   4.942243295E-07
     618   4.926274819E-07
     619   4.910383610E-07
     620   4.894569170E-07
     621   4.619112354E-07
     622   4.604283743E-07
     623   4.589526423E-07
     624   4.574839939E-07
     625   4.560223837E-07
     626   4.718180121E-07
     627   4.703154070E-07
     628   4.688199685E-07
     629   4.673316511E-07
     630   4.658504097E-07
     631   4.429340949E-07
     632   4.415346190E-07
     633   4.401417654E-07
     634   4.387554921E-07
     635   4.373757578E-07
     636   4.533059364E-07
     637   4.518849147E-07
     638   4.504705644E-07
     639   4.490628439E-07
     640   4.476617118E-07
     641   4.609438233E-07
     642   4.595100945E-07
     643   4.580830445E-07
     644   4.566626319E-07
     645   4.552488157E-07
     646   4.178668583E-07
     647   4.165771457E-07
     648   4.152933949E-07
     649   4.140155691E-07
     650   4.127436318E-07
     651   4.444933255E-07
     652   4.431319371E-07
     653   4.417767936E-07
     654   4.404278568E-07
     655   4.390850889E-07
     656   4.159092242E-07
     657   4.146450624E-07
     658   4.133866556E-07
     659   4.121339687E-07
     660   4.108869673E-07
     661   4.201491860E-07
     662   4.188817676E-07
     663   4.176200756E-07
     664   4.163640753E-07
     665   4.151137328E-07
     666   4.231276943E-07
     667   4.218608449E-07
     668   4.205996764E-07
     669   4.193441550E-07
     670   4.180942469E-07
     671   3.937707092E-07
     672   3.926005139E-07
     673   3.914355272E-07
     674   3.902757183E-07
     675   3.891210564E-07
     676   4.194374496E-07
     677   4.182001709E-07
     678   4.169683590E-07
     679   4.157419814E-07
     680   4.145210064E-07
     681   3.887106664E-07
     682   3.875724214E-07
     683   3.864391687E-07
     684   3.853108792E-07
     685   3.841875238E-07
     686   4.140798804E-07
     687   4.128761598E-07
     688   4.116776804E-07
     689   4.104844118E-07
     690   4.092963238E-07
     691   3.875888792E-07
     692   3.864702965E-07
     693   3.853565493E-07
     694   3.842476096E-07
     695   3.831434498E-07
     696   3.735460214E-07
     697   3.724756889E-07
     698   3.714099502E-07
     699   3.703487789E-07
     700   3.692921490E-07
     701   4.072625269E-07
     702   4.061038853E-07
     703   4.049501810E-07
     704   4.038013862E-07
     705   4.026574729E-07
     706   3.559647652E-07
     707   3.549592150E-07
     708   3.539579196E-07
     709   3.529608551E-07
     710   3.519679975E-07
     711   3.885234072E-07
     712   3.874335800E-07
     713   3.863483318E-07
     714   3.852676372E-07
     715   3.841914706E-07
     716   3.609786876E-07
     717   3.599731760E-07
     718   3.589718598E-07
     719   3.579747157E-07
     720   3.569817207E-07
     721   3.727961617E-07
     722   3.717649137E-07
     723   3.707379388E-07
     724   3.697152134E-07
     725   3.686967142E-07
     726   3.753073138E-07
     727   3.742762498E-07
     728   3.732494288E-07
     729   3.722268276E-07
     730   3.712084231E-07
     731   3.441989993E-07
     732   3.432598479E-07
     733   3.423245350E-07
     734   3.413930396E-07
     735   3.404653412E-07
     736   3.724413568E-07
     737   3.714320306E-07
     738   3.704268019E-07
     739   3.694256483E-07
     740   3.684285481E-07
     741   3.556075564E-07
     742   3.546503355E-07
     743   3.536969744E-07
     744   3.527474523E-07
     745   3.518017487E-07
     746   3.690554741E-07
     747   3.680686948E-07
     748   3.670858678E-07
     749   3.661069722E-07
     750   3.651319869E-07
     751   3.600828092E-07
     752   3.591264139E-07
     753   3.581738240E-07
     754   3.572250192E-07
     755   3.562799794E-07
     756   3.343915466E-07
     757   3.335092470E-07
     758   3.326304347E-07
     759   3.317550915E-07
     760   3.308831990E-07
     761   3.830526705E-07
     762   3.820486005E-07
     763   3.810484733E-07
     764   3.800522682E-07
     765   3.790599646E-07
     766   3.522277643E-07
     767   3.513105045E-07
     768   3.503968231E-07
     769   3.494867015E-07
     770   3.485801212E-07
     771   3.672418720E-07
     772   3.662916990E-07
     773   3.653452088E-07
     774   3.644023825E-07
     775   3.634632011E-07
     776   3.574002652E-07
     777   3.564814984E-07
     778   3.555662700E-07
     779   3.546545616E-07
     780   3.537463553E-07
     781   3.729315651E-07
     782   3.719789940E-07
     783   3.710300680E-07
     784   3.700847685E-07
     785   3.691430770E-07
     786   3.757723800E-07
     787   3.748186430E-07
     788   3.738685324E-07
     789   3.729220298E-07
     790   3.719791169E-07
     791   3.747589710E-07
     792   3.738138034E-07
     793   3.728722069E-07
     794   3.719341636E-07
     795   3.709996557E-07
     796   3.921903314E-07
     797   3.912073982E-07
     798   3.902281557E-07
     799   3.892525853E-07
     800   3.882806687E-07
     801   3.962779334E-07
     802   3.952909398E-07
     803   3.943076290E-07
     804   3.933279827E-07
     805   3.923519828E-07
     806   4.020854579E-07
     807   4.010901969E-07
     808   4.000986265E-07
     809   3.991107287E-07
     810   3.981264852E-07
     811   4.031787663E-07
     812   4.021869366E-07
     813   4.011987623E-07
     814   4.002142255E-07
     815   3.992333083E-07
     816   4.029608322E-07
     817   4.019755979E-07
     818   4.009939725E-07
     819   4.000159384E-07
     820   3.990414781E-07
     821   4.361190374E-07
     822   4.350592099E-07
     823   4.340032409E-07
     824   4.329511118E-07
     825   4.319028041E-07
     826   4.364044557E-07
     827   4.353503386E-07
     828   4.343000362E-07
     829   4.332535301E-07
     830   4.322108020E-07
     831   4.684361916E-07
     832   4.673114949E-07
     833   4.661908438E-07
     834   4.650742190E-07
     835   4.639616013E-07
     836   4.588254985E-07
     837   4.577304496E-07
     838   4.566393162E-07
     839   4.555520798E-07
     840   4.544687217E-07
     841   4.716328933E-07
     842   4.705139540E-07
     843   4.693989920E-07
     844   4.682879885E-07
     845   4.671809247E-07
     846   5.184312248E-07
     847   5.172085096E-07
     848   5.159901150E-07
     849   5.147760206E-07
     850   5.135662062E-07
     851   5.083282222E-07
     852   5.071363623E-07
     853   5.059486893E-07
     854   5.047651836E-07
     855   5.035858257E-07
     856   5.476457627E-07
     857   5.463691992E-07
     858   5.450970939E-07
     859   5.438294263E-07
     860   5.425661756E-07
     861   5.357180021E-07
     862   5.344764772E-07
     863   5.332392631E-07
     864   5.320063399E-07
     865   5.307776879E-07
     866   5.864251513E-07
     867   5.850739413E-07
     868   5.837273960E-07
     869   5.823854939E-07
     870   5.810482138E-07
     871   6.295166821E-07
     872   6.280744904E-07
     873   6.266372490E-07
     874   6.252049353E-07
     875   6.237775267E-07
     876   6.261791741E-07
     877   6.247527979E-07
     878   6.233312898E-07
     879   6.219146278E-07
     880   6.205027898E-07
     881   6.851750080E-07
     882   6.836230827E-07
     883   6.820764242E-07
     884   6.805350085E-07
     885   6.789988121E-07
     886   6.965937522E-07
     887   6.950248474E-07
     888   6.934612369E-07
     889   6.919028971E-07
     890   6.903498041E-07
     891   7.467495295E-07
     892   7.450770781E-07
     893   7.434102390E-07
     894   7.417489871E-07
     895   7.400932974E-07
     896   7.723328994E-07
     897   7.706127816E-07
     898   7.688984039E-07
     899   7.671897408E-07
     900   7.654867669E-07
     901   7.848335094E-07
     902   7.830952292E-07
     903   7.813627177E-07
     904   7.796359492E-07
     905   7.779148986E-07
     906   8.732309889E-07
     907   8.713075727E-07
     908   8.693905043E-07
     909   8.674797559E-07
     910   8.655752998E-07
     911   8.717894331E-07
     912   8.698797082E-07
     913   8.679762515E-07
     914   8.660790356E-07
     915   8.641880334E-07
     916   9.607412751E-07
     917   9.586481569E-07
     918   9.565618715E-07
     919   9.544823891E-07
     920   9.524096804E-07
     921   9.655139313E-07
     922   9.634218101E-07
     923   9.613364815E-07
     924   9.592579162E-07
     925   9.571860848E-07
     926   1.001706106E-06
     927   9.995472565E-07
     928   9.973953787E-07
     929   9.952504424E-07
     930   9.931124178E-07
     931   1.130766413E-06
     932   1.128342476E-06
     933   1.125926325E-06
     934   1.123517927E-06
     935   1.121117247E-06
     936   1.075876700E-06
     937   1.073582720E-06
     938   1.071296069E-06
     939   1.069016716E-06
     940   1.066744629E-06
     941   1.199881217E-06
     942   1.197336400E-06
     943   1.194799670E-06
     944   1.192270994E-06
     945   1.189750336E-06
     946   1.210254196E-06
     947   1.207700917E-06
     948   1.205155709E-06
     949   1.202618540E-06
     950   1.200089373E-06
     951   1.279527859E-06
     952   1.276842596E-06
     953   1.274165777E-06
     954   1.271497367E-06
     955   1.268837331E-06
     956   1.325061886E-06
     957   1.322295577E-06
     958   1.319537922E-06
     959   1.316788885E-06
     960   1.314048429E-06
     961   1.297379086E-06
     962   1.294684633E-06
     963   1.291998565E-06
     964   1.289320848E-06
     965   1.286651447E-06
     966   1.472320379E-06
     967   1.469278395E-06
     968   1.466245829E-06
     969   1.463222641E-06
     970   1.460208795E-06
     971   1.404087994E-06
     972   1.401201893E-06
     973   1.398324682E-06
     974   1.395456324E-06
     975   1.392596782E-06
     976   1.569113162E-06
     977   1.565904342E-06
     978   1.562705355E-06
     979   1.559516160E-06
     980   1.556336718E-06
     981   1.574045975E-06
     982   1.570843440E-06
     983   1.567650669E-06
     984   1.564467622E-06
     985   1.561294259E-06
     986   1.596195473E-06
     987   1.592964308E-06
     988   1.589742945E-06
     989   1.586531343E-06
     990   1.583329463E-06
     991   1.775421250E-06
     992   1.771845376E-06
     993   1.768280295E-06
     994   1.764725963E-06
     995   1.761182336E-06
     996   1.824308113E-06
     997   1.820652185E-06
     998   1.817007235E-06
     999   1.813373221E-06
    1000   1.809750098E-06
    1001   1.888939069E-06
    1002   1.885172491E-06
    1003   1.881417167E-06
    1004   1.877673054E-06
    1005   1.873940105E-06
    1006   1.926747365E-06
    1007   1.922924453E-06
    1008   1.919112908E-06
    1009   1.915312685E-06
    1010   1.911523738E-06
    1011   2.003176514E-06
    1012   1.999221575E-06
    1013   1.995278337E-06
    1014   1.991346754E-06
    1015   1.987426780E-06
    1016   2.190160760E-06
    1017   2.185857890E-06
    1018   2.181567688E-06
    1019   2.177290104E-06
    1020   2.173025089E-06
    1021   2.197416996E-06
    1022   2.193120971E-06
    1023   2.188837531E-06
    1024   2.184566629E-06
    1025   2.180308214E-06
    1026   2.310411361E-06
    1027   2.305916398E-06
    1028   2.301434539E-06
    1029   2.296965734E-06
    1030   2.292509932E-06
    1031   2.381680001E-06
    1032   2.377068810E-06
    1033   2.372470998E-06
    1034   2.367886513E-06
    1035   2.363315304E-06
    1036   2.499059842E-06
    1037   2.494244698E-06
    1038   2.489443457E-06
    1039   2.484656065E-06
    1040   2.479882471E-06
    1041   2.639871823E-06
    1042   2.634809748E-06
    1043   2.629762220E-06
    1044   2.624729182E-06
    1045   2.619710580E-06
    1046   2.614710451E-06
    1047   2.609720546E-06
    1048   2.604744911E-06
    1049   2.599783492E-06
    1050   2.594836235E-06
    1051   2.706213545E-06
    1052   2.701073538E-06
    1053   2.695948161E-06
    1054   2.690837359E-06
    1055   2.685741076E-06
    1056   2.718373014E-06
    1057   2.713234313E-06
    1058   2.708110169E-06
    1059   2.703000527E-06
    1060   2.697905333E-06
    1061   2.866677782E-06
    1062   2.861284221E-06
    1063   2.855905867E-06
    1064   2.850542663E-06
    1065   2.845194553E-06
    1066   2.999528900E-06
    1067   2.993911804E-06
    1068   2.988310473E-06
    1069   2.982724846E-06
    1070   2.977154865E-06
    1071   3.078137131E-06
    1072   3.072399690E-06
    1073   3.066678276E-06
    1074   3.060972828E-06
    1075   3.055283287E-06
    1076   3.111306588E-06
    1077   3.105534219E-06
    1078   3.099777900E-06
    1079   3.094037571E-06
    1080   3.088313172E-06
    1081   3.377064328E-06
    1082   3.370827829E-06
    1083   3.364608590E-06
    1084   3.358406546E-06
    1085   3.352221635E-06
    1086   3.437662596E-06
    1087   3.431343363E-06
    1088   3.425041539E-06
    1089   3.418757059E-06
    1090   3.412489860E-06
    1091   3.482794754E-06
    1092   3.476421845E-06
    1093   3.470066412E-06
    1094   3.463728391E-06
    1095   3.457407719E-06
    1096   3.611979393E-06
    1097   3.605400196E-06
    1098   3.598838958E-06
    1099   3.592295615E-06
    1100   3.585770100E-06
    1101   3.760628635E-06
    1102   3.753809725E-06
    1103   3.747009345E-06
    1104   3.740227428E-06
    1105   3.733463906E-06
    1106   3.713470532E-06
    1107   3.706767517E-06
    1108   3.700082634E-06
    1109   3.693415819E-06
    1110   3.686767005E-06
    1111   3.950681943E-06
    1112   3.943582784E-06
    1113   3.936502743E-06
    1114   3.929441752E-06
    1115   3.922399741E-06
    1116   4.009230337E-06
    1117   4.002058189E-06
    1118   3.994905270E-06
    1119   3.987771511E-06
    1120   3.980656843E-06
    1121   4.312349827E-06
    1122   4.304669774E-06
    1123   4.297010219E-06
    1124   4.289371090E-06
    1125   4.281752313E-06
    1126   4.302131117E-06
    1127   4.294503225E-06
    1128   4.286895602E-06
    1129   4.279308176E-06
    1130   4.271740876E-06
    1131   4.468393656E-06
    1132   4.460505935E-06
    1133   4.452639082E-06
    1134   4.444793022E-06
    1135   4.436967682E-06
    1136   4.601673362E-06
    1137   4.593586062E-06
    1138   4.585520064E-06
    1139   4.577475292E-06
    1140   4.569451672E-06
    1141   4.694387786E-06
    1142   4.686173634E-06
    1143   4.677981023E-06
    1144   4.669809877E-06
    1145   4.661660121E-06
    1146   4.950128252E-06
    1147   4.941504335E-06
    1148   4.932902935E-06
    1149   4.924323974E-06
    1150   4.915767372E-06
    1151   4.760550563E-06
    1152   4.752292886E-06
    1153   4.744056677E-06
    1154   4.735841860E-06
    1155   4.727648362E-06
    1156   4.997352035E-06
    1157   4.988721030E-06
    1158   4.980112365E-06
    1159   4.971525965E-06
    1160   4.962961751E-06
    1161   4.950554831E-06
    1162   4.942041409E-06
    1163   4.933549929E-06
    1164   4.925080316E-06
    1165   4.916632494E-06
    1166   5.162780419E-06
    1167   5.153940042E-06
    1168   5.145122352E-06
    1169   5.136327271E-06
    1170   5.127554722E-06
    1171   5.388784002E-06
    1172   5.379595965E-06
    1173   5.370431406E-06
    1174   5.361290246E-06
    1175   5.352172406E-06
    1176   5.197164458E-06
    1177   5.188340749E-06
    1178   5.179539492E-06
    1179   5.170760612E-06
    1180   5.162004032E-06
    1181   5.492662684E-06
    1182   5.483376694E-06
    1183   5.474114234E-06
    1184   5.464875222E-06
    1185   5.455659581E-06
    1186   5.703526616E-06
    1187   5.693924720E-06
    1188   5.684347050E-06
    1189   5.674793525E-06
    1190   5.665264065E-06
    1191   5.608987346E-06
    1192   5.599584182E-06
    1193   5.590204644E-06
    1194   5.580848653E-06
    1195   5.571516130E-06
    1196   5.925055735E-06
    1197   5.915164156E-06
    1198   5.905297327E-06
    1199   5.895455165E-06
    1200   5.885637587E-06
    1201   5.770321261E-06
    1202   5.760728042E-06
    1203   5.751158726E-06
    1204   5.741613234E-06
    1205   5.732091488E-06
    1206   6.161776744E-06
    1207   6.151575127E-06
    1208   6.141398824E-06
    1209   6.131247752E-06
    1210   6.121121827E-06
    1211   6.045585920E-06
    1212   6.035617930E-06
    1213   6.025674572E-06
    1214   6.015755767E-06
    1215   6.005861431E-06
    1216   6.299793553E-06
    1217   6.289449065E-06
    1218   6.279130034E-06
    1219   6.268836379E-06
    1220   6.258568014E-06
    1221   6.584613035E-06
    1222   6.573845066E-06
    1223   6.563103489E-06
    1224   6.552388218E-06
    1225   6.541699167E-06
    1226   6.465330997E-06
    1227   6.454801142E-06
    1228   6.444296991E-06
    1229   6.433818459E-06
    1230   6.423365464E-06
    1231   7.051237557E-06
    1232   7.039800027E-06
    1233   7.028390302E-06
    1234   7.017008294E-06
    1235   7.005653912E-06
    1236   6.856170580E-06
    1237   6.845094376E-06
    1238   6.834044990E-06
    1239   6.823022337E-06
    1240   6.812026330E-06
    1241   6.909981995E-06
    1242   6.898863762E-06
    1243   6.887772341E-06
    1244   6.876707647E-06
    1245   6.865669593E-06
    1246   7.166915743E-06
    1247   7.155430301E-06
    1248   7.143972446E-06
    1249   7.132542090E-06
    1250   7.121139145E-06
    1251   6.887642452E-06
    1252   6.876648610E-06
    1253   6.865681068E-06
    1254   6.854739744E-06
    1255   6.843824553E-06
    1256   7.331744104E-06
    1257   7.320087913E-06
    1258   7.308459497E-06
    1259   7.296858768E-06
    1260   7.285285638E-06
    1261   6.947985816E-06
    1262   6.936983463E-06
    1263   6.926007223E-06
    1264   6.915057014E-06
    1265   6.904132753E-06
    1266   7.272166571E-06
    1267   7.260696276E-06
    1268   7.249253099E-06
    1269   7.237836952E-06
    1270   7.226447752E-06
    1271   7.421504285E-06
    1272   7.409844419E-06
    1273   7.398212010E-06
    1274   7.386606972E-06
    1275   7.375029218E-06
    1276   7.403583496E-06
    1277   7.391997293E-06
    1278   7.380438267E-06
    1279   7.368906332E-06
    1280   7.357401404E-06
    1281   7.622907597E-06
    1282   7.611024655E-06
    1283   7.599169476E-06
    1284   7.587341975E-06
    1285   7.575542065E-06
    1286   7.593918475E-06
    1287   7.582126676E-06
    1288   7.570362321E-06
    1289   7.558625325E-06
    1290   7.546915604E-06
    1291   8.064333813E-06
    1292   8.051859979E-06
    1293   8.039415064E-06
    1294   8.026998979E-06
    1295   8.014611635E-06
    1296   7.895809963E-06
    1297   7.883643846E-06
    1298   7.871505826E-06
    1299   7.859395817E-06
    1300   7.847313733E-06
    1301   7.991397699E-06
    1302   7.979131548E-06
    1303   7.966893616E-06
    1304   7.954683817E-06
    1305   7.942502066E-06
    1306   8.045583176E-06
    1307   8.033281061E-06
    1308   8.021007140E-06
    1309   8.008761328E-06
    1310   7.996543538E-06
    1311   8.162885301E-06
    1312   8.150451355E-06
    1313   8.138045798E-06
    1314   8.125668542E-06
    1315   8.113319501E-06
    1316   8.493609930E-06
    1317   8.480721296E-06
    1318   8.467861976E-06
    1319   8.455031882E-06
    1320   8.442230926E-06
    1321   8.355328853E-06
    1322   8.342697971E-06
    1323   8.330095708E-06
    1324   8.317521978E-06
    1325   8.304976696E-06
    1326   8.665270280E-06
    1327   8.652220174E-06
    1328   8.639199527E-06
    1329   8.626208250E-06
    1330   8.613246254E-06
    1331   8.699900059E-06
    1332   8.686846946E-06
    1333   8.673823187E-06
    1334   8.660828695E-06
    1335   8.647863383E-06
    1336   8.811383289E-06
    1337   8.798212312E-06
    1338   8.785070845E-06
    1339   8.771958799E-06
    1340   8.758876087E-06
    1341   8.823009321E-06
    1342   8.809870066E-06
    1343   8.796760140E-06
    1344   8.783679456E-06
    1345   8.770627927E-06
    1346   8.806768978E-06
    1347   8.793702555E-06
    1348   8.780665190E-06
    1349   8.767656798E-06
    1350   8.754677291E-06
    1351   8.905312575E-06
    1352   8.892148772E-06
    1353   8.879014136E-06
    1354   8.865908580E-06
    1355   8.852832018E-06
    1356   9.040390801E-06
    1357   9.027076529E-06
    1358   9.013791648E-06
    1359   9.000536072E-06
    1360   8.987309715E-06
    1361   8.967604364E-06
    1362   8.954445737E-06
    1363   8.941316051E-06
    1364   8.928215222E-06
    1365   8.915143164E-06
    1366   8.834487075E-06
    1367   8.821571158E-06
    1368   8.808683545E-06
    1369   8.795824153E-06
    1370   8.782992900E-06
    1371   8.915796866E-06
    1372   8.902809544E-06
    1373   8.889850578E-06
    1374   8.876919886E-06
    1375   8.864017387E-06
    1376   9.366029603E-06
    1377   9.352435946E-06
    1378   9.338871862E-06
    1379   9.325337265E-06
    1380   9.311832070E-06
    1381   9.119125575E-06
    1382   9.105938120E-06
    1383   9.092779249E-06
    1384   9.079648882E-06
    1385   9.066546936E-06
    1386   9.389363721E-06
    1387   9.375834378E-06
    1388   9.362334257E-06
    1389   9.348863272E-06
    1390   9.335421341E-06
    1391   9.040698767E-06
    1392   9.027718582E-06
    1393   9.014766332E-06
    1394   9.001841935E-06
    1395   8.988945314E-06
    1396   9.318934131E-06
    1397   9.305602323E-06
    1398   9.292299103E-06
    1399   9.279024390E-06
    1400   9.265778103E-06
    1401   9.292901463E-06
    1402   9.279654277E-06
    1403   9.266435396E-06
    1404   9.253244741E-06
    1405   9.240082230E-06
    1406   8.920625569E-06
    1407   8.907954226E-06
    1408   8.895309862E-06
    1409   8.882692401E-06
    1410   8.870101767E-06
    1411   9.138502286E-06
    1412   9.125567393E-06
    1413   9.112659942E-06
    1414   9.099779858E-06
    1415   9.086927061E-06
    1416   9.075572557E-06
    1417   9.062772032E-06
    1418   9.049998569E-06
    1419   9.037252092E-06
    1420   9.024532525E-06
    1421   9.349160181E-06
    1422   9.336020111E-06
    1423   9.322907723E-06
    1424   9.309822940E-06
    1425   9.296765685E-06
    1426   9.615948771E-06
    1427   9.602481056E-06
    1428   9.589041614E-06
    1429   9.575630367E-06
    1430   9.562247236E-06
    1431   9.437994477E-06
    1432   9.424822119E-06
    1433   9.411677319E-06
    1434   9.398559998E-06
    1435   9.385470082E-06
    1436   9.688658807E-06
    1437   9.675183621E-06
    1438   9.661736528E-06
    1439   9.648317449E-06
    1440   9.634926308E-06
    1441   9.531437534E-06
    1442   9.518226948E-06
    1443   9.505043808E-06
    1444   9.491888038E-06
    1445   9.478759562E-06
    1446   9.527222297E-06
    1447   9.514063150E-06
    1448   9.500931247E-06
    1449   9.487826515E-06
    1450   9.474748877E-06
    1451   9.609234491E-06
    1452   9.596007740E-06
    1453   9.582808279E-06
    1454   9.569636034E-06
    1455   9.556490930E-06
    1456   9.239130108E-06
    1457   9.226456404E-06
    1458   9.213808760E-06
    1459   9.201187104E-06
    1460   9.188591366E-06
    1461   9.823438490E-06
    1462   9.810009319E-06
    1463   9.796607667E-06
    1464   9.783233458E-06
    1465   9.769886619E-06
    1466   9.468958083E-06
    1467   9.456057595E-06
    1468   9.443183452E-06
    1469   9.430335584E-06
    1470   9.417513917E-06
    1471   9.780125551E-06
    1472   9.766846358E-06
    1473   9.753594192E-06
    1474   9.740368979E-06
    1475   9.727170647E-06
    1476   9.664254588E-06
    1477   9.651177112E-06
    1478   9.638126163E-06
    1479   9.625101668E-06
    1480   9.612103556E-06
    1481   9.962268769E-06
    1482   9.948833478E-06
    1483   9.935425346E-06
    1484   9.922044302E-06
    1485   9.908690272E-06
    1486   1.029701904E-05
    1487   1.028317896E-05
    1488   1.026936676E-05
    1489   1.025558238E-05
    1490   1.024182573E-05
    1491   1.004929679E-05
    1492   1.003583491E-05
    1493   1.002240005E-05
    1494   1.000899216E-05
    1495   9.995611156E-06
    1496   1.009755509E-05
    1497   1.008407371E-05
    1498   1.007061930E-05
    1499   1.005719181E-05
    1500   1.004379116E-05
    1501   1.005491867E-05
    1502   1.004153887E-05
    1503   1.002818576E-05
    1504   1.001485927E-05
    1505   1.000155932E-05
    1506   9.936752019E-06
    1507   9.923573303E-06
    1508   9.910420787E-06
    1509   9.897294402E-06
    1510   9.884194078E-06
    1511   9.936923085E-06
    1512   9.923787695E-06
    1513   9.910678332E-06
    1514   9.897594928E-06
    1515   9.884537415E-06
    1516   9.695288887E-06
    1517   9.682515121E-06
    1518   9.669766582E-06
    1519   9.657043205E-06
    1520   9.644344923E-06
    1521   9.885747247E-06
    1522   9.872765307E-06
    1523   9.859808923E-06
    1524   9.846878026E-06
    1525   9.833972550E-06
    1526   1.024615542E-05
    1527   1.023274422E-05
    1528   1.021935933E-05
    1529   1.020600069E-05
    1530   1.019266823E-05
    1531   1.031547115E-05
    1532   1.030201326E-05
    1533   1.028858169E-05
    1534   1.027517637E-05
    1535   1.026179724E-05
    1536   1.018093874E-05
    1537   1.016769955E-05
    1538   1.015448617E-05
    1539   1.014129852E-05
    1540   1.012813655E-05
    1541   9.889801894E-06
    1542   9.876982967E-06
    1543   9.864188948E-06
    1544   9.851419771E-06
    1545   9.838675373E-06
    1546   1.002931075E-05
    1547   1.001635298E-05
    1548   1.000342031E-05
    1549   9.990512673E-06
    1550   9.977630000E-06
    1551   9.582595500E-06
    1552   9.570254746E-06
    1553   9.557937815E-06
    1554   9.545644648E-06
    1555   9.533375182E-06
    1556   1.012896740E-05
    1557   1.011596487E-05
    1558   1.010298737E-05
    1559   1.009003482E-05
    1560   1.007710717E-05
    1561   1.048595900E-05
    1562   1.047254126E-05
    1563   1.045914927E-05
    1564   1.044578294E-05
    1565   1.043244222E-05
    1566   1.116480363E-05
    1567   1.115056281E-05
    1568   1.113634922E-05
    1569   1.112216279E-05
    1570   1.110800345E-05
    1571   1.168008150E-05
    1572   1.166523079E-05
    1573   1.165040839E-05
    1574   1.163561422E-05
    1575   1.162084821E-05
    1576   1.177700512E-05
    1577   1.176207863E-05
    1578   1.174718049E-05
    1579   1.173231064E-05
    1580   1.171746901E-05
    1581   1.180110801E-05
    1582   1.178619821E-05
    1583   1.177131665E-05
    1584   1.175646325E-05
    1585   1.174163795E-05
    1586   1.183422672E-05
    1587   1.181932215E-05
    1588   1.180444572E-05
    1589   1.178959736E-05
    1590   1.177477700E-05
    1591   1.190349242E-05
    1592   1.188854767E-05
    1593   1.187363105E-05
    1594   1.185874248E-05
    1595   1.184388190E-05
    1596   1.150831895E-05
    1597   1.149391555E-05
    1598   1.147953917E-05
    1599   1.146518975E-05
    1600   1.145086721E-05
    1601   1.118785747E-05
    1602   1.117389882E-05
    1603   1.115996628E-05
    1604   1.114605978E-05
    1605   1.113217926E-05
    1606   1.073278533E-05
    1607   1.071943609E-05
    1608   1.070611175E-05
    1609   1.069281223E-05
    1610   1.067953748E-05
    1611   1.031460314E-05
    1612   1.030181380E-05
    1613   1.028904823E-05
    1614   1.027630638E-05
    1615   1.026358818E-05
    1616   1.016954209E-05
    1617   1.015697158E-05
    1618   1.014442437E-05
    1619   1.013190039E-05
    1620   1.011939958E-05
    1621   1.073648313E-05
    1622   1.072325271E-05
    1623   1.071004674E-05
    1624   1.069686514E-05
    1625   1.068370786E-05
    1626   1.256911697E-05
    1627   1.255367580E-05
    1628   1.253826306E-05
    1629   1.252287869E-05
    1630   1.250752261E-05
    1631   1.482364600E-05
    1632   1.480549089E-05
    1633   1.478736912E-05
    1634   1.476928059E-05
    1635   1.475122524E-05
    1636   1.617611790E-05
    1637   1.615636684E-05
    1638   1.613665193E-05
    1639   1.611697309E-05
    1640   1.609733022E-05
    1641   1.730547309E-05
    1642   1.728440739E-05
    1643   1.726338013E-05
    1644   1.724239122E-05
    1645   1.722144056E-05
    1646   1.723294141E-05
    1647   1.721202764E-05
    1648   1.719115193E-05
    1649   1.717031417E-05
    1650   1.714951427E-05
    1651   1.742214088E-05
    1652   1.740106146E-05
    1653   1.738002027E-05
    1654   1.735901722E-05
    1655   1.733805223E-05
    1656   1.788873133E-05
    1657   1.786715265E-05
    1658   1.784561298E-05
    1659   1.782411224E-05
    1660   1.780265034E-05
    1661   1.939626260E-05
    1662   1.937293577E-05
    1663   1.934965099E-05
    1664   1.932640816E-05
    1665   1.930320719E-05
    1666   2.190070727E-05
    1667   2.187444743E-05
    1668   2.184823479E-05
    1669   2.182206924E-05
    1670   2.179595067E-05
    1671   2.324608206E-05
    1672   2.321829237E-05
    1673   2.319055247E-05
    1674   2.316286226E-05
    1675   2.313522161E-05
    1676   2.286128095E-05
    1677   2.283403270E-05
    1678   2.280683314E-05
    1679   2.277968215E-05
    1680   2.275257961E-05
    1681   1.981442807E-05
    1682   1.979088151E-05
    1683   1.976737690E-05
    1684   1.974391414E-05
    1685   1.972049313E-05
    1686   1.480006373E-05
    1687   1.478252811E-05
    1688   1.476502363E-05
    1689   1.474755023E-05
    1690   1.473010783E-05
    1691   8.803599357E-06
    1692   8.793199358E-06
    1693   8.782817777E-06
    1694   8.772454570E-06
    1695   8.762109694E-06
    1696   1.131307394E-06
    1697   1.129974877E-06
    1698   1.128644712E-06
    1699   1.127316895E-06
    1700   1.125991419E-06
    1701  -7.289115376E-06
    1702  -7.280555053E-06
    1703  -7.272009800E-06
    1704  -7.263479583E-06
    1705  -7.254964367E-06
    1706  -1.474960217E-05
    1707  -1.473233097E-05
    1708  -1.471509009E-05
    1709  -1.469787946E-05
    1710  -1.468069901E-05
    1711  -2.070249544E-05
    1712  -2.067832440E-05
    1713  -2.065419567E-05
    1714  -2.063010914E-05
    1715  -2.060606472E-05
    1716  -2.472079741E-05
    1717  -2.469201883E-05
    1718  -2.466329048E-05
    1719  -2.463461223E-05
    1720  -2.460598398E-05
    1721  -2.171095788E-05
    1722  -2.168575654E-05
    1723  -2.166059905E-05
    1724  -2.163548531E-05
    1725  -2.161041523E-05
    1726  -9.653851300E-06
    1727  -9.642677861E-06
    1728  -9.631523809E-06
    1729  -9.620389099E-06
    1730  -9.609273687E-06
    1731   1.654105549E-05
    1732   1.652196598E-05
    1733   1.650290950E-05
    1734   1.648388598E-05
    1735   1.646489532E-05
    1736   5.737718337E-05
    1737   5.731115669E-05
    1738   5.724524392E-05
    1739   5.717944479E-05
    1740   5.711375904E-05
    1741   1.123837217E-04
    1742   1.122547673E-04
    1743   1.121260348E-04
    1744   1.119975235E-04
    1745   1.118692331E-04
    1746   1.745234634E-04
    1747   1.743237798E-04
    1748   1.741244387E-04
    1749   1.739254394E-04
    1750   1.737267810E-04
    1751   2.494785011E-04
    1752   2.491938708E-04
    1753   2.489097272E-04
    1754   2.486260694E-04
    1755   2.483428962E-04
    1756   3.059663676E-04
    1757   3.056182830E-04
    1758   3.052707920E-04
    1759   3.049238934E-04
    1760   3.045775858E-04
    1761   3.603799228E-04
    1762   3.599710970E-04
    1763   3.595629665E-04
    1764   3.591555297E-04
    1765   3.587487851E-04
    1766   3.763097786E-04
    1767   3.758840888E-04
    1768   3.754591209E-04
    1769   3.750348733E-04
    1770   3.746113444E-04
    1771   3.767580873E-04
    1772   3.763330923E-04
    1773   3.759088160E-04
    1774   3.754852567E-04
    1775   3.750624130E-04
    1776   3.241980186E-04
    1777   3.238333415E-04
    1778   3.234692792E-04
    1779   3.231058306E-04
    1780   3.227429942E-04
    1781   1.689695323E-04
    1782   1.687799983E-04
    1783   1.685907831E-04
    1784   1.684018858E-04
    1785   1.682133059E-04
    1786  -1.158096085E-04
    1787  -1.156800676E-04
    1788  -1.155507439E-04
    1789  -1.154216369E-04
    1790  -1.152927462E-04
    1791  -5.555745431E-04
    1792  -5.549548281E-04
    1793  -5.543361494E-04
    1794  -5.537185046E-04
    1795  -5.531018916E-04
    1796  -1.158796309E-03
    1797  -1.157507325E-03
    1798  -1.156220491E-03
    1799  -1.154935801E-03
    1800  -1.153653252E-03
    1801  -1.795058998E-03
    1802  -1.793067807E-03
    1803  -1.791079927E-03
    1804  -1.789095351E-03
    1805  -1.787114071E-03
    1806  -2.265849928E-03
    1807  -2.263343457E-03
    1808  -2.260841143E-03
    1809  -2.258342976E-03
    1810  -2.255848947E-03
    1811  -2.571775378E-03
    1812  -2.568938339E-03
    1813  -2.566105993E-03
    1814  -2.563278328E-03
    1815  -2.560455334E-03
    1816  -2.576740497E-03
    1817  -2.573905799E-03
    1818  -2.571075776E-03
    1819  -2.568250418E-03
    1820  -2.565429714E-03
    1821  -2.435795605E-03
    1822  -2.433123312E-03
    1823  -2.430455413E-03
    1824  -2.427791900E-03
    1825  -2.425132764E-03
    1826  -1.816241410E-03
    1827  -1.814254275E-03
    1828  -1.812270399E-03
    1829  -1.810289776E-03
    1830  -1.808312398E-03
    1831  -6.662005804E-04
    1832  -6.654736839E-04
    1833  -6.647479765E-04
    1834  -6.640234556E-04
    1835  -6.633001185E-04
    1836   1.406001359E-03
    1837   1.404471434E-03
    1838   1.402944004E-03
    1839   1.401419065E-03
    1840   1.399896611E-03
    1841   4.769442753E-03
    1842   4.764267014E-03
    1843   4.759099697E-03
    1844   4.753940781E-03
    1845   4.748790249E-03
    1846   9.417682615E-03
    1847   9.407490318E-03
    1848   9.397314557E-03
    1849   9.387155299E-03
    1850   9.377012505E-03
    1851   1.431608710E-02
    1852   1.430063530E-02
    1853   1.428520851E-02
    1854   1.426980667E-02
    1855   1.425442972E-02
    1856   1.855908992E-02
    1857   1.853911243E-02
    1858   1.851916717E-02
    1859   1.849925409E-02
    1860   1.847937311E-02
    1861   2.172790097E-02
    1862   2.170457526E-02
    1863   2.168128709E-02
    1864   2.165803638E-02
    1865   2.163482305E-02
    1866   2.326469255E-02
    1867   2.323978389E-02
    1868   2.321491521E-02
    1869   2.319008642E-02
    1870   2.316529744E-02
    1871   2.426464173E-02
    1872   2.423873180E-02
    1873   2.421286336E-02
    1874   2.418703631E-02
    1875   2.416125055E-02
    1876   2.340814451E-02
    1877   2.338321571E-02
    1878   2.335832671E-02
    1879   2.333347742E-02
    1880   2.330866777E-02
    1881   2.299631794E-02
    1882   2.297189274E-02
    1883   2.294750645E-02
    1884   2.292315896E-02
    1885   2.289885020E-02
    1886   2.072738731E-02
    1887   2.070543033E-02
    1888   2.068350822E-02
    1889   2.066162091E-02
    1890   2.063976833E-02
    1891   1.758123811E-02
    1892   1.756266311E-02
    1893   1.754411753E-02
    1894   1.752560131E-02
    1895   1.750711439E-02
    1896   1.347547261E-02
    1897   1.346127295E-02
    1898   1.344709573E-02
    1899   1.343294089E-02
    1900   1.341880839E-02
    1901   8.100715412E-03
    1902   8.092201786E-03
    1903   8.083701574E-03
    1904   8.075214748E-03
    1905   8.066741280E-03
    1906   3.943150320E-03
    1907   3.939017038E-03
    1908   3.934890253E-03
    1909   3.930769949E-03
    1910   3.926656113E-03
    1911   8.443751978E-04
    1912   8.434924218E-04
    1913   8.426110295E-04
    1914   8.417310180E-04
    1915   8.408523844E-04
    1916  -9.914359917E-04
    1917  -9.904021690E-04
    1918  -9.893699624E-04
    1919  -9.883393687E-04
    1920  -9.873103845E-04
    1921  -1.957490201E-03
    1922  -1.955454330E-03
    1923  -1.953421633E-03
    1924  -1.951392104E-03
    1925  -1.949365737E-03
    1926  -2.408181953E-03
    1927  -2.405683839E-03
    1928  -2.403189610E-03
    1929  -2.400699258E-03
    1930  -2.398212775E-03
    1931  -2.588465587E-03
    1932  -2.585787403E-03
    1933  -2.583113372E-03
    1934  -2.580443488E-03
    1935  -2.577777740E-03
    1936  -2.431821405E-03
    1937  -2.429311785E-03
    1938  -2.426806049E-03
    1939  -2.424304187E-03
    1940  -2.421806192E-03
    1941  -2.120508135E-03
    1942  -2.118325419E-03
    1943  -2.116146072E-03
    1944  -2.113970086E-03
    1945  -2.111797455E-03
    1946  -1.653787799E-03
    1947  -1.652089865E-03
    1948  -1.650394545E-03
    1949  -1.648701832E-03
    1950  -1.647011723E-03
    1951  -1.038299170E-03
    1952  -1.037235884E-03
    1953  -1.036174230E-03
    1954  -1.035114205E-03
    1955  -1.034055806E-03
    1956  -5.323531442E-04
    1957  -5.318093719E-04
    1958  -5.312664322E-04
    1959  -5.307243236E-04
    1960  -5.301830444E-04
    1961  -1.331940783E-04
    1962  -1.330583737E-04
    1963  -1.329228764E-04
    1964  -1.327875859E-04
    1965  -1.326525019E-04
    1966   1.007037375E-04
    1967   1.006013964E-04
    1968   1.004992111E-04
    1969   1.003971814E-04
    1970   1.002953071E-04
    1971   2.253806882E-04
    1972   2.251522233E-04
    1973   2.249241055E-04
    1974   2.246963343E-04
    1975   2.244689088E-04
    1976   2.676775546E-04
    1977   2.674068998E-04
    1978   2.671366553E-04
    1979   2.668668203E-04
    1980   2.665973940E-04
    1981   2.717330051E-04
    1982   2.714589426E-04
    1983   2.711852945E-04
    1984   2.709120599E-04
    1985   2.706392381E-04
    1986   2.408908555E-04
    1987   2.406485106E-04
    1988   2.404065312E-04
    1989   2.401649166E-04
    1990   2.399236661E-04
    1991   2.096157124E-04
    1992   2.094053605E-04
    1993   2.091953250E-04
    1994   2.089856054E-04
    1995   2.087762009E-04
    1996   1.547851851E-04
    1997   1.546302450E-04
    1998   1.544755374E-04
    1999   1.543210619E-04
    2000   1.541668179E-04
    2001   9.496228188E-05
    2002   9.486746182E-05
    2003   9.477278372E-05
    2004   9.467824728E-05
    2005   9.458385221E-05
    2006   4.338754420E-05
    2007   4.334432951E-05
    2008   4.330117936E-05
    2009   4.325809361E-05
    2010   4.321507213E-05
    2011   1.925598537E-06
    2012   1.923685374E-06
    2013   1.921775061E-06
    2014   1.919867592E-06
    2015   1.917962961E-06
    2016  -2.725688149E-05
    2017  -2.722986773E-05
    2018  -2.720289411E-05
    2019  -2.717596055E-05
    2020  -2.714906698E-05
    2021  -4.423924418E-05
    2022  -4.419550790E-05
    2023  -4.415183645E-05
    2024  -4.410822970E-05
    2025  -4.406468752E-05
    2026  -5.142753619E-05
    2027  -5.137681870E-05
    2028  -5.132617620E-05
    2029  -5.127560854E-05
    2030  -5.122511557E-05
    2031  -5.296890270E-05
    2032  -5.291679360E-05
    2033  -5.286476135E-05
    2034  -5.281280582E-05
    2035  -5.276092683E-05
    2036  -4.775898548E-05
    2037  -4.771211700E-05
    2038  -4.766531747E-05
    2039  -4.761858677E-05
    2040  -4.757192475E-05
    2041  -4.282316797E-05
    2042  -4.278124612E-05
    2043  -4.273938580E-05
    2044  -4.269758689E-05
    2045  -4.265584927E-05
    2046  -3.368017167E-05
    2047  -3.364728088E-05
    2048  -3.361443824E-05
    2049  -3.358164367E-05
    2050  -3.354889706E-05
    2051  -2.484170618E-05
    2052  -2.481750578E-05
    2053  -2.479334073E-05
    2054  -2.476921096E-05
    2055  -2.474511640E-05
    2056  -1.694307933E-05
    2057  -1.692661375E-05
    2058  -1.691017216E-05
    2059  -1.689375452E-05
    2060  -1.687736077E-05
    2061  -1.077592745E-05
    2062  -1.076548060E-05
    2063  -1.075504893E-05
    2064  -1.074463242E-05
    2065  -1.073423103E-05
    2066  -6.710168948E-06
    2067  -6.703679423E-06
    2068  -6.697199308E-06
    2069  -6.690728584E-06
    2070  -6.684267233E-06
    2071  -4.286943213E-06
    2072  -4.282807233E-06
    2073  -4.278677236E-06
    2074  -4.274553210E-06
    2075  -4.270435143E-06
    2076  -3.607967498E-06
    2077  -3.604494959E-06
    2078  -3.601027432E-06
    2079  -3.597564905E-06
    2080  -3.594107371E-06
    2081  -3.910546847E-06
    2082  -3.906792121E-06
    2083  -3.903042801E-06
    2084  -3.899298875E-06
    2085  -3.895560333E-06
    2086  -4.629346161E-06
    2087  -4.624911922E-06
    2088  -4.620484050E-06
    2089  -4.616062534E-06
    2090  -4.611647362E-06
    2091  -5.000141193E-06
    2092  -4.995363227E-06
    2093  -4.990592106E-06
    2094  -4.985827818E-06
    2095  -4.981070349E-06
    2096  -5.100349777E-06
    2097  -5.095487670E-06
    2098  -5.090632513E-06
    2099  -5.085784291E-06
    2100  -5.080942993E-06
    2101  -4.897601681E-06
    2102  -4.892943952E-06
    2103  -4.888292865E-06
    2104  -4.883648406E-06
    2105  -4.879010563E-06
    2106  -4.608650252E-06
    2107  -4.604277718E-06
    2108  -4.599911405E-06
    2109  -4.595551299E-06
    2110  -4.591197390E-06
    2111  -4.893992278E-06
    2112  -4.889360009E-06
    2113  -4.884734314E-06
    2114  -4.880115179E-06
    2115  -4.875502594E-06
    2116  -5.418604187E-06
    2117  -5.413487469E-06
    2118  -5.408377995E-06
    2119  -5.403275752E-06
    2120  -5.398180725E-06
    2121  -6.085638212E-06
    2122  -6.079905157E-06
    2123  -6.074180199E-06
    2124  -6.068463324E-06
    2125  -6.062754515E-06
    2126  -6.478603209E-06
    2127  -6.472514297E-06
    2128  -6.466433964E-06
    2129  -6.460362195E-06
    2130  -6.454298974E-06
    2131  -6.628925095E-06
    2132  -6.622709506E-06
    2133  -6.616502656E-06
    2134  -6.610304527E-06
    2135  -6.604115103E-06
    2136  -6.519984752E-06
    2137  -6.513885608E-06
    2138  -6.507795019E-06
    2139  -6.501712967E-06
    2140  -6.495639438E-06
    2141  -6.037331165E-06
    2142  -6.031696698E-06
    2143  -6.026070116E-06
    2144  -6.020451402E-06
    2145  -6.014840543E-06
    2146  -5.510618289E-06
    2147  -5.505487359E-06
    2148  -5.500363592E-06
    2149  -5.495246975E-06
    2150  -5.490137494E-06
    2151  -4.887336755E-06
    2152  -4.882796730E-06
    2153  -4.878263029E-06
    2154  -4.873735638E-06
    2155  -4.869214548E-06
    2156  -4.447315375E-06
    2157  -4.443193674E-06
    2158  -4.439077700E-06
    2159  -4.434967443E-06
    2160  -4.430862892E-06
    2161  -4.301435152E-06
    2162  -4.297457866E-06
    2163  -4.293486093E-06
    2164  -4.289519825E-06
    2165  -4.285559049E-06
    2166  -3.997025723E-06
    2167  -3.993338430E-06
    2168  -3.989656237E-06
    2169  -3.985979134E-06
    2170  -3.982307113E-06
    2171  -3.909142975E-06
    2172  -3.905545052E-06
    2173  -3.901952095E-06
    2174  -3.898364093E-06
    2175  -3.894781038E-06
    2176  -3.836125773E-06
    2177  -3.832603160E-06
    2178  -3.829085397E-06
    2179  -3.825572474E-06
    2180  -3.822064384E-06
    2181  -3.943050635E-06
    2182  -3.939438128E-06
    2183  -3.935830584E-06
    2184  -3.932227993E-06
    2185  -3.928630346E-06
    2186  -3.984483688E-06
    2187  -3.980841564E-06
    2188  -3.977204431E-06
    2189  -3.973572281E-06
    2190  -3.969945104E-06
    2191  -3.880054048E-06
    2192  -3.876515467E-06
    2193  -3.872981725E-06
    2194  -3.869452812E-06
    2195  -3.865928720E-06
    2196  -3.830301254E-06
    2197  -3.826815994E-06
    2198  -3.823335488E-06
    2199  -3.819859728E-06
    2200  -3.816388706E-06
    2201  -3.515434864E-06
    2202  -3.512243366E-06
    2203  -3.509056213E-06
    2204  -3.505873395E-06
    2205  -3.502694906E-06
    2206  -3.324900066E-06
    2207  -3.321888381E-06
    2208  -3.318880786E-06
    2209  -3.315877274E-06
    2210  -3.312877838E-06
    2211  -3.116117566E-06
    2212  -3.113301373E-06
    2213  -3.110488996E-06
    2214  -3.107680428E-06
    2215  -3.104875662E-06
    2216  -2.999427961E-06
    2217  -2.996723337E-06
    2218  -2.994022370E-06
    2219  -2.991325052E-06
    2220  -2.988631378E-06
    2221  -3.075651753E-06
    2222  -3.072884635E-06
    2223  -3.070121250E-06
    2224  -3.067361590E-06
    2225  -3.064605650E-06
    2226  -3.004233250E-06
    2227  -3.001536452E-06
    2228  -2.998843283E-06
    2229  -2.996153738E-06
    2230  -2.993467809E-06
    2231  -3.056923025E-06
    2232  -3.054185073E-06
    2233  -3.051450798E-06
    2234  -3.048720193E-06
    2235  -3.045993252E-06
    2236  -2.990021511E-06
    2237  -2.987349463E-06
    2238  -2.984680995E-06
    2239  -2.982016102E-06
    2240  -2.979354775E-06
    2241  -2.853771143E-06
    2242  -2.851226541E-06
    2243  -2.848685341E-06
    2244  -2.846147537E-06
    2245  -2.843613122E-06
    2246  -2.847862314E-06
    2247  -2.845328628E-06
    2248  -2.842798323E-06
    2249  -2.840271391E-06
    2250  -2.837747827E-06
    2251  -2.664340823E-06
    2252  -2.661975674E-06
    2253  -2.659613672E-06
    2254  -2.657254813E-06
    2255  -2.654899091E-06
    2256  -2.627536300E-06
    2257  -2.625208987E-06
    2258  -2.622884765E-06
    2259  -2.620563628E-06
    2260  -2.618245570E-06
    2261  -2.553887843E-06
    2262  -2.551630762E-06
    2263  -2.549376671E-06
    2264  -2.547125566E-06
    2265  -2.544877441E-06
    2266  -2.557597321E-06
    2267  -2.555341945E-06
    2268  -2.553089550E-06
    2269  -2.550840132E-06
    2270  -2.548593685E-06
    2271  -2.595041205E-06
    2272  -2.592757843E-06
    2273  -2.590477493E-06
    2274  -2.588200150E-06
    2275  -2.585925809E-06
    2276  -2.523918561E-06
    2277  -2.521702654E-06
    2278  -2.519489663E-06
    2279  -2.517279585E-06
    2280  -2.515072413E-06
    2281  -2.575951149E-06
    2282  -2.573694512E-06
    2283  -2.571440839E-06
    2284  -2.569190125E-06
    2285  -2.566942365E-06
    2286  -2.526072105E-06
    2287  -2.523864000E-06
    2288  -2.521658789E-06
    2289  -2.519456467E-06
    2290  -2.517257028E-06
    2291  -2.465374642E-06
    2292  -2.463224293E-06
    2293  -2.461076757E-06
    2294  -2.458932028E-06
    2295  -2.456790101E-06
    2296  -2.361387852E-06
    2297  -2.359332685E-06
    2298  -2.357280199E-06
    2299  -2.355230390E-06
    2300  -2.353183253E-06
    2301  -2.203993250E-06
    2302  -2.202079231E-06
    2303  -2.200167703E-06
    2304  -2.198258664E-06
    2305  -2.196352109E-06
    2306  -2.173253755E-06
    2307  -2.171370520E-06
    2308  -2.169489731E-06
    2309  -2.167611385E-06
    2310  -2.165735477E-06
    2311  -2.069315016E-06
    2312  -2.067525725E-06
    2313  -2.065738754E-06
    2314  -2.063954098E-06
    2315  -2.062171754E-06
    2316  -2.050000152E-06
    2317  -2.048231386E-06
    2318  -2.046464907E-06
    2319  -2.044700714E-06
    2320  -2.042938800E-06
    2321  -2.020288036E-06
    2322  -2.018548657E-06
    2323  -2.016811524E-06
    2324  -2.015076632E-06
    2325  -2.013343978E-06
    2326  -2.016228826E-06
    2327  -2.014496670E-06
    2328  -2.012766746E-06
    2329  -2.011039049E-06
    2330  -2.009313576E-06
    2331  -2.044787111E-06
    2332  -2.043034186E-06
    2333  -2.041283514E-06
    2334  -2.039535091E-06
    2335  -2.037788914E-06
    2336  -1.989915218E-06
    2337  -1.988212981E-06
    2338  -1.986512927E-06
    2339  -1.984815052E-06
    2340  -1.983119354E-06
    2341  -1.965116392E-06
    2342  -1.963438956E-06
    2343  -1.961763667E-06
    2344  -1.960090521E-06
    2345  -1.958419514E-06
    2346  -1.881841176E-06
    2347  -1.880238245E-06
    2348  -1.878637361E-06
    2349  -1.877038521E-06
    2350  -1.875441721E-06
    2351  -1.827044425E-06
    2352  -1.825491476E-06
    2353  -1.823940506E-06
    2354  -1.822391512E-06
    2355  -1.820844491E-06
    2356  -1.731519966E-06
    2357  -1.730051332E-06
    2358  -1.728584565E-06
    2359  -1.727119663E-06
    2360  -1.725656622E-06
    2361  -1.691638845E-06
    2362  -1.690207073E-06
    2363  -1.688777118E-06
    2364  -1.687348976E-06
    2365  -1.685922646E-06
    2366  -1.695643985E-06
    2367  -1.694211853E-06
    2368  -1.692781535E-06
    2369  -1.691353028E-06
    2370  -1.689926328E-06
    2371  -1.668062146E-06
    2372  -1.666656278E-06
    2373  -1.665252187E-06
    2374  -1.663849870E-06
    2375  -1.662449323E-06
    2376  -1.657156936E-06
    2377  -1.655763196E-06
    2378  -1.654371214E-06
    2379  -1.652980986E-06
    2380  -1.651592510E-06
    2381  -1.652338370E-06
    2382  -1.650951599E-06
    2383  -1.649566572E-06
    2384  -1.648183288E-06
    2385  -1.646801743E-06
    2386  -1.608941687E-06
    2387  -1.607594165E-06
    2388  -1.606248335E-06
    2389  -1.604904194E-06
    2390  -1.603561739E-06
    2391  -1.592642791E-06
    2392  -1.591311707E-06
    2393  -1.589982290E-06
    2394  -1.588654539E-06
    2395  -1.587328450E-06
    2396  -1.495894364E-06
    2397  -1.494646746E-06
    2398  -1.493400688E-06
    2399  -1.492156187E-06
    2400  -1.490913241E-06
    2401  -1.449540385E-06
    2402  -1.448333943E-06
    2403  -1.447129006E-06
    2404  -1.445925572E-06
    2405  -1.444723639E-06
    2406  -1.376478921E-06
    2407  -1.375335666E-06
    2408  -1.374193835E-06
    2409  -1.373053425E-06
    2410  -1.371914435E-06
    2411  -1.346488123E-06
    2412  -1.345372094E-06
    2413  -1.344257453E-06
    2414  -1.343144196E-06
    2415  -1.342032322E-06
    2416  -1.329057476E-06
    2417  -1.327958173E-06
    2418  -1.326860233E-06
    2419  -1.325763655E-06
    2420  -1.324668435E-06
    2421  -1.288958989E-06
    2422  -1.287895053E-06
    2423  -1.286832433E-06
    2424  -1.285771128E-06
    2425  -1.284711135E-06
    2426  -1.308631879E-06
    2427  -1.307553929E-06
    2428  -1.306477310E-06
    2429  -1.305402020E-06
    2430  -1.304328057E-06
    2431  -1.270408331E-06
    2432  -1.269364017E-06
    2433  -1.268320990E-06
    2434  -1.267279248E-06
    2435  -1.266238788E-06
    2436  -1.269916069E-06
    2437  -1.268874301E-06
    2438  -1.267833813E-06
    2439  -1.266794605E-06
    2440  -1.265756675E-06
    2441  -1.214954532E-06
    2442  -1.213959891E-06
    2443  -1.212966470E-06
    2444  -1.211974268E-06
    2445  -1.210983284E-06
    2446  -1.137915057E-06
    2447  -1.136985388E-06
    2448  -1.136056858E-06
    2449  -1.135129464E-06
    2450  -1.134203206E-06
    2451  -1.088295660E-06
    2452  -1.087408342E-06
    2453  -1.086522109E-06
    2454  -1.085636958E-06
    2455  -1.084752889E-06
    2456  -1.023003725E-06
    2457  -1.022171338E-06
    2458  -1.021339966E-06
    2459  -1.020509609E-06
    2460  -1.019680263E-06
    2461  -9.892935790E-07
    2462  -9.884902550E-07
    2463  -9.876879090E-07
    2464  -9.868865395E-07
    2465  -9.860861449E-07
    2466  -9.618739990E-07
    2467  -9.610945225E-07
    2468  -9.603159931E-07
    2469  -9.595384093E-07
    2470  -9.587617696E-07
    2471  -9.426621702E-07
    2472  -9.418998069E-07
    2473  -9.411383681E-07
    2474  -9.403778523E-07
    2475  -9.396182579E-07
    2476  -9.476261471E-07
    2477  -9.468613156E-07
    2478  -9.460974098E-07
    2479  -9.453344280E-07
    2480  -9.445723688E-07
    2481  -9.181205894E-07
    2482  -9.173810642E-07
    2483  -9.166424321E-07
    2484  -9.159046917E-07
    2485  -9.151678416E-07
    2486  -9.122842160E-07
    2487  -9.115508685E-07
    2488  -9.108184050E-07
    2489  -9.100868239E-07
    2490  -9.093561240E-07
    2491  -8.759543150E-07
    2492  -8.752515839E-07
    2493  -8.745496981E-07
    2494  -8.738486562E-07
    2495  -8.731484570E-07
    2496  -8.373236990E-07
    2497  -8.366533037E-07
    2498  -8.359837132E-07
    2499  -8.353149263E-07
    2500  -8.346469415E-07
    2501  -7.920953313E-07
    2502  -7.914624145E-07
    2503  -7.908302561E-07
    2504  -7.901988547E-07
    2505  -7.895682091E-07
    2506  -7.388998387E-07
    2507  -7.383106044E-07
    2508  -7.377220746E-07
    2509  -7.371342483E-07
    2510  -7.365471242E-07
    2511  -7.342207418E-07
    2512  -7.336364038E-07
    2513  -7.330527630E-07
    2514  -7.324698185E-07
    2515  -7.318875690E-07
    2516  -7.077892553E-07
    2517  -7.072270716E-07
    2518  -7.066655575E-07
    2519  -7.061047118E-07
    2520  -7.055445335E-07
    2521  -7.065940416E-07
    2522  -7.060339195E-07
    2523  -7.054744631E-07
    2524  -7.049156715E-07
    2525  -7.043575435E-07
    2526  -6.840684808E-07
    2527  -6.835272874E-07
    2528  -6.829867360E-07
    2529  -6.824468255E-07
    2530  -6.819075550E-07
    2531  -6.738867641E-07
    2532  -6.733546783E-07
    2533  -6.728232223E-07
    2534  -6.722923953E-07
    2535  -6.717621963E-07
    2536  -6.681068117E-07
    2537  -6.675803288E-07
    2538  -6.670544680E-07
    2539  -6.665292282E-07
    2540  -6.660046086E-07
    2541  -6.351810833E-07
    2542  -6.346815307E-07
    2543  -6.341825673E-07
    2544  -6.336841920E-07
    2545  -6.331864039E-07
    2546  -6.012010708E-07
    2547  -6.007291705E-07
    2548  -6.002578255E-07
    2549  -5.997870350E-07
    2550  -5.993167982E-07
    2551  -5.534213930E-07
    2552  -5.529878471E-07
    2553  -5.525548104E-07
    2554  -5.521222822E-07
    2555  -5.516902616E-07
    2556  -5.214608146E-07
    2557  -5.210531048E-07
    2558  -5.206458730E-07
    2559  -5.202391184E-07
    2560  -5.198328403E-07
    2561  -4.922243537E-07
    2562  -4.918402535E-07
    2563  -4.914566028E-07
    2564  -4.910734008E-07
    2565  -4.906906468E-07
    2566  -4.754056719E-07
    2567  -4.750354182E-07
    2568  -4.746655970E-07
    2569  -4.742962074E-07
    2570  -4.739272489E-07
    2571  -4.717396347E-07
    2572  -4.713729502E-07
    2573  -4.710066930E-07
    2574  -4.706408626E-07
    2575  -4.702754582E-07
    2576  -4.575353817E-07
    2577  -4.571804279E-07
    2578  -4.568258871E-07
    2579  -4.564717585E-07
    2580  -4.561180415E-07
    2581  -4.568108302E-07
    2582  -4.564571245E-07
    2583  -4.561038296E-07
    2584  -4.557509446E-07
    2585  -4.553984690E-07
    2586  -4.427295943E-07
    2587  -4.423874540E-07
    2588  -4.420457101E-07
    2589  -4.417043621E-07
    2590  -4.413634093E-07
    2591  -4.215852624E-07
    2592  -4.212600906E-07
    2593  -4.209352949E-07
    2594  -4.206108746E-07
    2595  -4.202868292E-07
    2596  -4.006121882E-07
    2597  -4.003037878E-07
    2598  -3.999957433E-07
    2599  -3.996880543E-07
    2600  -3.993807201E-07
    2601  -3.659906961E-07
    2602  -3.657094892E-07
    2603  -3.654286064E-07
    2604  -3.651480470E-07
    2605  -3.648678106E-07
    2606  -3.512852523E-07
    2607  -3.510158617E-07
    2608  -3.507467810E-07
    2609  -3.504780095E-07
    2610  -3.502095468E-07
    2611  -3.283362844E-07
    2612  -3.280849746E-07
    2613  -3.278339531E-07
    2614  -3.275832197E-07
    2615  -3.273327738E-07
    2616  -3.236688040E-07
    2617  -3.234215398E-07
    2618  -3.231745589E-07
    2619  -3.229278607E-07
    2620  -3.226814450E-07
    2621  -3.130490526E-07
    2622  -3.128103571E-07
    2623  -3.125719346E-07
    2624  -3.123337846E-07
    2625  -3.120959066E-07
    2626  -3.109886793E-07
    2627  -3.107520061E-07
    2628  -3.105156029E-07
    2629  -3.102794693E-07
    2630  -3.100436050E-07
    2631  -3.062595742E-07
    2632  -3.060269425E-07
    2633  -3.057945758E-07
    2634  -3.055624737E-07
    2635  -3.053306357E-07
    2636  -2.928169283E-07
    2637  -2.925949291E-07
    2638  -2.923731823E-07
    2639  -2.921516874E-07
    2640  -2.919304442E-07
    2641  -2.815523111E-07
    2642  -2.813392560E-07
    2643  -2.811264426E-07
    2644  -2.809138707E-07
    2645  -2.807015397E-07
    2646  -2.594123754E-07
    2647  -2.592164446E-07
    2648  -2.590207357E-07
    2649  -2.588252483E-07
    2650  -2.586299822E-07
    2651  -2.358815060E-07
    2652  -2.357036835E-07
    2653  -2.355260620E-07
    2654  -2.353486413E-07
    2655  -2.351714209E-07
    2656  -2.198739512E-07
    2657  -2.197085081E-07
    2658  -2.195432516E-07
    2659  -2.193781815E-07
    2660  -2.192132975E-07
    2661  -2.012793288E-07
    2662  -2.011281615E-07
    2663  -2.009771643E-07
    2664  -2.008263372E-07
    2665  -2.006756798E-07
    2666  -1.992620084E-07
    2667  -1.991126366E-07
    2668  -1.989634326E-07
    2669  -1.988143964E-07
    2670  -1.986655275E-07
    2671  -1.923294633E-07
    2672  -1.921855580E-07
    2673  -1.920418141E-07
    2674  -1.918982314E-07
    2675  -1.917548097E-07
    2676  -1.858682920E-07
    2677  -1.857294807E-07
    2678  -1.855908249E-07
    2679  -1.854523243E-07
    2680  -1.853139786E-07
    2681  -1.838071545E-07
    2682  -1.836701383E-07
    2683  -1.835332753E-07
    2684  -1.833965652E-07
    2685  -1.832600079E-07
    2686  -1.745389349E-07
    2687  -1.744090696E-07
    2688  -1.742793492E-07
    2689  -1.741497735E-07
    2690  -1.740203422E-07
    2691  -1.699262055E-07
    2692  -1.698000071E-07
    2693  -1.696739492E-07
    2694  -1.695480316E-07
    2695  -1.694222541E-07
    2696  -1.542032721E-07
    2697  -1.540889628E-07
    2698  -1.539747806E-07
    2699  -1.538607252E-07
    2700  -1.537467965E-07
