      50   0.000000000E+00
      51   0.000000000E+00
      52   0.000000000E+00
      53   0.000000000E+00
      54   0.000000000E+00
      55   0.000000000E+00
      56   0.000000000E+00
      57   0.000000000E+00
      58   0.000000000E+00
      59   0.000000000E+00
      60   0.000000000E+00
      61   0.000000000E+00
      62   0.000000000E+00
      63   0.000000000E+00
      64   0.000000000E+00
      65   0.000000000E+00
      66   0.000000000E+00
      67   0.000000000E+00
      68   0.000000000E+00
      69   0.000000000E+00
      70   0.000000000E+00
      71   2.853204262E-12
      72   2.775034282E-12
      73   2.700033356E-12
      74   2.628032466E-12
      75   2.558873717E-12
      76   3.177130128E-12
      77   3.095665253E-12
      78   3.017293981E-12
      79   2.941861631E-12
      80   2.869223073E-12
      81   1.029280574E-11
      82   1.004478632E-11
      83   9.805624741E-12
      84   9.574904159E-12
      85   9.352231969E-12
      86   0.000000000E+00
      87   0.000000000E+00
      88   0.000000000E+00
      89   0.000000000E+00
      90   0.000000000E+00
      91   0.000000000E+00
      92   0.000000000E+00
      93   0.000000000E+00
      94   0.000000000E+00
      95   0.000000000E+00
      96   0.000000000E+00
      97   0.000000000E+00
      98   0.000000000E+00
      99   0.000000000E+00
     100   0.000000000E+00
     101   0.000000000E+00
     102   0.000000000E+00
     103   0.000000000E+00
     104   0.000000000E+00
     105   0.000000000E+00
     106   0.000000000E+00
     107   0.000000000E+00
     108   0.000000000E+00
     109   0.000000000E+00
     110   0.000000000E+00
     111   1.367886916E-11
     112   1.343676528E-11
     113   1.320103256E-11
     114   1.297144938E-11
     115   1.274780370E-11
     116   1.434467329E-11
     117   1.410154323E-11
     118   1.386454251E-11
     119   1.363346680E-11
     120   1.340812024E-11
     121   0.000000000E+00
     122   0.000000000E+00
     123   0.000000000E+00
     124   0.000000000E+00
     125   0.000000000E+00
     126   0.000000000E+00
     127   0.000000000E+00
     128   0.000000000E+00
     129   0.000000000E+00
     130   0.000000000E+00
     131   0.000000000E+00
     132   0.000000000E+00
     133   0.000000000E+00
     134   0.000000000E+00
     135   0.000000000E+00
     136   0.000000000E+00
     137   0.000000000E+00
     138   0.000000000E+00
     139   0.000000000E+00
     140   0.000000000E+00
     141   0.000000000E+00
     142   0.000000000E+00
     143   0.000000000E+00
     144   0.000000000E+00
     145   0.000000000E+00
     146   0.000000000E+00
     147   0.000000000E+00
     148   0.000000000E+00
     149   0.000000000E+00
     150   0.000000000E+00
     151   0.000000000E+00
     152   0.000000000E+00
     153   0.000000000E+00
     154   0.000000000E+00
     155   0.000000000E+00
     156   0.000000000E+00
     157   0.000000000E+00
     158   0.000000000E+00
     159   0.000000000E+00
     160   0.000000000E+00
     161   4.003065263E-11
     162   3.953947898E-11
     163   3.905729021E-11
     164   3.858386851E-11
     165   3.811900262E-11
     166   0.000000000E+00
     167   0.000000000E+00
     168   0.000000000E+00
     169   0.000000000E+00
     170   0.000000000E+00
     171   2.477030029E-12
     172   2.448393844E-12
     173   2.420251386E-12
     174   2.392591370E-12
     175   2.365402832E-12
     176   1.503359107E-10
     177   1.486467431E-10
     178   1.469858857E-10
     179   1.453527092E-10
     180   1.437466019E-10
     181   1.100314711E-10
     182   1.088289414E-10
     183   1.076460181E-10
     184   1.064822774E-10
     185   1.053373066E-10
     186   2.809514682E-10
     187   2.779626228E-10
     188   2.750212194E-10
     189   2.721262592E-10
     190   2.692767695E-10
     191   2.169967640E-10
     192   2.147480929E-10
     193   2.125341950E-10
     194   2.103543571E-10
     195   2.082078841E-10
     196   3.632628204E-10
     197   3.595934990E-10
     198   3.559794940E-10
     199   3.524196991E-10
     200   3.489130354E-10
     201   3.812527657E-10
     202   3.774965808E-10
     203   3.737956340E-10
     204   3.701488473E-10
     205   3.665551692E-10
     206   0.000000000E+00
     207   0.000000000E+00
     208   0.000000000E+00
     209   0.000000000E+00
     210   0.000000000E+00
     211   0.000000000E+00
     212   0.000000000E+00
     213   0.000000000E+00
     214   0.000000000E+00
     215   0.000000000E+00
     216   0.000000000E+00
     217   0.000000000E+00
     218   0.000000000E+00
     219   0.000000000E+00
     220   0.000000000E+00
     221   0.000000000E+00
     222   0.000000000E+00
     223   0.000000000E+00
     224   0.000000000E+00
     225   0.000000000E+00
     226   0.000000000E+00
     227   0.000000000E+00
     228   0.000000000E+00
     229   0.000000000E+00
     230   0.000000000E+00
     231   0.000000000E+00
     232   0.000000000E+00
     233   0.000000000E+00
     234   0.000000000E+00
     235   0.000000000E+00
     236   0.000000000E+00
     237   0.000000000E+00
     238   0.000000000E+00
     239   0.000000000E+00
     240   0.000000000E+00
     241   0.000000000E+00
     242   0.000000000E+00
     243   0.000000000E+00
     244   0.000000000E+00
     245   0.000000000E+00
     246   0.000000000E+00
     247   0.000000000E+00
     248   0.000000000E+00
     249   0.000000000E+00
     250   0.000000000E+00
     251   1.702032059E-09
     252   1.688577260E-09
     253   1.675281376E-09
     254   1.662141914E-09
     255   1.649156431E-09
     256   1.970889930E-09
     257   1.955611713E-09
     258   1.940510465E-09
     259   1.925583461E-09
     260   1.910828032E-09
     261   4.389773870E-09
     262   4.356391560E-09
     263   4.323388593E-09
     264   4.290759245E-09
     265   4.258497898E-09
     266   4.694180146E-09
     267   4.659148950E-09
     268   4.624508438E-09
     269   4.590252820E-09
     270   4.556376415E-09
     271   8.811215271E-09
     272   8.746664244E-09
     273   8.682819979E-09
     274   8.619672198E-09
     275   8.557210805E-09
     276   9.456954739E-09
     277   9.388919093E-09
     278   9.321615014E-09
     279   9.255032049E-09
     280   9.189159935E-09
     281   5.640833289E-08
     282   5.600968743E-08
     283   5.561525301E-08
     284   5.522497054E-08
     285   5.483878193E-08
     286   9.224677634E-08
     287   9.160617373E-08
     288   9.097222097E-08
     289   9.034482634E-08
     290   8.972389970E-08
     291   1.347373079E-07
     292   1.338175993E-07
     293   1.329072755E-07
     294   1.320062093E-07
     295   1.311142754E-07
     296   1.698081296E-07
     297   1.686684777E-07
     298   1.675402605E-07
     299   1.664233254E-07
     300   1.653175226E-07
     301   2.137323980E-07
     302   2.123216231E-07
     303   2.109247703E-07
     304   2.095416571E-07
     305   2.081721038E-07
     306   3.422513464E-07
     307   3.400289350E-07
     308   3.378281005E-07
     309   3.356485644E-07
     310   3.334900527E-07
     311   3.293654889E-07
     312   3.272609170E-07
     313   3.251764526E-07
     314   3.231118402E-07
     315   3.210668286E-07
     316   3.790363483E-07
     317   3.766524719E-07
     318   3.742910144E-07
     319   3.719516956E-07
     320   3.696342395E-07
     321   4.687589094E-07
     322   4.658563774E-07
     323   4.629807208E-07
     324   4.601316086E-07
     325   4.573087153E-07
     326   4.908468912E-07
     327   4.878539224E-07
     328   4.848882451E-07
     329   4.819495284E-07
     330   4.790374467E-07
     331   6.034744688E-07
     332   5.998499975E-07
     333   5.962580813E-07
     334   5.926983316E-07
     335   5.891703653E-07
     336   5.997245154E-07
     337   5.961758496E-07
     338   5.926585879E-07
     339   5.891723609E-07
     340   5.857168046E-07
     341   7.485085930E-07
     342   7.441441114E-07
     343   7.398176922E-07
     344   7.355288940E-07
     345   7.312772819E-07
     346   8.453352970E-07
     347   8.404770482E-07
     348   8.356605608E-07
     349   8.308853576E-07
     350   8.261509681E-07
     351   7.857995459E-07
     352   7.813474239E-07
     353   7.769330316E-07
     354   7.725559441E-07
     355   7.682157422E-07
     356   9.996041245E-07
     357   9.940197439E-07
     358   9.884820294E-07
     359   9.829904626E-07
     360   9.775445321E-07
     361   9.096291870E-07
     362   9.046174560E-07
     363   8.996470304E-07
     364   8.947174576E-07
     365   8.898282912E-07
     366   1.215260935E-06
     367   1.208656256E-06
     368   1.202105273E-06
     369   1.195607407E-06
     370   1.189162084E-06
     371   1.133659206E-06
     372   1.127580605E-06
     373   1.121550762E-06
     374   1.115569158E-06
     375   1.109635279E-06
     376   1.229620236E-06
     377   1.223114309E-06
     378   1.216659880E-06
     379   1.210256406E-06
     380   1.203903354E-06
     381   1.396353679E-06
     382   1.389062015E-06
     383   1.381827317E-06
     384   1.374648993E-06
     385   1.367526460E-06
     386   1.299864897E-06
     387   1.293164562E-06
     388   1.286515901E-06
     389   1.279918384E-06
     390   1.273371487E-06
     391   1.548174039E-06
     392   1.540295291E-06
     393   1.532476533E-06
     394   1.524717158E-06
     395   1.517016566E-06
     396   1.510281105E-06
     397   1.502691753E-06
     398   1.495159464E-06
     399   1.487683666E-06
     400   1.480263798E-06
     401   1.676334328E-06
     402   1.668015051E-06
     403   1.659757551E-06
     404   1.651561217E-06
     405   1.643425448E-06
     406   1.776594488E-06
     407   1.767885692E-06
     408   1.759240774E-06
     409   1.750659112E-06
     410   1.742140089E-06
     411   1.784858324E-06
     412   1.776214942E-06
     413   1.767634194E-06
     414   1.759115475E-06
     415   1.750658189E-06
     416   1.899508918E-06
     417   1.890420358E-06
     418   1.881396872E-06
     419   1.872437839E-06
     420   1.863542648E-06
     421   1.980023829E-06
     422   1.970662014E-06
     423   1.961366438E-06
     424   1.952136479E-06
     425   1.942971519E-06
     426   2.045802104E-06
     427   2.036242281E-06
     428   2.026749310E-06
     429   2.017322569E-06
     430   2.007961443E-06
     431   2.121463507E-06
     432   2.111664599E-06
     433   2.101933426E-06
     434   2.092269364E-06
     435   2.082671799E-06
     436   2.333411921E-06
     437   2.322757072E-06
     438   2.312175036E-06
     439   2.301665149E-06
     440   2.291226758E-06
     441   2.281384176E-06
     442   2.271084473E-06
     443   2.260854363E-06
     444   2.250693220E-06
     445   2.240600425E-06
     446   2.518678506E-06
     447   2.507434405E-06
     448   2.496265433E-06
     449   2.485170920E-06
     450   2.474150206E-06
     451   2.511730637E-06
     452   2.500641318E-06
     453   2.489625277E-06
     454   2.478681870E-06
     455   2.467810458E-06
     456   2.670537204E-06
     457   2.658875469E-06
     458   2.647289955E-06
     459   2.635779999E-06
     460   2.624344945E-06
     461   2.841657688E-06
     462   2.829382709E-06
     463   2.817187094E-06
     464   2.805070160E-06
     465   2.793031232E-06
     466   2.714970473E-06
     467   2.703368035E-06
     468   2.691839813E-06
     469   2.680385176E-06
     470   2.669003498E-06
     471   3.310727518E-06
     472   3.296728670E-06
     473   3.282818422E-06
     474   3.268996029E-06
     475   3.255260751E-06
     476   3.093024862E-06
     477   3.080083335E-06
     478   3.067222862E-06
     479   3.054442767E-06
     480   3.041742381E-06
     481   3.463062305E-06
     482   3.448722503E-06
     483   3.434471583E-06
     484   3.420308814E-06
     485   3.406233469E-06
     486   3.332091626E-06
     487   3.318435513E-06
     488   3.304863179E-06
     489   3.291373942E-06
     490   3.277967123E-06
     491   3.325417632E-06
     492   3.311927094E-06
     493   3.298518482E-06
     494   3.285191135E-06
     495   3.271944396E-06
     496   3.926364603E-06
     497   3.910596070E-06
     498   3.894922339E-06
     499   3.879342649E-06
     500   3.863856252E-06
     501   3.512670905E-06
     502   3.498704023E-06
     503   3.484820277E-06
     504   3.471019009E-06
     505   3.457299566E-06
     506   3.992461682E-06
     507   3.976743328E-06
     508   3.961117618E-06
     509   3.945583823E-06
     510   3.930141225E-06
     511   3.869535304E-06
     512   3.854449396E-06
     513   3.839451538E-06
     514   3.824541047E-06
     515   3.809717244E-06
     516   3.975456591E-06
     517   3.960107337E-06
     518   3.944846808E-06
     519   3.929674320E-06
     520   3.914589198E-06
     521   4.427511914E-06
     522   4.410580702E-06
     523   4.393746424E-06
     524   4.377008343E-06
     525   4.360365726E-06
     526   3.836328250E-06
     527   3.821796704E-06
     528   3.807347567E-06
     529   3.792980218E-06
     530   3.778694040E-06
     531   4.639180237E-06
     532   4.621772431E-06
     533   4.604462422E-06
     534   4.587249479E-06
     535   4.570132876E-06
     536   4.446739329E-06
     537   4.430208700E-06
     538   4.413770077E-06
     539   4.397422781E-06
     540   4.381166135E-06
     541   4.984012770E-06
     542   4.965655448E-06
     543   4.947399362E-06
     544   4.929243768E-06
     545   4.911187930E-06
     546   5.059838251E-06
     547   5.041371688E-06
     548   5.023006035E-06
     549   5.004740559E-06
     550   4.986574531E-06
     551   4.508350848E-06
     552   4.492045781E-06
     553   4.475829010E-06
     554   4.459699896E-06
     555   4.443657810E-06
     556   5.426777865E-06
     557   5.407327048E-06
     558   5.387980619E-06
     559   5.368737831E-06
     560   5.349597946E-06
     561   5.104969405E-06
     562   5.086834523E-06
     563   5.068796102E-06
     564   5.050853461E-06
     565   5.033005923E-06
     566   5.677888778E-06
     567   5.657896211E-06
     568   5.638009054E-06
     569   5.618226566E-06
     570   5.598548014E-06
     571   5.546395075E-06
     572   5.527035930E-06
     573   5.507777965E-06
     574   5.488620476E-06
     575   5.469562766E-06
     576   5.624116982E-06
     577   5.604656370E-06
     578   5.585296589E-06
     579   5.566036946E-06
     580   5.546876750E-06
     581   6.064614337E-06
     582   6.043809486E-06
     583   6.023111508E-06
     584   6.002519674E-06
     585   5.982033258E-06
     586   5.731239296E-06
     587   5.711745285E-06
     588   5.692350564E-06
     589   5.673054460E-06
     590   5.653856307E-06
     591   6.352105631E-06
     592   6.330682003E-06
     593   6.309366575E-06
     594   6.288158620E-06
     595   6.267057417E-06
     596   6.399516541E-06
     597   6.378113476E-06
     598   6.356817605E-06
     599   6.335628213E-06
     600   6.314544591E-06
     601   6.539479500E-06
     602   6.517789684E-06
     603   6.496207599E-06
     604   6.474732533E-06
     605   6.453363778E-06
     606   6.563014831E-06
     607   6.541425967E-06
     608   6.519943451E-06
     609   6.498566588E-06
     610   6.477294684E-06
     611   6.193097919E-06
     612   6.172892053E-06
     613   6.152784913E-06
     614   6.132775856E-06
     615   6.112864246E-06
     616   7.133180070E-06
     617   7.110095345E-06
     618   7.087122500E-06
     619   7.064260815E-06
     620   7.041509572E-06
     621   6.821785436E-06
     622   6.799885643E-06
     623   6.778091138E-06
     624   6.756401246E-06
     625   6.734815299E-06
     626   7.161536815E-06
     627   7.138729373E-06
     628   7.116030711E-06
     629   7.093440137E-06
     630   7.070956967E-06
     631   6.909113446E-06
     632   6.887283704E-06
     633   6.865557257E-06
     634   6.843933454E-06
     635   6.822411651E-06
     636   7.261521833E-06
     637   7.238758442E-06
     638   7.216101921E-06
     639   7.193551602E-06
     640   7.171106824E-06
     641   7.567928569E-06
     642   7.544389133E-06
     643   7.520959353E-06
     644   7.497638549E-06
     645   7.474426046E-06
     646   7.025464802E-06
     647   7.003781269E-06
     648   6.982197968E-06
     649   6.960714282E-06
     650   6.939329599E-06
     651   7.641688481E-06
     652   7.618283616E-06
     653   7.594986113E-06
     654   7.571795316E-06
     655   7.548710574E-06
     656   7.317582504E-06
     657   7.295340612E-06
     658   7.273199973E-06
     659   7.251159973E-06
     660   7.229220003E-06
     661   7.577870370E-06
     662   7.555011033E-06
     663   7.532254975E-06
     664   7.509601577E-06
     665   7.487050221E-06
     666   7.851950008E-06
     667   7.828441176E-06
     668   7.805037765E-06
     669   7.781739144E-06
     670   7.758544691E-06
     671   7.542778411E-06
     672   7.520363022E-06
     673   7.498047405E-06
     674   7.475830968E-06
     675   7.453713125E-06
     676   8.303387699E-06
     677   8.278893930E-06
     678   8.254508381E-06
     679   8.230230415E-06
     680   8.206059400E-06
     681   7.939090365E-06
     682   7.915842663E-06
     683   7.892696924E-06
     684   7.869652554E-06
     685   7.846708960E-06
     686   8.697473589E-06
     687   8.672190235E-06
     688   8.647016969E-06
     689   8.621953152E-06
     690   8.596998150E-06
     691   8.354166688E-06
     692   8.330056539E-06
     693   8.306050613E-06
     694   8.282148309E-06
     695   8.258349032E-06
     696   8.240327339E-06
     697   8.216716086E-06
     698   8.193206169E-06
     699   8.169797008E-06
     700   8.146488030E-06
     701   9.177481979E-06
     702   9.151372500E-06
     703   9.125374282E-06
     704   9.099486696E-06
     705   9.073709113E-06
     706   8.221897431E-06
     707   8.198671732E-06
     708   8.175544308E-06
     709   8.152514606E-06
     710   8.129582075E-06
     711   9.203479198E-06
     712   9.177662987E-06
     713   9.151955248E-06
     714   9.126355373E-06
     715   9.100862760E-06
     716   8.782687732E-06
     717   8.758223420E-06
     718   8.733861186E-06
     719   8.709600460E-06
     720   8.685440681E-06
     721   9.291729276E-06
     722   9.266026014E-06
     723   9.240429257E-06
     724   9.214938418E-06
     725   9.189552912E-06
     726   9.575375647E-06
     727   9.549069670E-06
     728   9.522871948E-06
     729   9.496781888E-06
     730   9.470798901E-06
     731   8.989907663E-06
     732   8.965378584E-06
     733   8.940949759E-06
     734   8.916620644E-06
     735   8.892390697E-06
     736   9.959050407E-06
     737   9.932061110E-06
     738   9.905181378E-06
     739   9.878410617E-06
     740   9.851748241E-06
     741   9.706582526E-06
     742   9.680454444E-06
     743   9.654431717E-06
     744   9.628513780E-06
     745   9.602700070E-06
     746   1.023097144E-05
     747   1.020361590E-05
     748   1.017636993E-05
     749   1.014923294E-05
     750   1.012220436E-05
     751   1.006397065E-05
     752   1.003724032E-05
     753   1.001061634E-05
     754   9.984098149E-06
     755   9.957685190E-06
     756   9.365048028E-06
     757   9.340338139E-06
     758   9.315725917E-06
     759   9.291210849E-06
     760   9.266792423E-06
     761   1.071923424E-05
     762   1.069113664E-05
     763   1.066314937E-05
     764   1.063527186E-05
     765   1.060750352E-05
     766   9.886897498E-06
     767   9.861150369E-06
     768   9.835503684E-06
     769   9.809956921E-06
     770   9.784509562E-06
     771   1.038011581E-05
     772   1.035325910E-05
     773   1.032650650E-05
     774   1.029985745E-05
     775   1.027331142E-05
     776   1.020542001E-05
     777   1.017918499E-05
     778   1.015305101E-05
     779   1.012701755E-05
     780   1.010108409E-05
     781   1.071418153E-05
     782   1.068681453E-05
     783   1.065955225E-05
     784   1.063239415E-05
     785   1.060533971E-05
     786   1.077457537E-05
     787   1.074722873E-05
     788   1.071998608E-05
     789   1.069284687E-05
     790   1.066581060E-05
     791   1.061844596E-05
     792   1.059166552E-05
     793   1.056498626E-05
     794   1.053840768E-05
     795   1.051192927E-05
     796   1.097074869E-05
     797   1.094325308E-05
     798   1.091586071E-05
     799   1.088857105E-05
     800   1.086138361E-05
     801   1.105163375E-05
     802   1.102410789E-05
     803   1.099668473E-05
     804   1.096936378E-05
     805   1.094214451E-05
     806   1.137533774E-05
     807   1.134718097E-05
     808   1.131912860E-05
     809   1.129118014E-05
     810   1.126333506E-05
     811   1.171387829E-05
     812   1.168506186E-05
     813   1.165635163E-05
     814   1.162774709E-05
     815   1.159924771E-05
     816   1.202157329E-05
     817   1.199218069E-05
     818   1.196289575E-05
     819   1.193371796E-05
     820   1.190464678E-05
     821   1.316610024E-05
     822   1.313410485E-05
     823   1.310222596E-05
     824   1.307046299E-05
     825   1.303881538E-05
     826   1.307365204E-05
     827   1.304207317E-05
     828   1.301060857E-05
     829   1.297925771E-05
     830   1.294802003E-05
     831   1.378070264E-05
     832   1.374761572E-05
     833   1.371464782E-05
     834   1.368179836E-05
     835   1.364906679E-05
     836   1.321814160E-05
     837   1.318659473E-05
     838   1.315516065E-05
     839   1.312383884E-05
     840   1.309262876E-05
     841   1.332631233E-05
     842   1.329469593E-05
     843   1.326319192E-05
     844   1.323179975E-05
     845   1.320051889E-05
     846   1.430970806E-05
     847   1.427595875E-05
     848   1.424232869E-05
     849   1.420881733E-05
     850   1.417542411E-05
     851   1.350302861E-05
     852   1.347136852E-05
     853   1.343981964E-05
     854   1.340838147E-05
     855   1.337705348E-05
     856   1.381534918E-05
     857   1.378314556E-05
     858   1.375105442E-05
     859   1.371907523E-05
     860   1.368720746E-05
     861   1.280709331E-05
     862   1.277741291E-05
     863   1.274783556E-05
     864   1.271836080E-05
     865   1.268898814E-05
     866   1.356716227E-05
     867   1.353590153E-05
     868   1.350474870E-05
     869   1.347370330E-05
     870   1.344276483E-05
     871   1.472227973E-05
     872   1.468855171E-05
     873   1.465493947E-05
     874   1.462144246E-05
     875   1.458806017E-05
     876   1.542263240E-05
     877   1.538750112E-05
     878   1.535248974E-05
     879   1.531759772E-05
     880   1.528282451E-05
     881   1.798158961E-05
     882   1.794086121E-05
     883   1.790027102E-05
     884   1.785981843E-05
     885   1.781950282E-05
     886   1.908067853E-05
     887   1.903770403E-05
     888   1.899487455E-05
     889   1.895218944E-05
     890   1.890964805E-05
     891   2.055236602E-05
     892   2.050633609E-05
     893   2.046046062E-05
     894   2.041473892E-05
     895   2.036917030E-05
     896   2.065681277E-05
     897   2.061080651E-05
     898   2.056495377E-05
     899   2.051925387E-05
     900   2.047370614E-05
     901   2.033530185E-05
     902   2.029026242E-05
     903   2.024537246E-05
     904   2.020063131E-05
     905   2.015603830E-05
     906   2.250803004E-05
     907   2.245845288E-05
     908   2.240903934E-05
     909   2.235978871E-05
     910   2.231070026E-05
     911   2.314645014E-05
     912   2.309574597E-05
     913   2.304520824E-05
     914   2.299483620E-05
     915   2.294462913E-05
     916   2.636652050E-05
     917   2.630907710E-05
     918   2.625182122E-05
     919   2.619475204E-05
     920   2.613786876E-05
     921   2.661270989E-05
     922   2.655504421E-05
     923   2.649756576E-05
     924   2.644027372E-05
     925   2.638316730E-05
     926   2.615329805E-05
     927   2.609693318E-05
     928   2.604075033E-05
     929   2.598474872E-05
     930   2.592892756E-05
     931   2.608718092E-05
     932   2.603125985E-05
     933   2.597551839E-05
     934   2.591995579E-05
     935   2.586457127E-05
     936   2.046089576E-05
     937   2.041726912E-05
     938   2.037378186E-05
     939   2.033043338E-05
     940   2.028722311E-05
     941   1.750335170E-05
     942   1.746622901E-05
     943   1.742922428E-05
     944   1.739233704E-05
     945   1.735556677E-05
     946   1.175885523E-05
     947   1.173404752E-05
     948   1.170931823E-05
     949   1.168466703E-05
     950   1.166009360E-05
     951   6.016143787E-06
     952   6.003518091E-06
     953   5.990932100E-06
     954   5.978385645E-06
     955   5.965878562E-06
     956   3.241609089E-07
     957   3.234841638E-07
     958   3.228095357E-07
     959   3.221370158E-07
     960   3.214665954E-07
     961  -4.231782765E-06
     962  -4.222994015E-06
     963  -4.214232617E-06
     964  -4.205498456E-06
     965  -4.196791420E-06
     966  -7.551982424E-06
     967  -7.536379155E-06
     968  -7.520824193E-06
     969  -7.505317339E-06
     970  -7.489858395E-06
     971  -5.012415159E-06
     972  -5.002112147E-06
     973  -4.991840870E-06
     974  -4.981601196E-06
     975  -4.971392997E-06
     976   5.856762547E-06
     977   5.844785527E-06
     978   5.832845209E-06
     979   5.820941444E-06
     980   5.809074081E-06
     981   2.829071751E-05
     982   2.823315756E-05
     983   2.817577309E-05
     984   2.811856340E-05
     985   2.806152778E-05
     986   6.179957219E-05
     987   6.167447184E-05
     988   6.154975097E-05
     989   6.142540804E-05
     990   6.130144152E-05
     991   1.149619810E-04
     992   1.147304362E-04
     993   1.144995903E-04
     994   1.142694403E-04
     995   1.140399836E-04
     996   1.723546465E-04
     997   1.720092464E-04
     998   1.716648836E-04
     999   1.713215538E-04
    1000   1.709792530E-04
    1001   2.337898022E-04
    1002   2.333236212E-04
    1003   2.328588331E-04
    1004   2.323954324E-04
    1005   2.319334137E-04
    1006   2.841560050E-04
    1007   2.835922034E-04
    1008   2.830300781E-04
    1009   2.824696225E-04
    1010   2.819108300E-04
    1011   3.270947541E-04
    1012   3.264489599E-04
    1013   3.258050763E-04
    1014   3.251630959E-04
    1015   3.245230111E-04
    1016   3.731765888E-04
    1017   3.724434325E-04
    1018   3.717124346E-04
    1019   3.709835866E-04
    1020   3.702568803E-04
    1021   3.599810782E-04
    1022   3.592773029E-04
    1023   3.585755894E-04
    1024   3.578759297E-04
    1025   3.571783158E-04
    1026   3.136067387E-04
    1027   3.129966089E-04
    1028   3.123882578E-04
    1029   3.117816787E-04
    1030   3.111768646E-04
    1031   1.782240938E-04
    1032   1.778790327E-04
    1033   1.775349726E-04
    1034   1.771919099E-04
    1035   1.768498406E-04
    1036  -7.522524635E-05
    1037  -7.508030368E-05
    1038  -7.493577951E-05
    1039  -7.479167224E-05
    1040  -7.464798027E-05
    1041  -4.921160895E-04
    1042  -4.911724345E-04
    1043  -4.902314911E-04
    1044  -4.892932491E-04
    1045  -4.883576979E-04
    1046  -1.012320732E-03
    1047  -1.010388822E-03
    1048  -1.008462437E-03
    1049  -1.006541556E-03
    1050  -1.004626158E-03
    1051  -1.597869004E-03
    1052  -1.594834116E-03
    1053  -1.591807865E-03
    1054  -1.588790220E-03
    1055  -1.585781147E-03
    1056  -2.012902299E-03
    1057  -2.009097191E-03
    1058  -2.005302862E-03
    1059  -2.001519271E-03
    1060  -1.997746379E-03
    1061  -2.322498923E-03
    1062  -2.318129217E-03
    1063  -2.313771831E-03
    1064  -2.309426720E-03
    1065  -2.305093837E-03
    1066  -2.408564430E-03
    1067  -2.404054010E-03
    1068  -2.399556248E-03
    1069  -2.395071096E-03
    1070  -2.390598508E-03
    1071  -2.210640983E-03
    1072  -2.206520496E-03
    1073  -2.202411519E-03
    1074  -2.198314010E-03
    1075  -2.194227924E-03
    1076  -1.645993000E-03
    1077  -1.642939210E-03
    1078  -1.639893910E-03
    1079  -1.636857070E-03
    1080  -1.633828657E-03
    1081  -6.073709874E-04
    1082  -6.062493420E-04
    1083  -6.051308008E-04
    1084  -6.040153523E-04
    1085  -6.029029852E-04
    1086   1.421830908E-03
    1087   1.419217248E-03
    1088   1.416610789E-03
    1089   1.414011503E-03
    1090   1.411419364E-03
    1091   4.613056775E-03
    1092   4.604615683E-03
    1093   4.596197739E-03
    1094   4.587802857E-03
    1095   4.579430954E-03
    1096   9.108018916E-03
    1097   9.091428717E-03
    1098   9.074883806E-03
    1099   9.058384017E-03
    1100   9.041929187E-03
    1101   1.427395955E-02
    1102   1.424807749E-02
    1103   1.422226575E-02
    1104   1.419652410E-02
    1105   1.417085226E-02
    1106   1.790244991E-02
    1107   1.787013502E-02
    1108   1.783790754E-02
    1109   1.780576717E-02
    1110   1.777371358E-02
    1111   2.143842532E-02
    1112   2.139990165E-02
    1113   2.136148172E-02
    1114   2.132316516E-02
    1115   2.128495160E-02
    1116   2.275602088E-02
    1117   2.271531244E-02
    1118   2.267471313E-02
    1119   2.263422257E-02
    1120   2.259384037E-02
    1121   2.449021595E-02
    1122   2.444660025E-02
    1123   2.440310096E-02
    1124   2.435971767E-02
    1125   2.431644996E-02
    1126   2.363886178E-02
    1127   2.359694890E-02
    1128   2.355514740E-02
    1129   2.351345687E-02
    1130   2.347187693E-02
    1131   2.298304636E-02
    1132   2.294247611E-02
    1133   2.290201319E-02
    1134   2.286165722E-02
    1135   2.282140783E-02
    1136   2.115748379E-02
    1137   2.112030016E-02
    1138   2.108321447E-02
    1139   2.104622637E-02
    1140   2.100933553E-02
    1141   1.791375376E-02
    1142   1.788240861E-02
    1143   1.785114566E-02
    1144   1.781996462E-02
    1145   1.778886520E-02
    1146   1.394325984E-02
    1147   1.391896845E-02
    1148   1.389474048E-02
    1149   1.387057572E-02
    1150   1.384647393E-02
    1151   8.270753248E-03
    1152   8.256406755E-03
    1153   8.242097558E-03
    1154   8.227825527E-03
    1155   8.213590535E-03
    1156   4.055597760E-03
    1157   4.048593273E-03
    1158   4.041606917E-03
    1159   4.034638629E-03
    1160   4.027688347E-03
    1161   8.262357058E-04
    1162   8.248148361E-04
    1163   8.233976285E-04
    1164   8.219840703E-04
    1165   8.205741491E-04
    1166  -1.091441247E-03
    1167  -1.089572341E-03
    1168  -1.087708231E-03
    1169  -1.085848901E-03
    1170  -1.083994334E-03
    1171  -2.181020614E-03
    1172  -2.177301909E-03
    1173  -2.173592706E-03
    1174  -2.169892974E-03
    1175  -2.166202680E-03
    1176  -2.519614797E-03
    1177  -2.515337013E-03
    1178  -2.511070114E-03
    1179  -2.506814063E-03
    1180  -2.502568823E-03
    1181  -2.745077274E-03
    1182  -2.740436399E-03
    1183  -2.735807284E-03
    1184  -2.731189888E-03
    1185  -2.726584171E-03
    1186  -2.689862997E-03
    1187  -2.685334609E-03
    1188  -2.680817645E-03
    1189  -2.676312070E-03
    1190  -2.671817843E-03
    1191  -2.285565630E-03
    1192  -2.281734003E-03
    1193  -2.277912003E-03
    1194  -2.274099598E-03
    1195  -2.270296756E-03
    1196  -1.840468518E-03
    1197  -1.837395949E-03
    1198  -1.834331069E-03
    1199  -1.831273850E-03
    1200  -1.828224268E-03
    1201  -1.143734122E-03
    1202  -1.141832652E-03
    1203  -1.139935920E-03
    1204  -1.138043910E-03
    1205  -1.136156607E-03
    1206  -6.077303584E-04
    1207  -6.067241823E-04
    1208  -6.057205030E-04
    1209  -6.047193120E-04
    1210  -6.037206014E-04
    1211  -1.706772886E-04
    1212  -1.703958751E-04
    1213  -1.701151570E-04
    1214  -1.698351320E-04
    1215  -1.695557979E-04
    1216   8.497994070E-05
    1217   8.484040057E-05
    1218   8.470120385E-05
    1219   8.456234942E-05
    1220   8.442383615E-05
    1221   2.242577346E-04
    1222   2.238910008E-04
    1223   2.235251658E-04
    1224   2.231602268E-04
    1225   2.227961807E-04
    1226   2.672141745E-04
    1227   2.667789722E-04
    1228   2.663448323E-04
    1229   2.659117513E-04
    1230   2.654797257E-04
    1231   2.893177088E-04
    1232   2.888484181E-04
    1233   2.883802683E-04
    1234   2.879132557E-04
    1235   2.874473767E-04
    1236   2.519519176E-04
    1237   2.515448870E-04
    1238   2.511388420E-04
    1239   2.507337793E-04
    1240   2.503296959E-04
    1241   2.095810842E-04
    1242   2.092438661E-04
    1243   2.089074611E-04
    1244   2.085718668E-04
    1245   2.082370805E-04
    1246   1.584377490E-04
    1247   1.581838423E-04
    1248   1.579305455E-04
    1249   1.576778567E-04
    1250   1.574257738E-04
    1251   9.026435838E-05
    1252   9.012028119E-05
    1253   8.997654869E-05
    1254   8.983315976E-05
    1255   8.969011333E-05
    1256   3.575695888E-05
    1257   3.570011157E-05
    1258   3.564339972E-05
    1259   3.558682289E-05
    1260   3.553038067E-05
    1261  -1.055421303E-05
    1262  -1.053750010E-05
    1263  -1.052082685E-05
    1264  -1.050419313E-05
    1265  -1.048759882E-05
    1266  -4.319775345E-05
    1267  -4.312961820E-05
    1268  -4.306164401E-05
    1269  -4.299383040E-05
    1270  -4.292617685E-05
    1271  -6.313224655E-05
    1272  -6.303305999E-05
    1273  -6.293410699E-05
    1274  -6.283538682E-05
    1275  -6.273689875E-05
    1276  -7.036800894E-05
    1277  -7.025788686E-05
    1278  -7.014802309E-05
    1279  -7.003841680E-05
    1280  -6.992906720E-05
    1281  -7.171725189E-05
    1282  -7.160545570E-05
    1283  -7.149392073E-05
    1284  -7.138264614E-05
    1285  -7.127163114E-05
    1286  -6.590978934E-05
    1287  -6.580744495E-05
    1288  -6.570533875E-05
    1289  -6.560347001E-05
    1290  -6.550183798E-05
    1291  -6.112686270E-05
    1292  -6.103231225E-05
    1293  -6.093798101E-05
    1294  -6.084386830E-05
    1295  -6.074997344E-05
    1296  -4.904513760E-05
    1297  -4.896956728E-05
    1298  -4.889417148E-05
    1299  -4.881894968E-05
    1300  -4.874390133E-05
    1301  -3.796833562E-05
    1302  -3.791005728E-05
    1303  -3.785191302E-05
    1304  -3.779390243E-05
    1305  -3.773602509E-05
    1306  -2.785340982E-05
    1307  -2.781082051E-05
    1308  -2.776832881E-05
    1309  -2.772593441E-05
    1310  -2.768363703E-05
    1311  -2.033747951E-05
    1312  -2.030650087E-05
    1313  -2.027559295E-05
    1314  -2.024475555E-05
    1315  -2.021398844E-05
    1316  -1.560688253E-05
    1317  -1.558319986E-05
    1318  -1.555957105E-05
    1319  -1.553599594E-05
    1320  -1.551247437E-05
    1321  -1.224101513E-05
    1322  -1.222251019E-05
    1323  -1.220404719E-05
    1324  -1.218562598E-05
    1325  -1.216724646E-05
    1326  -1.144862346E-05
    1327  -1.143138155E-05
    1328  -1.141417857E-05
    1329  -1.139701439E-05
    1330  -1.137988890E-05
    1331  -1.155177884E-05
    1332  -1.153444684E-05
    1333  -1.151715381E-05
    1334  -1.149989965E-05
    1335  -1.148268423E-05
    1336  -1.220189306E-05
    1337  -1.218365406E-05
    1338  -1.216545592E-05
    1339  -1.214729852E-05
    1340  -1.212918174E-05
    1341  -1.247492125E-05
    1342  -1.245634356E-05
    1343  -1.243780734E-05
    1344  -1.241931245E-05
    1345  -1.240085880E-05
    1346  -1.219154088E-05
    1347  -1.217345254E-05
    1348  -1.215540443E-05
    1349  -1.213739642E-05
    1350  -1.211942840E-05
    1351  -1.175912806E-05
    1352  -1.174174576E-05
    1353  -1.172440197E-05
    1354  -1.170709658E-05
    1355  -1.168982948E-05
    1356  -1.149400520E-05
    1357  -1.147707736E-05
    1358  -1.146018688E-05
    1359  -1.144333367E-05
    1360  -1.142651760E-05
    1361  -1.140649410E-05
    1362  -1.138975677E-05
    1363  -1.137305624E-05
    1364  -1.135639242E-05
    1365  -1.133976520E-05
    1366  -1.166337115E-05
    1367  -1.164631944E-05
    1368  -1.162930509E-05
    1369  -1.161232800E-05
    1370  -1.159538806E-05
    1371  -1.232211119E-05
    1372  -1.230416201E-05
    1373  -1.228625202E-05
    1374  -1.226838111E-05
    1375  -1.225054916E-05
    1376  -1.333014492E-05
    1377  -1.331079783E-05
    1378  -1.329149283E-05
    1379  -1.327222980E-05
    1380  -1.325300861E-05
    1381  -1.298804691E-05
    1382  -1.296926448E-05
    1383  -1.295052277E-05
    1384  -1.293182165E-05
    1385  -1.291316102E-05
    1386  -1.299370638E-05
    1387  -1.297498346E-05
    1388  -1.295630098E-05
    1389  -1.293765882E-05
    1390  -1.291905687E-05
    1391  -1.190252704E-05
    1392  -1.188543799E-05
    1393  -1.186838571E-05
    1394  -1.185137010E-05
    1395  -1.183439106E-05
    1396  -1.149544341E-05
    1397  -1.147899785E-05
    1398  -1.146258756E-05
    1399  -1.144621244E-05
    1400  -1.142987238E-05
    1401  -1.069203148E-05
    1402  -1.067678981E-05
    1403  -1.066158071E-05
    1404  -1.064640408E-05
    1405  -1.063125983E-05
    1406  -9.644852017E-06
    1407  -9.631151943E-06
    1408  -9.617481039E-06
    1409  -9.603839222E-06
    1410  -9.590226409E-06
    1411  -9.392883311E-06
    1412  -9.379588360E-06
    1413  -9.366321615E-06
    1414  -9.353082998E-06
    1415  -9.339872429E-06
    1416  -8.951190726E-06
    1417  -8.938565633E-06
    1418  -8.925967232E-06
    1419  -8.913395447E-06
    1420  -8.900850204E-06
    1421  -8.928680521E-06
    1422  -8.916131426E-06
    1423  -8.903608770E-06
    1424  -8.891112477E-06
    1425  -8.878642473E-06
    1426  -8.977549867E-06
    1427  -8.964976268E-06
    1428  -8.952429065E-06
    1429  -8.939908185E-06
    1430  -8.927413555E-06
    1431  -8.708164702E-06
    1432  -8.696010948E-06
    1433  -8.683882620E-06
    1434  -8.671779648E-06
    1435  -8.659701960E-06
    1436  -8.866947519E-06
    1437  -8.854615186E-06
    1438  -8.842308563E-06
    1439  -8.830027579E-06
    1440  -8.817772163E-06
    1441  -8.608526523E-06
    1442  -8.596595093E-06
    1443  -8.584688452E-06
    1444  -8.572806530E-06
    1445  -8.560949260E-06
    1446  -8.372462773E-06
    1447  -8.360898598E-06
    1448  -8.349358365E-06
    1449  -8.337842009E-06
    1450  -8.326349463E-06
    1451  -8.094685952E-06
    1452  -8.083543921E-06
    1453  -8.072424878E-06
    1454  -8.061328761E-06
    1455  -8.050255508E-06
    1456  -7.409207151E-06
    1457  -7.399043629E-06
    1458  -7.388901006E-06
    1459  -7.378779224E-06
    1460  -7.368678225E-06
    1461  -7.548241663E-06
    1462  -7.537922809E-06
    1463  -7.527625100E-06
    1464  -7.517348479E-06
    1465  -7.507092888E-06
    1466  -7.068570939E-06
    1467  -7.058940733E-06
    1468  -7.049330195E-06
    1469  -7.039739269E-06
    1470  -7.030167904E-06
    1471  -7.180695280E-06
    1472  -7.170945524E-06
    1473  -7.161215612E-06
    1474  -7.151505489E-06
    1475  -7.141815102E-06
    1476  -7.012203350E-06
    1477  -7.002714577E-06
    1478  -6.993245051E-06
    1479  -6.983794719E-06
    1480  -6.974363531E-06
    1481  -7.121903328E-06
    1482  -7.112298604E-06
    1483  -7.102713296E-06
    1484  -7.093147352E-06
    1485  -7.083600720E-06
    1486  -7.203909336E-06
    1487  -7.194226662E-06
    1488  -7.184563497E-06
    1489  -7.174919787E-06
    1490  -7.165295482E-06
    1491  -6.845255148E-06
    1492  -6.836085348E-06
    1493  -6.826933962E-06
    1494  -6.817800940E-06
    1495  -6.808686233E-06
    1496  -6.706055545E-06
    1497  -6.697102200E-06
    1498  -6.688166773E-06
    1499  -6.679249217E-06
    1500  -6.670349485E-06
    1501  -6.560665591E-06
    1502  -6.551935497E-06
    1503  -6.543222817E-06
    1504  -6.534527504E-06
    1505  -6.525849513E-06
    1506  -6.432834306E-06
    1507  -6.424302695E-06
    1508  -6.415788046E-06
    1509  -6.407290314E-06
    1510  -6.398809453E-06
    1511  -6.421610088E-06
    1512  -6.413121509E-06
    1513  -6.404649750E-06
    1514  -6.396194767E-06
    1515  -6.387756515E-06
    1516  -6.239458804E-06
    1517  -6.231238173E-06
    1518  -6.223033778E-06
    1519  -6.214845576E-06
    1520  -6.206673524E-06
    1521  -6.287854957E-06
    1522  -6.279597761E-06
    1523  -6.271356819E-06
    1524  -6.263132089E-06
    1525  -6.254923528E-06
    1526  -6.401400307E-06
    1527  -6.393021511E-06
    1528  -6.384659155E-06
    1529  -6.376313195E-06
    1530  -6.367983589E-06
    1531  -6.337119464E-06
    1532  -6.328851859E-06
    1533  -6.320600422E-06
    1534  -6.312365112E-06
    1535  -6.304145887E-06
    1536  -6.197253020E-06
    1537  -6.189194173E-06
    1538  -6.181151036E-06
    1539  -6.173123567E-06
    1540  -6.165111726E-06
    1541  -5.999051494E-06
    1542  -5.991275665E-06
    1543  -5.983514946E-06
    1544  -5.975769295E-06
    1545  -5.968038675E-06
    1546  -6.027430255E-06
    1547  -6.019642878E-06
    1548  -6.011870582E-06
    1549  -6.004113330E-06
    1550  -5.996371082E-06
    1551  -5.586262914E-06
    1552  -5.579068757E-06
    1553  -5.571888488E-06
    1554  -5.564722072E-06
    1555  -5.557569473E-06
    1556  -5.576248515E-06
    1557  -5.569090302E-06
    1558  -5.561945863E-06
    1559  -5.554815163E-06
    1560  -5.547698167E-06
    1561  -5.361495009E-06
    1562  -5.354634491E-06
    1563  -5.347787132E-06
    1564  -5.340952900E-06
    1565  -5.334131759E-06
    1566  -5.325112350E-06
    1567  -5.318320115E-06
    1568  -5.311540867E-06
    1569  -5.304774573E-06
    1570  -5.298021200E-06
    1571  -5.314423470E-06
    1572  -5.307666416E-06
    1573  -5.300922240E-06
    1574  -5.294190910E-06
    1575  -5.287472394E-06
    1576  -5.256291135E-06
    1577  -5.249629169E-06
    1578  -5.242979860E-06
    1579  -5.236343177E-06
    1580  -5.229719087E-06
    1581  -5.231605338E-06
    1582  -5.224995603E-06
    1583  -5.218398387E-06
    1584  -5.211813657E-06
    1585  -5.205241382E-06
    1586  -5.205675079E-06
    1587  -5.199118813E-06
    1588  -5.192574925E-06
    1589  -5.186043384E-06
    1590  -5.179524159E-06
    1591  -5.165250860E-06
    1592  -5.158765925E-06
    1593  -5.152293195E-06
    1594  -5.145832639E-06
    1595  -5.139384227E-06
    1596  -4.936611106E-06
    1597  -4.930432619E-06
    1598  -4.924265723E-06
    1599  -4.918110391E-06
    1600  -4.911966593E-06
    1601  -4.818648825E-06
    1602  -4.812636787E-06
    1603  -4.806635993E-06
    1604  -4.800646415E-06
    1605  -4.794668026E-06
    1606  -4.728143739E-06
    1607  -4.722262963E-06
    1608  -4.716393152E-06
    1609  -4.710534279E-06
    1610  -4.704686316E-06
    1611  -4.659373889E-06
    1612  -4.653596612E-06
    1613  -4.647830073E-06
    1614  -4.642074247E-06
    1615  -4.636329105E-06
    1616  -4.552318957E-06
    1617  -4.546691863E-06
    1618  -4.541075197E-06
    1619  -4.535468931E-06
    1620  -4.529873041E-06
    1621  -4.431683969E-06
    1622  -4.426222867E-06
    1623  -4.420771854E-06
    1624  -4.415330904E-06
    1625  -4.409899993E-06
    1626  -4.487624702E-06
    1627  -4.482111649E-06
    1628  -4.476608750E-06
    1629  -4.471115978E-06
    1630  -4.465633310E-06
    1631  -4.523122697E-06
    1632  -4.517583049E-06
    1633  -4.512053572E-06
    1634  -4.506534240E-06
    1635  -4.501025029E-06
    1636  -4.365154714E-06
    1637  -4.359824855E-06
    1638  -4.354504751E-06
    1639  -4.349194380E-06
    1640  -4.343893716E-06
    1641  -4.344680156E-06
    1642  -4.339391440E-06
    1643  -4.334112375E-06
    1644  -4.328842937E-06
    1645  -4.323583104E-06
    1646  -4.184088880E-06
    1647  -4.179011103E-06
    1648  -4.173942563E-06
    1649  -4.168883239E-06
    1650  -4.163833107E-06
    1651  -4.096568494E-06
    1652  -4.091611969E-06
    1653  -4.086664433E-06
    1654  -4.081725866E-06
    1655  -4.076796245E-06
    1656  -3.914215702E-06
    1657  -3.909494090E-06
    1658  -3.904781017E-06
    1659  -3.900076462E-06
    1660  -3.895380404E-06
    1661  -3.776528826E-06
    1662  -3.771987000E-06
    1663  -3.767453361E-06
    1664  -3.762927892E-06
    1665  -3.758410572E-06
    1666  -3.778176624E-06
    1667  -3.773646436E-06
    1668  -3.769124391E-06
    1669  -3.764610470E-06
    1670  -3.760104652E-06
    1671  -3.742255508E-06
    1672  -3.737781801E-06
    1673  -3.733316112E-06
    1674  -3.728858421E-06
    1675  -3.724408709E-06
    1676  -3.744949562E-06
    1677  -3.740485975E-06
    1678  -3.736030364E-06
    1679  -3.731582708E-06
    1680  -3.727142991E-06
    1681  -3.682078008E-06
    1682  -3.677702395E-06
    1683  -3.673334578E-06
    1684  -3.668974537E-06
    1685  -3.664622254E-06
    1686  -3.568690365E-06
    1687  -3.564462059E-06
    1688  -3.560241263E-06
    1689  -3.556027960E-06
    1690  -3.551822131E-06
    1691  -3.515535877E-06
    1692  -3.511382852E-06
    1693  -3.507237181E-06
    1694  -3.503098848E-06
    1695  -3.498967835E-06
    1696  -3.315401906E-06
    1697  -3.311496839E-06
    1698  -3.307598667E-06
    1699  -3.303707375E-06
    1700  -3.299822945E-06
    1701  -3.224502761E-06
    1702  -3.220715911E-06
    1703  -3.216935728E-06
    1704  -3.213162196E-06
    1705  -3.209395300E-06
    1706  -3.020201282E-06
    1707  -3.016664746E-06
    1708  -3.013134419E-06
    1709  -3.009610285E-06
    1710  -3.006092330E-06
    1711  -2.910706850E-06
    1712  -2.907308477E-06
    1713  -2.903916052E-06
    1714  -2.900529561E-06
    1715  -2.897148990E-06
    1716  -2.923755053E-06
    1717  -2.920351380E-06
    1718  -2.916953647E-06
    1719  -2.913561840E-06
    1720  -2.910175946E-06
    1721  -2.813364990E-06
    1722  -2.810099331E-06
    1723  -2.806839355E-06
    1724  -2.803585049E-06
    1725  -2.800336398E-06
    1726  -2.885053156E-06
    1727  -2.881713974E-06
    1728  -2.878380586E-06
    1729  -2.875052979E-06
    1730  -2.871731138E-06
    1731  -2.774565075E-06
    1732  -2.771363038E-06
    1733  -2.768166541E-06
    1734  -2.764975571E-06
    1735  -2.761790116E-06
    1736  -2.756984274E-06
    1737  -2.753811680E-06
    1738  -2.750644559E-06
    1739  -2.747482899E-06
    1740  -2.744326686E-06
    1741  -2.700468564E-06
    1742  -2.697369920E-06
    1743  -2.694276606E-06
    1744  -2.691188610E-06
    1745  -2.688105919E-06
    1746  -2.539119335E-06
    1747  -2.536214164E-06
    1748  -2.533313976E-06
    1749  -2.530418760E-06
    1750  -2.527528504E-06
    1751  -2.494825077E-06
    1752  -2.491978728E-06
    1753  -2.489137247E-06
    1754  -2.486300624E-06
    1755  -2.483468846E-06
    1756  -2.352194047E-06
    1757  -2.349518059E-06
    1758  -2.346846634E-06
    1759  -2.344179763E-06
    1760  -2.341517435E-06
    1761  -2.336362150E-06
    1762  -2.333711711E-06
    1763  -2.331065779E-06
    1764  -2.328424345E-06
    1765  -2.325787398E-06
    1766  -2.210714014E-06
    1767  -2.208213207E-06
    1768  -2.205716640E-06
    1769  -2.203224305E-06
    1770  -2.200736192E-06
    1771  -2.195232944E-06
    1772  -2.192756652E-06
    1773  -2.190284548E-06
    1774  -2.187816621E-06
    1775  -2.185352864E-06
    1776  -2.210699020E-06
    1777  -2.208212294E-06
    1778  -2.205729762E-06
    1779  -2.203251414E-06
    1780  -2.200777240E-06
    1781  -2.157639431E-06
    1782  -2.155219197E-06
    1783  -2.152803032E-06
    1784  -2.150390927E-06
    1785  -2.147982875E-06
    1786  -2.129601915E-06
    1787  -2.127219810E-06
    1788  -2.124841699E-06
    1789  -2.122467574E-06
    1790  -2.120097426E-06
    1791  -2.027018214E-06
    1792  -2.024757178E-06
    1793  -2.022499924E-06
    1794  -2.020246442E-06
    1795  -2.017996725E-06
    1796  -1.954287754E-06
    1797  -1.952113908E-06
    1798  -1.949943687E-06
    1799  -1.947777083E-06
    1800  -1.945614088E-06
    1801  -1.841769152E-06
    1802  -1.839726147E-06
    1803  -1.837686539E-06
    1804  -1.835650322E-06
    1805  -1.833617486E-06
    1806  -1.716054746E-06
    1807  -1.714156455E-06
    1808  -1.712261313E-06
    1809  -1.710369311E-06
    1810  -1.708480444E-06
    1811  -1.664593203E-06
    1812  -1.662756917E-06
    1813  -1.660923668E-06
    1814  -1.659093449E-06
    1815  -1.657266253E-06
    1816  -1.592101913E-06
    1817  -1.590350425E-06
    1818  -1.588601827E-06
    1819  -1.586856111E-06
    1820  -1.585113270E-06
    1821  -1.604994040E-06
    1822  -1.603233213E-06
    1823  -1.601475282E-06
    1824  -1.599720240E-06
    1825  -1.597968082E-06
    1826  -1.546269067E-06
    1827  -1.544577307E-06
    1828  -1.542888321E-06
    1829  -1.541202105E-06
    1830  -1.539518651E-06
    1831  -1.510895390E-06
    1832  -1.509246841E-06
    1833  -1.507600989E-06
    1834  -1.505957827E-06
    1835  -1.504317350E-06
    1836  -1.497173758E-06
    1837  -1.495544624E-06
    1838  -1.493918148E-06
    1839  -1.492294324E-06
    1840  -1.490673146E-06
    1841  -1.452548240E-06
    1842  -1.450971953E-06
    1843  -1.449398230E-06
    1844  -1.447827067E-06
    1845  -1.446258457E-06
    1846  -1.386715319E-06
    1847  -1.385214545E-06
    1848  -1.383716206E-06
    1849  -1.382220296E-06
    1850  -1.380726811E-06
    1851  -1.287563675E-06
    1852  -1.286173968E-06
    1853  -1.284786509E-06
    1854  -1.283401295E-06
    1855  -1.282018319E-06
    1856  -1.213481162E-06
    1857  -1.212174939E-06
    1858  -1.210870824E-06
    1859  -1.209568813E-06
    1860  -1.208268900E-06
    1861  -1.178491286E-06
    1862  -1.177226132E-06
    1863  -1.175963014E-06
    1864  -1.174701927E-06
    1865  -1.173442868E-06
    1866  -1.144289650E-06
    1867  -1.143064501E-06
    1868  -1.141841318E-06
    1869  -1.140620097E-06
    1870  -1.139400835E-06
    1871  -1.142376281E-06
    1872  -1.141156446E-06
    1873  -1.139938563E-06
    1874  -1.138722628E-06
    1875  -1.137508638E-06
    1876  -1.093471314E-06
    1877  -1.092306808E-06
    1878  -1.091144161E-06
    1879  -1.089983369E-06
    1880  -1.088824429E-06
    1881  -1.097328346E-06
    1882  -1.096162836E-06
    1883  -1.094999181E-06
    1884  -1.093837378E-06
    1885  -1.092677423E-06
    1886  -1.050958249E-06
    1887  -1.049844945E-06
    1888  -1.048733410E-06
    1889  -1.047623640E-06
    1890  -1.046515629E-06
    1891  -1.006476652E-06
    1892  -1.005413285E-06
    1893  -1.004351602E-06
    1894  -1.003291601E-06
    1895  -1.002233276E-06
    1896  -9.664669546E-07
    1897  -9.654485489E-07
    1898  -9.644317521E-07
    1899  -9.634165608E-07
    1900  -9.624029716E-07
    1901  -8.612224857E-07
    1902  -8.603173648E-07
    1903  -8.594136701E-07
    1904  -8.585113986E-07
    1905  -8.576105472E-07
    1906  -8.221263506E-07
    1907  -8.212645829E-07
    1908  -8.204041695E-07
    1909  -8.195451076E-07
    1910  -8.186873942E-07
    1911  -7.672068473E-07
    1912  -7.664047492E-07
    1913  -7.656039083E-07
    1914  -7.648043220E-07
    1915  -7.640059876E-07
    1916  -7.395623157E-07
    1917  -7.387911350E-07
    1918  -7.380211599E-07
    1919  -7.372523878E-07
    1920  -7.364848164E-07
    1921  -7.176641772E-07
    1922  -7.169177766E-07
    1923  -7.161725398E-07
    1924  -7.154284645E-07
    1925  -7.146855481E-07
    1926  -7.053473434E-07
    1927  -7.046156553E-07
    1928  -7.038851051E-07
    1929  -7.031556905E-07
    1930  -7.024274091E-07
    1931  -7.061530448E-07
    1932  -7.054224157E-07
    1933  -7.046929199E-07
    1934  -7.039645551E-07
    1935  -7.032373190E-07
    1936  -6.714349048E-07
    1937  -6.707419895E-07
    1938  -6.700501463E-07
    1939  -6.693593730E-07
    1940  -6.686696673E-07
    1941  -6.396113507E-07
    1942  -6.389529756E-07
    1943  -6.382956166E-07
    1944  -6.376392715E-07
    1945  -6.369839382E-07
    1946  -6.087780472E-07
    1947  -6.081530184E-07
    1948  -6.075289517E-07
    1949  -6.069058451E-07
    1950  -6.062836966E-07
    1951  -5.511932991E-07
    1952  -5.506288411E-07
    1953  -5.500652496E-07
    1954  -5.495025230E-07
    1955  -5.489406595E-07
    1956  -5.310221653E-07
    1957  -5.304797525E-07
    1958  -5.299381703E-07
    1959  -5.293974171E-07
    1960  -5.288574911E-07
    1961  -4.809727335E-07
    1962  -4.804826950E-07
    1963  -4.799934051E-07
    1964  -4.795048622E-07
    1965  -4.790170648E-07
    1966  -4.738418013E-07
    1967  -4.733602548E-07
    1968  -4.728794419E-07
    1969  -4.723993613E-07
    1970  -4.719200114E-07
    1971  -4.662873757E-07
    1972  -4.658147073E-07
    1973  -4.653427573E-07
    1974  -4.648715241E-07
    1975  -4.644010063E-07
    1976  -4.491691362E-07
    1977  -4.487149713E-07
    1978  -4.482614948E-07
    1979  -4.478087054E-07
    1980  -4.473566017E-07
    1981  -4.441179419E-07
    1982  -4.436700166E-07
    1983  -4.432227686E-07
    1984  -4.427761965E-07
    1985  -4.423302990E-07
    1986  -4.175270599E-07
    1987  -4.171070126E-07
    1988  -4.166875988E-07
    1989  -4.162688173E-07
    1990  -4.158506668E-07
    1991  -4.097526492E-07
    1992  -4.093414574E-07
    1993  -4.089308842E-07
    1994  -4.085209284E-07
    1995  -4.081115888E-07
    1996  -3.744670712E-07
    1997  -3.740922293E-07
    1998  -3.737179499E-07
    1999  -3.733442320E-07
    2000  -3.729710743E-07
    2001  -3.355580463E-07
    2002  -3.352229908E-07
    2003  -3.348884369E-07
    2004  -3.345543836E-07
    2005  -3.342208299E-07
    2006  -3.110250404E-07
    2007  -3.107152545E-07
    2008  -3.104059312E-07
    2009  -3.100970696E-07
    2010  -3.097886687E-07
    2011  -2.857399053E-07
    2012  -2.854560108E-07
    2013  -2.851725390E-07
    2014  -2.848894894E-07
    2015  -2.846068609E-07
    2016  -2.774533683E-07
    2017  -2.771783897E-07
    2018  -2.769038197E-07
    2019  -2.766296575E-07
    2020  -2.763559023E-07
    2021  -2.655265265E-07
    2022  -2.652640188E-07
    2023  -2.650019002E-07
    2024  -2.647401700E-07
    2025  -2.644788272E-07
    2026  -2.570003036E-07
    2027  -2.567468516E-07
    2028  -2.564937743E-07
    2029  -2.562410711E-07
    2030  -2.559887412E-07
    2031  -2.554983896E-07
    2032  -2.552470385E-07
    2033  -2.549960581E-07
    2034  -2.547454477E-07
    2035  -2.544952066E-07
    2036  -2.396377462E-07
    2037  -2.394025767E-07
    2038  -2.391677532E-07
    2039  -2.389332750E-07
    2040  -2.386991415E-07
    2041  -2.342888935E-07
    2042  -2.340595358E-07
    2043  -2.338305147E-07
    2044  -2.336018296E-07
    2045  -2.333734799E-07
    2046  -2.131800878E-07
    2047  -2.129719041E-07
    2048  -2.127640252E-07
    2049  -2.125564506E-07
    2050  -2.123491795E-07
    2051  -1.967676475E-07
    2052  -1.965759596E-07
    2053  -1.963845517E-07
    2054  -1.961934231E-07
    2055  -1.960025735E-07
    2056  -1.827829003E-07
    2057  -1.826052688E-07
    2058  -1.824278960E-07
    2059  -1.822507815E-07
    2060  -1.820739249E-07
    2061  -1.704031064E-07
    2062  -1.702379071E-07
    2063  -1.700729479E-07
    2064  -1.699082283E-07
    2065  -1.697437479E-07
    2066  -1.639351239E-07
    2067  -1.637765793E-07
    2068  -1.636182645E-07
    2069  -1.634601793E-07
    2070  -1.633023230E-07
    2071  -1.558806291E-07
    2072  -1.557302377E-07
    2073  -1.555800639E-07
    2074  -1.554301072E-07
    2075  -1.552803673E-07
    2076  -1.554375689E-07
    2077  -1.552879658E-07
    2078  -1.551385787E-07
    2079  -1.549894069E-07
    2080  -1.548404503E-07
    2081  -1.507786447E-07
    2082  -1.506338741E-07
    2083  -1.504893118E-07
    2084  -1.503449576E-07
    2085  -1.502008109E-07
    2086  -1.455035988E-07
    2087  -1.453642276E-07
    2088  -1.452250564E-07
    2089  -1.450860851E-07
    2090  -1.449473131E-07
    2091  -1.340254578E-07
    2092  -1.338973876E-07
    2093  -1.337695009E-07
    2094  -1.336417973E-07
    2095  -1.335142765E-07
    2096  -1.245917308E-07
    2097  -1.244729589E-07
    2098  -1.243543568E-07
    2099  -1.242359241E-07
    2100  -1.241176605E-07
    2101  -1.131017520E-07
    2102  -1.129941897E-07
    2103  -1.128867808E-07
    2104  -1.127795249E-07
    2105  -1.126724219E-07
    2106  -9.927072765E-08
    2107  -9.917654290E-08
    2108  -9.908249212E-08
    2109  -9.898857507E-08
    2110  -9.889479148E-08
    2111  -9.332209612E-08
    2112  -9.323376474E-08
    2113  -9.314555872E-08
    2114  -9.305747782E-08
    2115  -9.296952179E-08
    2116  -8.822077441E-08
    2117  -8.813746867E-08
    2118  -8.805428088E-08
    2119  -8.797121080E-08
    2120  -8.788825822E-08
    2121  -8.552528917E-08
    2122  -8.544471895E-08
    2123  -8.536426252E-08
    2124  -8.528391969E-08
    2125  -8.520369023E-08
    2126  -8.231526374E-08
    2127  -8.223789977E-08
    2128  -8.216064481E-08
    2129  -8.208349867E-08
    2130  -8.200646113E-08
    2131  -8.037791768E-08
    2132  -8.030255160E-08
    2133  -8.022729148E-08
    2134  -8.015213711E-08
    2135  -8.007708829E-08
    2136  -7.855389346E-08
    2137  -7.848040993E-08
    2138  -7.840702946E-08
    2139  -7.833375186E-08
    2140  -7.826057694E-08
    2141  -7.403600055E-08
    2142  -7.396690489E-08
    2143  -7.389790591E-08
    2144  -7.382900344E-08
    2145  -7.376019728E-08
    2146  -6.948983104E-08
    2147  -6.942512914E-08
    2148  -6.936051758E-08
    2149  -6.929599617E-08
    2150  -6.923156474E-08
    2151  -6.336373058E-08
    2152  -6.330486970E-08
    2153  -6.324609081E-08
    2154  -6.318739374E-08
    2155  -6.312877835E-08
    2156  -5.873450884E-08
    2157  -5.868007464E-08
    2158  -5.862571607E-08
    2159  -5.857143300E-08
    2160  -5.851722528E-08
    2161  -5.739921573E-08
    2162  -5.734614202E-08
    2163  -5.729314189E-08
    2164  -5.724021520E-08
    2165  -5.718736182E-08
    2166  -5.364689088E-08
    2167  -5.359740113E-08
    2168  -5.354797983E-08
    2169  -5.349862685E-08
    2170  -5.344934207E-08
    2171  -5.244927459E-08
    2172  -5.240100098E-08
    2173  -5.235279399E-08
    2174  -5.230465349E-08
    2175  -5.225657936E-08
    2176  -5.075362660E-08
    2177  -5.070702088E-08
    2178  -5.066047933E-08
    2179  -5.061400182E-08
    2180  -5.056758825E-08
    2181  -5.066154287E-08
    2182  -5.061512826E-08
    2183  -5.056877741E-08
    2184  -5.052249020E-08
    2185  -5.047626652E-08
    2186  -4.949740816E-08
    2187  -4.945216373E-08
    2188  -4.940698131E-08
    2189  -4.936186078E-08
    2190  -4.931680203E-08
    2191  -4.716018351E-08
    2192  -4.711717377E-08
    2193  -4.707422283E-08
    2194  -4.703133060E-08
    2195  -4.698849697E-08
    2196  -4.660366724E-08
    2197  -4.656126172E-08
    2198  -4.651891405E-08
    2199  -4.647662413E-08
    2200  -4.643439185E-08
    2201  -4.377144610E-08
    2202  -4.373170806E-08
    2203  -4.369202412E-08
    2204  -4.365239416E-08
    2205  -4.361281810E-08
    2206  -4.271350095E-08
    2207  -4.267481119E-08
    2208  -4.263617396E-08
    2209  -4.259758919E-08
    2210  -4.255905677E-08
    2211  -4.091209710E-08
    2212  -4.087512277E-08
    2213  -4.083819854E-08
    2214  -4.080132432E-08
    2215  -4.076450002E-08
    2216  -3.953054639E-08
    2217  -3.949490117E-08
    2218  -3.945930415E-08
    2219  -3.942375522E-08
    2220  -3.938825432E-08
    2221  -4.011946089E-08
    2222  -4.008336601E-08
    2223  -4.004731981E-08
    2224  -4.001132222E-08
    2225  -3.997537315E-08
    2226  -3.865494064E-08
    2227  -3.862024142E-08
    2228  -3.858558889E-08
    2229  -3.855098298E-08
    2230  -3.851642360E-08
    2231  -3.902483018E-08
    2232  -3.898987735E-08
    2233  -3.895497146E-08
    2234  -3.892011243E-08
    2235  -3.888530016E-08
    2236  -3.836530463E-08
    2237  -3.833101928E-08
    2238  -3.829677987E-08
    2239  -3.826258631E-08
    2240  -3.822843854E-08
    2241  -3.733808742E-08
    2242  -3.730479443E-08
    2243  -3.727154595E-08
    2244  -3.723834190E-08
    2245  -3.720518220E-08
    2246  -3.845517369E-08
    2247  -3.842096090E-08
    2248  -3.838679375E-08
    2249  -3.835267215E-08
    2250  -3.831859604E-08
    2251  -3.717517631E-08
    2252  -3.714217571E-08
    2253  -3.710921903E-08
    2254  -3.707630620E-08
    2255  -3.704343713E-08
    2256  -3.753124878E-08
    2257  -3.749800586E-08
    2258  -3.746480710E-08
    2259  -3.743165240E-08
    2260  -3.739854170E-08
    2261  -3.682802962E-08
    2262  -3.679548164E-08
    2263  -3.676297680E-08
    2264  -3.673051501E-08
    2265  -3.669809620E-08
    2266  -3.680691212E-08
    2267  -3.677445453E-08
    2268  -3.674203985E-08
    2269  -3.670966800E-08
    2270  -3.667733893E-08
    2271  -3.709817965E-08
    2272  -3.706553717E-08
    2273  -3.703293775E-08
    2274  -3.700038133E-08
    2275  -3.696786781E-08
    2276  -3.589241703E-08
    2277  -3.586090481E-08
    2278  -3.582943407E-08
    2279  -3.579800474E-08
    2280  -3.576661675E-08
    2281  -3.664339415E-08
    2282  -3.661129306E-08
    2283  -3.657923414E-08
    2284  -3.654721730E-08
    2285  -3.651524249E-08
    2286  -3.638399237E-08
    2287  -3.635218818E-08
    2288  -3.632042568E-08
    2289  -3.628870478E-08
    2290  -3.625702542E-08
    2291  -3.666041790E-08
    2292  -3.662844196E-08
    2293  -3.659650783E-08
    2294  -3.656461545E-08
    2295  -3.653276474E-08
    2296  -3.705691340E-08
    2297  -3.702466196E-08
    2298  -3.699245259E-08
    2299  -3.696028524E-08
    2300  -3.692815983E-08
    2301  -3.694063969E-08
    2302  -3.690855924E-08
    2303  -3.687652056E-08
    2304  -3.684452358E-08
    2305  -3.681256822E-08
    2306  -3.863336358E-08
    2307  -3.859988580E-08
    2308  -3.856645151E-08
    2309  -3.853306064E-08
    2310  -3.849971312E-08
    2311  -3.821119110E-08
    2312  -3.817815073E-08
    2313  -3.814515319E-08
    2314  -3.811219841E-08
    2315  -3.807928632E-08
    2316  -3.848727178E-08
    2317  -3.845406447E-08
    2318  -3.842090012E-08
    2319  -3.838777865E-08
    2320  -3.835470000E-08
    2321  -3.803964125E-08
    2322  -3.800689080E-08
    2323  -3.797418264E-08
    2324  -3.794151667E-08
    2325  -3.790889284E-08
    2326  -3.788995019E-08
    2327  -3.785739868E-08
    2328  -3.782488911E-08
    2329  -3.779242139E-08
    2330  -3.775999546E-08
    2331  -3.847458852E-08
    2332  -3.844160559E-08
    2333  -3.840866505E-08
    2334  -3.837576684E-08
    2335  -3.834291087E-08
    2336  -3.792230345E-08
    2337  -3.788986350E-08
    2338  -3.785746516E-08
    2339  -3.782510835E-08
    2340  -3.779279301E-08
    2341  -3.865092807E-08
    2342  -3.861793538E-08
    2343  -3.858498493E-08
    2344  -3.855207662E-08
    2345  -3.851921040E-08
    2346  -3.893079834E-08
    2347  -3.889763753E-08
    2348  -3.886451906E-08
    2349  -3.883144288E-08
    2350  -3.879840890E-08
    2351  -4.010000047E-08
    2352  -4.006591632E-08
    2353  -4.003187561E-08
    2354  -3.999787827E-08
    2355  -3.996392421E-08
    2356  -3.997527661E-08
    2357  -3.994137052E-08
    2358  -3.990750756E-08
    2359  -3.987368764E-08
    2360  -3.983991069E-08
    2361  -4.028968664E-08
    2362  -4.025558618E-08
    2363  -4.022152900E-08
    2364  -4.018751502E-08
    2365  -4.015354418E-08
    2366  -4.095650146E-08
    2367  -4.092190982E-08
    2368  -4.088736199E-08
    2369  -4.085285788E-08
    2370  -4.081839744E-08
    2371  -4.044694964E-08
    2372  -4.041286035E-08
    2373  -4.037881413E-08
    2374  -4.034481092E-08
    2375  -4.031085064E-08
    2376  -4.022479401E-08
    2377  -4.019096323E-08
    2378  -4.015717512E-08
    2379  -4.012342959E-08
    2380  -4.008972658E-08
    2381  -4.027769356E-08
    2382  -4.024388937E-08
    2383  -4.021012771E-08
    2384  -4.017640853E-08
    2385  -4.014273174E-08
    2386  -3.981331302E-08
    2387  -3.977996854E-08
    2388  -3.974666592E-08
    2389  -3.971340512E-08
    2390  -3.968018604E-08
    2391  -4.069329245E-08
    2392  -4.065928218E-08
    2393  -4.062531452E-08
    2394  -4.059138941E-08
    2395  -4.055750679E-08
    2396  -4.017798827E-08
    2397  -4.014447869E-08
    2398  -4.011101101E-08
    2399  -4.007758517E-08
    2400  -4.004420109E-08
    2401  -4.127963634E-08
    2402  -4.124527959E-08
    2403  -4.121096571E-08
    2404  -4.117669464E-08
    2405  -4.114246630E-08
    2406  -4.123411902E-08
    2407  -4.119987141E-08
    2408  -4.116566645E-08
    2409  -4.113150407E-08
    2410  -4.109738420E-08
    2411  -4.165113061E-08
    2412  -4.161660833E-08
    2413  -4.158212896E-08
    2414  -4.154769241E-08
    2415  -4.151329862E-08
    2416  -4.171203478E-08
    2417  -4.167753351E-08
    2418  -4.164307503E-08
    2419  -4.160865926E-08
    2420  -4.157428615E-08
    2421  -4.061550780E-08
    2422  -4.058198282E-08
    2423  -4.054849934E-08
    2424  -4.051505728E-08
    2425  -4.048165657E-08
    2426  -4.126819785E-08
    2427  -4.123420428E-08
    2428  -4.120025269E-08
    2429  -4.116634302E-08
    2430  -4.113247519E-08
    2431  -4.022835940E-08
    2432  -4.019529047E-08
    2433  -4.016226229E-08
    2434  -4.012927481E-08
    2435  -4.009632795E-08
    2436  -4.080265782E-08
    2437  -4.076918559E-08
    2438  -4.073575452E-08
    2439  -4.070236456E-08
    2440  -4.066901563E-08
    2441  -4.031935694E-08
    2442  -4.028634887E-08
    2443  -4.025338132E-08
    2444  -4.022045422E-08
    2445  -4.018756750E-08
    2446  -3.978136553E-08
    2447  -3.974886441E-08
    2448  -3.971640311E-08
    2449  -3.968398156E-08
    2450  -3.965159969E-08
    2451  -4.049181577E-08
    2452  -4.045880165E-08
    2453  -4.042582790E-08
    2454  -4.039289443E-08
    2455  -4.036000119E-08
    2456  -4.027034978E-08
    2457  -4.023758302E-08
    2458  -4.020485624E-08
    2459  -4.017216936E-08
    2460  -4.013952233E-08
    2461  -4.042790274E-08
    2462  -4.039507456E-08
    2463  -4.036228635E-08
    2464  -4.032953805E-08
    2465  -4.029682958E-08
    2466  -4.001376374E-08
    2467  -3.998133768E-08
    2468  -3.994895101E-08
    2469  -3.991660368E-08
    2470  -3.988429563E-08
    2471  -3.942824744E-08
    2472  -3.939636046E-08
    2473  -3.936451215E-08
    2474  -3.933270245E-08
    2475  -3.930093128E-08
    2476  -3.969057415E-08
    2477  -3.965853979E-08
    2478  -3.962654420E-08
    2479  -3.959458731E-08
    2480  -3.956266906E-08
    2481  -3.859064328E-08
    2482  -3.855955940E-08
    2483  -3.852851306E-08
    2484  -3.849750419E-08
    2485  -3.846653275E-08
    2486  -3.878861003E-08
    2487  -3.875742948E-08
    2488  -3.872628650E-08
    2489  -3.869518105E-08
    2490  -3.866411306E-08
    2491  -3.815460554E-08
    2492  -3.812399615E-08
    2493  -3.809342358E-08
    2494  -3.806288777E-08
    2495  -3.803238866E-08
    2496  -3.789995724E-08
    2497  -3.786961300E-08
    2498  -3.783930519E-08
    2499  -3.780903374E-08
    2500  -3.777879861E-08
    2501  -3.753643076E-08
    2502  -3.750643761E-08
    2503  -3.747648039E-08
    2504  -3.744655905E-08
    2505  -3.741667353E-08
    2506  -3.647942582E-08
    2507  -3.645033537E-08
    2508  -3.642127971E-08
    2509  -3.639225877E-08
    2510  -3.636327250E-08
    2511  -3.720611399E-08
    2512  -3.717650307E-08
    2513  -3.714692749E-08
    2514  -3.711738719E-08
    2515  -3.708788211E-08
    2516  -3.630750898E-08
    2517  -3.627867061E-08
    2518  -3.624986658E-08
    2519  -3.622109685E-08
    2520  -3.619236135E-08
    2521  -3.635993708E-08
    2522  -3.633111430E-08
    2523  -3.630232578E-08
    2524  -3.627357146E-08
    2525  -3.624485129E-08
    2526  -3.520799865E-08
    2527  -3.518014422E-08
    2528  -3.515232283E-08
    2529  -3.512453443E-08
    2530  -3.509677897E-08
    2531  -3.476899563E-08
    2532  -3.474154281E-08
    2533  -3.471412249E-08
    2534  -3.468673463E-08
    2535  -3.465937916E-08
    2536  -3.486405552E-08
    2537  -3.483658188E-08
    2538  -3.480914070E-08
    2539  -3.478173192E-08
    2540  -3.475435551E-08
    2541  -3.407916001E-08
    2542  -3.405235768E-08
    2543  -3.402558696E-08
    2544  -3.399884780E-08
    2545  -3.397214014E-08
    2546  -3.380050460E-08
    2547  -3.377397359E-08
    2548  -3.374747380E-08
    2549  -3.372100520E-08
    2550  -3.369456772E-08
    2551  -3.297062146E-08
    2552  -3.294479253E-08
    2553  -3.291899395E-08
    2554  -3.289322565E-08
    2555  -3.286748761E-08
    2556  -3.279640702E-08
    2557  -3.277076480E-08
    2558  -3.274515263E-08
    2559  -3.271957048E-08
    2560  -3.269401830E-08
    2561  -3.214503286E-08
    2562  -3.211994895E-08
    2563  -3.209489438E-08
    2564  -3.206986912E-08
    2565  -3.204487312E-08
    2566  -3.165371268E-08
    2567  -3.162906026E-08
    2568  -3.160443662E-08
    2569  -3.157984173E-08
    2570  -3.155527554E-08
    2571  -3.163631833E-08
    2572  -3.161172733E-08
    2573  -3.158716500E-08
    2574  -3.156263128E-08
    2575  -3.153812613E-08
    2576  -3.076255066E-08
    2577  -3.073868523E-08
    2578  -3.071484755E-08
    2579  -3.069103759E-08
    2580  -3.066725530E-08
    2581  -3.084100560E-08
    2582  -3.081712562E-08
    2583  -3.079327335E-08
    2584  -3.076944877E-08
    2585  -3.074565182E-08
    2586  -3.024488331E-08
    2587  -3.022151014E-08
    2588  -3.019816405E-08
    2589  -3.017484501E-08
    2590  -3.015155296E-08
    2591  -2.952209461E-08
    2592  -2.949932400E-08
    2593  -2.947657973E-08
    2594  -2.945386175E-08
    2595  -2.943117002E-08
    2596  -2.917274260E-08
    2597  -2.915028475E-08
    2598  -2.912785283E-08
    2599  -2.910544679E-08
    2600  -2.908306659E-08
    2601  -2.794412183E-08
    2602  -2.792265112E-08
    2603  -2.790120515E-08
    2604  -2.787978388E-08
    2605  -2.785838727E-08
    2606  -2.799147096E-08
    2607  -2.797000510E-08
    2608  -2.794856393E-08
    2609  -2.792714741E-08
    2610  -2.790575549E-08
    2611  -2.692173793E-08
    2612  -2.690113193E-08
    2613  -2.688054958E-08
    2614  -2.685999084E-08
    2615  -2.683945568E-08
    2616  -2.690371894E-08
    2617  -2.688316606E-08
    2618  -2.686263672E-08
    2619  -2.684213089E-08
    2620  -2.682164853E-08
    2621  -2.613708888E-08
    2622  -2.611715972E-08
    2623  -2.609725335E-08
    2624  -2.607736973E-08
    2625  -2.605750882E-08
    2626  -2.599978876E-08
    2627  -2.598000202E-08
    2628  -2.596023784E-08
    2629  -2.594049622E-08
    2630  -2.592077710E-08
    2631  -2.570894736E-08
    2632  -2.568941911E-08
    2633  -2.566991310E-08
    2634  -2.565042929E-08
    2635  -2.563096766E-08
    2636  -2.489729405E-08
    2637  -2.487841816E-08
    2638  -2.485956374E-08
    2639  -2.484073073E-08
    2640  -2.482191912E-08
    2641  -2.462227297E-08
    2642  -2.460364091E-08
    2643  -2.458502998E-08
    2644  -2.456644017E-08
    2645  -2.454787143E-08
    2646  -2.375930418E-08
    2647  -2.374135909E-08
    2648  -2.372343432E-08
    2649  -2.370552984E-08
    2650  -2.368764562E-08
    2651  -2.290251082E-08
    2652  -2.288524545E-08
    2653  -2.286799960E-08
    2654  -2.285077324E-08
    2655  -2.283356633E-08
    2656  -2.257870278E-08
    2657  -2.256171353E-08
    2658  -2.254474346E-08
    2659  -2.252779252E-08
    2660  -2.251086070E-08
    2661  -2.152213934E-08
    2662  -2.150597551E-08
    2663  -2.148982988E-08
    2664  -2.147370243E-08
    2665  -2.145759312E-08
    2666  -2.178490658E-08
    2667  -2.176857606E-08
    2668  -2.175226390E-08
    2669  -2.173597007E-08
    2670  -2.171969454E-08
    2671  -2.123262926E-08
    2672  -2.121674252E-08
    2673  -2.120087361E-08
    2674  -2.118502249E-08
    2675  -2.116918914E-08
    2676  -2.060872916E-08
    2677  -2.059333803E-08
    2678  -2.057796413E-08
    2679  -2.056260744E-08
    2680  -2.054726793E-08
    2681  -2.046975664E-08
    2682  -2.045449778E-08
    2683  -2.043925598E-08
    2684  -2.042403121E-08
    2685  -2.040882344E-08
    2686  -1.965965700E-08
    2687  -1.964502928E-08
    2688  -1.963041788E-08
    2689  -1.961582277E-08
    2690  -1.960124393E-08
    2691  -1.962049224E-08
    2692  -1.960592077E-08
    2693  -1.959136552E-08
    2694  -1.957682647E-08
    2695  -1.956230360E-08
    2696  -1.856051925E-08
    2697  -1.854676053E-08
    2698  -1.853301710E-08
    2699  -1.851928893E-08
    2700  -1.850557602E-08
