      50   0.000000000E+00
      51   0.000000000E+00
      52   0.000000000E+00
      53   0.000000000E+00
      54   0.000000000E+00
      55   0.000000000E+00
      56   0.000000000E+00
      57   0.000000000E+00
      58   0.000000000E+00
      59   0.000000000E+00
      60   0.000000000E+00
      61   0.000000000E+00
      62   0.000000000E+00
      63   0.000000000E+00
      64   0.000000000E+00
      65   0.000000000E+00
      66   0.000000000E+00
      67   0.000000000E+00
      68   0.000000000E+00
      69   0.000000000E+00
      70   0.000000000E+00
      71   7.933549473E-12
      72   7.716191953E-12
      73   7.507646225E-12
      74   7.307442325E-12
      75   7.115141212E-12
      76   1.056803340E-11
      77   1.029705818E-11
      78   1.003637317E-11
      79   9.785463837E-12
      80   9.543847446E-12
      81   3.194682967E-11
      82   3.117702654E-11
      83   3.043471639E-11
      84   2.971860541E-11
      85   2.902747506E-11
      86   0.000000000E+00
      87   0.000000000E+00
      88   0.000000000E+00
      89   0.000000000E+00
      90   0.000000000E+00
      91   0.000000000E+00
      92   0.000000000E+00
      93   0.000000000E+00
      94   0.000000000E+00
      95   0.000000000E+00
      96   0.000000000E+00
      97   0.000000000E+00
      98   0.000000000E+00
      99   0.000000000E+00
     100   0.000000000E+00
     101   0.000000000E+00
     102   0.000000000E+00
     103   0.000000000E+00
     104   0.000000000E+00
     105   0.000000000E+00
     106   0.000000000E+00
     107   0.000000000E+00
     108   0.000000000E+00
     109   0.000000000E+00
     110   0.000000000E+00
     111   2.182217002E-11
     112   2.143593692E-11
     113   2.105986785E-11
     114   2.069360928E-11
     115   2.033682291E-11
     116   2.126209981E-11
     117   2.090172524E-11
     118   2.055043574E-11
     119   2.020792848E-11
     120   1.987391313E-11
     121   0.000000000E+00
     122   0.000000000E+00
     123   0.000000000E+00
     124   0.000000000E+00
     125   0.000000000E+00
     126   0.000000000E+00
     127   0.000000000E+00
     128   0.000000000E+00
     129   0.000000000E+00
     130   0.000000000E+00
     131   0.000000000E+00
     132   0.000000000E+00
     133   0.000000000E+00
     134   0.000000000E+00
     135   0.000000000E+00
     136   0.000000000E+00
     137   0.000000000E+00
     138   0.000000000E+00
     139   0.000000000E+00
     140   0.000000000E+00
     141   0.000000000E+00
     142   0.000000000E+00
     143   0.000000000E+00
     144   0.000000000E+00
     145   0.000000000E+00
     146   0.000000000E+00
     147   0.000000000E+00
     148   0.000000000E+00
     149   0.000000000E+00
     150   0.000000000E+00
     151   0.000000000E+00
     152   0.000000000E+00
     153   0.000000000E+00
     154   0.000000000E+00
     155   0.000000000E+00
     156   0.000000000E+00
     157   0.000000000E+00
     158   0.000000000E+00
     159   0.000000000E+00
     160   0.000000000E+00
     161   3.369153773E-11
     162   3.327814463E-11
     163   3.287231360E-11
     164   3.247386131E-11
     165   3.208260997E-11
     166   0.000000000E+00
     167   0.000000000E+00
     168   0.000000000E+00
     169   0.000000000E+00
     170   0.000000000E+00
     171   1.852327366E-12
     172   1.830913177E-12
     173   1.809868198E-12
     174   1.789183990E-12
     175   1.768852353E-12
     176   1.070278713E-10
     177   1.058253110E-10
     178   1.046429052E-10
     179   1.034802063E-10
     180   1.023367786E-10
     181   7.478549680E-11
     182   7.396816896E-11
     183   7.316416713E-11
     184   7.237320316E-11
     185   7.159499667E-11
     186   1.824117316E-10
     187   1.804711813E-10
     188   1.785614333E-10
     189   1.766818393E-10
     190   1.748317677E-10
     191   1.345908116E-10
     192   1.331960881E-10
     193   1.318229326E-10
     194   1.304709025E-10
     195   1.291395668E-10
     196   2.153336863E-10
     197   2.131585985E-10
     198   2.110163010E-10
     199   2.089061380E-10
     200   2.068274700E-10
     201   2.160206167E-10
     202   2.138923348E-10
     203   2.117953511E-10
     204   2.097290550E-10
     205   2.076928506E-10
     206   0.000000000E+00
     207   0.000000000E+00
     208   0.000000000E+00
     209   0.000000000E+00
     210   0.000000000E+00
     211   0.000000000E+00
     212   0.000000000E+00
     213   0.000000000E+00
     214   0.000000000E+00
     215   0.000000000E+00
     216   0.000000000E+00
     217   0.000000000E+00
     218   0.000000000E+00
     219   0.000000000E+00
     220   0.000000000E+00
     221   0.000000000E+00
     222   0.000000000E+00
     223   0.000000000E+00
     224   0.000000000E+00
     225   0.000000000E+00
     226   0.000000000E+00
     227   0.000000000E+00
     228   0.000000000E+00
     229   0.000000000E+00
     230   0.000000000E+00
     231   0.000000000E+00
     232   0.000000000E+00
     233   0.000000000E+00
     234   0.000000000E+00
     235   0.000000000E+00
     236   0.000000000E+00
     237   0.000000000E+00
     238   0.000000000E+00
     239   0.000000000E+00
     240   0.000000000E+00
     241   0.000000000E+00
     242   0.000000000E+00
     243   0.000000000E+00
     244   0.000000000E+00
     245   0.000000000E+00
     246   0.000000000E+00
     247   0.000000000E+00
     248   0.000000000E+00
     249   0.000000000E+00
     250   0.000000000E+00
     251   4.705465378E-10
     252   4.668268023E-10
     253   4.631510007E-10
     254   4.595184438E-10
     255   4.559284560E-10
     256   5.079579703E-10
     257   5.040203116E-10
     258   5.001282629E-10
     259   4.962811224E-10
     260   4.924782019E-10
     261   1.062549411E-09
     262   1.054469188E-09
     263   1.046480785E-09
     264   1.038582817E-09
     265   1.030773923E-09
     266   1.074631514E-09
     267   1.066611876E-09
     268   1.058681676E-09
     269   1.050839590E-09
     270   1.043084316E-09
     271   1.930452744E-09
     272   1.916310233E-09
     273   1.902322567E-09
     274   1.888487494E-09
     275   1.874802802E-09
     276   1.985312496E-09
     277   1.971029672E-09
     278   1.956900427E-09
     279   1.942922567E-09
     280   1.929093937E-09
     281   1.231996925E-08
     282   1.223290233E-08
     283   1.214675513E-08
     284   1.206151474E-08
     285   1.197716848E-08
     286   1.972119827E-08
     287   1.958424551E-08
     288   1.944871440E-08
     289   1.931458533E-08
     290   1.918183904E-08
     291   2.830943221E-08
     292   2.811619376E-08
     293   2.792492714E-08
     294   2.773560560E-08
     295   2.754820286E-08
     296   3.447254493E-08
     297   3.424118556E-08
     298   3.401214753E-08
     299   3.378539988E-08
     300   3.356091218E-08
     301   4.203410693E-08
     302   4.175665408E-08
     303   4.148193925E-08
     304   4.120992653E-08
     305   4.094058061E-08
     306   6.523894807E-08
     307   6.481531854E-08
     308   6.439580192E-08
     309   6.398034513E-08
     310   6.356889596E-08
     311   6.073471641E-08
     312   6.034663515E-08
     313   5.996226168E-08
     314   5.958154891E-08
     315   5.920445050E-08
     316   6.761501774E-08
     317   6.718976606E-08
     318   6.676851360E-08
     319   6.635121039E-08
     320   6.593780721E-08
     321   8.104344948E-08
     322   8.054163245E-08
     323   8.004446188E-08
     324   7.955188058E-08
     325   7.906383223E-08
     326   8.250971516E-08
     327   8.200660714E-08
     328   8.150808673E-08
     329   8.101409833E-08
     330   8.052458716E-08
     331   9.865719428E-08
     332   9.806465858E-08
     333   9.747744505E-08
     334   9.689549016E-08
     335   9.631873129E-08
     336   9.555261090E-08
     337   9.498721083E-08
     338   9.442681431E-08
     339   9.387136246E-08
     340   9.332079728E-08
     341   1.160507116E-07
     342   1.153740310E-07
     343   1.147032518E-07
     344   1.140383054E-07
     345   1.133791244E-07
     346   1.275154467E-07
     347   1.267825993E-07
     348   1.260560515E-07
     349   1.253357312E-07
     350   1.246215675E-07
     351   1.154877505E-07
     352   1.148334289E-07
     353   1.141846525E-07
     354   1.135413587E-07
     355   1.129034859E-07
     356   1.429489902E-07
     357   1.421503925E-07
     358   1.413584683E-07
     359   1.405731434E-07
     360   1.397943449E-07
     361   1.269210252E-07
     362   1.262217358E-07
     363   1.255282098E-07
     364   1.248403839E-07
     365   1.241581961E-07
     366   1.665383704E-07
     367   1.656332706E-07
     368   1.647355293E-07
     369   1.638450670E-07
     370   1.629618051E-07
     371   1.527313881E-07
     372   1.519124530E-07
     373   1.511000870E-07
     374   1.502942199E-07
     375   1.494947825E-07
     376   1.633711236E-07
     377   1.625067262E-07
     378   1.616491709E-07
     379   1.607983858E-07
     380   1.599542998E-07
     381   1.838101973E-07
     382   1.828503530E-07
     383   1.818980074E-07
     384   1.809530827E-07
     385   1.800155019E-07
     386   1.693081401E-07
     387   1.684354177E-07
     388   1.675694258E-07
     389   1.667100954E-07
     390   1.658573584E-07
     391   2.011720350E-07
     392   2.001482588E-07
     393   1.991322777E-07
     394   1.981240130E-07
     395   1.971233867E-07
     396   1.960700237E-07
     397   1.950847472E-07
     398   1.941068788E-07
     399   1.931363444E-07
     400   1.921730708E-07
     401   2.188178330E-07
     402   2.177318884E-07
     403   2.166540078E-07
     404   2.155841114E-07
     405   2.145221207E-07
     406   2.338855397E-07
     407   2.327390419E-07
     408   2.316009537E-07
     409   2.304711930E-07
     410   2.293496786E-07
     411   2.371830571E-07
     412   2.360344708E-07
     413   2.348942077E-07
     414   2.337621874E-07
     415   2.326383307E-07
     416   2.552525267E-07
     417   2.540312227E-07
     418   2.528186632E-07
     419   2.516147648E-07
     420   2.504194452E-07
     421   2.690335591E-07
     422   2.677615328E-07
     423   2.664985067E-07
     424   2.652443961E-07
     425   2.639991172E-07
     426   2.811703684E-07
     427   2.798564882E-07
     428   2.785517959E-07
     429   2.772562062E-07
     430   2.759696345E-07
     431   2.949233443E-07
     432   2.935611118E-07
     433   2.922082956E-07
     434   2.908648092E-07
     435   2.895305669E-07
     436   3.289049244E-07
     437   3.274030755E-07
     438   3.259114897E-07
     439   3.244300738E-07
     440   3.229587356E-07
     441   3.257512263E-07
     442   3.242805661E-07
     443   3.228198428E-07
     444   3.213689671E-07
     445   3.199278507E-07
     446   3.659706953E-07
     447   3.643368976E-07
     448   3.627140161E-07
     449   3.611019538E-07
     450   3.595006147E-07
     451   3.706975147E-07
     452   3.690608811E-07
     453   3.674350623E-07
     454   3.658199631E-07
     455   3.642154896E-07
     456   4.009790477E-07
     457   3.992280475E-07
     458   3.974884918E-07
     459   3.957602809E-07
     460   3.940433166E-07
     461   4.335257092E-07
     462   4.316530280E-07
     463   4.297924546E-07
     464   4.279438849E-07
     465   4.261072159E-07
     466   4.195916902E-07
     467   4.177985634E-07
     468   4.160169064E-07
     469   4.142466217E-07
     470   4.124876127E-07
     471   5.219850555E-07
     472   5.197779305E-07
     473   5.175847747E-07
     474   5.154054704E-07
     475   5.132399012E-07
     476   4.961008391E-07
     477   4.940251034E-07
     478   4.919623681E-07
     479   4.899125249E-07
     480   4.878754666E-07
     481   5.666838111E-07
     482   5.643372943E-07
     483   5.620053220E-07
     484   5.596877743E-07
     485   5.573845324E-07
     486   5.552971862E-07
     487   5.530213781E-07
     488   5.507595320E-07
     489   5.485115339E-07
     490   5.462772710E-07
     491   5.647711272E-07
     492   5.624799664E-07
     493   5.602027196E-07
     494   5.579392743E-07
     495   5.556895191E-07
     496   6.807033899E-07
     497   6.779696413E-07
     498   6.752523281E-07
     499   6.725513188E-07
     500   6.698664832E-07
     501   6.196725281E-07
     502   6.172086214E-07
     503   6.147593808E-07
     504   6.123246902E-07
     505   6.099044345E-07
     506   7.186738085E-07
     507   7.158443840E-07
     508   7.130316360E-07
     509   7.102354335E-07
     510   7.074556470E-07
     511   7.105562937E-07
     512   7.077860937E-07
     513   7.050320622E-07
     514   7.022940736E-07
     515   6.995720036E-07
     516   7.453474406E-07
     517   7.424696512E-07
     518   7.396084965E-07
     519   7.367638484E-07
     520   7.339355803E-07
     521   8.474429253E-07
     522   8.442022258E-07
     523   8.409800799E-07
     524   8.377763463E-07
     525   8.345908849E-07
     526   7.481567205E-07
     527   7.453227935E-07
     528   7.425049380E-07
     529   7.397030326E-07
     530   7.369169571E-07
     531   9.241974482E-07
     532   9.207295404E-07
     533   9.172811151E-07
     534   9.138520268E-07
     535   9.104421312E-07
     536   9.054307084E-07
     537   9.020647950E-07
     538   8.987176158E-07
     539   8.953890320E-07
     540   8.920789062E-07
     541   1.039176079E-06
     542   1.035348543E-06
     543   1.031542114E-06
     544   1.027756638E-06
     545   1.023991962E-06
     546   1.080523448E-06
     547   1.076579932E-06
     548   1.072657965E-06
     549   1.068757391E-06
     550   1.064878053E-06
     551   9.850954147E-07
     552   9.815326826E-07
     553   9.779892433E-07
     554   9.744649577E-07
     555   9.709596881E-07
     556   1.214826489E-06
     557   1.210472272E-06
     558   1.206141424E-06
     559   1.201833776E-06
     560   1.197549163E-06
     561   1.167833314E-06
     562   1.163684706E-06
     563   1.159558164E-06
     564   1.155453534E-06
     565   1.151370659E-06
     566   1.328269785E-06
     567   1.323592779E-06
     568   1.318940432E-06
     569   1.314312570E-06
     570   1.309709024E-06
     571   1.326472995E-06
     572   1.321843072E-06
     573   1.317237347E-06
     574   1.312655652E-06
     575   1.308097820E-06
     576   1.375778741E-06
     577   1.371018261E-06
     578   1.366282446E-06
     579   1.361571127E-06
     580   1.356884136E-06
     581   1.516168443E-06
     582   1.510967179E-06
     583   1.505792634E-06
     584   1.500644625E-06
     585   1.495522971E-06
     586   1.462273771E-06
     587   1.457300050E-06
     588   1.452351663E-06
     589   1.447428437E-06
     590   1.442530202E-06
     591   1.652291385E-06
     592   1.646718732E-06
     593   1.641174225E-06
     594   1.635657673E-06
     595   1.630168889E-06
     596   1.696668933E-06
     597   1.690994455E-06
     598   1.685348397E-06
     599   1.679730569E-06
     600   1.674140783E-06
     601   1.769474988E-06
     602   1.763606083E-06
     603   1.757766328E-06
     604   1.751955530E-06
     605   1.746173499E-06
     606   1.814223739E-06
     607   1.808255897E-06
     608   1.802317454E-06
     609   1.796408217E-06
     610   1.790527994E-06
     611   1.750644037E-06
     612   1.744932311E-06
     613   1.739248492E-06
     614   1.733592400E-06
     615   1.727963853E-06
     616   2.064345823E-06
     617   2.057665092E-06
     618   2.051016740E-06
     619   2.044400557E-06
     620   2.037816336E-06
     621   2.019756349E-06
     622   2.013272380E-06
     623   2.006819584E-06
     624   2.000397761E-06
     625   1.994006714E-06
     626   2.167138875E-06
     627   2.160237159E-06
     628   2.153368360E-06
     629   2.146532270E-06
     630   2.139728681E-06
     631   2.136233019E-06
     632   2.129483468E-06
     633   2.122765854E-06
     634   2.116079977E-06
     635   2.109425638E-06
     636   2.297720015E-06
     637   2.290517131E-06
     638   2.283348064E-06
     639   2.276212601E-06
     640   2.269110533E-06
     641   2.454991558E-06
     642   2.447355503E-06
     643   2.439755020E-06
     644   2.432189888E-06
     645   2.424659889E-06
     646   2.343096583E-06
     647   2.335864804E-06
     648   2.328666453E-06
     649   2.321501325E-06
     650   2.314369217E-06
     651   2.624541965E-06
     652   2.616503552E-06
     653   2.608502012E-06
     654   2.600537121E-06
     655   2.592608654E-06
     656   2.588246947E-06
     657   2.580379935E-06
     658   2.572548737E-06
     659   2.564753134E-06
     660   2.556992913E-06
     661   2.751995322E-06
     662   2.743693677E-06
     663   2.735429540E-06
     664   2.727202684E-06
     665   2.719012886E-06
     666   2.915299097E-06
     667   2.906570657E-06
     668   2.897881357E-06
     669   2.889230965E-06
     670   2.880619248E-06
     671   2.853376395E-06
     672   2.844896822E-06
     673   2.836454991E-06
     674   2.828050680E-06
     675   2.819683667E-06
     676   3.195492653E-06
     677   3.186066421E-06
     678   3.176681836E-06
     679   3.167338654E-06
     680   3.158036632E-06
     681   3.107676315E-06
     682   3.098576238E-06
     683   3.089516074E-06
     684   3.080495589E-06
     685   3.071514552E-06
     686   3.466586811E-06
     687   3.456509524E-06
     688   3.446476115E-06
     689   3.436486329E-06
     690   3.426539914E-06
     691   3.392420598E-06
     692   3.382630062E-06
     693   3.372881849E-06
     694   3.363175714E-06
     695   3.353511416E-06
     696   3.405739978E-06
     697   3.395981411E-06
     698   3.386264726E-06
     699   3.376589683E-06
     700   3.366956047E-06
     701   3.850466777E-06
     702   3.839512391E-06
     703   3.828604685E-06
     704   3.817743395E-06
     705   3.806928258E-06
     706   3.486400751E-06
     707   3.476552161E-06
     708   3.466745244E-06
     709   3.456979764E-06
     710   3.447255489E-06
     711   3.935142963E-06
     712   3.924104693E-06
     713   3.913112803E-06
     714   3.902167033E-06
     715   3.891267125E-06
     716   3.785850482E-06
     717   3.775304937E-06
     718   3.764803393E-06
     719   3.754345606E-06
     720   3.743931333E-06
     721   4.050265207E-06
     722   4.039061154E-06
     723   4.027903527E-06
     724   4.016792069E-06
     725   4.005726526E-06
     726   4.228190977E-06
     727   4.216575068E-06
     728   4.205006961E-06
     729   4.193486394E-06
     730   4.182013107E-06
     731   4.020732310E-06
     732   4.009761690E-06
     733   3.998835909E-06
     734   3.987954723E-06
     735   3.977117889E-06
     736   4.500838676E-06
     737   4.488641281E-06
     738   4.476493402E-06
     739   4.464394772E-06
     740   4.452345123E-06
     741   4.429286430E-06
     742   4.417363721E-06
     743   4.405489088E-06
     744   4.393662271E-06
     745   4.381883016E-06
     746   4.729770743E-06
     747   4.717124297E-06
     748   4.704528505E-06
     749   4.691983095E-06
     750   4.679487801E-06
     751   4.749105159E-06
     752   4.736491334E-06
     753   4.723927696E-06
     754   4.711413981E-06
     755   4.698949923E-06
     756   4.538111021E-06
     757   4.526137114E-06
     758   4.514210534E-06
     759   4.502331032E-06
     760   4.490498362E-06
     761   5.344762189E-06
     762   5.330752328E-06
     763   5.316797479E-06
     764   5.302897355E-06
     765   5.289051670E-06
     766   5.054153707E-06
     767   5.040991848E-06
     768   5.027881336E-06
     769   5.014821904E-06
     770   5.001813287E-06
     771   5.392141605E-06
     772   5.378190397E-06
     773   5.364293265E-06
     774   5.350449927E-06
     775   5.336660108E-06
     776   5.347577487E-06
     777   5.333830501E-06
     778   5.320136456E-06
     779   5.306495081E-06
     780   5.292906105E-06
     781   5.650526478E-06
     782   5.636093460E-06
     783   5.621715670E-06
     784   5.607392828E-06
     785   5.593124653E-06
     786   5.743379796E-06
     787   5.728802690E-06
     788   5.714281010E-06
     789   5.699814476E-06
     790   5.685402808E-06
     791   5.756991203E-06
     792   5.742471679E-06
     793   5.728007015E-06
     794   5.713596935E-06
     795   5.699241163E-06
     796   6.025278833E-06
     797   6.010177883E-06
     798   5.995133633E-06
     799   5.980145799E-06
     800   5.965214099E-06
     801   6.072355762E-06
     802   6.057231588E-06
     803   6.042163848E-06
     804   6.027152260E-06
     805   6.012196548E-06
     806   6.126243441E-06
     807   6.111079472E-06
     808   6.095971735E-06
     809   6.080919953E-06
     810   6.065923850E-06
     811   6.102566464E-06
     812   6.087554000E-06
     813   6.072596865E-06
     814   6.057694787E-06
     815   6.042847496E-06
     816   6.062323233E-06
     817   6.047500927E-06
     818   6.032732915E-06
     819   6.018018932E-06
     820   6.003358716E-06
     821   6.519752723E-06
     822   6.503908852E-06
     823   6.488122666E-06
     824   6.472393883E-06
     825   6.456722227E-06
     826   6.474752084E-06
     827   6.459112586E-06
     828   6.443529685E-06
     829   6.428003107E-06
     830   6.412532582E-06
     831   6.904354005E-06
     832   6.887776924E-06
     833   6.871259473E-06
     834   6.854801367E-06
     835   6.838402321E-06
     836   6.700996949E-06
     837   6.685004116E-06
     838   6.669068468E-06
     839   6.653189734E-06
     840   6.637367642E-06
     841   6.801444960E-06
     842   6.785308673E-06
     843   6.769229743E-06
     844   6.753207897E-06
     845   6.737242867E-06
     846   7.359110028E-06
     847   7.341753637E-06
     848   7.324458575E-06
     849   7.307224555E-06
     850   7.290051289E-06
     851   7.081736631E-06
     852   7.065132324E-06
     853   7.048586347E-06
     854   7.032098426E-06
     855   7.015668289E-06
     856   7.486046463E-06
     857   7.468596471E-06
     858   7.451207423E-06
     859   7.433879033E-06
     860   7.416611022E-06
     861   7.181510238E-06
     862   7.164867109E-06
     863   7.148281768E-06
     864   7.131753949E-06
     865   7.115283386E-06
     866   7.695997133E-06
     867   7.678264420E-06
     868   7.660592926E-06
     869   7.642982367E-06
     870   7.625432465E-06
     871   8.072465336E-06
     872   8.053971716E-06
     873   8.035541574E-06
     874   8.017174622E-06
     875   7.998870571E-06
     876   7.827421632E-06
     877   7.809591514E-06
     878   7.791822250E-06
     879   7.774113564E-06
     880   7.756465179E-06
     881   8.323068918E-06
     882   8.304217120E-06
     883   8.285429298E-06
     884   8.266705164E-06
     885   8.248044430E-06
     886   8.202879358E-06
     887   8.184404404E-06
     888   8.165991796E-06
     889   8.147641253E-06
     890   8.129352496E-06
     891   8.505454602E-06
     892   8.486405432E-06
     893   8.467420185E-06
     894   8.448498576E-06
     895   8.429640320E-06
     896   8.483928848E-06
     897   8.465033684E-06
     898   8.446201573E-06
     899   8.427432237E-06
     900   8.408725395E-06
     901   8.287386311E-06
     902   8.269031081E-06
     903   8.250736764E-06
     904   8.232503092E-06
     905   8.214329796E-06
     906   8.848255096E-06
     907   8.828765547E-06
     908   8.809340320E-06
     909   8.789979133E-06
     910   8.770681703E-06
     911   8.461033188E-06
     912   8.442498614E-06
     913   8.424024875E-06
     914   8.405611706E-06
     915   8.387258842E-06
     916   8.950134473E-06
     917   8.930635269E-06
     918   8.911199719E-06
     919   8.891827546E-06
     920   8.872518474E-06
     921   8.645521503E-06
     922   8.626787979E-06
     923   8.608115278E-06
     924   8.589503136E-06
     925   8.570951294E-06
     926   8.639049786E-06
     927   8.620431144E-06
     928   8.601872627E-06
     929   8.583373976E-06
     930   8.564934934E-06
     931   9.415893626E-06
     932   9.395709502E-06
     933   9.375590210E-06
     934   9.355535471E-06
     935   9.335545011E-06
     936   8.664556417E-06
     937   8.646081883E-06
     938   8.627666373E-06
     939   8.609309636E-06
     940   8.591011422E-06
     941   9.349633340E-06
     942   9.329803789E-06
     943   9.310037256E-06
     944   9.290333473E-06
     945   9.270692176E-06
     946   9.126541142E-06
     947   9.107286836E-06
     948   9.088093397E-06
     949   9.068960568E-06
     950   9.049888096E-06
     951   9.342066963E-06
     952   9.322461366E-06
     953   9.302917422E-06
     954   9.283434872E-06
     955   9.264013460E-06
     956   9.371501700E-06
     957   9.351936978E-06
     958   9.332433460E-06
     959   9.312990890E-06
     960   9.293609015E-06
     961   8.908707894E-06
     962   8.890205904E-06
     963   8.871761494E-06
     964   8.853374423E-06
     965   8.835044455E-06
     966   9.841684296E-06
     967   9.821350237E-06
     968   9.801079133E-06
     969   9.780870722E-06
     970   9.760724747E-06
     971   9.148826229E-06
     972   9.130020831E-06
     973   9.111273355E-06
     974   9.092583563E-06
     975   9.073951220E-06
     976   9.954006438E-06
     977   9.933650597E-06
     978   9.913357133E-06
     979   9.893125792E-06
     980   9.872956320E-06
     981   9.689100084E-06
     982   9.669386757E-06
     983   9.649733532E-06
     984   9.630140164E-06
     985   9.610606411E-06
     986   9.488257906E-06
     987   9.469050906E-06
     988   9.449902168E-06
     989   9.430811457E-06
     990   9.411778538E-06
     991   1.014913639E-05
     992   1.012869503E-05
     993   1.010831536E-05
     994   1.008799714E-05
     995   1.006774012E-05
     996   1.001038207E-05
     997   9.990321181E-06
     998   9.970320538E-06
     999   9.950379897E-06
    1000   9.930499018E-06
    1001   9.973491484E-06
    1002   9.953604163E-06
    1003   9.933776267E-06
    1004   9.914007558E-06
    1005   9.894297801E-06
    1006   9.819097075E-06
    1007   9.799614739E-06
    1008   9.780190329E-06
    1009   9.760823616E-06
    1010   9.741514370E-06
    1011   9.876005597E-06
    1012   9.856507067E-06
    1013   9.837066224E-06
    1014   9.817682843E-06
    1015   9.798356695E-06
    1016   1.045011199E-05
    1017   1.042958132E-05
    1018   1.040911109E-05
    1019   1.038870107E-05
    1020   1.036835102E-05
    1021   1.015463395E-05
    1022   1.013478129E-05
    1023   1.011498680E-05
    1024   1.009525024E-05
    1025   1.007557139E-05
    1026   1.035960095E-05
    1027   1.033944608E-05
    1028   1.031934998E-05
    1029   1.029931240E-05
    1030   1.027933314E-05
    1031   1.040062357E-05
    1032   1.038048683E-05
    1033   1.036040852E-05
    1034   1.034038841E-05
    1035   1.032042627E-05
    1036   1.068249707E-05
    1037   1.066191423E-05
    1038   1.064139081E-05
    1039   1.062092660E-05
    1040   1.060052136E-05
    1041   1.107176707E-05
    1042   1.105053646E-05
    1043   1.102936685E-05
    1044   1.100825801E-05
    1045   1.098720972E-05
    1046   1.072905797E-05
    1047   1.070858267E-05
    1048   1.068816592E-05
    1049   1.066780751E-05
    1050   1.064750721E-05
    1051   1.079437739E-05
    1052   1.077387525E-05
    1053   1.075343147E-05
    1054   1.073304581E-05
    1055   1.071271808E-05
    1056   1.047686011E-05
    1057   1.045705508E-05
    1058   1.043730616E-05
    1059   1.041761313E-05
    1060   1.039797578E-05
    1061   1.066161870E-05
    1062   1.064155921E-05
    1063   1.062155628E-05
    1064   1.060160970E-05
    1065   1.058171925E-05
    1066   1.081322186E-05
    1067   1.079297238E-05
    1068   1.077277973E-05
    1069   1.075264369E-05
    1070   1.073256406E-05
    1071   1.083826846E-05
    1072   1.081806665E-05
    1073   1.079792128E-05
    1074   1.077783212E-05
    1075   1.075779898E-05
    1076   1.076021460E-05
    1077   1.074025131E-05
    1078   1.072034352E-05
    1079   1.070049103E-05
    1080   1.068069364E-05
    1081   1.146325199E-05
    1082   1.144208255E-05
    1083   1.142097169E-05
    1084   1.139991921E-05
    1085   1.137892488E-05
    1086   1.135229356E-05
    1087   1.133142538E-05
    1088   1.131061468E-05
    1089   1.128986126E-05
    1090   1.126916490E-05
    1091   1.109119004E-05
    1092   1.107089509E-05
    1093   1.105065580E-05
    1094   1.103047195E-05
    1095   1.101034335E-05
    1096   1.107610013E-05
    1097   1.105592509E-05
    1098   1.103580511E-05
    1099   1.101574001E-05
    1100   1.099572959E-05
    1101   1.125564554E-05
    1102   1.123523639E-05
    1103   1.121488270E-05
    1104   1.119458427E-05
    1105   1.117434090E-05
    1106   1.108537288E-05
    1107   1.106536318E-05
    1108   1.104540761E-05
    1109   1.102550597E-05
    1110   1.100565808E-05
    1111   1.196276008E-05
    1112   1.194126365E-05
    1113   1.191982512E-05
    1114   1.189844427E-05
    1115   1.187712089E-05
    1116   1.234917853E-05
    1117   1.232708698E-05
    1118   1.230505465E-05
    1119   1.228308134E-05
    1120   1.226116683E-05
    1121   1.334360204E-05
    1122   1.331983783E-05
    1123   1.329613705E-05
    1124   1.327249948E-05
    1125   1.324892488E-05
    1126   1.313331762E-05
    1127   1.311003159E-05
    1128   1.308680745E-05
    1129   1.306364495E-05
    1130   1.304054390E-05
    1131   1.331783419E-05
    1132   1.329432521E-05
    1133   1.327087843E-05
    1134   1.324749362E-05
    1135   1.322417057E-05
    1136   1.339471893E-05
    1137   1.337117813E-05
    1138   1.334769933E-05
    1139   1.332428231E-05
    1140   1.330092686E-05
    1141   1.341337062E-05
    1142   1.338990015E-05
    1143   1.336649124E-05
    1144   1.334314365E-05
    1145   1.331985719E-05
    1146   1.386156381E-05
    1147   1.383741474E-05
    1148   1.381332873E-05
    1149   1.378930555E-05
    1150   1.376534498E-05
    1151   1.290795735E-05
    1152   1.288556714E-05
    1153   1.286323513E-05
    1154   1.284096113E-05
    1155   1.281874494E-05
    1156   1.297568309E-05
    1157   1.295327258E-05
    1158   1.293092008E-05
    1159   1.290862539E-05
    1160   1.288638831E-05
    1161   1.231070739E-05
    1162   1.228953678E-05
    1163   1.226842074E-05
    1164   1.224735907E-05
    1165   1.222635160E-05
    1166   1.264106208E-05
    1167   1.261941642E-05
    1168   1.259782632E-05
    1169   1.257629157E-05
    1170   1.255481200E-05
    1171   1.371348918E-05
    1172   1.369010727E-05
    1173   1.366678511E-05
    1174   1.364352250E-05
    1175   1.362031923E-05
    1176   1.441827512E-05
    1177   1.439379588E-05
    1178   1.436937892E-05
    1179   1.434502404E-05
    1180   1.432073103E-05
    1181   1.685719089E-05
    1182   1.682869183E-05
    1183   1.680026499E-05
    1184   1.677191011E-05
    1185   1.674362696E-05
    1186   1.887326365E-05
    1187   1.884149048E-05
    1188   1.880979748E-05
    1189   1.877818437E-05
    1190   1.874665090E-05
    1191   1.914164396E-05
    1192   1.910955403E-05
    1193   1.907754473E-05
    1194   1.904561578E-05
    1195   1.901376693E-05
    1196   2.011681376E-05
    1197   2.008322976E-05
    1198   2.004972980E-05
    1199   2.001631358E-05
    1200   1.998298084E-05
    1201   1.937772969E-05
    1202   1.934551402E-05
    1203   1.931337861E-05
    1204   1.928132321E-05
    1205   1.924934755E-05
    1206   2.109043419E-05
    1207   2.105551625E-05
    1208   2.102068496E-05
    1209   2.098594003E-05
    1210   2.095128117E-05
    1211   2.191722889E-05
    1212   2.188109166E-05
    1213   2.184504373E-05
    1214   2.180908481E-05
    1215   2.177321460E-05
    1216   2.437711283E-05
    1217   2.433708473E-05
    1218   2.429715514E-05
    1219   2.425732374E-05
    1220   2.421759020E-05
    1221   2.625100386E-05
    1222   2.620807499E-05
    1223   2.616525134E-05
    1224   2.612253256E-05
    1225   2.607991832E-05
    1226   2.482506054E-05
    1227   2.478462884E-05
    1228   2.474429584E-05
    1229   2.470406121E-05
    1230   2.466392464E-05
    1231   2.398997890E-05
    1232   2.395106572E-05
    1233   2.391224714E-05
    1234   2.387352285E-05
    1235   2.383489255E-05
    1236   1.880421009E-05
    1237   1.877383172E-05
    1238   1.874352690E-05
    1239   1.871329541E-05
    1240   1.868313700E-05
    1241   1.348860990E-05
    1242   1.346690658E-05
    1243   1.344525561E-05
    1244   1.342365680E-05
    1245   1.340211000E-05
    1246   7.308066951E-06
    1247   7.296355305E-06
    1248   7.284671790E-06
    1249   7.273016315E-06
    1250   7.261388791E-06
    1251   3.880511336E-08
    1252   3.874317383E-08
    1253   3.868138249E-08
    1254   3.861973885E-08
    1255   3.855824245E-08
    1256  -6.843886278E-06
    1257  -6.833005696E-06
    1258  -6.822151040E-06
    1259  -6.811322229E-06
    1260  -6.800519180E-06
    1261  -1.172210524E-05
    1262  -1.170354292E-05
    1263  -1.168502465E-05
    1264  -1.166655030E-05
    1265  -1.164811973E-05
    1266  -1.533190139E-05
    1267  -1.530771858E-05
    1268  -1.528359294E-05
    1269  -1.525952429E-05
    1270  -1.523551245E-05
    1271  -1.324247350E-05
    1272  -1.322166836E-05
    1273  -1.320091220E-05
    1274  -1.318020489E-05
    1275  -1.315954626E-05
    1276  -1.263396668E-06
    1277  -1.261419522E-06
    1278  -1.259447013E-06
    1279  -1.257479127E-06
    1280  -1.255515849E-06
    1281   2.331799567E-05
    1282   2.328164650E-05
    1283   2.324538225E-05
    1284   2.320920267E-05
    1285   2.317310749E-05
    1286   6.019330716E-05
    1287   6.009983929E-05
    1288   6.000658896E-05
    1289   5.991355549E-05
    1290   5.982073820E-05
    1291   1.152791623E-04
    1292   1.151008496E-04
    1293   1.149229503E-04
    1294   1.147454631E-04
    1295   1.145683867E-04
    1296   1.732749659E-04
    1297   1.730079783E-04
    1298   1.727416072E-04
    1299   1.724758509E-04
    1300   1.722107074E-04
    1301   2.395682572E-04
    1302   2.392005393E-04
    1303   2.388336673E-04
    1304   2.384676386E-04
    1305   2.381024508E-04
    1306   2.968778654E-04
    1307   2.964239237E-04
    1308   2.959710224E-04
    1309   2.955191582E-04
    1310   2.950683281E-04
    1311   3.419236944E-04
    1312   3.414028663E-04
    1313   3.408832272E-04
    1314   3.403647736E-04
    1315   3.398475019E-04
    1316   3.791807424E-04
    1317   3.786053544E-04
    1318   3.780312750E-04
    1319   3.774585003E-04
    1320   3.768870264E-04
    1321   3.668627365E-04
    1322   3.663081443E-04
    1323   3.657548087E-04
    1324   3.652027260E-04
    1325   3.646518923E-04
    1326   3.188990455E-04
    1327   3.184187758E-04
    1328   3.179395903E-04
    1329   3.174614857E-04
    1330   3.169844586E-04
    1331   1.719864699E-04
    1332   1.717284257E-04
    1333   1.714709618E-04
    1334   1.712140765E-04
    1335   1.709577680E-04
    1336  -9.762053559E-05
    1337  -9.747461551E-05
    1338  -9.732902236E-05
    1339  -9.718375516E-05
    1340  -9.703881295E-05
    1341  -5.197506189E-04
    1342  -5.189766046E-04
    1343  -5.182043179E-04
    1344  -5.174337539E-04
    1345  -5.166649073E-04
    1346  -1.080946260E-03
    1347  -1.079342482E-03
    1348  -1.077742271E-03
    1349  -1.076145616E-03
    1350  -1.074552506E-03
    1351  -1.698776778E-03
    1352  -1.696265652E-03
    1353  -1.693760089E-03
    1354  -1.691260075E-03
    1355  -1.688765591E-03
    1356  -2.212621452E-03
    1357  -2.209362804E-03
    1358  -2.206111351E-03
    1359  -2.202867069E-03
    1360  -2.199629939E-03
    1361  -2.462587690E-03
    1362  -2.458974208E-03
    1363  -2.455368674E-03
    1364  -2.451771064E-03
    1365  -2.448181355E-03
    1366  -2.460662096E-03
    1367  -2.457064637E-03
    1368  -2.453475061E-03
    1369  -2.449893346E-03
    1370  -2.446319468E-03
    1371  -2.266013697E-03
    1372  -2.262712876E-03
    1373  -2.259419262E-03
    1374  -2.256132834E-03
    1375  -2.252853571E-03
    1376  -1.792878938E-03
    1377  -1.790276791E-03
    1378  -1.787680305E-03
    1379  -1.785089464E-03
    1380  -1.782504252E-03
    1381  -6.154923862E-04
    1382  -6.146023032E-04
    1383  -6.137141496E-04
    1384  -6.128279198E-04
    1385  -6.119436082E-04
    1386   1.442184182E-03
    1387   1.440106107E-03
    1388   1.438032520E-03
    1389   1.435963409E-03
    1390   1.433898759E-03
    1391   4.604864899E-03
    1392   4.598253464E-03
    1393   4.591656257E-03
    1394   4.585073237E-03
    1395   4.578504364E-03
    1396   9.353696670E-03
    1397   9.340315130E-03
    1398   9.326962285E-03
    1399   9.313638053E-03
    1400   9.300342353E-03
    1401   1.448906219E-02
    1402   1.446840778E-02
    1403   1.444779752E-02
    1404   1.442723126E-02
    1405   1.440670888E-02
    1406   1.825734163E-02
    1407   1.823140791E-02
    1408   1.820552940E-02
    1409   1.817970595E-02
    1410   1.815393741E-02
    1411   2.168104940E-02
    1412   2.165036143E-02
    1413   2.161973857E-02
    1414   2.158918064E-02
    1415   2.155868744E-02
    1416   2.301049994E-02
    1417   2.297804507E-02
    1418   2.294565882E-02
    1419   2.291334099E-02
    1420   2.288109139E-02
    1421   2.406498089E-02
    1422   2.403115801E-02
    1423   2.399740638E-02
    1424   2.396372581E-02
    1425   2.393011610E-02
    1426   2.425628997E-02
    1427   2.422231758E-02
    1428   2.418841651E-02
    1429   2.415458655E-02
    1430   2.412082752E-02
    1431   2.261303657E-02
    1432   2.258147615E-02
    1433   2.254998177E-02
    1434   2.251855322E-02
    1435   2.248719033E-02
    1436   2.111340207E-02
    1437   2.108403711E-02
    1438   2.105473338E-02
    1439   2.102549069E-02
    1440   2.099630889E-02
    1441   1.763428105E-02
    1442   1.760983991E-02
    1443   1.758544955E-02
    1444   1.756110983E-02
    1445   1.753682060E-02
    1446   1.330050787E-02
    1447   1.328213700E-02
    1448   1.326380417E-02
    1449   1.324550926E-02
    1450   1.322725219E-02
    1451   8.450197334E-03
    1452   8.438565955E-03
    1453   8.426958574E-03
    1454   8.415375126E-03
    1455   8.403815544E-03
    1456   3.839442355E-03
    1457   3.834175630E-03
    1458   3.828919735E-03
    1459   3.823674640E-03
    1460   3.818440314E-03
    1461   8.461518662E-04
    1462   8.449951309E-04
    1463   8.438407660E-04
    1464   8.426887649E-04
    1465   8.415391213E-04
    1466  -1.044183181E-03
    1467  -1.042760588E-03
    1468  -1.041340900E-03
    1469  -1.039924110E-03
    1470  -1.038510209E-03
    1471  -2.076918712E-03
    1472  -2.074098728E-03
    1473  -2.071284482E-03
    1474  -2.068475961E-03
    1475  -2.065673148E-03
    1476  -2.486302203E-03
    1477  -2.482937789E-03
    1478  -2.479580199E-03
    1479  -2.476229415E-03
    1480  -2.472885418E-03
    1481  -2.668782313E-03
    1482  -2.665183146E-03
    1483  -2.661591255E-03
    1484  -2.658006621E-03
    1485  -2.654429223E-03
    1486  -2.619204023E-03
    1487  -2.615683588E-03
    1488  -2.612170245E-03
    1489  -2.608663976E-03
    1490  -2.605164762E-03
    1491  -2.224315411E-03
    1492  -2.221335752E-03
    1493  -2.218362076E-03
    1494  -2.215394367E-03
    1495  -2.212432610E-03
    1496  -1.720063855E-03
    1497  -1.717767374E-03
    1498  -1.715475490E-03
    1499  -1.713188189E-03
    1500  -1.710905460E-03
    1501  -1.114383173E-03
    1502  -1.112900295E-03
    1503  -1.111420374E-03
    1504  -1.109943404E-03
    1505  -1.108469375E-03
    1506  -5.598558583E-04
    1507  -5.591133439E-04
    1508  -5.583723057E-04
    1509  -5.576327397E-04
    1510  -5.568946421E-04
    1511  -1.562007697E-04
    1512  -1.559942915E-04
    1513  -1.557882224E-04
    1514  -1.555825614E-04
    1515  -1.553773073E-04
    1516   9.454560708E-05
    1517   9.442104107E-05
    1518   9.429672106E-05
    1519   9.417264643E-05
    1520   9.404881652E-05
    1521   2.257768622E-04
    1522   2.254803725E-04
    1523   2.251844665E-04
    1524   2.248891427E-04
    1525   2.245943993E-04
    1526   2.814718693E-04
    1527   2.811034506E-04
    1528   2.807357548E-04
    1529   2.803687800E-04
    1530   2.800025242E-04
    1531   2.809768335E-04
    1532   2.806102622E-04
    1533   2.802444079E-04
    1534   2.798792686E-04
    1535   2.795148425E-04
    1536   2.522066628E-04
    1537   2.518786958E-04
    1538   2.515513680E-04
    1539   2.512246779E-04
    1540   2.508986238E-04
    1541   2.092265739E-04
    1542   2.089553794E-04
    1543   2.086847118E-04
    1544   2.084145698E-04
    1545   2.081449520E-04
    1546   1.612850069E-04
    1547   1.610766283E-04
    1548   1.608686533E-04
    1549   1.606610808E-04
    1550   1.604539099E-04
    1551   9.492372147E-05
    1552   9.480147585E-05
    1553   9.467946623E-05
    1554   9.455769200E-05
    1555   9.443615255E-05
    1556   4.086542809E-05
    1557   4.081296926E-05
    1558   4.076061138E-05
    1559   4.070835419E-05
    1560   4.065619742E-05
    1561  -3.561097394E-06
    1562  -3.556540648E-06
    1563  -3.551992642E-06
    1564  -3.547453354E-06
    1565  -3.542922762E-06
    1566  -3.446113791E-05
    1567  -3.441718237E-05
    1568  -3.437331089E-05
    1569  -3.432952323E-05
    1570  -3.428581919E-05
    1571  -5.330493893E-05
    1572  -5.323716405E-05
    1573  -5.316951836E-05
    1574  -5.310200151E-05
    1575  -5.303461318E-05
    1576  -6.078648657E-05
    1577  -6.070944412E-05
    1578  -6.063254806E-05
    1579  -6.055579800E-05
    1580  -6.047919357E-05
    1581  -6.134948450E-05
    1582  -6.127197410E-05
    1583  -6.119461049E-05
    1584  -6.111739332E-05
    1585  -6.104032221E-05
    1586  -5.759252328E-05
    1587  -5.751998862E-05
    1588  -5.744759090E-05
    1589  -5.737532977E-05
    1590  -5.730320491E-05
    1591  -5.093315633E-05
    1592  -5.086921012E-05
    1593  -5.080538426E-05
    1594  -5.074167845E-05
    1595  -5.067809239E-05
    1596  -4.072783962E-05
    1597  -4.067686610E-05
    1598  -4.062598822E-05
    1599  -4.057520573E-05
    1600  -4.052451841E-05
    1601  -3.086388596E-05
    1602  -3.082537830E-05
    1603  -3.078694267E-05
    1604  -3.074857888E-05
    1605  -3.071028675E-05
    1606  -2.204074318E-05
    1607  -2.201332932E-05
    1608  -2.198596658E-05
    1609  -2.195865482E-05
    1610  -2.193139392E-05
    1611  -1.523815152E-05
    1612  -1.521925735E-05
    1613  -1.520039829E-05
    1614  -1.518157427E-05
    1615  -1.516278519E-05
    1616  -1.042381831E-05
    1617  -1.041093350E-05
    1618  -1.039807255E-05
    1619  -1.038523543E-05
    1620  -1.037242206E-05
    1621  -7.659364413E-06
    1622  -7.649925886E-06
    1623  -7.640504795E-06
    1624  -7.631101097E-06
    1625  -7.621714749E-06
    1626  -6.891457172E-06
    1627  -6.882991008E-06
    1628  -6.874540436E-06
    1629  -6.866105417E-06
    1630  -6.857685913E-06
    1631  -7.251194127E-06
    1632  -7.242313301E-06
    1633  -7.233448781E-06
    1634  -7.224600525E-06
    1635  -7.215768495E-06
    1636  -7.752515423E-06
    1637  -7.743049593E-06
    1638  -7.733601088E-06
    1639  -7.724169867E-06
    1640  -7.714755888E-06
    1641  -8.308694070E-06
    1642  -8.298580018E-06
    1643  -8.288484421E-06
    1644  -8.278407237E-06
    1645  -8.268348419E-06
    1646  -8.190928324E-06
    1647  -8.180987877E-06
    1648  -8.171065514E-06
    1649  -8.161161192E-06
    1650  -8.151274868E-06
    1651  -7.939043306E-06
    1652  -7.929437688E-06
    1653  -7.919849492E-06
    1654  -7.910278677E-06
    1655  -7.900725201E-06
    1656  -7.572422894E-06
    1657  -7.563288488E-06
    1658  -7.554170599E-06
    1659  -7.545069189E-06
    1660  -7.535984217E-06
    1661  -7.612878985E-06
    1662  -7.603723388E-06
    1663  -7.594584297E-06
    1664  -7.585461673E-06
    1665  -7.576355477E-06
    1666  -8.262379867E-06
    1667  -8.252472937E-06
    1668  -8.242583814E-06
    1669  -8.232712456E-06
    1670  -8.222858821E-06
    1671  -8.916118072E-06
    1672  -8.905459234E-06
    1673  -8.894819498E-06
    1674  -8.884198818E-06
    1675  -8.873597148E-06
    1676  -9.471544744E-06
    1677  -9.460255657E-06
    1678  -9.448986740E-06
    1679  -9.437737946E-06
    1680  -9.426509227E-06
    1681  -9.528720104E-06
    1682  -9.517396610E-06
    1683  -9.506093289E-06
    1684  -9.494810092E-06
    1685  -9.483546972E-06
    1686  -9.140500887E-06
    1687  -9.129670910E-06
    1688  -9.118860169E-06
    1689  -9.108068618E-06
    1690  -9.097296213E-06
    1691  -8.748165188E-06
    1692  -8.737830676E-06
    1693  -8.727514465E-06
    1694  -8.717216512E-06
    1695  -8.706936776E-06
    1696  -7.948761464E-06
    1697  -7.939398965E-06
    1698  -7.930052998E-06
    1699  -7.920723524E-06
    1700  -7.911410504E-06
    1701  -7.434198767E-06
    1702  -7.425468058E-06
    1703  -7.416752720E-06
    1704  -7.408052716E-06
    1705  -7.399368012E-06
    1706  -6.742393985E-06
    1707  -6.734498910E-06
    1708  -6.726617694E-06
    1709  -6.718750305E-06
    1710  -6.710896710E-06
    1711  -6.349264311E-06
    1712  -6.341851276E-06
    1713  -6.334451217E-06
    1714  -6.327064101E-06
    1715  -6.319689901E-06
    1716  -6.269985952E-06
    1717  -6.262686783E-06
    1718  -6.255400353E-06
    1719  -6.248126632E-06
    1720  -6.240865590E-06
    1721  -5.973503449E-06
    1722  -5.966569609E-06
    1723  -5.959647834E-06
    1724  -5.952738097E-06
    1725  -5.945840371E-06
    1726  -6.139093900E-06
    1727  -6.131988468E-06
    1728  -6.124895364E-06
    1729  -6.117814560E-06
    1730  -6.110746028E-06
    1731  -5.993170409E-06
    1732  -5.986253882E-06
    1733  -5.979349322E-06
    1734  -5.972456700E-06
    1735  -5.965575990E-06
    1736  -6.079209482E-06
    1737  -6.072213844E-06
    1738  -6.065230274E-06
    1739  -6.058258745E-06
    1740  -6.051299229E-06
    1741  -6.046066621E-06
    1742  -6.039129081E-06
    1743  -6.032203474E-06
    1744  -6.025289774E-06
    1745  -6.018387953E-06
    1746  -5.698779927E-06
    1747  -5.692259584E-06
    1748  -5.685750424E-06
    1749  -5.679252424E-06
    1750  -5.672765557E-06
    1751  -5.539863464E-06
    1752  -5.533543027E-06
    1753  -5.527233400E-06
    1754  -5.520934558E-06
    1755  -5.514646478E-06
    1756  -5.137855548E-06
    1757  -5.132010434E-06
    1758  -5.126175288E-06
    1759  -5.120350089E-06
    1760  -5.114534814E-06
    1761  -5.038332297E-06
    1762  -5.032616662E-06
    1763  -5.026910748E-06
    1764  -5.021214532E-06
    1765  -5.015527992E-06
    1766  -4.754771315E-06
    1767  -4.749392614E-06
    1768  -4.744023035E-06
    1769  -4.738662557E-06
    1770  -4.733311160E-06
    1771  -4.751595293E-06
    1772  -4.746235343E-06
    1773  -4.740884458E-06
    1774  -4.735542616E-06
    1775  -4.730209798E-06
    1776  -4.834568989E-06
    1777  -4.829130779E-06
    1778  -4.823701739E-06
    1779  -4.818281850E-06
    1780  -4.812871090E-06
    1781  -4.765536370E-06
    1782  -4.760190844E-06
    1783  -4.754854307E-06
    1784  -4.749526739E-06
    1785  -4.744208120E-06
    1786  -4.752740132E-06
    1787  -4.747423868E-06
    1788  -4.742116519E-06
    1789  -4.736818065E-06
    1790  -4.731528486E-06
    1791  -4.587564357E-06
    1792  -4.582447163E-06
    1793  -4.577338526E-06
    1794  -4.572238428E-06
    1795  -4.567146848E-06
    1796  -4.521905975E-06
    1797  -4.516876046E-06
    1798  -4.511854505E-06
    1799  -4.506841334E-06
    1800  -4.501836513E-06
    1801  -4.393915006E-06
    1802  -4.389041001E-06
    1803  -4.384175102E-06
    1804  -4.379317290E-06
    1805  -4.374467548E-06
    1806  -4.232132335E-06
    1807  -4.227450773E-06
    1808  -4.222776975E-06
    1809  -4.218110923E-06
    1810  -4.213452600E-06
    1811  -4.228567533E-06
    1812  -4.223902814E-06
    1813  -4.219245810E-06
    1814  -4.214596503E-06
    1815  -4.209954877E-06
    1816  -4.136807177E-06
    1817  -4.132256234E-06
    1818  -4.127712797E-06
    1819  -4.123176849E-06
    1820  -4.118648373E-06
    1821  -4.239198850E-06
    1822  -4.234548056E-06
    1823  -4.229904911E-06
    1824  -4.225269399E-06
    1825  -4.220641502E-06
    1826  -4.136849216E-06
    1827  -4.132323123E-06
    1828  -4.127804453E-06
    1829  -4.123293192E-06
    1830  -4.118789322E-06
    1831  -4.091065955E-06
    1832  -4.086602163E-06
    1833  -4.082145672E-06
    1834  -4.077696467E-06
    1835  -4.073254532E-06
    1836  -4.105730443E-06
    1837  -4.101262837E-06
    1838  -4.096802518E-06
    1839  -4.092349472E-06
    1840  -4.087903682E-06
    1841  -4.043152002E-06
    1842  -4.038764425E-06
    1843  -4.034383986E-06
    1844  -4.030010670E-06
    1845  -4.025644462E-06
    1846  -3.924749656E-06
    1847  -3.920502091E-06
    1848  -3.916261418E-06
    1849  -3.912027622E-06
    1850  -3.907800688E-06
    1851  -3.706843843E-06
    1852  -3.702842932E-06
    1853  -3.698848495E-06
    1854  -3.694860519E-06
    1855  -3.690878988E-06
    1856  -3.547975638E-06
    1857  -3.544156504E-06
    1858  -3.540343533E-06
    1859  -3.536536712E-06
    1860  -3.532736028E-06
    1861  -3.492302603E-06
    1862  -3.488553486E-06
    1863  -3.484810403E-06
    1864  -3.481073341E-06
    1865  -3.477342287E-06
    1866  -3.433725911E-06
    1867  -3.430049545E-06
    1868  -3.426379080E-06
    1869  -3.422714504E-06
    1870  -3.419055803E-06
    1871  -3.471694113E-06
    1872  -3.467987018E-06
    1873  -3.464285858E-06
    1874  -3.460590620E-06
    1875  -3.456901291E-06
    1876  -3.368220726E-06
    1877  -3.364633696E-06
    1878  -3.361052394E-06
    1879  -3.357476806E-06
    1880  -3.353906921E-06
    1881  -3.432629559E-06
    1882  -3.428983643E-06
    1883  -3.425343533E-06
    1884  -3.421709216E-06
    1885  -3.418080681E-06
    1886  -3.352092104E-06
    1887  -3.348541159E-06
    1888  -3.344995853E-06
    1889  -3.341456175E-06
    1890  -3.337922112E-06
    1891  -3.296168324E-06
    1892  -3.292685843E-06
    1893  -3.289208878E-06
    1894  -3.285737418E-06
    1895  -3.282271450E-06
    1896  -3.278153891E-06
    1897  -3.274699567E-06
    1898  -3.271250699E-06
    1899  -3.267807278E-06
    1900  -3.264369290E-06
    1901  -3.046617606E-06
    1902  -3.043415696E-06
    1903  -3.040218831E-06
    1904  -3.037027000E-06
    1905  -3.033840193E-06
    1906  -3.034574439E-06
    1907  -3.031393543E-06
    1908  -3.028217646E-06
    1909  -3.025046738E-06
    1910  -3.021880807E-06
    1911  -2.934057512E-06
    1912  -2.930990019E-06
    1913  -2.927927333E-06
    1914  -2.924869446E-06
    1915  -2.921816346E-06
    1916  -2.901772227E-06
    1917  -2.898746395E-06
    1918  -2.895725294E-06
    1919  -2.892708914E-06
    1920  -2.889697244E-06
    1921  -2.867963991E-06
    1922  -2.864981189E-06
    1923  -2.862003038E-06
    1924  -2.859029529E-06
    1925  -2.856060651E-06
    1926  -2.859960868E-06
    1927  -2.856994103E-06
    1928  -2.854031953E-06
    1929  -2.851074407E-06
    1930  -2.848121456E-06
    1931  -2.903488318E-06
    1932  -2.900484191E-06
    1933  -2.897484724E-06
    1934  -2.894489908E-06
    1935  -2.891499733E-06
    1936  -2.806245499E-06
    1937  -2.803349477E-06
    1938  -2.800457935E-06
    1939  -2.797570865E-06
    1940  -2.794688257E-06
    1941  -2.732516026E-06
    1942  -2.729703349E-06
    1943  -2.726895012E-06
    1944  -2.724091007E-06
    1945  -2.721291324E-06
    1946  -2.678405244E-06
    1947  -2.675655341E-06
    1948  -2.672909671E-06
    1949  -2.670168226E-06
    1950  -2.667430995E-06
    1951  -2.512079547E-06
    1952  -2.509507012E-06
    1953  -2.506938428E-06
    1954  -2.504373785E-06
    1955  -2.501813076E-06
    1956  -2.507212978E-06
    1957  -2.504651984E-06
    1958  -2.502094912E-06
    1959  -2.499541754E-06
    1960  -2.496992502E-06
    1961  -2.339033121E-06
    1962  -2.336650000E-06
    1963  -2.334270520E-06
    1964  -2.331894672E-06
    1965  -2.329522449E-06
    1966  -2.355547148E-06
    1967  -2.353153300E-06
    1968  -2.350763098E-06
    1969  -2.348376537E-06
    1970  -2.345993608E-06
    1971  -2.355631137E-06
    1972  -2.353243270E-06
    1973  -2.350859032E-06
    1974  -2.348478415E-06
    1975  -2.346101412E-06
    1976  -2.301226068E-06
    1977  -2.298899247E-06
    1978  -2.296575953E-06
    1979  -2.294256179E-06
    1980  -2.291939918E-06
    1981  -2.309254647E-06
    1982  -2.306925595E-06
    1983  -2.304600066E-06
    1984  -2.302278050E-06
    1985  -2.299959543E-06
    1986  -2.210651678E-06
    1987  -2.208427682E-06
    1988  -2.206207041E-06
    1989  -2.203989748E-06
    1990  -2.201775795E-06
    1991  -2.223001034E-06
    1992  -2.220770226E-06
    1993  -2.218542773E-06
    1994  -2.216318670E-06
    1995  -2.214097910E-06
    1996  -2.099479976E-06
    1997  -2.097378394E-06
    1998  -2.095279967E-06
    1999  -2.093184687E-06
    2000  -2.091092548E-06
    2001  -1.958428194E-06
    2002  -1.956472699E-06
    2003  -1.954520132E-06
    2004  -1.952570486E-06
    2005  -1.950623755E-06
    2006  -1.891923444E-06
    2007  -1.890039058E-06
    2008  -1.888157486E-06
    2009  -1.886278722E-06
    2010  -1.884402761E-06
    2011  -1.799750254E-06
    2012  -1.797962126E-06
    2013  -1.796176662E-06
    2014  -1.794393857E-06
    2015  -1.792613704E-06
    2016  -1.793997439E-06
    2017  -1.792219444E-06
    2018  -1.790444090E-06
    2019  -1.788671373E-06
    2020  -1.786901288E-06
    2021  -1.749465395E-06
    2022  -1.747735819E-06
    2023  -1.746008808E-06
    2024  -1.744284354E-06
    2025  -1.742562455E-06
    2026  -1.718372329E-06
    2027  -1.716677682E-06
    2028  -1.714985540E-06
    2029  -1.713295900E-06
    2030  -1.711608754E-06
    2031  -1.732311657E-06
    2032  -1.730607464E-06
    2033  -1.728905785E-06
    2034  -1.727206615E-06
    2035  -1.725509948E-06
    2036  -1.652108055E-06
    2037  -1.650486751E-06
    2038  -1.648867834E-06
    2039  -1.647251296E-06
    2040  -1.645637135E-06
    2041  -1.652515421E-06
    2042  -1.650897687E-06
    2043  -1.649282327E-06
    2044  -1.647669337E-06
    2045  -1.646058712E-06
    2046  -1.551282978E-06
    2047  -1.549768053E-06
    2048  -1.548255347E-06
    2049  -1.546744854E-06
    2050  -1.545236570E-06
    2051  -1.486503746E-06
    2052  -1.485055617E-06
    2053  -1.483609604E-06
    2054  -1.482165702E-06
    2055  -1.480723906E-06
    2056  -1.434384669E-06
    2057  -1.432990709E-06
    2058  -1.431598780E-06
    2059  -1.430208879E-06
    2060  -1.428821000E-06
    2061  -1.380304124E-06
    2062  -1.378965971E-06
    2063  -1.377629764E-06
    2064  -1.376295498E-06
    2065  -1.374963169E-06
    2066  -1.358382670E-06
    2067  -1.357068954E-06
    2068  -1.355757142E-06
    2069  -1.354447232E-06
    2070  -1.353139219E-06
    2071  -1.313405182E-06
    2072  -1.312138028E-06
    2073  -1.310872706E-06
    2074  -1.309609215E-06
    2075  -1.308347549E-06
    2076  -1.328589361E-06
    2077  -1.327310642E-06
    2078  -1.326033768E-06
    2079  -1.324758735E-06
    2080  -1.323485541E-06
    2081  -1.307581680E-06
    2082  -1.306326200E-06
    2083  -1.305072528E-06
    2084  -1.303820660E-06
    2085  -1.302570592E-06
    2086  -1.283946065E-06
    2087  -1.282716231E-06
    2088  -1.281488164E-06
    2089  -1.280261860E-06
    2090  -1.279037315E-06
    2091  -1.209905713E-06
    2092  -1.208749568E-06
    2093  -1.207595079E-06
    2094  -1.206442244E-06
    2095  -1.205291059E-06
    2096  -1.161137369E-06
    2097  -1.160030470E-06
    2098  -1.158925152E-06
    2099  -1.157821414E-06
    2100  -1.156719252E-06
    2101  -1.096449863E-06
    2102  -1.095407114E-06
    2103  -1.094365853E-06
    2104  -1.093326075E-06
    2105  -1.092287779E-06
    2106  -1.002048892E-06
    2107  -1.001098182E-06
    2108  -1.000148824E-06
    2109  -9.992008152E-07
    2110  -9.982541541E-07
    2111  -9.747430071E-07
    2112  -9.738203919E-07
    2113  -9.728990859E-07
    2114  -9.719790868E-07
    2115  -9.710603920E-07
    2116  -9.454211975E-07
    2117  -9.445284485E-07
    2118  -9.436369634E-07
    2119  -9.427467399E-07
    2120  -9.418577755E-07
    2121  -9.330608245E-07
    2122  -9.321818224E-07
    2123  -9.313040617E-07
    2124  -9.304275402E-07
    2125  -9.295522556E-07
    2126  -9.100919022E-07
    2127  -9.092365526E-07
    2128  -9.083824084E-07
    2129  -9.075294672E-07
    2130  -9.066777267E-07
    2131  -8.980734003E-07
    2132  -8.972313249E-07
    2133  -8.963904333E-07
    2134  -8.955507233E-07
    2135  -8.947121927E-07
    2136  -8.866413894E-07
    2137  -8.858119774E-07
    2138  -8.849837288E-07
    2139  -8.841566412E-07
    2140  -8.833307125E-07
    2141  -8.452693564E-07
    2142  -8.444804909E-07
    2143  -8.436927293E-07
    2144  -8.429060694E-07
    2145  -8.421205092E-07
    2146  -8.047971725E-07
    2147  -8.040478269E-07
    2148  -8.032995274E-07
    2149  -8.025522721E-07
    2150  -8.018060589E-07
    2151  -7.463355015E-07
    2152  -7.456422033E-07
    2153  -7.449498707E-07
    2154  -7.442585019E-07
    2155  -7.435680951E-07
    2156  -7.034885986E-07
    2157  -7.028366165E-07
    2158  -7.021855405E-07
    2159  -7.015353687E-07
    2160  -7.008860995E-07
    2161  -6.971233735E-07
    2162  -6.964787842E-07
    2163  -6.958350884E-07
    2164  -6.951922846E-07
    2165  -6.945503712E-07
    2166  -6.589292958E-07
    2167  -6.583214275E-07
    2168  -6.577143999E-07
    2169  -6.571082115E-07
    2170  -6.565028608E-07
    2171  -6.493339115E-07
    2172  -6.487362733E-07
    2173  -6.481394598E-07
    2174  -6.475434695E-07
    2175  -6.469483009E-07
    2176  -6.316317971E-07
    2177  -6.310517863E-07
    2178  -6.304725740E-07
    2179  -6.298941588E-07
    2180  -6.293165392E-07
    2181  -6.312358045E-07
    2182  -6.306574850E-07
    2183  -6.300799598E-07
    2184  -6.295032276E-07
    2185  -6.289272868E-07
    2186  -6.128888962E-07
    2187  -6.123286687E-07
    2188  -6.117692090E-07
    2189  -6.112105156E-07
    2190  -6.106525873E-07
    2191  -5.738411506E-07
    2192  -5.733178117E-07
    2193  -5.727951883E-07
    2194  -5.722732793E-07
    2195  -5.717520832E-07
    2196  -5.498510913E-07
    2197  -5.493507718E-07
    2198  -5.488511349E-07
    2199  -5.483521793E-07
    2200  -5.478539038E-07
    2201  -4.959378284E-07
    2202  -4.954875898E-07
    2203  -4.950379640E-07
    2204  -4.945889500E-07
    2205  -4.941405466E-07
    2206  -4.647593835E-07
    2207  -4.643384058E-07
    2208  -4.639179998E-07
    2209  -4.634981645E-07
    2210  -4.630788989E-07
    2211  -4.319812153E-07
    2212  -4.315908120E-07
    2213  -4.312009378E-07
    2214  -4.308115915E-07
    2215  -4.304227724E-07
    2216  -4.101620076E-07
    2217  -4.097921591E-07
    2218  -4.094228106E-07
    2219  -4.090539612E-07
    2220  -4.086856100E-07
    2221  -4.124920792E-07
    2222  -4.121209662E-07
    2223  -4.117503538E-07
    2224  -4.113802411E-07
    2225  -4.110106273E-07
    2226  -3.946403021E-07
    2227  -3.942860469E-07
    2228  -3.939322685E-07
    2229  -3.935789660E-07
    2230  -3.932261386E-07
    2231  -3.941841741E-07
    2232  -3.938311206E-07
    2233  -3.934785413E-07
    2234  -3.931264352E-07
    2235  -3.927748016E-07
    2236  -3.789913413E-07
    2237  -3.786526537E-07
    2238  -3.783144200E-07
    2239  -3.779766393E-07
    2240  -3.776393107E-07
    2241  -3.540244435E-07
    2242  -3.537087731E-07
    2243  -3.533935246E-07
    2244  -3.530786974E-07
    2245  -3.527642907E-07
    2246  -3.422240409E-07
    2247  -3.419195711E-07
    2248  -3.416155074E-07
    2249  -3.413118492E-07
    2250  -3.410085957E-07
    2251  -3.065918061E-07
    2252  -3.063196429E-07
    2253  -3.060478420E-07
    2254  -3.057764026E-07
    2255  -3.055053243E-07
    2256  -2.881202969E-07
    2257  -2.878650974E-07
    2258  -2.876102368E-07
    2259  -2.873557144E-07
    2260  -2.871015298E-07
    2261  -2.683204808E-07
    2262  -2.680833438E-07
    2263  -2.678465210E-07
    2264  -2.676100120E-07
    2265  -2.673738160E-07
    2266  -2.598890184E-07
    2267  -2.596598394E-07
    2268  -2.594309634E-07
    2269  -2.592023898E-07
    2270  -2.589741182E-07
    2271  -2.571970795E-07
    2272  -2.569707732E-07
    2273  -2.567447655E-07
    2274  -2.565190558E-07
    2275  -2.562936436E-07
    2276  -2.451181208E-07
    2277  -2.449029161E-07
    2278  -2.446879948E-07
    2279  -2.444733562E-07
    2280  -2.442589999E-07
    2281  -2.451095336E-07
    2282  -2.448948078E-07
    2283  -2.446803640E-07
    2284  -2.444662018E-07
    2285  -2.442523206E-07
    2286  -2.344341739E-07
    2287  -2.342292489E-07
    2288  -2.340245925E-07
    2289  -2.338202042E-07
    2290  -2.336160836E-07
    2291  -2.212422173E-07
    2292  -2.210492454E-07
    2293  -2.208565260E-07
    2294  -2.206640584E-07
    2295  -2.204718423E-07
    2296  -2.029977935E-07
    2297  -2.028211200E-07
    2298  -2.026446771E-07
    2299  -2.024684644E-07
    2300  -2.022924814E-07
    2301  -1.801966159E-07
    2302  -1.800401273E-07
    2303  -1.798838425E-07
    2304  -1.797277611E-07
    2305  -1.795718827E-07
    2306  -1.689860120E-07
    2307  -1.688395770E-07
    2308  -1.686933323E-07
    2309  -1.685472774E-07
    2310  -1.684014122E-07
    2311  -1.540969708E-07
    2312  -1.539637266E-07
    2313  -1.538306551E-07
    2314  -1.536977560E-07
    2315  -1.535650291E-07
    2316  -1.475819824E-07
    2317  -1.474546468E-07
    2318  -1.473274759E-07
    2319  -1.472004694E-07
    2320  -1.470736272E-07
    2321  -1.415880545E-07
    2322  -1.414661535E-07
    2323  -1.413444098E-07
    2324  -1.412228232E-07
    2325  -1.411013935E-07
    2326  -1.380146595E-07
    2327  -1.378960902E-07
    2328  -1.377776736E-07
    2329  -1.376594095E-07
    2330  -1.375412976E-07
    2331  -1.368163628E-07
    2332  -1.366990749E-07
    2333  -1.365819378E-07
    2334  -1.364649511E-07
    2335  -1.363481146E-07
    2336  -1.297930749E-07
    2337  -1.296820458E-07
    2338  -1.295711590E-07
    2339  -1.294604144E-07
    2340  -1.293498118E-07
    2341  -1.240856824E-07
    2342  -1.239797620E-07
    2343  -1.238739772E-07
    2344  -1.237683278E-07
    2345  -1.236628134E-07
    2346  -1.138900370E-07
    2347  -1.137930267E-07
    2348  -1.136961403E-07
    2349  -1.135993777E-07
    2350  -1.135027385E-07
    2351  -1.051613341E-07
    2352  -1.050719492E-07
    2353  -1.049826782E-07
    2354  -1.048935210E-07
    2355  -1.048044772E-07
    2356  -9.474066454E-08
    2357  -9.466030774E-08
    2358  -9.458005313E-08
    2359  -9.449990055E-08
    2360  -9.441984981E-08
    2361  -8.869205799E-08
    2362  -8.861699066E-08
    2363  -8.854201858E-08
    2364  -8.846714161E-08
    2365  -8.839235958E-08
    2366  -8.614313152E-08
    2367  -8.607037550E-08
    2368  -8.599771161E-08
    2369  -8.592513970E-08
    2370  -8.585265962E-08
    2371  -8.278205991E-08
    2372  -8.271228995E-08
    2373  -8.264260815E-08
    2374  -8.257301438E-08
    2375  -8.250350847E-08
    2376  -8.063150398E-08
    2377  -8.056368943E-08
    2378  -8.049596039E-08
    2379  -8.042831673E-08
    2380  -8.036075829E-08
    2381  -7.878876559E-08
    2382  -7.872263989E-08
    2383  -7.865659741E-08
    2384  -7.859063800E-08
    2385  -7.852476152E-08
    2386  -7.479702788E-08
    2387  -7.473438381E-08
    2388  -7.467181840E-08
    2389  -7.460933152E-08
    2390  -7.454692304E-08
    2391  -7.145313220E-08
    2392  -7.139341374E-08
    2393  -7.133377012E-08
    2394  -7.127420121E-08
    2395  -7.121470689E-08
    2396  -6.383151245E-08
    2397  -6.377827516E-08
    2398  -6.372510445E-08
    2399  -6.367200019E-08
    2400  -6.361896229E-08
    2401  -5.807706873E-08
    2402  -5.802873160E-08
    2403  -5.798045478E-08
    2404  -5.793223819E-08
    2405  -5.788408172E-08
    2406  -5.168577220E-08
    2407  -5.164284382E-08
    2408  -5.159996890E-08
    2409  -5.155714735E-08
    2410  -5.151437908E-08
    2411  -4.787641561E-08
    2412  -4.783673354E-08
    2413  -4.779710079E-08
    2414  -4.775751727E-08
    2415  -4.771798290E-08
    2416  -4.538799236E-08
    2417  -4.535045059E-08
    2418  -4.531295539E-08
    2419  -4.527550666E-08
    2420  -4.523810434E-08
    2421  -4.277102168E-08
    2422  -4.273571750E-08
    2423  -4.270045700E-08
    2424  -4.266524013E-08
    2425  -4.263006681E-08
    2426  -4.247770470E-08
    2427  -4.244271483E-08
    2428  -4.240776817E-08
    2429  -4.237286466E-08
    2430  -4.233800422E-08
    2431  -4.049491332E-08
    2432  -4.046162527E-08
    2433  -4.042837824E-08
    2434  -4.039517218E-08
    2435  -4.036200702E-08
    2436  -3.977774014E-08
    2437  -3.974510869E-08
    2438  -3.971251737E-08
    2439  -3.967996613E-08
    2440  -3.964745489E-08
    2441  -3.735953130E-08
    2442  -3.732894633E-08
    2443  -3.729839892E-08
    2444  -3.726788898E-08
    2445  -3.723741646E-08
    2446  -3.428017825E-08
    2447  -3.425217157E-08
    2448  -3.422419919E-08
    2449  -3.419626107E-08
    2450  -3.416835715E-08
    2451  -3.206676213E-08
    2452  -3.204061719E-08
    2453  -3.201450422E-08
    2454  -3.198842316E-08
    2455  -3.196237395E-08
    2456  -2.948808011E-08
    2457  -2.946408656E-08
    2458  -2.944012227E-08
    2459  -2.941618722E-08
    2460  -2.939228133E-08
    2461  -2.795059358E-08
    2462  -2.792789720E-08
    2463  -2.790522845E-08
    2464  -2.788258729E-08
    2465  -2.785997368E-08
    2466  -2.668836793E-08
    2467  -2.666674040E-08
    2468  -2.664513915E-08
    2469  -2.662356414E-08
    2470  -2.660201533E-08
    2471  -2.573538231E-08
    2472  -2.571456922E-08
    2473  -2.569378137E-08
    2474  -2.567301872E-08
    2475  -2.565228122E-08
    2476  -2.555148166E-08
    2477  -2.553085900E-08
    2478  -2.551026129E-08
    2479  -2.548968850E-08
    2480  -2.546914058E-08
    2481  -2.452238193E-08
    2482  -2.450262971E-08
    2483  -2.448290134E-08
    2484  -2.446319680E-08
    2485  -2.444351603E-08
    2486  -2.425473509E-08
    2487  -2.423523772E-08
    2488  -2.421576384E-08
    2489  -2.419631343E-08
    2490  -2.417688644E-08
    2491  -2.330763169E-08
    2492  -2.328893323E-08
    2493  -2.327025726E-08
    2494  -2.325160375E-08
    2495  -2.323297266E-08
    2496  -2.244560272E-08
    2497  -2.242763186E-08
    2498  -2.240968257E-08
    2499  -2.239175483E-08
    2500  -2.237384858E-08
    2501  -2.147146544E-08
    2502  -2.145430886E-08
    2503  -2.143717283E-08
    2504  -2.142005732E-08
    2505  -2.140296230E-08
    2506  -2.023556865E-08
    2507  -2.021943183E-08
    2508  -2.020331431E-08
    2509  -2.018721605E-08
    2510  -2.017113703E-08
    2511  -2.019807418E-08
    2512  -2.018199931E-08
    2513  -2.016594362E-08
    2514  -2.014990709E-08
    2515  -2.013388967E-08
    2516  -1.945197247E-08
    2517  -1.943652213E-08
    2518  -1.942109020E-08
    2519  -1.940567664E-08
    2520  -1.939028141E-08
    2521  -1.932768831E-08
    2522  -1.931236711E-08
    2523  -1.929706413E-08
    2524  -1.928177933E-08
    2525  -1.926651268E-08
    2526  -1.863634320E-08
    2527  -1.862159925E-08
    2528  -1.860687280E-08
    2529  -1.859216381E-08
    2530  -1.857747226E-08
    2531  -1.836369736E-08
    2532  -1.834919780E-08
    2533  -1.833471540E-08
    2534  -1.832025014E-08
    2535  -1.830580199E-08
    2536  -1.842251418E-08
    2537  -1.840799683E-08
    2538  -1.839349663E-08
    2539  -1.837901357E-08
    2540  -1.836454760E-08
    2541  -1.805682378E-08
    2542  -1.804262258E-08
    2543  -1.802843813E-08
    2544  -1.801427040E-08
    2545  -1.800011936E-08
    2546  -1.802736843E-08
    2547  -1.801321822E-08
    2548  -1.799908466E-08
    2549  -1.798496773E-08
    2550  -1.797086741E-08
    2551  -1.771498039E-08
    2552  -1.770110261E-08
    2553  -1.768724114E-08
    2554  -1.767339594E-08
    2555  -1.765956699E-08
    2556  -1.775120875E-08
    2557  -1.773732977E-08
    2558  -1.772346707E-08
    2559  -1.770962061E-08
    2560  -1.769579037E-08
    2561  -1.749115539E-08
    2562  -1.747750642E-08
    2563  -1.746387342E-08
    2564  -1.745025636E-08
    2565  -1.743665523E-08
    2566  -1.727903630E-08
    2567  -1.726557911E-08
    2568  -1.725213763E-08
    2569  -1.723871184E-08
    2570  -1.722530172E-08
    2571  -1.731718342E-08
    2572  -1.730372272E-08
    2573  -1.729027772E-08
    2574  -1.727684838E-08
    2575  -1.726343467E-08
    2576  -1.689429004E-08
    2577  -1.688118353E-08
    2578  -1.686809227E-08
    2579  -1.685501623E-08
    2580  -1.684195539E-08
    2581  -1.705983352E-08
    2582  -1.704662421E-08
    2583  -1.703343022E-08
    2584  -1.702025156E-08
    2585  -1.700708817E-08
    2586  -1.695967300E-08
    2587  -1.694656660E-08
    2588  -1.693347540E-08
    2589  -1.692039935E-08
    2590  -1.690733845E-08
    2591  -1.694032566E-08
    2592  -1.692725946E-08
    2593  -1.691420837E-08
    2594  -1.690117237E-08
    2595  -1.688815144E-08
    2596  -1.730659808E-08
    2597  -1.729327506E-08
    2598  -1.727996742E-08
    2599  -1.726667514E-08
    2600  -1.725339819E-08
    2601  -1.719824210E-08
    2602  -1.718502793E-08
    2603  -1.717182898E-08
    2604  -1.715864523E-08
    2605  -1.714547667E-08
    2606  -1.779804208E-08
    2607  -1.778439328E-08
    2608  -1.777076017E-08
    2609  -1.775714272E-08
    2610  -1.774354093E-08
    2611  -1.751486967E-08
    2612  -1.750146372E-08
    2613  -1.748807316E-08
    2614  -1.747469796E-08
    2615  -1.746133810E-08
    2616  -1.775301410E-08
    2617  -1.773945183E-08
    2618  -1.772590509E-08
    2619  -1.771237387E-08
    2620  -1.769885813E-08
    2621  -1.740766419E-08
    2622  -1.739439109E-08
    2623  -1.738113317E-08
    2624  -1.736789041E-08
    2625  -1.735466277E-08
    2626  -1.746117726E-08
    2627  -1.744788870E-08
    2628  -1.743461529E-08
    2629  -1.742135703E-08
    2630  -1.740811389E-08
    2631  -1.746470930E-08
    2632  -1.745144329E-08
    2633  -1.743819238E-08
    2634  -1.742495656E-08
    2635  -1.741173581E-08
    2636  -1.722677523E-08
    2637  -1.721371474E-08
    2638  -1.720066911E-08
    2639  -1.718763830E-08
    2640  -1.717462229E-08
    2641  -1.755625057E-08
    2642  -1.754296548E-08
    2643  -1.752969546E-08
    2644  -1.751644049E-08
    2645  -1.750320055E-08
    2646  -1.765975839E-08
    2647  -1.764642020E-08
    2648  -1.763309712E-08
    2649  -1.761978912E-08
    2650  -1.760649618E-08
    2651  -1.783716750E-08
    2652  -1.782372071E-08
    2653  -1.781028912E-08
    2654  -1.779687270E-08
    2655  -1.778347144E-08
    2656  -1.831997719E-08
    2657  -1.830619240E-08
    2658  -1.829242317E-08
    2659  -1.827866947E-08
    2660  -1.826493128E-08
    2661  -1.797959949E-08
    2662  -1.796609622E-08
    2663  -1.795260816E-08
    2664  -1.793913529E-08
    2665  -1.792567757E-08
    2666  -1.853371660E-08
    2667  -1.851982326E-08
    2668  -1.850594554E-08
    2669  -1.849208341E-08
    2670  -1.847823685E-08
    2671  -1.827164890E-08
    2672  -1.825797763E-08
    2673  -1.824432170E-08
    2674  -1.823068109E-08
    2675  -1.821705577E-08
    2676  -1.789305460E-08
    2677  -1.787969160E-08
    2678  -1.786634357E-08
    2679  -1.785301048E-08
    2680  -1.783969230E-08
    2681  -1.797437296E-08
    2682  -1.796097425E-08
    2683  -1.794759051E-08
    2684  -1.793422173E-08
    2685  -1.792086788E-08
    2686  -1.755943656E-08
    2687  -1.754637151E-08
    2688  -1.753332103E-08
    2689  -1.752028510E-08
    2690  -1.750726371E-08
    2691  -1.801185625E-08
    2692  -1.799847945E-08
    2693  -1.798511755E-08
    2694  -1.797177053E-08
    2695  -1.795843835E-08
    2696  -1.770089699E-08
    2697  -1.768777549E-08
    2698  -1.767466858E-08
    2699  -1.766157623E-08
    2700  -1.764849843E-08
