      50   0.000000000E+00
      51   0.000000000E+00
      52   0.000000000E+00
      53   0.000000000E+00
      54   0.000000000E+00
      55   0.000000000E+00
      56   0.000000000E+00
      57   0.000000000E+00
      58   0.000000000E+00
      59   0.000000000E+00
      60   0.000000000E+00
      61   0.000000000E+00
      62   0.000000000E+00
      63   0.000000000E+00
      64   0.000000000E+00
      65   0.000000000E+00
      66   0.000000000E+00
      67   0.000000000E+00
      68   0.000000000E+00
      69   0.000000000E+00
      70   0.000000000E+00
      71   2.329501873E-12
      72   2.265679904E-12
      73   2.204445312E-12
      74   2.145660103E-12
      75   2.089195364E-12
      76   3.232788248E-13
      77   3.149896241E-13
      78   3.070152033E-13
      79   2.993398232E-13
      80   2.919487164E-13
      81   1.009211488E-12
      82   9.848931389E-13
      83   9.614433023E-13
      84   9.388211069E-13
      85   9.169880579E-13
      86   0.000000000E+00
      87   0.000000000E+00
      88   0.000000000E+00
      89   0.000000000E+00
      90   0.000000000E+00
      91   0.000000000E+00
      92   0.000000000E+00
      93   0.000000000E+00
      94   0.000000000E+00
      95   0.000000000E+00
      96   0.000000000E+00
      97   0.000000000E+00
      98   0.000000000E+00
      99   0.000000000E+00
     100   0.000000000E+00
     101   0.000000000E+00
     102   0.000000000E+00
     103   0.000000000E+00
     104   0.000000000E+00
     105   0.000000000E+00
     106   0.000000000E+00
     107   0.000000000E+00
     108   0.000000000E+00
     109   0.000000000E+00
     110   0.000000000E+00
     111   6.569464173E-12
     112   6.453190470E-12
     113   6.339976602E-12
     114   6.229716140E-12
     115   6.122307241E-12
     116   6.469782061E-12
     117   6.360124738E-12
     118   6.253231886E-12
     119   6.149011354E-12
     120   6.047374803E-12
     121   0.000000000E+00
     122   0.000000000E+00
     123   0.000000000E+00
     124   0.000000000E+00
     125   0.000000000E+00
     126   0.000000000E+00
     127   0.000000000E+00
     128   0.000000000E+00
     129   0.000000000E+00
     130   0.000000000E+00
     131   0.000000000E+00
     132   0.000000000E+00
     133   0.000000000E+00
     134   0.000000000E+00
     135   0.000000000E+00
     136   0.000000000E+00
     137   0.000000000E+00
     138   0.000000000E+00
     139   0.000000000E+00
     140   0.000000000E+00
     141   0.000000000E+00
     142   0.000000000E+00
     143   0.000000000E+00
     144   0.000000000E+00
     145   0.000000000E+00
     146   0.000000000E+00
     147   0.000000000E+00
     148   0.000000000E+00
     149   0.000000000E+00
     150   0.000000000E+00
     151   0.000000000E+00
     152   0.000000000E+00
     153   0.000000000E+00
     154   0.000000000E+00
     155   0.000000000E+00
     156   0.000000000E+00
     157   0.000000000E+00
     158   0.000000000E+00
     159   0.000000000E+00
     160   0.000000000E+00
     161   2.791403774E-12
     162   2.757153421E-12
     163   2.723529598E-12
     164   2.690517118E-12
     165   2.658101250E-12
     166   0.000000000E+00
     167   0.000000000E+00
     168   0.000000000E+00
     169   0.000000000E+00
     170   0.000000000E+00
     171   1.676843932E-13
     172   1.657458453E-13
     173   1.638407207E-13
     174   1.619682553E-13
     175   1.601277069E-13
     176   9.935442739E-12
     177   9.823808551E-12
     178   9.714045327E-12
     179   9.606111490E-12
     180   9.499966612E-12
     181   7.042288875E-12
     182   6.965323969E-12
     183   6.889613926E-12
     184   6.815131613E-12
     185   6.741850628E-12
     186   1.728856120E-11
     187   1.710464034E-11
     188   1.692363885E-11
     189   1.674549529E-11
     190   1.657014979E-11
     191   1.278951544E-11
     192   1.265698160E-11
     193   1.252649726E-11
     194   1.239802036E-11
     195   1.227150995E-11
     196   2.052571646E-11
     197   2.031838599E-11
     198   2.011418111E-11
     199   1.991303930E-11
     200   1.971489960E-11
     201   2.075362929E-11
     202   2.054916003E-11
     203   2.034769768E-11
     204   2.014918356E-11
     205   1.995356041E-11
     206   0.000000000E+00
     207   0.000000000E+00
     208   0.000000000E+00
     209   0.000000000E+00
     210   0.000000000E+00
     211   0.000000000E+00
     212   0.000000000E+00
     213   0.000000000E+00
     214   0.000000000E+00
     215   0.000000000E+00
     216   0.000000000E+00
     217   0.000000000E+00
     218   0.000000000E+00
     219   0.000000000E+00
     220   0.000000000E+00
     221   0.000000000E+00
     222   0.000000000E+00
     223   0.000000000E+00
     224   0.000000000E+00
     225   0.000000000E+00
     226   0.000000000E+00
     227   0.000000000E+00
     228   0.000000000E+00
     229   0.000000000E+00
     230   0.000000000E+00
     231   0.000000000E+00
     232   0.000000000E+00
     233   0.000000000E+00
     234   0.000000000E+00
     235   0.000000000E+00
     236   0.000000000E+00
     237   0.000000000E+00
     238   0.000000000E+00
     239   0.000000000E+00
     240   0.000000000E+00
     241   0.000000000E+00
     242   0.000000000E+00
     243   0.000000000E+00
     244   0.000000000E+00
     245   0.000000000E+00
     246   0.000000000E+00
     247   0.000000000E+00
     248   0.000000000E+00
     249   0.000000000E+00
     250   0.000000000E+00
     251   8.147571726E-11
     252   8.083164045E-11
     253   8.019517084E-11
     254   7.956618911E-11
     255   7.894457825E-11
     256   9.374360250E-11
     257   9.301690791E-11
     258   9.229863063E-11
     259   9.158864116E-11
     260   9.088681249E-11
     261   2.077874781E-10
     262   2.062073452E-10
     263   2.046451683E-10
     264   2.031006765E-10
     265   2.015736038E-10
     266   2.212427426E-10
     267   2.195916774E-10
     268   2.179590255E-10
     269   2.163445142E-10
     270   2.147478757E-10
     271   3.803656814E-10
     272   3.775791197E-10
     273   3.748230677E-10
     274   3.720970818E-10
     275   3.694007261E-10
     276   4.050930462E-10
     277   4.021787078E-10
     278   3.992957063E-10
     279   3.964435941E-10
     280   3.936219315E-10
     281   2.031054801E-09
     282   2.016701057E-09
     283   2.002498937E-09
     284   1.988446313E-09
     285   1.974541094E-09
     286   3.313496418E-09
     287   3.290486026E-09
     288   3.267714497E-09
     289   3.245178535E-09
     290   3.222874902E-09
     291   4.816246020E-09
     292   4.783370621E-09
     293   4.750830685E-09
     294   4.718621663E-09
     295   4.686739084E-09
     296   6.106153687E-09
     297   6.065172789E-09
     298   6.024603072E-09
     299   5.984439051E-09
     300   5.944675337E-09
     301   7.664324173E-09
     302   7.613734575E-09
     303   7.563644216E-09
     304   7.514046549E-09
     305   7.464935134E-09
     306   1.222805372E-08
     307   1.214865077E-08
     308   1.207001873E-08
     309   1.199214764E-08
     310   1.191502772E-08
     311   1.173309276E-08
     312   1.165812092E-08
     313   1.158386537E-08
     314   1.151031702E-08
     315   1.143746691E-08
     316   1.347701558E-08
     317   1.339225447E-08
     318   1.330829050E-08
     319   1.322511368E-08
     320   1.314271422E-08
     321   1.664972608E-08
     322   1.654663180E-08
     323   1.644449210E-08
     324   1.634329523E-08
     325   1.624302961E-08
     326   1.739305114E-08
     327   1.728699595E-08
     328   1.718190783E-08
     329   1.707777505E-08
     330   1.697458608E-08
     331   2.139026711E-08
     332   2.126179704E-08
     333   2.113448089E-08
     334   2.100830488E-08
     335   2.088325545E-08
     336   2.129885076E-08
     337   2.117282206E-08
     338   2.104790865E-08
     339   2.092409743E-08
     340   2.080137545E-08
     341   2.648879674E-08
     342   2.633434312E-08
     343   2.618123647E-08
     344   2.602946119E-08
     345   2.587900188E-08
     346   2.981796367E-08
     347   2.964659606E-08
     348   2.947670153E-08
     349   2.930826324E-08
     350   2.914126459E-08
     351   2.763403033E-08
     352   2.747746359E-08
     353   2.732222368E-08
     354   2.716829566E-08
     355   2.701566479E-08
     356   3.492925250E-08
     357   3.473411702E-08
     358   3.454061219E-08
     359   3.434871990E-08
     360   3.415842228E-08
     361   3.167090373E-08
     362   3.149640839E-08
     363   3.132335120E-08
     364   3.115171640E-08
     365   3.098148844E-08
     366   4.230781134E-08
     367   4.207787758E-08
     368   4.184981321E-08
     369   4.162359800E-08
     370   4.139921203E-08
     371   3.949335219E-08
     372   3.928159159E-08
     373   3.907152960E-08
     374   3.886314811E-08
     375   3.865642923E-08
     376   4.283124400E-08
     377   4.260462366E-08
     378   4.237979715E-08
     379   4.215674559E-08
     380   4.193545033E-08
     381   4.863150241E-08
     382   4.837755200E-08
     383   4.812558558E-08
     384   4.787558254E-08
     385   4.762752253E-08
     386   4.524691679E-08
     387   4.501368526E-08
     388   4.478225243E-08
     389   4.455259986E-08
     390   4.432470932E-08
     391   5.400485551E-08
     392   5.373002164E-08
     393   5.345728041E-08
     394   5.318661063E-08
     395   5.291799139E-08
     396   5.300816746E-08
     397   5.274179476E-08
     398   5.247742486E-08
     399   5.221503773E-08
     400   5.195461361E-08
     401   5.925241427E-08
     402   5.895835763E-08
     403   5.866648457E-08
     404   5.837677353E-08
     405   5.808920322E-08
     406   6.342602987E-08
     407   6.311511796E-08
     408   6.280648657E-08
     409   6.250011347E-08
     410   6.219597666E-08
     411   6.456827208E-08
     412   6.425559279E-08
     413   6.394517930E-08
     414   6.363700976E-08
     415   6.333106260E-08
     416   6.930334309E-08
     417   6.897174815E-08
     418   6.864252739E-08
     419   6.831565821E-08
     420   6.799111827E-08
     421   7.297085391E-08
     422   7.262583805E-08
     423   7.228326334E-08
     424   7.194310681E-08
     425   7.160534574E-08
     426   7.596146913E-08
     427   7.560650900E-08
     428   7.525403110E-08
     429   7.490401235E-08
     430   7.455642993E-08
     431   7.934228626E-08
     432   7.897580919E-08
     433   7.861186537E-08
     434   7.825043150E-08
     435   7.789148457E-08
     436   8.806735343E-08
     437   8.766521940E-08
     438   8.726583343E-08
     439   8.686917055E-08
     440   8.647520606E-08
     441   8.660683485E-08
     442   8.621583334E-08
     443   8.582747373E-08
     444   8.544173227E-08
     445   8.505858549E-08
     446   9.645849933E-08
     447   9.602788103E-08
     448   9.560013991E-08
     449   9.517525040E-08
     450   9.475318721E-08
     451   9.646844974E-08
     452   9.604254047E-08
     453   9.561944558E-08
     454   9.519914032E-08
     455   9.478160023E-08
     456   1.029951781E-07
     457   1.025454175E-07
     458   1.020985965E-07
     459   1.016546895E-07
     460   1.012136714E-07
     461   1.097074966E-07
     462   1.092335981E-07
     463   1.087627637E-07
     464   1.082949668E-07
     465   1.078301816E-07
     466   1.047149452E-07
     467   1.042674455E-07
     468   1.038228082E-07
     469   1.033810090E-07
     470   1.029420238E-07
     471   1.287318012E-07
     472   1.281874807E-07
     473   1.276466053E-07
     474   1.271091459E-07
     475   1.265750738E-07
     476   1.207954022E-07
     477   1.202899821E-07
     478   1.197877275E-07
     479   1.192886120E-07
     480   1.187926094E-07
     481   1.365078440E-07
     482   1.359425942E-07
     483   1.353808479E-07
     484   1.348225764E-07
     485   1.342677510E-07
     486   1.320734491E-07
     487   1.315321645E-07
     488   1.309942006E-07
     489   1.304595304E-07
     490   1.299281270E-07
     491   1.330668792E-07
     492   1.325270541E-07
     493   1.319905073E-07
     494   1.314572124E-07
     495   1.309271430E-07
     496   1.594007726E-07
     497   1.587606089E-07
     498   1.581242938E-07
     499   1.574917966E-07
     500   1.568630868E-07
     501   1.442586480E-07
     502   1.436850550E-07
     503   1.431148762E-07
     504   1.425480846E-07
     505   1.419846535E-07
     506   1.664816258E-07
     507   1.658261864E-07
     508   1.651746100E-07
     509   1.645268664E-07
     510   1.638829257E-07
     511   1.631864490E-07
     512   1.625502446E-07
     513   1.619177533E-07
     514   1.612889465E-07
     515   1.606637956E-07
     516   1.695859489E-07
     517   1.689311769E-07
     518   1.682801897E-07
     519   1.676329582E-07
     520   1.669894536E-07
     521   1.907195737E-07
     522   1.899902445E-07
     523   1.892650909E-07
     524   1.885440811E-07
     525   1.878271834E-07
     526   1.659767071E-07
     527   1.653480074E-07
     528   1.647228732E-07
     529   1.641012775E-07
     530   1.634831935E-07
     531   2.023513904E-07
     532   2.015920982E-07
     533   2.008370716E-07
     534   2.000862788E-07
     535   1.993396882E-07
     536   1.951646516E-07
     537   1.944391325E-07
     538   1.937176515E-07
     539   1.930001787E-07
     540   1.922866845E-07
     541   2.205996075E-07
     542   2.197870860E-07
     543   2.189790452E-07
     544   2.181754524E-07
     545   2.173762749E-07
     546   2.262551780E-07
     547   2.254294292E-07
     548   2.246081927E-07
     549   2.237914356E-07
     550   2.229791255E-07
     551   2.033172508E-07
     552   2.025819262E-07
     553   2.018505835E-07
     554   2.011231940E-07
     555   2.003997293E-07
     556   2.477714584E-07
     557   2.468833887E-07
     558   2.460000849E-07
     559   2.451215132E-07
     560   2.442476397E-07
     561   2.351585017E-07
     562   2.343231251E-07
     563   2.334921921E-07
     564   2.326656710E-07
     565   2.318435308E-07
     566   2.640064299E-07
     567   2.630768298E-07
     568   2.621521310E-07
     569   2.612322989E-07
     570   2.603172996E-07
     571   2.602499625E-07
     572   2.593415857E-07
     573   2.584379564E-07
     574   2.575390418E-07
     575   2.566448090E-07
     576   2.667131253E-07
     577   2.657902425E-07
     578   2.648721415E-07
     579   2.639587893E-07
     580   2.630501532E-07
     581   2.908149990E-07
     582   2.898173489E-07
     583   2.888248237E-07
     584   2.878373884E-07
     585   2.868550083E-07
     586   2.780282192E-07
     587   2.770825449E-07
     588   2.761416874E-07
     589   2.752056139E-07
     590   2.742742920E-07
     591   3.116954302E-07
     592   3.106441809E-07
     593   3.095982409E-07
     594   3.085575745E-07
     595   3.075221464E-07
     596   3.178461059E-07
     597   3.167830754E-07
     598   3.157253690E-07
     599   3.146729511E-07
     600   3.136257865E-07
     601   3.289342663E-07
     602   3.278432737E-07
     603   3.267577000E-07
     604   3.256775092E-07
     605   3.246026660E-07
     606   3.343836589E-07
     607   3.332837126E-07
     608   3.321891849E-07
     609   3.311000400E-07
     610   3.300162428E-07
     611   3.195474647E-07
     612   3.185048955E-07
     613   3.174674203E-07
     614   3.164350059E-07
     615   3.154076195E-07
     616   3.728970173E-07
     617   3.716902309E-07
     618   3.704892931E-07
     619   3.692941664E-07
     620   3.681048132E-07
     621   3.613989577E-07
     622   3.602387684E-07
     623   3.590841570E-07
     624   3.579350877E-07
     625   3.567915251E-07
     626   3.842559870E-07
     627   3.830322418E-07
     628   3.818143333E-07
     629   3.806022243E-07
     630   3.793958781E-07
     631   3.759931027E-07
     632   3.748051308E-07
     633   3.736227802E-07
     634   3.724460155E-07
     635   3.712748017E-07
     636   4.016909987E-07
     637   4.004317793E-07
     638   3.991784717E-07
     639   3.979310390E-07
     640   3.966894445E-07
     641   4.263471807E-07
     642   4.250210619E-07
     643   4.237011207E-07
     644   4.223873188E-07
     645   4.210796181E-07
     646   4.036922043E-07
     647   4.024462407E-07
     648   4.012060366E-07
     649   3.999715565E-07
     650   3.987427652E-07
     651   4.492409988E-07
     652   4.478650693E-07
     653   4.464954513E-07
     654   4.451321064E-07
     655   4.437749963E-07
     656   4.390914786E-07
     657   4.377568540E-07
     658   4.364283052E-07
     659   4.351057952E-07
     660   4.337892875E-07
     661   4.630242953E-07
     662   4.616275403E-07
     663   4.602370959E-07
     664   4.588529242E-07
     665   4.574749875E-07
     666   4.863576195E-07
     667   4.849014590E-07
     668   4.834518283E-07
     669   4.820086885E-07
     670   4.805720010E-07
     671   4.719140690E-07
     672   4.705116498E-07
     673   4.691154728E-07
     674   4.677255010E-07
     675   4.663416977E-07
     676   5.243779147E-07
     677   5.228310772E-07
     678   5.212910740E-07
     679   5.197578649E-07
     680   5.182314101E-07
     681   5.059874456E-07
     682   5.045057840E-07
     683   5.030306209E-07
     684   5.015619184E-07
     685   5.000996387E-07
     686   5.608369303E-07
     687   5.592065904E-07
     688   5.575833492E-07
     689   5.559671656E-07
     690   5.543579986E-07
     691   5.458110001E-07
     692   5.442357880E-07
     693   5.426673851E-07
     694   5.411057524E-07
     695   5.395508508E-07
     696   5.462221274E-07
     697   5.446570210E-07
     698   5.430986318E-07
     699   5.415469214E-07
     700   5.400018517E-07
     701   6.175448811E-07
     702   6.157879967E-07
     703   6.140385989E-07
     704   6.122966455E-07
     705   6.105620941E-07
     706   5.587235912E-07
     707   5.571452759E-07
     708   5.555736390E-07
     709   5.540086429E-07
     710   5.524502501E-07
     711   6.311053141E-07
     712   6.293350327E-07
     713   6.275721895E-07
     714   6.258167428E-07
     715   6.240686513E-07
     716   6.064900010E-07
     717   6.048006138E-07
     718   6.031182755E-07
     719   6.014429470E-07
     720   5.997745893E-07
     721   6.479146761E-07
     722   6.461223810E-07
     723   6.443375125E-07
     724   6.425600297E-07
     725   6.407898919E-07
     726   6.740530377E-07
     727   6.722012436E-07
     728   6.703570701E-07
     729   6.685204754E-07
     730   6.666914180E-07
     731   6.388109725E-07
     732   6.370679685E-07
     733   6.353320885E-07
     734   6.336032937E-07
     735   6.318815456E-07
     736   7.127623945E-07
     737   7.108307890E-07
     738   7.089070251E-07
     739   7.069910601E-07
     740   7.050828522E-07
     741   6.998809720E-07
     742   6.979970394E-07
     743   6.961207033E-07
     744   6.942519229E-07
     745   6.923906577E-07
     746   7.452578854E-07
     747   7.432652172E-07
     748   7.412805304E-07
     749   7.393037823E-07
     750   7.373349307E-07
     751   7.452981443E-07
     752   7.433186008E-07
     753   7.413469334E-07
     754   7.393831004E-07
     755   7.374270605E-07
     756   7.073967927E-07
     757   7.055303104E-07
     758   7.036712055E-07
     759   7.018194392E-07
     760   6.999749728E-07
     761   8.250006573E-07
     762   8.228381392E-07
     763   8.206841127E-07
     764   8.185385333E-07
     765   8.164013570E-07
     766   7.715060747E-07
     767   7.694969443E-07
     768   7.674956518E-07
     769   7.655021566E-07
     770   7.635164182E-07
     771   8.144038016E-07
     772   8.122966766E-07
     773   8.101977188E-07
     774   8.081068860E-07
     775   8.060241363E-07
     776   8.010553835E-07
     777   7.989961152E-07
     778   7.969447773E-07
     779   7.949013291E-07
     780   7.928657304E-07
     781   8.416107305E-07
     782   8.394610224E-07
     783   8.373195402E-07
     784   8.351862420E-07
     785   8.330610861E-07
     786   8.527402101E-07
     787   8.505758949E-07
     788   8.484198090E-07
     789   8.462719107E-07
     790   8.441321587E-07
     791   8.546119958E-07
     792   8.524566062E-07
     793   8.503093603E-07
     794   8.481702173E-07
     795   8.460391363E-07
     796   8.972404406E-07
     797   8.949917177E-07
     798   8.927514381E-07
     799   8.905195595E-07
     800   8.882960400E-07
     801   9.094458456E-07
     802   9.071807252E-07
     803   9.049240567E-07
     804   9.026757982E-07
     805   9.004359079E-07
     806   9.232273562E-07
     807   9.209421400E-07
     808   9.186653980E-07
     809   9.163970883E-07
     810   9.141371695E-07
     811   9.242007543E-07
     812   9.219271977E-07
     813   9.196620203E-07
     814   9.174051810E-07
     815   9.151566389E-07
     816   9.207660022E-07
     817   9.185147406E-07
     818   9.162717254E-07
     819   9.140369163E-07
     820   9.118102734E-07
     821   9.899777239E-07
     822   9.875719457E-07
     823   9.851749264E-07
     824   9.827866235E-07
     825   9.804069949E-07
     826   9.803853208E-07
     827   9.780172403E-07
     828   9.756577295E-07
     829   9.733067470E-07
     830   9.709642518E-07
     831   1.040100998E-06
     832   1.037603757E-06
     833   1.035115499E-06
     834   1.032636180E-06
     835   1.030165759E-06
     836   1.004443270E-06
     837   1.002046031E-06
     838   9.996573635E-07
     839   9.972772269E-07
     840   9.949055807E-07
     841   1.016256603E-06
     842   1.013845555E-06
     843   1.011443077E-06
     844   1.009049129E-06
     845   1.006663670E-06
     846   1.098056037E-06
     847   1.095466282E-06
     848   1.092885678E-06
     849   1.090314183E-06
     850   1.087751752E-06
     851   1.054939464E-06
     852   1.052465983E-06
     853   1.050001192E-06
     854   1.047545049E-06
     855   1.045097513E-06
     856   1.111442721E-06
     857   1.108851946E-06
     858   1.106270218E-06
     859   1.103697497E-06
     860   1.101133740E-06
     861   1.061021713E-06
     862   1.058562799E-06
     863   1.056112422E-06
     864   1.053670543E-06
     865   1.051237124E-06
     866   1.130460667E-06
     867   1.127855919E-06
     868   1.125260164E-06
     869   1.122673359E-06
     870   1.120095463E-06
     871   1.180588489E-06
     872   1.177883819E-06
     873   1.175188432E-06
     874   1.172502287E-06
     875   1.169825341E-06
     876   1.140796840E-06
     877   1.138198214E-06
     878   1.135608457E-06
     879   1.133027528E-06
     880   1.130455389E-06
     881   1.211818883E-06
     882   1.209074106E-06
     883   1.206338644E-06
     884   1.203612455E-06
     885   1.200895497E-06
     886   1.194394665E-06
     887   1.191704587E-06
     888   1.189023587E-06
     889   1.186351624E-06
     890   1.183688657E-06
     891   1.240657261E-06
     892   1.237878633E-06
     893   1.235109330E-06
     894   1.232349309E-06
     895   1.229598529E-06
     896   1.241892095E-06
     897   1.239126188E-06
     898   1.236369512E-06
     899   1.233622024E-06
     900   1.230883684E-06
     901   1.217833277E-06
     902   1.215135972E-06
     903   1.212447618E-06
     904   1.209768175E-06
     905   1.207097606E-06
     906   1.304651697E-06
     907   1.301778015E-06
     908   1.298913817E-06
     909   1.296059061E-06
     910   1.293213707E-06
     911   1.250176258E-06
     912   1.247437646E-06
     913   1.244708023E-06
     914   1.241987350E-06
     915   1.239275587E-06
     916   1.322352701E-06
     917   1.319471758E-06
     918   1.316600220E-06
     919   1.313738045E-06
     920   1.310885194E-06
     921   1.275775512E-06
     922   1.273011101E-06
     923   1.270255666E-06
     924   1.267509167E-06
     925   1.264771567E-06
     926   1.272705466E-06
     927   1.269962566E-06
     928   1.267228524E-06
     929   1.264503302E-06
     930   1.261786861E-06
     931   1.385413416E-06
     932   1.382443613E-06
     933   1.379483348E-06
     934   1.376532581E-06
     935   1.373591273E-06
     936   1.274413508E-06
     937   1.271696208E-06
     938   1.268987590E-06
     939   1.266287617E-06
     940   1.263596251E-06
     941   1.379119313E-06
     942   1.376194352E-06
     943   1.373278686E-06
     944   1.370372276E-06
     945   1.367475083E-06
     946   1.354512994E-06
     947   1.351655371E-06
     948   1.348806783E-06
     949   1.345967189E-06
     950   1.343136554E-06
     951   1.397826270E-06
     952   1.394892741E-06
     953   1.391968438E-06
     954   1.389053321E-06
     955   1.386147352E-06
     956   1.412062814E-06
     957   1.409114875E-06
     958   1.406176157E-06
     959   1.403246624E-06
     960   1.400326235E-06
     961   1.345604445E-06
     962   1.342809836E-06
     963   1.340023923E-06
     964   1.337246672E-06
     965   1.334478045E-06
     966   1.482857378E-06
     967   1.479793624E-06
     968   1.476739354E-06
     969   1.473694531E-06
     970   1.470659114E-06
     971   1.368322196E-06
     972   1.365509612E-06
     973   1.362705690E-06
     974   1.359910397E-06
     975   1.357123695E-06
     976   1.475164290E-06
     977   1.472147594E-06
     978   1.469140143E-06
     979   1.466141898E-06
     980   1.463152821E-06
     981   1.424179363E-06
     982   1.421281744E-06
     983   1.418392960E-06
     984   1.415512975E-06
     985   1.412641752E-06
     986   1.388044415E-06
     987   1.385234608E-06
     988   1.382433325E-06
     989   1.379640530E-06
     990   1.376856190E-06
     991   1.485207743E-06
     992   1.482216388E-06
     993   1.479234062E-06
     994   1.476260727E-06
     995   1.473296348E-06
     996   1.471155633E-06
     997   1.468207425E-06
     998   1.465268071E-06
     999   1.462337535E-06
    1000   1.459415782E-06
    1001   1.469937805E-06
    1002   1.467006723E-06
    1003   1.464084399E-06
    1004   1.461170798E-06
    1005   1.458265886E-06
    1006   1.445589025E-06
    1007   1.442720792E-06
    1008   1.439861088E-06
    1009   1.437009878E-06
    1010   1.434167129E-06
    1011   1.446331266E-06
    1012   1.443475725E-06
    1013   1.440628633E-06
    1014   1.437789956E-06
    1015   1.434959661E-06
    1016   1.519249572E-06
    1017   1.516264799E-06
    1018   1.513288813E-06
    1019   1.510321580E-06
    1020   1.507363065E-06
    1021   1.465393320E-06
    1022   1.462528426E-06
    1023   1.459671925E-06
    1024   1.456823785E-06
    1025   1.453983972E-06
    1026   1.483591936E-06
    1027   1.480705571E-06
    1028   1.477827620E-06
    1029   1.474958052E-06
    1030   1.472096834E-06
    1031   1.477116955E-06
    1032   1.474257096E-06
    1033   1.471405535E-06
    1034   1.468562240E-06
    1035   1.465727177E-06
    1036   1.501063339E-06
    1037   1.498171116E-06
    1038   1.495287245E-06
    1039   1.492411693E-06
    1040   1.489544427E-06
    1041   1.540835509E-06
    1042   1.537880887E-06
    1043   1.534934755E-06
    1044   1.531997081E-06
    1045   1.529067832E-06
    1046   1.484550046E-06
    1047   1.481716935E-06
    1048   1.478891927E-06
    1049   1.476074990E-06
    1050   1.473266094E-06
    1051   1.495013319E-06
    1052   1.492173787E-06
    1053   1.489342338E-06
    1054   1.486518940E-06
    1055   1.483703563E-06
    1056   1.457743221E-06
    1057   1.454987563E-06
    1058   1.452239711E-06
    1059   1.449499636E-06
    1060   1.446767309E-06
    1061   1.487717877E-06
    1062   1.484918784E-06
    1063   1.482127584E-06
    1064   1.479344245E-06
    1065   1.476568740E-06
    1066   1.504502043E-06
    1067   1.501684624E-06
    1068   1.498875111E-06
    1069   1.496073475E-06
    1070   1.493279687E-06
    1071   1.489997600E-06
    1072   1.487220344E-06
    1073   1.484450846E-06
    1074   1.481689077E-06
    1075   1.478935008E-06
    1076   1.453168746E-06
    1077   1.450472700E-06
    1078   1.447784150E-06
    1079   1.445103069E-06
    1080   1.442429428E-06
    1081   1.522906675E-06
    1082   1.520094290E-06
    1083   1.517289688E-06
    1084   1.514492840E-06
    1085   1.511703719E-06
    1086   1.496637607E-06
    1087   1.493886435E-06
    1088   1.491142842E-06
    1089   1.488406800E-06
    1090   1.485678281E-06
    1091   1.466270364E-06
    1092   1.463587344E-06
    1093   1.460911682E-06
    1094   1.458243350E-06
    1095   1.455582322E-06
    1096   1.471457395E-06
    1097   1.468777145E-06
    1098   1.466104211E-06
    1099   1.463438567E-06
    1100   1.460780186E-06
    1101   1.481709762E-06
    1102   1.479023072E-06
    1103   1.476343682E-06
    1104   1.473671567E-06
    1105   1.471006700E-06
    1106   1.412431120E-06
    1107   1.409881605E-06
    1108   1.407338987E-06
    1109   1.404803241E-06
    1110   1.402274343E-06
    1111   1.448525221E-06
    1112   1.445922301E-06
    1113   1.443326390E-06
    1114   1.440737464E-06
    1115   1.438155497E-06
    1116   1.415552530E-06
    1117   1.413020236E-06
    1118   1.410494731E-06
    1119   1.407975990E-06
    1120   1.405463990E-06
    1121   1.466046595E-06
    1122   1.463435648E-06
    1123   1.460831670E-06
    1124   1.458234636E-06
    1125   1.455644521E-06
    1126   1.408916332E-06
    1127   1.406418253E-06
    1128   1.403926813E-06
    1129   1.401441987E-06
    1130   1.398963751E-06
    1131   1.411550463E-06
    1132   1.409058759E-06
    1133   1.406573646E-06
    1134   1.404095103E-06
    1135   1.401623104E-06
    1136   1.405005141E-06
    1137   1.402535888E-06
    1138   1.400073138E-06
    1139   1.397616869E-06
    1140   1.395167059E-06
    1141   1.391137507E-06
    1142   1.388703320E-06
    1143   1.386275517E-06
    1144   1.383854076E-06
    1145   1.381438972E-06
    1146   1.429913004E-06
    1147   1.427421867E-06
    1148   1.424937233E-06
    1149   1.422459082E-06
    1150   1.419987389E-06
    1151   1.344797295E-06
    1152   1.342464602E-06
    1153   1.340137974E-06
    1154   1.337817388E-06
    1155   1.335502825E-06
    1156   1.380486814E-06
    1157   1.378102553E-06
    1158   1.375724464E-06
    1159   1.373352526E-06
    1160   1.370986716E-06
    1161   1.334437115E-06
    1162   1.332142297E-06
    1163   1.329853392E-06
    1164   1.327570382E-06
    1165   1.325293246E-06
    1166   1.353846820E-06
    1167   1.351528590E-06
    1168   1.349216308E-06
    1169   1.346909955E-06
    1170   1.344609511E-06
    1171   1.371059582E-06
    1172   1.368721884E-06
    1173   1.366390160E-06
    1174   1.364064390E-06
    1175   1.361744552E-06
    1176   1.279104938E-06
    1177   1.276933283E-06
    1178   1.274767153E-06
    1179   1.272606531E-06
    1180   1.270451397E-06
    1181   1.306927195E-06
    1182   1.304717681E-06
    1183   1.302513766E-06
    1184   1.300315431E-06
    1185   1.298122656E-06
    1186   1.313308583E-06
    1187   1.311097625E-06
    1188   1.308892247E-06
    1189   1.306692428E-06
    1190   1.304498150E-06
    1191   1.252910487E-06
    1192   1.250810050E-06
    1193   1.248714891E-06
    1194   1.246624992E-06
    1195   1.244540334E-06
    1196   1.285040814E-06
    1197   1.282895504E-06
    1198   1.280755562E-06
    1199   1.278620969E-06
    1200   1.276491709E-06
    1201   1.213186045E-06
    1202   1.211169111E-06
    1203   1.209157202E-06
    1204   1.207150302E-06
    1205   1.205148395E-06
    1206   1.251054380E-06
    1207   1.248983098E-06
    1208   1.246916955E-06
    1209   1.244855936E-06
    1210   1.242800022E-06
    1211   1.179369483E-06
    1212   1.177424934E-06
    1213   1.175485189E-06
    1214   1.173550234E-06
    1215   1.171620053E-06
    1216   1.177148950E-06
    1217   1.175216029E-06
    1218   1.173287865E-06
    1219   1.171364442E-06
    1220   1.169445745E-06
    1221   1.178871160E-06
    1222   1.176943325E-06
    1223   1.175020215E-06
    1224   1.173101815E-06
    1225   1.171188108E-06
    1226   1.112270354E-06
    1227   1.110458838E-06
    1228   1.108651745E-06
    1229   1.106849059E-06
    1230   1.105050767E-06
    1231   1.170049214E-06
    1232   1.168151324E-06
    1233   1.166258048E-06
    1234   1.164369371E-06
    1235   1.162485278E-06
    1236   1.100237882E-06
    1237   1.098460438E-06
    1238   1.096687297E-06
    1239   1.094918447E-06
    1240   1.093153872E-06
    1241   1.076792255E-06
    1242   1.075059685E-06
    1243   1.073331293E-06
    1244   1.071607066E-06
    1245   1.069886991E-06
    1246   1.088715497E-06
    1247   1.086970761E-06
    1248   1.085230215E-06
    1249   1.083493847E-06
    1250   1.081761643E-06
    1251   1.022986929E-06
    1252   1.021354069E-06
    1253   1.019725115E-06
    1254   1.018100055E-06
    1255   1.016478877E-06
    1256   1.063248479E-06
    1257   1.061558100E-06
    1258   1.059871749E-06
    1259   1.058189413E-06
    1260   1.056511079E-06
    1261   9.814014978E-07
    1262   9.798474178E-07
    1263   9.782970264E-07
    1264   9.767503117E-07
    1265   9.752072622E-07
    1266   9.962052839E-07
    1267   9.946339822E-07
    1268   9.930663951E-07
    1269   9.915025110E-07
    1270   9.899423183E-07
    1271   9.817657336E-07
    1272   9.802232894E-07
    1273   9.786844773E-07
    1274   9.771492860E-07
    1275   9.756177040E-07
    1276   9.421141956E-07
    1277   9.406398385E-07
    1278   9.391689396E-07
    1279   9.377014881E-07
    1280   9.362374733E-07
    1281   9.313326880E-07
    1282   9.298808833E-07
    1283   9.284324707E-07
    1284   9.269874397E-07
    1285   9.255457796E-07
    1286   8.923800454E-07
    1287   8.909943621E-07
    1288   8.896119038E-07
    1289   8.882326606E-07
    1290   8.868566224E-07
    1291   9.144546527E-07
    1292   9.130401830E-07
    1293   9.116289926E-07
    1294   9.102210714E-07
    1295   9.088164092E-07
    1296   8.677863063E-07
    1297   8.664491934E-07
    1298   8.651151684E-07
    1299   8.637842220E-07
    1300   8.624563447E-07
    1301   8.525155662E-07
    1302   8.512070235E-07
    1303   8.499014913E-07
    1304   8.485989603E-07
    1305   8.472994213E-07
    1306   8.310392803E-07
    1307   8.297685781E-07
    1308   8.285007880E-07
    1309   8.272359013E-07
    1310   8.259739091E-07
    1311   8.123977076E-07
    1312   8.111602397E-07
    1313   8.099255970E-07
    1314   8.086937710E-07
    1315   8.074647531E-07
    1316   8.117845569E-07
    1317   8.105527139E-07
    1318   8.093236726E-07
    1319   8.080974246E-07
    1320   8.068739614E-07
    1321   7.669176929E-07
    1322   7.657583313E-07
    1323   7.646015967E-07
    1324   7.634474811E-07
    1325   7.622959766E-07
    1326   7.645853118E-07
    1327   7.634338279E-07
    1328   7.622849433E-07
    1329   7.611386502E-07
    1330   7.599949407E-07
    1331   7.399283073E-07
    1332   7.388181373E-07
    1333   7.377104639E-07
    1334   7.366052797E-07
    1335   7.355025772E-07
    1336   7.254207609E-07
    1337   7.243364249E-07
    1338   7.232545184E-07
    1339   7.221750340E-07
    1340   7.210979646E-07
    1341   7.065461925E-07
    1342   7.054940016E-07
    1343   7.044441594E-07
    1344   7.033966588E-07
    1345   7.023514928E-07
    1346   6.896742515E-07
    1347   6.886509959E-07
    1348   6.876300159E-07
    1349   6.866113048E-07
    1350   6.855948558E-07
    1351   6.837233772E-07
    1352   6.827126996E-07
    1353   6.817042614E-07
    1354   6.806980558E-07
    1355   6.796940764E-07
    1356   6.805719775E-07
    1357   6.795696623E-07
    1358   6.785695598E-07
    1359   6.775716634E-07
    1360   6.765759666E-07
    1361   6.602074559E-07
    1362   6.592386996E-07
    1363   6.582720739E-07
    1364   6.573075727E-07
    1365   6.563451897E-07
    1366   6.345578678E-07
    1367   6.336301516E-07
    1368   6.327044684E-07
    1369   6.317808123E-07
    1370   6.308591772E-07
    1371   6.239677229E-07
    1372   6.230588114E-07
    1373   6.221518845E-07
    1374   6.212469363E-07
    1375   6.203439611E-07
    1376   6.388816768E-07
    1377   6.379544175E-07
    1378   6.370291754E-07
    1379   6.361059447E-07
    1380   6.351847196E-07
    1381   6.075895976E-07
    1382   6.067109431E-07
    1383   6.058341931E-07
    1384   6.049593423E-07
    1385   6.040863851E-07
    1386   6.133845170E-07
    1387   6.125006777E-07
    1388   6.116187472E-07
    1389   6.107387203E-07
    1390   6.098605913E-07
    1391   5.826038527E-07
    1392   5.817673791E-07
    1393   5.809327057E-07
    1394   5.800998273E-07
    1395   5.792687387E-07
    1396   5.974958270E-07
    1397   5.966410404E-07
    1398   5.957880868E-07
    1399   5.949369610E-07
    1400   5.940876577E-07
    1401   5.955875064E-07
    1402   5.947384864E-07
    1403   5.938912806E-07
    1404   5.930458838E-07
    1405   5.922022908E-07
    1406   5.716935921E-07
    1407   5.708815273E-07
    1408   5.700711916E-07
    1409   5.692625800E-07
    1410   5.684556876E-07
    1411   5.831123065E-07
    1412   5.822869530E-07
    1413   5.814633505E-07
    1414   5.806414941E-07
    1415   5.798213790E-07
    1416   5.732017298E-07
    1417   5.723932647E-07
    1418   5.715865089E-07
    1419   5.707814574E-07
    1420   5.699781056E-07
    1421   5.831724201E-07
    1422   5.823527821E-07
    1423   5.815348709E-07
    1424   5.807186816E-07
    1425   5.799042094E-07
    1426   5.925039342E-07
    1427   5.916740967E-07
    1428   5.908460014E-07
    1429   5.900196434E-07
    1430   5.891950177E-07
    1431   5.769442678E-07
    1432   5.761390420E-07
    1433   5.753355008E-07
    1434   5.745336395E-07
    1435   5.737334534E-07
    1436   5.919793809E-07
    1437   5.911560438E-07
    1438   5.903344232E-07
    1439   5.895145143E-07
    1440   5.886963123E-07
    1441   5.879537589E-07
    1442   5.871388542E-07
    1443   5.863256425E-07
    1444   5.855141191E-07
    1445   5.847042794E-07
    1446   5.974642705E-07
    1447   5.966390436E-07
    1448   5.958155252E-07
    1449   5.949937107E-07
    1450   5.941735953E-07
    1451   6.136686530E-07
    1452   6.128239611E-07
    1453   6.119810121E-07
    1454   6.111398011E-07
    1455   6.103003233E-07
    1456   5.972488267E-07
    1457   5.964295553E-07
    1458   5.956119686E-07
    1459   5.947960618E-07
    1460   5.939818303E-07
    1461   6.408346345E-07
    1462   6.399585789E-07
    1463   6.390843186E-07
    1464   6.382118485E-07
    1465   6.373411638E-07
    1466   6.227797574E-07
    1467   6.219312836E-07
    1468   6.210845426E-07
    1469   6.202395296E-07
    1470   6.193962400E-07
    1471   6.500971863E-07
    1472   6.492145017E-07
    1473   6.483336137E-07
    1474   6.474545172E-07
    1475   6.465772076E-07
    1476   6.511245769E-07
    1477   6.502434882E-07
    1478   6.493641866E-07
    1479   6.484866675E-07
    1480   6.476109258E-07
    1481   6.821688119E-07
    1482   6.812488270E-07
    1483   6.803307019E-07
    1484   6.794144316E-07
    1485   6.785000111E-07
    1486   7.171174614E-07
    1487   7.161535939E-07
    1488   7.151916683E-07
    1489   7.142316795E-07
    1490   7.132736222E-07
    1491   7.139568541E-07
    1492   7.130004484E-07
    1493   7.120459632E-07
    1494   7.110933933E-07
    1495   7.101427337E-07
    1496   7.370931792E-07
    1497   7.361090761E-07
    1498   7.351269426E-07
    1499   7.341467733E-07
    1500   7.331685631E-07
    1501   7.616716459E-07
    1502   7.606581108E-07
    1503   7.596465973E-07
    1504   7.586371002E-07
    1505   7.576296140E-07
    1506   7.875630480E-07
    1507   7.865185346E-07
    1508   7.854760979E-07
    1509   7.844357322E-07
    1510   7.833974321E-07
    1511   8.254040680E-07
    1512   8.243129853E-07
    1513   8.232240646E-07
    1514   8.221373001E-07
    1515   8.210526863E-07
    1516   8.397384321E-07
    1517   8.386320574E-07
    1518   8.375278677E-07
    1519   8.364258573E-07
    1520   8.353260206E-07
    1521   8.848166399E-07
    1522   8.836547008E-07
    1523   8.824950490E-07
    1524   8.813376784E-07
    1525   8.801825832E-07
    1526   9.435006109E-07
    1527   9.422656625E-07
    1528   9.410331371E-07
    1529   9.398030284E-07
    1530   9.385753301E-07
    1531   9.795422199E-07
    1532   9.782642784E-07
    1533   9.769888360E-07
    1534   9.757158864E-07
    1535   9.744454230E-07
    1536   1.008088911E-06
    1537   1.006778003E-06
    1538   1.005469649E-06
    1539   1.004163844E-06
    1540   1.002860582E-06
    1541   1.034784810E-06
    1542   1.033443546E-06
    1543   1.032104889E-06
    1544   1.030768831E-06
    1545   1.029435365E-06
    1546   1.112910361E-06
    1547   1.111472492E-06
    1548   1.110037408E-06
    1549   1.108605102E-06
    1550   1.107175566E-06
    1551   1.112855235E-06
    1552   1.111422067E-06
    1553   1.109991665E-06
    1554   1.108564023E-06
    1555   1.107139133E-06
    1556   1.199794876E-06
    1557   1.198254702E-06
    1558   1.196717493E-06
    1559   1.195183240E-06
    1560   1.193651935E-06
    1561   1.238291167E-06
    1562   1.236706662E-06
    1563   1.235125195E-06
    1564   1.233546761E-06
    1565   1.231971350E-06
    1566   1.310531837E-06
    1567   1.308860240E-06
    1568   1.307191839E-06
    1569   1.305526627E-06
    1570   1.303864594E-06
    1571   1.384263586E-06
    1572   1.382503556E-06
    1573   1.380746881E-06
    1574   1.378993552E-06
    1575   1.377243560E-06
    1576   1.440440269E-06
    1577   1.438614616E-06
    1578   1.436792432E-06
    1579   1.434973707E-06
    1580   1.433158434E-06
    1581   1.505791489E-06
    1582   1.503889037E-06
    1583   1.501990187E-06
    1584   1.500094931E-06
    1585   1.498203260E-06
    1586   1.572640451E-06
    1587   1.570659796E-06
    1588   1.568682880E-06
    1589   1.566709694E-06
    1590   1.564740228E-06
    1591   1.639998366E-06
    1592   1.637939360E-06
    1593   1.635884229E-06
    1594   1.633832964E-06
    1595   1.631785554E-06
    1596   1.652440092E-06
    1597   1.650371957E-06
    1598   1.648307702E-06
    1599   1.646247317E-06
    1600   1.644190794E-06
    1601   1.704241214E-06
    1602   1.702114899E-06
    1603   1.699992561E-06
    1604   1.697874191E-06
    1605   1.695759777E-06
    1606   1.764233849E-06
    1607   1.762039528E-06
    1608   1.759849299E-06
    1609   1.757663150E-06
    1610   1.755481073E-06
    1611   1.826598215E-06
    1612   1.824333369E-06
    1613   1.822072733E-06
    1614   1.819816296E-06
    1615   1.817564048E-06
    1616   1.868749651E-06
    1617   1.866439701E-06
    1618   1.864134031E-06
    1619   1.861832631E-06
    1620   1.859535490E-06
    1621   1.904335108E-06
    1622   1.901988423E-06
    1623   1.899646073E-06
    1624   1.897308047E-06
    1625   1.894974335E-06
    1626   2.020527306E-06
    1627   2.018045086E-06
    1628   2.015567437E-06
    1629   2.013094348E-06
    1630   2.010625808E-06
    1631   2.141230911E-06
    1632   2.138608461E-06
    1633   2.135990825E-06
    1634   2.133377992E-06
    1635   2.130769950E-06
    1636   2.181351646E-06
    1637   2.178688213E-06
    1638   2.176029656E-06
    1639   2.173375961E-06
    1640   2.170727117E-06
    1641   2.306074804E-06
    1642   2.303267653E-06
    1643   2.300465624E-06
    1644   2.297668705E-06
    1645   2.294876884E-06
    1646   2.372426372E-06
    1647   2.369547214E-06
    1648   2.366673293E-06
    1649   2.363804598E-06
    1650   2.360941116E-06
    1651   2.489152248E-06
    1652   2.486140569E-06
    1653   2.483134353E-06
    1654   2.480133587E-06
    1655   2.477138256E-06
    1656   2.543852339E-06
    1657   2.540783760E-06
    1658   2.537720729E-06
    1659   2.534663234E-06
    1660   2.531611262E-06
    1661   2.612440789E-06
    1662   2.609298948E-06
    1663   2.606162771E-06
    1664   2.603032245E-06
    1665   2.599907357E-06
    1666   2.767793117E-06
    1667   2.764474420E-06
    1668   2.761161688E-06
    1669   2.757854908E-06
    1670   2.754554064E-06
    1671   2.887108062E-06
    1672   2.883656647E-06
    1673   2.880211418E-06
    1674   2.876772360E-06
    1675   2.873339457E-06
    1676   3.033219598E-06
    1677   3.029604319E-06
    1678   3.025995499E-06
    1679   3.022393123E-06
    1680   3.018797177E-06
    1681   3.126644759E-06
    1682   3.122929198E-06
    1683   3.119220256E-06
    1684   3.115517917E-06
    1685   3.111822166E-06
    1686   3.182673717E-06
    1687   3.178902776E-06
    1688   3.175138534E-06
    1689   3.171380973E-06
    1690   3.167630079E-06
    1691   3.310670143E-06
    1692   3.306759133E-06
    1693   3.302855049E-06
    1694   3.298957875E-06
    1695   3.295067594E-06
    1696   3.325098989E-06
    1697   3.321182500E-06
    1698   3.317272927E-06
    1699   3.313370253E-06
    1700   3.309474462E-06
    1701   3.459893947E-06
    1702   3.455830654E-06
    1703   3.451774515E-06
    1704   3.447725512E-06
    1705   3.443683630E-06
    1706   3.467514096E-06
    1707   3.463453775E-06
    1708   3.459400582E-06
    1709   3.455354499E-06
    1710   3.451315511E-06
    1711   3.550316821E-06
    1712   3.546171676E-06
    1713   3.542033786E-06
    1714   3.537903134E-06
    1715   3.533779704E-06
    1716   3.757449863E-06
    1717   3.753075649E-06
    1718   3.748709069E-06
    1719   3.744350105E-06
    1720   3.739998739E-06
    1721   3.787251187E-06
    1722   3.782855074E-06
    1723   3.778466611E-06
    1724   3.774085781E-06
    1725   3.769712564E-06
    1726   4.052788995E-06
    1727   4.048098267E-06
    1728   4.043415678E-06
    1729   4.038741209E-06
    1730   4.034074841E-06
    1731   4.068494325E-06
    1732   4.063799006E-06
    1733   4.059111810E-06
    1734   4.054432718E-06
    1735   4.049761713E-06
    1736   4.229568455E-06
    1737   4.224701287E-06
    1738   4.219842517E-06
    1739   4.214992123E-06
    1740   4.210150087E-06
    1741   4.362336095E-06
    1742   4.357330545E-06
    1743   4.352333607E-06
    1744   4.347345259E-06
    1745   4.342365482E-06
    1746   4.353889989E-06
    1747   4.348908421E-06
    1748   4.343935398E-06
    1749   4.338970901E-06
    1750   4.334014909E-06
    1751   4.567037746E-06
    1752   4.561827207E-06
    1753   4.556625580E-06
    1754   4.551432844E-06
    1755   4.546248980E-06
    1756   4.594992422E-06
    1757   4.589764899E-06
    1758   4.584546292E-06
    1759   4.579336580E-06
    1760   4.574135744E-06
    1761   4.839757019E-06
    1762   4.834266654E-06
    1763   4.828785626E-06
    1764   4.823313914E-06
    1765   4.817851497E-06
    1766   4.817961084E-06
    1767   4.812510902E-06
    1768   4.807069963E-06
    1769   4.801638245E-06
    1770   4.796215729E-06
    1771   5.008108601E-06
    1772   5.002459296E-06
    1773   4.996819545E-06
    1774   4.991189326E-06
    1775   4.985568617E-06
    1776   5.266617907E-06
    1777   5.260693702E-06
    1778   5.254779488E-06
    1779   5.248875241E-06
    1780   5.242980940E-06
    1781   5.371402179E-06
    1782   5.365377050E-06
    1783   5.359362054E-06
    1784   5.353357166E-06
    1785   5.347362365E-06
    1786   5.563712053E-06
    1787   5.557488662E-06
    1788   5.551275706E-06
    1789   5.545073164E-06
    1790   5.538881010E-06
    1791   5.597692981E-06
    1792   5.591449040E-06
    1793   5.585215541E-06
    1794   5.578992459E-06
    1795   5.572779773E-06
    1796   5.753446154E-06
    1797   5.747046325E-06
    1798   5.740657169E-06
    1799   5.734278661E-06
    1800   5.727910778E-06
    1801   5.807173638E-06
    1802   5.800731959E-06
    1803   5.794300993E-06
    1804   5.787880714E-06
    1805   5.781471101E-06
    1806   5.774774061E-06
    1807   5.768386037E-06
    1808   5.762008606E-06
    1809   5.755641746E-06
    1810   5.749285432E-06
    1811   5.921130129E-06
    1812   5.914598270E-06
    1813   5.908077214E-06
    1814   5.901566936E-06
    1815   5.895067413E-06
    1816   5.924613977E-06
    1817   5.918096249E-06
    1818   5.911589272E-06
    1819   5.905093020E-06
    1820   5.898607470E-06
    1821   6.213687070E-06
    1822   6.206870080E-06
    1823   6.200064301E-06
    1824   6.193269710E-06
    1825   6.186486282E-06
    1826   6.217530713E-06
    1827   6.210728163E-06
    1828   6.203936770E-06
    1829   6.197156512E-06
    1830   6.190387362E-06
    1831   6.318448531E-06
    1832   6.311554425E-06
    1833   6.304671595E-06
    1834   6.297800019E-06
    1835   6.290939670E-06
    1836   6.537380525E-06
    1837   6.530266945E-06
    1838   6.523164969E-06
    1839   6.516074572E-06
    1840   6.508995730E-06
    1841   6.665972024E-06
    1842   6.658738196E-06
    1843   6.651516137E-06
    1844   6.644305822E-06
    1845   6.637107224E-06
    1846   6.752711709E-06
    1847   6.745403579E-06
    1848   6.738107307E-06
    1849   6.730822867E-06
    1850   6.723550233E-06
    1851   6.703422995E-06
    1852   6.696187784E-06
    1853   6.688964280E-06
    1854   6.681752459E-06
    1855   6.674552295E-06
    1856   6.765412474E-06
    1857   6.758130007E-06
    1858   6.750859291E-06
    1859   6.743600303E-06
    1860   6.736353016E-06
    1861   6.998177699E-06
    1862   6.990664895E-06
    1863   6.983164181E-06
    1864   6.975675533E-06
    1865   6.968198925E-06
    1866   7.176103920E-06
    1867   7.168420725E-06
    1868   7.160749863E-06
    1869   7.153091307E-06
    1870   7.145445031E-06
    1871   7.507965358E-06
    1872   7.499948310E-06
    1873   7.491944096E-06
    1874   7.483952689E-06
    1875   7.475974062E-06
    1876   7.478985589E-06
    1877   7.471020748E-06
    1878   7.463068624E-06
    1879   7.455129189E-06
    1880   7.447202417E-06
    1881   7.805002123E-06
    1882   7.796712158E-06
    1883   7.788435394E-06
    1884   7.780171802E-06
    1885   7.771921355E-06
    1886   7.800764839E-06
    1887   7.792501317E-06
    1888   7.784250918E-06
    1889   7.776013616E-06
    1890   7.767789381E-06
    1891   7.878394471E-06
    1892   7.870070758E-06
    1893   7.861760229E-06
    1894   7.853462857E-06
    1895   7.845178613E-06
    1896   8.079213613E-06
    1897   8.070700216E-06
    1898   8.062200268E-06
    1899   8.053713742E-06
    1900   8.045240608E-06
    1901   7.751064725E-06
    1902   7.742918572E-06
    1903   7.734785254E-06
    1904   7.726664745E-06
    1905   7.718557017E-06
    1906   7.947130910E-06
    1907   7.938800584E-06
    1908   7.930483349E-06
    1909   7.922179178E-06
    1910   7.913888043E-06
    1911   7.867543358E-06
    1912   7.859318013E-06
    1913   7.851105559E-06
    1914   7.842905971E-06
    1915   7.834719221E-06
    1916   7.941829655E-06
    1917   7.933548289E-06
    1918   7.925279870E-06
    1919   7.917024370E-06
    1920   7.908781763E-06
    1921   8.016058534E-06
    1922   8.007721500E-06
    1923   7.999397465E-06
    1924   7.991086403E-06
    1925   7.982788286E-06
    1926   8.187183353E-06
    1927   8.178690424E-06
    1928   8.170210704E-06
    1929   8.161744164E-06
    1930   8.153290778E-06
    1931   8.541487507E-06
    1932   8.532649962E-06
    1933   8.523826125E-06
    1934   8.515015969E-06
    1935   8.506219465E-06
    1936   8.510160256E-06
    1937   8.501377841E-06
    1938   8.492609014E-06
    1939   8.483853747E-06
    1940   8.475112012E-06
    1941   8.569482669E-06
    1942   8.560661791E-06
    1943   8.551854526E-06
    1944   8.543060845E-06
    1945   8.534280721E-06
    1946   8.722448638E-06
    1947   8.713493352E-06
    1948   8.704551850E-06
    1949   8.695624105E-06
    1950   8.686710087E-06
    1951   8.523656998E-06
    1952   8.514928215E-06
    1953   8.506212833E-06
    1954   8.497510825E-06
    1955   8.488822164E-06
    1956   8.865086210E-06
    1957   8.856030964E-06
    1958   8.846989585E-06
    1959   8.837962044E-06
    1960   8.828948314E-06
    1961   8.587176300E-06
    1962   8.578427266E-06
    1963   8.569691597E-06
    1964   8.560969265E-06
    1965   8.552260242E-06
    1966   8.938935555E-06
    1967   8.929851271E-06
    1968   8.920780828E-06
    1969   8.911724197E-06
    1970   8.902681352E-06
    1971   9.191970197E-06
    1972   9.182652437E-06
    1973   9.173348838E-06
    1974   9.164059370E-06
    1975   9.154784007E-06
    1976   9.204747805E-06
    1977   9.195440679E-06
    1978   9.186147662E-06
    1979   9.176868725E-06
    1980   9.167603839E-06
    1981   9.461384934E-06
    1982   9.451842438E-06
    1983   9.442314371E-06
    1984   9.432800704E-06
    1985   9.423301408E-06
    1986   9.304340230E-06
    1987   9.294979726E-06
    1988   9.285633342E-06
    1989   9.276301047E-06
    1990   9.266982814E-06
    1991   9.683476286E-06
    1992   9.673758799E-06
    1993   9.664055931E-06
    1994   9.654367655E-06
    1995   9.644693940E-06
    1996   9.533648932E-06
    1997   9.524105739E-06
    1998   9.514576869E-06
    1999   9.505062292E-06
    2000   9.495561980E-06
    2001   9.316628521E-06
    2002   9.307325846E-06
    2003   9.298037098E-06
    2004   9.288762248E-06
    2005   9.279501268E-06
    2006   9.407926232E-06
    2007   9.398555788E-06
    2008   9.389199336E-06
    2009   9.379856849E-06
    2010   9.370528299E-06
    2011   9.272060351E-06
    2012   9.262848170E-06
    2013   9.253649711E-06
    2014   9.244464947E-06
    2015   9.235293850E-06
    2016   9.494514795E-06
    2017   9.485104968E-06
    2018   9.475709124E-06
    2019   9.466327234E-06
    2020   9.456959270E-06
    2021   9.454923578E-06
    2022   9.445576150E-06
    2023   9.436242577E-06
    2024   9.426922831E-06
    2025   9.417616885E-06
    2026   9.471933043E-06
    2027   9.462591886E-06
    2028   9.453264541E-06
    2029   9.443950980E-06
    2030   9.434651176E-06
    2031   9.745312407E-06
    2032   9.735725282E-06
    2033   9.726152298E-06
    2034   9.716593426E-06
    2035   9.707048639E-06
    2036   9.505012328E-06
    2037   9.495684543E-06
    2038   9.486370483E-06
    2039   9.477070120E-06
    2040   9.467783427E-06
    2041   9.763542951E-06
    2042   9.753984906E-06
    2043   9.744440890E-06
    2044   9.734910874E-06
    2045   9.725394832E-06
    2046   9.447956730E-06
    2047   9.438730209E-06
    2048   9.429517198E-06
    2049   9.420317669E-06
    2050   9.411131596E-06
    2051   9.360492996E-06
    2052   9.351374152E-06
    2053   9.342268627E-06
    2054   9.333176395E-06
    2055   9.324097430E-06
    2056   9.330761534E-06
    2057   9.321693739E-06
    2058   9.312639155E-06
    2059   9.303597758E-06
    2060   9.294569522E-06
    2061   9.255014636E-06
    2062   9.246042252E-06
    2063   9.237082908E-06
    2064   9.228136581E-06
    2065   9.219203245E-06
    2066   9.374341151E-06
    2067   9.365275057E-06
    2068   9.356222109E-06
    2069   9.347182281E-06
    2070   9.338155548E-06
    2071   9.323362883E-06
    2072   9.314367839E-06
    2073   9.305385807E-06
    2074   9.296416760E-06
    2075   9.287460675E-06
    2076   9.692182111E-06
    2077   9.682853735E-06
    2078   9.673538821E-06
    2079   9.664237341E-06
    2080   9.654949271E-06
    2081   9.803344001E-06
    2082   9.793931284E-06
    2083   9.784532118E-06
    2084   9.775146476E-06
    2085   9.765774331E-06
    2086   9.892922642E-06
    2087   9.883446663E-06
    2088   9.873984292E-06
    2089   9.864535503E-06
    2090   9.855100270E-06
    2091   9.621163416E-06
    2092   9.611969757E-06
    2093   9.602789271E-06
    2094   9.593621930E-06
    2095   9.584467711E-06
    2096   9.600375072E-06
    2097   9.591223141E-06
    2098   9.582084291E-06
    2099   9.572958497E-06
    2100   9.563845733E-06
    2101   9.525493406E-06
    2102   9.516434449E-06
    2103   9.507388409E-06
    2104   9.498355261E-06
    2105   9.489334980E-06
    2106   9.181093406E-06
    2107   9.172382691E-06
    2108   9.163684367E-06
    2109   9.154998411E-06
    2110   9.146324798E-06
    2111   9.380296816E-06
    2112   9.371418163E-06
    2113   9.362552110E-06
    2114   9.353698633E-06
    2115   9.344857708E-06
    2116   9.461097319E-06
    2117   9.452163328E-06
    2118   9.443241984E-06
    2119   9.434333265E-06
    2120   9.425437147E-06
    2121   9.619823033E-06
    2122   9.610760553E-06
    2123   9.601710873E-06
    2124   9.592673968E-06
    2125   9.583649816E-06
    2126   9.632276705E-06
    2127   9.623223813E-06
    2128   9.614183678E-06
    2129   9.605156276E-06
    2130   9.596141582E-06
    2131   9.795692794E-06
    2132   9.786507897E-06
    2133   9.777335912E-06
    2134   9.768176815E-06
    2135   9.759030582E-06
    2136   1.004295971E-05
    2137   1.003356498E-05
    2138   1.002418344E-05
    2139   1.001481504E-05
    2140   1.000545977E-05
    2141   1.001421989E-05
    2142   1.000487390E-05
    2143   9.995541000E-06
    2144   9.986221148E-06
    2145   9.976914325E-06
    2146   1.001709548E-05
    2147   1.000776858E-05
    2148   9.998454692E-06
    2149   9.989153804E-06
    2150   9.979865888E-06
    2151   9.723111518E-06
    2152   9.714079366E-06
    2153   9.705059793E-06
    2154   9.696052777E-06
    2155   9.687058294E-06
    2156   9.499200865E-06
    2157   9.490397157E-06
    2158   9.481605682E-06
    2159   9.472826417E-06
    2160   9.464059340E-06
    2161   9.668256201E-06
    2162   9.659316528E-06
    2163   9.650389249E-06
    2164   9.641474339E-06
    2165   9.632571778E-06
    2166   9.366840506E-06
    2167   9.358199509E-06
    2168   9.349570464E-06
    2169   9.340953348E-06
    2170   9.332348140E-06
    2171   9.511654935E-06
    2172   9.502900536E-06
    2173   9.494158217E-06
    2174   9.485427957E-06
    2175   9.476709732E-06
    2176   9.582250084E-06
    2177   9.573450956E-06
    2178   9.564663943E-06
    2179   9.555889022E-06
    2180   9.547126171E-06
    2181   9.892111846E-06
    2182   9.883048986E-06
    2183   9.873998575E-06
    2184   9.864960590E-06
    2185   9.855935008E-06
    2186   9.845460329E-06
    2187   9.836460822E-06
    2188   9.827473649E-06
    2189   9.818498787E-06
    2190   9.809536214E-06
    2191   9.406115830E-06
    2192   9.397537521E-06
    2193   9.388970941E-06
    2194   9.380416070E-06
    2195   9.371872886E-06
    2196   9.300946685E-06
    2197   9.292483585E-06
    2198   9.284032031E-06
    2199   9.275592002E-06
    2200   9.267163477E-06
    2201   8.919480936E-06
    2202   8.911383359E-06
    2203   8.903296804E-06
    2204   8.895221252E-06
    2205   8.887156681E-06
    2206   9.226755709E-06
    2207   9.218398141E-06
    2208   9.210051922E-06
    2209   9.201717034E-06
    2210   9.193393454E-06
    2211   9.647378568E-06
    2212   9.638659744E-06
    2213   9.629952734E-06
    2214   9.621257517E-06
    2215   9.612574072E-06
    2216   1.018907049E-05
    2217   1.017988287E-05
    2218   1.017070767E-05
    2219   1.016154487E-05
    2220   1.015239444E-05
    2221   1.103562361E-05
    2222   1.102569502E-05
    2223   1.101577983E-05
    2224   1.100587800E-05
    2225   1.099598952E-05
    2226   1.098197405E-05
    2227   1.097211590E-05
    2228   1.096227102E-05
    2229   1.095243939E-05
    2230   1.094262098E-05
    2231   1.120813909E-05
    2232   1.119810046E-05
    2233   1.118807530E-05
    2234   1.117806360E-05
    2235   1.116806533E-05
    2236   1.103423026E-05
    2237   1.102436947E-05
    2238   1.101452188E-05
    2239   1.100468749E-05
    2240   1.099486626E-05
    2241   1.067277390E-05
    2242   1.066325738E-05
    2243   1.065375359E-05
    2244   1.064426249E-05
    2245   1.063478408E-05
    2246   1.069900226E-05
    2247   1.068948358E-05
    2248   1.067997759E-05
    2249   1.067048428E-05
    2250   1.066100361E-05
    2251   9.782223741E-06
    2252   9.773540009E-06
    2253   9.764867835E-06
    2254   9.756207198E-06
    2255   9.747558079E-06
    2256   9.163856246E-06
    2257   9.155739456E-06
    2258   9.147633445E-06
    2259   9.139538194E-06
    2260   9.131453684E-06
    2261   8.440759683E-06
    2262   8.433299886E-06
    2263   8.425849975E-06
    2264   8.418409931E-06
    2265   8.410979737E-06
    2266   8.441124689E-06
    2267   8.433681016E-06
    2268   8.426247185E-06
    2269   8.418823179E-06
    2270   8.411408980E-06
    2271   9.468922851E-06
    2272   9.460591198E-06
    2273   9.452270538E-06
    2274   9.443960849E-06
    2275   9.435662114E-06
    2276   1.105154781E-05
    2277   1.104184496E-05
    2278   1.103215488E-05
    2279   1.102247755E-05
    2280   1.101281295E-05
    2281   1.366471397E-05
    2282   1.365274313E-05
    2283   1.364078801E-05
    2284   1.362884859E-05
    2285   1.361692484E-05
    2286   1.545833683E-05
    2287   1.544482430E-05
    2288   1.543132947E-05
    2289   1.541785233E-05
    2290   1.540439283E-05
    2291   1.628806866E-05
    2292   1.627386188E-05
    2293   1.625967368E-05
    2294   1.624550403E-05
    2295   1.623135290E-05
    2296   1.609241388E-05
    2297   1.607840829E-05
    2298   1.606442099E-05
    2299   1.605045193E-05
    2300   1.603650108E-05
    2301   1.549626510E-05
    2302   1.548280764E-05
    2303   1.546936770E-05
    2304   1.545594525E-05
    2305   1.544254027E-05
    2306   1.655520966E-05
    2307   1.654086372E-05
    2308   1.652653643E-05
    2309   1.651222774E-05
    2310   1.649793762E-05
    2311   1.806150575E-05
    2312   1.804588836E-05
    2313   1.803029122E-05
    2314   1.801471430E-05
    2315   1.799915755E-05
    2316   2.054446074E-05
    2317   2.052673472E-05
    2318   2.050903163E-05
    2319   2.049135143E-05
    2320   2.047369408E-05
    2321   2.182615088E-05
    2322   2.180735953E-05
    2323   2.178859244E-05
    2324   2.176984956E-05
    2325   2.175113086E-05
    2326   2.110473888E-05
    2327   2.108660766E-05
    2328   2.106849980E-05
    2329   2.105041525E-05
    2330   2.103235397E-05
    2331   1.807086928E-05
    2332   1.805537775E-05
    2333   1.803990614E-05
    2334   1.802445440E-05
    2335   1.800902250E-05
    2336   1.222323347E-05
    2337   1.221277732E-05
    2338   1.220233459E-05
    2339   1.219190524E-05
    2340   1.218148926E-05
    2341   5.042998884E-06
    2342   5.038694147E-06
    2343   5.034394920E-06
    2344   5.030101193E-06
    2345   5.025812957E-06
    2346  -3.899083305E-06
    2347  -3.895762110E-06
    2348  -3.892445156E-06
    2349  -3.889132437E-06
    2350  -3.885823945E-06
    2351  -1.377636798E-05
    2352  -1.376465836E-05
    2353  -1.375296367E-05
    2354  -1.374128387E-05
    2355  -1.372961894E-05
    2356  -2.239321552E-05
    2357  -2.237422212E-05
    2358  -2.235525288E-05
    2359  -2.233630775E-05
    2360  -2.231738669E-05
    2361  -2.916851476E-05
    2362  -2.914382706E-05
    2363  -2.911917070E-05
    2364  -2.909454560E-05
    2365  -2.906995174E-05
    2366  -3.347404912E-05
    2367  -3.344577712E-05
    2368  -3.341754092E-05
    2369  -3.338934047E-05
    2370  -3.336117569E-05
    2371  -3.045605394E-05
    2372  -3.043038512E-05
    2373  -3.040474874E-05
    2374  -3.037914474E-05
    2375  -3.035357307E-05
    2376  -1.650463884E-05
    2377  -1.649075773E-05
    2378  -1.647689413E-05
    2379  -1.646304800E-05
    2380  -1.644921931E-05
    2381   1.199199575E-05
    2382   1.198193113E-05
    2383   1.197187917E-05
    2384   1.196183986E-05
    2385   1.195181317E-05
    2386   5.529097593E-05
    2387   5.524466858E-05
    2388   5.519841938E-05
    2389   5.515222823E-05
    2390   5.510609504E-05
    2391   1.151646656E-04
    2392   1.150684143E-04
    2393   1.149722837E-04
    2394   1.148762734E-04
    2395   1.147803834E-04
    2396   1.820902822E-04
    2397   1.819384137E-04
    2398   1.817867352E-04
    2399   1.816352462E-04
    2400   1.814839466E-04
    2401   2.586088589E-04
    2402   2.583936206E-04
    2403   2.581786508E-04
    2404   2.579639493E-04
    2405   2.577495154E-04
    2406   3.195167974E-04
    2407   3.192514180E-04
    2408   3.189863691E-04
    2409   3.187216501E-04
    2410   3.184572605E-04
    2411   3.704858491E-04
    2412   3.701787742E-04
    2413   3.698720810E-04
    2414   3.695657687E-04
    2415   3.692598367E-04
    2416   4.009230030E-04
    2417   4.005913876E-04
    2418   4.002601835E-04
    2419   3.999293899E-04
    2420   3.995990063E-04
    2421   3.888316766E-04
    2422   3.885107260E-04
    2423   3.881901726E-04
    2424   3.878700157E-04
    2425   3.875502548E-04
    2426   3.322938262E-04
    2427   3.320201081E-04
    2428   3.317467280E-04
    2429   3.314736854E-04
    2430   3.312009798E-04
    2431   1.637010593E-04
    2432   1.635664920E-04
    2433   1.634320906E-04
    2434   1.632978548E-04
    2435   1.631637843E-04
    2436  -1.396915407E-04
    2437  -1.395769455E-04
    2438  -1.394624912E-04
    2439  -1.393481777E-04
    2440  -1.392340047E-04
    2441  -6.101847587E-04
    2442  -6.096852214E-04
    2443  -6.091862973E-04
    2444  -6.086879854E-04
    2445  -6.081902847E-04
    2446  -1.214792131E-03
    2447  -1.213799654E-03
    2448  -1.212808393E-03
    2449  -1.211818345E-03
    2450  -1.210829509E-03
    2451  -1.893481806E-03
    2452  -1.891937997E-03
    2453  -1.890396075E-03
    2454  -1.888856038E-03
    2455  -1.887317881E-03
    2456  -2.399608500E-03
    2457  -2.397656011E-03
    2458  -2.395705905E-03
    2459  -2.393758176E-03
    2460  -2.391812822E-03
    2461  -2.696837986E-03
    2462  -2.694648105E-03
    2463  -2.692460891E-03
    2464  -2.690276338E-03
    2465  -2.688094444E-03
    2466  -2.722289452E-03
    2467  -2.720083382E-03
    2468  -2.717879994E-03
    2469  -2.715679281E-03
    2470  -2.713481240E-03
    2471  -2.474675502E-03
    2472  -2.472674147E-03
    2473  -2.470675219E-03
    2474  -2.468678714E-03
    2475  -2.466684628E-03
    2476  -1.905173351E-03
    2477  -1.903635681E-03
    2478  -1.902099872E-03
    2479  -1.900565920E-03
    2480  -1.899033824E-03
    2481  -6.796450078E-04
    2482  -6.790975692E-04
    2483  -6.785507918E-04
    2484  -6.780046744E-04
    2485  -6.774592161E-04
    2486   1.468306804E-03
    2487   1.467126493E-03
    2488   1.465947604E-03
    2489   1.464770136E-03
    2490   1.463594087E-03
    2491   4.870454657E-03
    2492   4.866547353E-03
    2493   4.862644749E-03
    2494   4.858746837E-03
    2495   4.854853610E-03
    2496   9.559019347E-03
    2497   9.551366009E-03
    2498   9.543721859E-03
    2499   9.536086881E-03
    2500   9.528461062E-03
    2501   1.469061797E-02
    2502   1.467887956E-02
    2503   1.466715521E-02
    2504   1.465544491E-02
    2505   1.464374863E-02
    2506   1.870959433E-02
    2507   1.869467440E-02
    2508   1.867977231E-02
    2509   1.866488803E-02
    2510   1.865002153E-02
    2511   2.223744288E-02
    2512   2.221974495E-02
    2513   2.220206815E-02
    2514   2.218441243E-02
    2515   2.216677776E-02
    2516   2.347294286E-02
    2517   2.345429874E-02
    2518   2.343567683E-02
    2519   2.341707708E-02
    2520   2.339849947E-02
    2521   2.428626479E-02
    2522   2.426701289E-02
    2523   2.424778388E-02
    2524   2.422857771E-02
    2525   2.420939436E-02
    2526   2.346967541E-02
    2527   2.345110763E-02
    2528   2.343256187E-02
    2529   2.341403811E-02
    2530   2.339553630E-02
    2531   2.240111197E-02
    2532   2.238342456E-02
    2533   2.236575808E-02
    2534   2.234811251E-02
    2535   2.233048782E-02
    2536   2.071615415E-02
    2537   2.069982936E-02
    2538   2.068352387E-02
    2539   2.066723763E-02
    2540   2.065097062E-02
    2541   1.729831322E-02
    2542   1.728470857E-02
    2543   1.727111996E-02
    2544   1.725754737E-02
    2545   1.724399077E-02
    2546   1.296974144E-02
    2547   1.295956111E-02
    2548   1.294939276E-02
    2549   1.293923637E-02
    2550   1.292909193E-02
    2551   7.986026851E-03
    2552   7.979770660E-03
    2553   7.973521819E-03
    2554   7.967280315E-03
    2555   7.961046136E-03
    2556   3.801234549E-03
    2557   3.798262513E-03
    2558   3.795293961E-03
    2559   3.792328887E-03
    2560   3.789367287E-03
    2561   8.097952512E-04
    2562   8.091633392E-04
    2563   8.085321665E-04
    2564   8.079017321E-04
    2565   8.072720347E-04
    2566  -9.613925662E-04
    2567  -9.606438181E-04
    2568  -9.598959443E-04
    2569  -9.591489436E-04
    2570  -9.584028145E-04
    2571  -1.912494519E-03
    2572  -1.911007932E-03
    2573  -1.909523077E-03
    2574  -1.908039953E-03
    2575  -1.906558555E-03
    2576  -2.298773905E-03
    2577  -2.296990528E-03
    2578  -2.295209224E-03
    2579  -2.293429993E-03
    2580  -2.291652829E-03
    2581  -2.444699159E-03
    2582  -2.442806245E-03
    2583  -2.440915528E-03
    2584  -2.439027005E-03
    2585  -2.437140674E-03
    2586  -2.325152699E-03
    2587  -2.323355827E-03
    2588  -2.321561037E-03
    2589  -2.319768326E-03
    2590  -2.317977690E-03
    2591  -2.009863594E-03
    2592  -2.008313371E-03
    2593  -2.006764942E-03
    2594  -2.005218302E-03
    2595  -2.003673450E-03
    2596  -1.550327396E-03
    2597  -1.549133919E-03
    2598  -1.547941819E-03
    2599  -1.546751094E-03
    2600  -1.545561743E-03
    2601  -9.675099932E-04
    2602  -9.667666124E-04
    2603  -9.660240882E-04
    2604  -9.652824190E-04
    2605  -9.645416036E-04
    2606  -4.836342210E-04
    2607  -4.832633359E-04
    2608  -4.828928772E-04
    2609  -4.825228444E-04
    2610  -4.821532367E-04
    2611  -1.165813968E-04
    2612  -1.164921650E-04
    2613  -1.164030356E-04
    2614  -1.163140084E-04
    2615  -1.162250833E-04
    2616   1.040247995E-04
    2617   1.039453306E-04
    2618   1.038659527E-04
    2619   1.037866657E-04
    2620   1.037074695E-04
    2621   2.143322954E-04
    2622   2.141688701E-04
    2623   2.140056316E-04
    2624   2.138425797E-04
    2625   2.136797141E-04
    2626   2.583234641E-04
    2627   2.581268709E-04
    2628   2.579305020E-04
    2629   2.577343572E-04
    2630   2.575384359E-04
    2631   2.590501973E-04
    2632   2.588534254E-04
    2633   2.586568776E-04
    2634   2.584605536E-04
    2635   2.582644530E-04
    2636   2.320735503E-04
    2637   2.318976037E-04
    2638   2.317218571E-04
    2639   2.315463103E-04
    2640   2.313709628E-04
    2641   1.968647226E-04
    2642   1.967157520E-04
    2643   1.965669504E-04
    2644   1.964183175E-04
    2645   1.962698532E-04
    2646   1.462733789E-04
    2647   1.461629005E-04
    2648   1.460525472E-04
    2649   1.459423189E-04
    2650   1.458322153E-04
    2651   9.159348725E-05
    2652   9.152443826E-05
    2653   9.145546732E-05
    2654   9.138657431E-05
    2655   9.131775912E-05
    2656   4.362238929E-05
    2657   4.358956582E-05
    2658   4.355677938E-05
    2659   4.352402992E-05
    2660   4.349131739E-05
    2661   5.389861176E-06
    2662   5.385813215E-06
    2663   5.381769811E-06
    2664   5.377730960E-06
    2665   5.373696653E-06
    2666  -2.106558690E-05
    2667  -2.104979561E-05
    2668  -2.103402206E-05
    2669  -2.101826624E-05
    2670  -2.100252812E-05
    2671  -3.652821286E-05
    2672  -3.650088161E-05
    2673  -3.647358103E-05
    2674  -3.644631106E-05
    2675  -3.641907167E-05
    2676  -4.261122051E-05
    2677  -4.257939734E-05
    2678  -4.254760981E-05
    2679  -4.251585786E-05
    2680  -4.248414145E-05
    2681  -4.358366518E-05
    2682  -4.355117643E-05
    2683  -4.351872399E-05
    2684  -4.348630780E-05
    2685  -4.345392783E-05
    2686  -3.944018021E-05
    2687  -3.941083484E-05
    2688  -3.938152220E-05
    2689  -3.935224226E-05
    2690  -3.932299496E-05
    2691  -3.476438375E-05
    2692  -3.473856542E-05
    2693  -3.471277584E-05
    2694  -3.468701497E-05
    2695  -3.466128276E-05
    2696  -2.675883914E-05
    2697  -2.673900308E-05
    2698  -2.671918907E-05
    2699  -2.669939708E-05
    2700  -2.667962707E-05
