      50   0.000000000E+00
      51   0.000000000E+00
      52   0.000000000E+00
      53   0.000000000E+00
      54   0.000000000E+00
      55   0.000000000E+00
      56   0.000000000E+00
      57   0.000000000E+00
      58   0.000000000E+00
      59   0.000000000E+00
      60   0.000000000E+00
      61   0.000000000E+00
      62   0.000000000E+00
      63   0.000000000E+00
      64   0.000000000E+00
      65   0.000000000E+00
      66   0.000000000E+00
      67   0.000000000E+00
      68   0.000000000E+00
      69   0.000000000E+00
      70   0.000000000E+00
      71   1.802048206E-11
      72   1.752677022E-11
      73   1.705307373E-11
      74   1.659832510E-11
      75   1.616152707E-11
      76   2.523231673E-11
      77   2.458533425E-11
      78   2.396292072E-11
      79   2.336384771E-11
      80   2.278696258E-11
      81   7.973028354E-11
      82   7.780907189E-11
      83   7.595647494E-11
      84   7.416926377E-11
      85   7.244439717E-11
      86   0.000000000E+00
      87   0.000000000E+00
      88   0.000000000E+00
      89   0.000000000E+00
      90   0.000000000E+00
      91   0.000000000E+00
      92   0.000000000E+00
      93   0.000000000E+00
      94   0.000000000E+00
      95   0.000000000E+00
      96   0.000000000E+00
      97   0.000000000E+00
      98   0.000000000E+00
      99   0.000000000E+00
     100   0.000000000E+00
     101   0.000000000E+00
     102   0.000000000E+00
     103   0.000000000E+00
     104   0.000000000E+00
     105   0.000000000E+00
     106   0.000000000E+00
     107   0.000000000E+00
     108   0.000000000E+00
     109   0.000000000E+00
     110   0.000000000E+00
     111   7.406293470E-11
     112   7.275208630E-11
     113   7.147573390E-11
     114   7.023267766E-11
     115   6.902176943E-11
     116   7.599574938E-11
     117   7.470768583E-11
     118   7.345209447E-11
     119   7.222789290E-11
     120   7.103404343E-11
     121   0.000000000E+00
     122   0.000000000E+00
     123   0.000000000E+00
     124   0.000000000E+00
     125   0.000000000E+00
     126   0.000000000E+00
     127   0.000000000E+00
     128   0.000000000E+00
     129   0.000000000E+00
     130   0.000000000E+00
     131   0.000000000E+00
     132   0.000000000E+00
     133   0.000000000E+00
     134   0.000000000E+00
     135   0.000000000E+00
     136   0.000000000E+00
     137   0.000000000E+00
     138   0.000000000E+00
     139   0.000000000E+00
     140   0.000000000E+00
     141   0.000000000E+00
     142   0.000000000E+00
     143   0.000000000E+00
     144   0.000000000E+00
     145   0.000000000E+00
     146   0.000000000E+00
     147   0.000000000E+00
     148   0.000000000E+00
     149   0.000000000E+00
     150   0.000000000E+00
     151   0.000000000E+00
     152   0.000000000E+00
     153   0.000000000E+00
     154   0.000000000E+00
     155   0.000000000E+00
     156   0.000000000E+00
     157   0.000000000E+00
     158   0.000000000E+00
     159   0.000000000E+00
     160   0.000000000E+00
     161   1.432918597E-10
     162   1.415336773E-10
     163   1.398076569E-10
     164   1.381130186E-10
     165   1.364490063E-10
     166   0.000000000E+00
     167   0.000000000E+00
     168   0.000000000E+00
     169   0.000000000E+00
     170   0.000000000E+00
     171   8.272307055E-12
     172   8.176673447E-12
     173   8.082688695E-12
     174   7.990315110E-12
     175   7.899516075E-12
     176   4.922968484E-10
     177   4.867654231E-10
     178   4.813267033E-10
     179   4.759786288E-10
     180   4.707191965E-10
     181   3.552943435E-10
     182   3.514113452E-10
     183   3.475916567E-10
     184   3.438339090E-10
     185   3.401367702E-10
     186   8.974669251E-10
     187   8.879194046E-10
     188   8.785234321E-10
     189   8.692758170E-10
     190   8.601734525E-10
     191   6.876164544E-10
     192   6.804908953E-10
     193   6.734755252E-10
     194   6.665680840E-10
     195   6.597663688E-10
     196   1.145412454E-09
     197   1.133842631E-09
     198   1.122447228E-09
     199   1.111222756E-09
     200   1.100165813E-09
     201   1.199175711E-09
     202   1.187361172E-09
     203   1.175720376E-09
     204   1.164249933E-09
     205   1.152946536E-09
     206   0.000000000E+00
     207   0.000000000E+00
     208   0.000000000E+00
     209   0.000000000E+00
     210   0.000000000E+00
     211   0.000000000E+00
     212   0.000000000E+00
     213   0.000000000E+00
     214   0.000000000E+00
     215   0.000000000E+00
     216   0.000000000E+00
     217   0.000000000E+00
     218   0.000000000E+00
     219   0.000000000E+00
     220   0.000000000E+00
     221   0.000000000E+00
     222   0.000000000E+00
     223   0.000000000E+00
     224   0.000000000E+00
     225   0.000000000E+00
     226   0.000000000E+00
     227   0.000000000E+00
     228   0.000000000E+00
     229   0.000000000E+00
     230   0.000000000E+00
     231   0.000000000E+00
     232   0.000000000E+00
     233   0.000000000E+00
     234   0.000000000E+00
     235   0.000000000E+00
     236   0.000000000E+00
     237   0.000000000E+00
     238   0.000000000E+00
     239   0.000000000E+00
     240   0.000000000E+00
     241   0.000000000E+00
     242   0.000000000E+00
     243   0.000000000E+00
     244   0.000000000E+00
     245   0.000000000E+00
     246   0.000000000E+00
     247   0.000000000E+00
     248   0.000000000E+00
     249   0.000000000E+00
     250   0.000000000E+00
     251   4.029015707E-09
     252   3.997165781E-09
     253   3.965692035E-09
     254   3.934588568E-09
     255   3.903849594E-09
     256   4.500724970E-09
     257   4.465835629E-09
     258   4.431350412E-09
     259   4.397263101E-09
     260   4.363567598E-09
     261   9.720443831E-09
     262   9.646524106E-09
     263   9.573444378E-09
     264   9.501191967E-09
     265   9.429754434E-09
     266   1.013105665E-08
     267   1.005545175E-08
     268   9.980690023E-09
     269   9.906758985E-09
     270   9.833646373E-09
     271   1.896260221E-08
     272   1.882368204E-08
     273   1.868628291E-08
     274   1.855038267E-08
     275   1.841595960E-08
     276   2.010196279E-08
     277   1.995734436E-08
     278   1.981428096E-08
     279   1.967275038E-08
     280   1.953273080E-08
     281   1.349157599E-07
     282   1.339622916E-07
     283   1.330188952E-07
     284   1.320854293E-07
     285   1.311617549E-07
     286   2.221610391E-07
     287   2.206182541E-07
     288   2.190914842E-07
     289   2.175805085E-07
     290   2.160851098E-07
     291   3.264146008E-07
     292   3.241865148E-07
     293   3.219811643E-07
     294   3.197982412E-07
     295   3.176374423E-07
     296   4.075499848E-07
     297   4.048147500E-07
     298   4.021069590E-07
     299   3.994262459E-07
     300   3.967722509E-07
     301   5.107132659E-07
     302   5.073422213E-07
     303   5.040044435E-07
     304   5.006994963E-07
     305   4.974269506E-07
     306   8.142270452E-07
     307   8.089398566E-07
     308   8.037039999E-07
     309   7.985188128E-07
     310   7.933836436E-07
     311   7.800328670E-07
     312   7.750486314E-07
     313   7.701120159E-07
     314   7.652224158E-07
     315   7.603792360E-07
     316   8.926777941E-07
     317   8.870634684E-07
     318   8.815019419E-07
     319   8.759925548E-07
     320   8.705346573E-07
     321   1.095795621E-06
     322   1.089010509E-06
     323   1.082288222E-06
     324   1.075627986E-06
     325   1.069029042E-06
     326   1.136279139E-06
     327   1.129350608E-06
     328   1.122485255E-06
     329   1.115682314E-06
     330   1.108941031E-06
     331   1.380636880E-06
     332   1.372344767E-06
     333   1.364127134E-06
     334   1.355983091E-06
     335   1.347911763E-06
     336   1.351554462E-06
     337   1.343557098E-06
     338   1.335630508E-06
     339   1.327773858E-06
     340   1.319986328E-06
     341   1.657561277E-06
     342   1.647896196E-06
     343   1.638315404E-06
     344   1.628817924E-06
     345   1.619402791E-06
     346   1.835508644E-06
     347   1.824959744E-06
     348   1.814501521E-06
     349   1.804132941E-06
     350   1.793852982E-06
     351   1.671664933E-06
     352   1.662193744E-06
     353   1.652802819E-06
     354   1.643491254E-06
     355   1.634258157E-06
     356   2.079131380E-06
     357   2.067516121E-06
     358   2.055997925E-06
     359   2.044575715E-06
     360   2.033248425E-06
     361   1.852510002E-06
     362   1.842303335E-06
     363   1.832180789E-06
     364   1.822141443E-06
     365   1.812184386E-06
     366   2.428393973E-06
     367   2.415196180E-06
     368   2.402105686E-06
     369   2.389121331E-06
     370   2.376241970E-06
     371   2.228471661E-06
     372   2.216522751E-06
     373   2.204669688E-06
     374   2.192911450E-06
     375   2.181247027E-06
     376   2.386134125E-06
     377   2.373509077E-06
     378   2.360983963E-06
     379   2.348557732E-06
     380   2.336229345E-06
     381   2.680899321E-06
     382   2.666899847E-06
     383   2.653009744E-06
     384   2.639227875E-06
     385   2.625553119E-06
     386   2.476411163E-06
     387   2.463646157E-06
     388   2.450979596E-06
     389   2.438410470E-06
     390   2.425937782E-06
     391   2.931816087E-06
     392   2.916895904E-06
     393   2.902089326E-06
     394   2.887395202E-06
     395   2.872812398E-06
     396   2.843129673E-06
     397   2.828842589E-06
     398   2.814662927E-06
     399   2.800589612E-06
     400   2.786621584E-06
     401   3.149546515E-06
     402   3.133916011E-06
     403   3.118401575E-06
     404   3.103002062E-06
     405   3.087716337E-06
     406   3.338420706E-06
     407   3.322055899E-06
     408   3.305811127E-06
     409   3.289685219E-06
     410   3.273677018E-06
     411   3.348795560E-06
     412   3.332578632E-06
     413   3.316479219E-06
     414   3.300496186E-06
     415   3.284628416E-06
     416   3.564941816E-06
     417   3.547884678E-06
     418   3.530949668E-06
     419   3.514135622E-06
     420   3.497441391E-06
     421   3.697960082E-06
     422   3.680475637E-06
     423   3.663114903E-06
     424   3.645876715E-06
     425   3.628759923E-06
     426   3.795473509E-06
     427   3.777737652E-06
     428   3.760125821E-06
     429   3.742636864E-06
     430   3.725269639E-06
     431   3.900585423E-06
     432   3.882568863E-06
     433   3.864676840E-06
     434   3.846908211E-06
     435   3.829261843E-06
     436   4.242186099E-06
     437   4.222815386E-06
     438   4.203577047E-06
     439   4.184469879E-06
     440   4.165492691E-06
     441   4.104512005E-06
     442   4.085981477E-06
     443   4.067576155E-06
     444   4.049294914E-06
     445   4.031136641E-06
     446   4.476752814E-06
     447   4.456767310E-06
     448   4.436915340E-06
     449   4.417195717E-06
     450   4.397607265E-06
     451   4.404797721E-06
     452   4.385350490E-06
     453   4.366031765E-06
     454   4.346840417E-06
     455   4.327775327E-06
     456   4.609417861E-06
     457   4.589289399E-06
     458   4.569292495E-06
     459   4.549426006E-06
     460   4.529688800E-06
     461   4.819575398E-06
     462   4.798756498E-06
     463   4.778072203E-06
     464   4.757521354E-06
     465   4.737102808E-06
     466   4.525945475E-06
     467   4.506603828E-06
     468   4.487385901E-06
     469   4.468290642E-06
     470   4.449317008E-06
     471   5.427893495E-06
     472   5.404942571E-06
     473   5.382136906E-06
     474   5.359475277E-06
     475   5.336956473E-06
     476   5.005704127E-06
     477   4.984759758E-06
     478   4.963946565E-06
     479   4.943263454E-06
     480   4.922709344E-06
     481   5.551409936E-06
     482   5.528422731E-06
     483   5.505578009E-06
     484   5.482874595E-06
     485   5.460311325E-06
     486   5.298181080E-06
     487   5.276467223E-06
     488   5.254886580E-06
     489   5.233438063E-06
     490   5.212120597E-06
     491   5.242287241E-06
     492   5.221020356E-06
     493   5.199882622E-06
     494   5.178872995E-06
     495   5.157990442E-06
     496   6.135169852E-06
     497   6.110530616E-06
     498   6.086039511E-06
     499   6.061695353E-06
     500   6.037496968E-06
     501   5.442333035E-06
     502   5.420693539E-06
     503   5.399182851E-06
     504   5.377799948E-06
     505   5.356543822E-06
     506   6.142231845E-06
     507   6.118049830E-06
     508   6.094010342E-06
     509   6.070112262E-06
     510   6.046354484E-06
     511   5.926343836E-06
     512   5.903239182E-06
     513   5.880269379E-06
     514   5.857433382E-06
     515   5.834730152E-06
     516   6.074643600E-06
     517   6.051189377E-06
     518   6.027870728E-06
     519   6.004686610E-06
     520   5.981635990E-06
     521   6.751976584E-06
     522   6.726156406E-06
     523   6.700484053E-06
     524   6.674958400E-06
     525   6.649578330E-06
     526   5.822567665E-06
     527   5.800512485E-06
     528   5.778582381E-06
     529   5.756776410E-06
     530   5.735093636E-06
     531   6.996048568E-06
     532   6.969796979E-06
     533   6.943692870E-06
     534   6.917735140E-06
     535   6.891922695E-06
     536   6.645394990E-06
     537   6.620690919E-06
     538   6.596124348E-06
     539   6.571694258E-06
     540   6.547399639E-06
     541   7.362866986E-06
     542   7.335747770E-06
     543   7.308778109E-06
     544   7.281956905E-06
     545   7.255283070E-06
     546   7.392577738E-06
     547   7.365597527E-06
     548   7.338764749E-06
     549   7.312078332E-06
     550   7.285537213E-06
     551   6.518608749E-06
     552   6.495033311E-06
     553   6.471585537E-06
     554   6.448264508E-06
     555   6.425069312E-06
     556   7.776332411E-06
     557   7.748460252E-06
     558   7.720737675E-06
     559   7.693163612E-06
     560   7.665737004E-06
     561   7.269292150E-06
     562   7.243468732E-06
     563   7.217782673E-06
     564   7.192233000E-06
     565   7.166818749E-06
     566   8.021588800E-06
     567   7.993343769E-06
     568   7.965247658E-06
     569   7.937299420E-06
     570   7.909498021E-06
     571   7.780928784E-06
     572   7.753770219E-06
     573   7.726753598E-06
     574   7.699877934E-06
     575   7.673142246E-06
     576   7.838455833E-06
     577   7.811333148E-06
     578   7.784350996E-06
     579   7.757508406E-06
     580   7.730804418E-06
     581   8.427523018E-06
     582   8.398612133E-06
     583   8.369849763E-06
     584   8.341234892E-06
     585   8.312766513E-06
     586   7.968490068E-06
     587   7.941386361E-06
     588   7.914420702E-06
     589   7.887592158E-06
     590   7.860899798E-06
     591   8.832698996E-06
     592   8.802909117E-06
     593   8.773269693E-06
     594   8.743779711E-06
     595   8.714438168E-06
     596   8.888401062E-06
     597   8.858673968E-06
     598   8.829095758E-06
     599   8.799665439E-06
     600   8.770382026E-06
     601   9.036763098E-06
     602   9.006790418E-06
     603   8.976966609E-06
     604   8.947290686E-06
     605   8.917761674E-06
     606   8.995707119E-06
     607   8.966115977E-06
     608   8.936670605E-06
     609   8.907370045E-06
     610   8.878213351E-06
     611   8.417292384E-06
     612   8.389829766E-06
     613   8.362501330E-06
     614   8.335306204E-06
     615   8.308243521E-06
     616   9.647551440E-06
     617   9.616329591E-06
     618   9.585259059E-06
     619   9.554338869E-06
     620   9.523568051E-06
     621   9.233728898E-06
     622   9.204086109E-06
     623   9.174585833E-06
     624   9.145227158E-06
     625   9.116009180E-06
     626   9.733323983E-06
     627   9.702326136E-06
     628   9.671476132E-06
     629   9.640773034E-06
     630   9.610215908E-06
     631   9.423171417E-06
     632   9.393398363E-06
     633   9.363766192E-06
     634   9.334274015E-06
     635   9.304920952E-06
     636   9.889314919E-06
     637   9.858313932E-06
     638   9.827458489E-06
     639   9.796747682E-06
     640   9.766180606E-06
     641   1.025744339E-05
     642   1.022553843E-05
     643   1.019378210E-05
     644   1.016217348E-05
     645   1.013071164E-05
     646   9.502744427E-06
     647   9.473414969E-06
     648   9.444221086E-06
     649   9.415161945E-06
     650   9.386236716E-06
     651   1.044124276E-05
     652   1.040926345E-05
     653   1.037743084E-05
     654   1.034574403E-05
     655   1.031420213E-05
     656   1.026984383E-05
     657   1.023862850E-05
     658   1.020755528E-05
     659   1.017662329E-05
     660   1.014583169E-05
     661   1.103399618E-05
     662   1.100071112E-05
     663   1.096757645E-05
     664   1.093459126E-05
     665   1.090175465E-05
     666   1.182454612E-05
     667   1.178914329E-05
     668   1.175389921E-05
     669   1.171881295E-05
     670   1.168388355E-05
     671   1.158165976E-05
     672   1.154724175E-05
     673   1.151297694E-05
     674   1.147886441E-05
     675   1.144490328E-05
     676   1.278211666E-05
     677   1.274441131E-05
     678   1.270687254E-05
     679   1.266949938E-05
     680   1.263229087E-05
     681   1.217760179E-05
     682   1.214194264E-05
     683   1.210643988E-05
     684   1.207109261E-05
     685   1.203589992E-05
     686   1.334710586E-05
     687   1.330830613E-05
     688   1.326967535E-05
     689   1.323121252E-05
     690   1.319291668E-05
     691   1.290956825E-05
     692   1.287231120E-05
     693   1.283521520E-05
     694   1.279827933E-05
     695   1.276150267E-05
     696   1.282048344E-05
     697   1.278374853E-05
     698   1.274717128E-05
     699   1.271075079E-05
     700   1.267448616E-05
     701   1.421730436E-05
     702   1.417685684E-05
     703   1.413658167E-05
     704   1.409647790E-05
     705   1.405654453E-05
     706   1.251022078E-05
     707   1.247488117E-05
     708   1.243969110E-05
     709   1.240464971E-05
     710   1.236975618E-05
     711   1.371481653E-05
     712   1.367634579E-05
     713   1.363803670E-05
     714   1.359988835E-05
     715   1.356189983E-05
     716   1.303315957E-05
     717   1.299685551E-05
     718   1.296070292E-05
     719   1.292470097E-05
     720   1.288884881E-05
     721   1.430940836E-05
     722   1.426982493E-05
     723   1.423040553E-05
     724   1.419114923E-05
     725   1.415205516E-05
     726   1.590282176E-05
     727   1.585913269E-05
     728   1.581562341E-05
     729   1.577229293E-05
     730   1.572914028E-05
     731   1.630077346E-05
     732   1.625629659E-05
     733   1.621200150E-05
     734   1.616788721E-05
     735   1.612395274E-05
     736   1.933519996E-05
     737   1.928280104E-05
     738   1.923061484E-05
     739   1.917864020E-05
     740   1.912687599E-05
     741   1.954435714E-05
     742   1.949174783E-05
     743   1.943935066E-05
     744   1.938716449E-05
     745   1.933518817E-05
     746   2.082117437E-05
     747   2.076550278E-05
     748   2.071005417E-05
     749   2.065482736E-05
     750   2.059982116E-05
     751   2.078125179E-05
     752   2.072605590E-05
     753   2.067107963E-05
     754   2.061632180E-05
     755   2.056178127E-05
     756   2.025280660E-05
     757   2.019936912E-05
     758   2.014614285E-05
     759   2.009312668E-05
     760   2.004031952E-05
     761   2.496778479E-05
     762   2.490233843E-05
     763   2.483714906E-05
     764   2.477221534E-05
     765   2.470753593E-05
     766   2.485311150E-05
     767   2.478838985E-05
     768   2.472392070E-05
     769   2.465970272E-05
     770   2.459573462E-05
     771   2.715541489E-05
     772   2.708515509E-05
     773   2.701516761E-05
     774   2.694545105E-05
     775   2.687600401E-05
     776   2.621539514E-05
     777   2.614800338E-05
     778   2.608087115E-05
     779   2.601399712E-05
     780   2.594737997E-05
     781   2.538204322E-05
     782   2.531721042E-05
     783   2.525262570E-05
     784   2.518828780E-05
     785   2.512419546E-05
     786   2.236768606E-05
     787   2.231091529E-05
     788   2.225436037E-05
     789   2.219802022E-05
     790   2.214189374E-05
     791   1.840188480E-05
     792   1.835547400E-05
     793   1.830923855E-05
     794   1.826317757E-05
     795   1.821729019E-05
     796   1.442993024E-05
     797   1.439376500E-05
     798   1.435773555E-05
     799   1.432184121E-05
     800   1.428608131E-05
     801   9.271601770E-06
     802   9.248509362E-06
     803   9.225503120E-06
     804   9.202582615E-06
     805   9.179747423E-06
     806   4.350962815E-06
     807   4.340193105E-06
     808   4.329463333E-06
     809   4.318773300E-06
     810   4.308122811E-06
     811   1.829035293E-07
     812   1.824535821E-07
     813   1.820052932E-07
     814   1.815586545E-07
     815   1.811136578E-07
     816  -2.275224478E-06
     817  -2.269661582E-06
     818  -2.264119062E-06
     819  -2.258596821E-06
     820  -2.253094758E-06
     821  -5.044433556E-07
     822  -5.032174908E-07
     823  -5.019960891E-07
     824  -5.007791289E-07
     825  -4.995665886E-07
     826   9.492459165E-06
     827   9.469530520E-06
     828   9.446684849E-06
     829   9.423921753E-06
     830   9.401240834E-06
     831   3.191964551E-05
     832   3.184300770E-05
     833   3.176664557E-05
     834   3.169055780E-05
     835   3.161474307E-05
     836   6.297888722E-05
     837   6.282857962E-05
     838   6.267880946E-05
     839   6.252957420E-05
     840   6.238087129E-05
     841   1.064809335E-04
     842   1.062283097E-04
     843   1.059765838E-04
     844   1.057257517E-04
     845   1.054758090E-04
     846   1.706963103E-04
     847   1.702937246E-04
     848   1.698925616E-04
     849   1.694928144E-04
     850   1.690944764E-04
     851   2.201535803E-04
     852   2.196373937E-04
     853   2.191230204E-04
     854   2.186104519E-04
     855   2.180996799E-04
     856   2.828176925E-04
     857   2.821584438E-04
     858   2.815014974E-04
     859   2.808468428E-04
     860   2.801944692E-04
     861   3.062786269E-04
     862   3.055688271E-04
     863   3.048614919E-04
     864   3.041566098E-04
     865   3.034541696E-04
     866   3.511023677E-04
     867   3.502933760E-04
     868   3.494871772E-04
     869   3.486837584E-04
     870   3.478831069E-04
     871   3.657545935E-04
     872   3.649166677E-04
     873   3.640816181E-04
     874   3.632494316E-04
     875   3.624200950E-04
     876   3.032944611E-04
     877   3.026035853E-04
     878   3.019150675E-04
     879   3.012288969E-04
     880   3.005450628E-04
     881   1.871290815E-04
     882   1.867052331E-04
     883   1.862828231E-04
     884   1.858618449E-04
     885   1.854422922E-04
     886  -5.971426998E-05
     887  -5.957977838E-05
     888  -5.944574063E-05
     889  -5.931215470E-05
     890  -5.917901855E-05
     891  -4.539146328E-04
     892  -4.528980267E-04
     893  -4.518848320E-04
     894  -4.508750335E-04
     895  -4.498686160E-04
     896  -9.683549295E-04
     897  -9.661982370E-04
     898  -9.640487415E-04
     899  -9.619064109E-04
     900  -9.597712136E-04
     901  -1.480723001E-03
     902  -1.477443437E-03
     903  -1.474174757E-03
     904  -1.470916912E-03
     905  -1.467669855E-03
     906  -2.033963861E-03
     907  -2.029483765E-03
     908  -2.025018454E-03
     909  -2.020567864E-03
     910  -2.016131930E-03
     911  -2.189933056E-03
     912  -2.185135831E-03
     913  -2.180354352E-03
     914  -2.175588550E-03
     915  -2.170838357E-03
     916  -2.353575323E-03
     917  -2.348447708E-03
     918  -2.343336832E-03
     919  -2.338242621E-03
     920  -2.333165004E-03
     921  -2.085825380E-03
     922  -2.081305715E-03
     923  -2.076800725E-03
     924  -2.072310345E-03
     925  -2.067834513E-03
     926  -1.568097320E-03
     927  -1.564717800E-03
     928  -1.561349194E-03
     929  -1.557991453E-03
     930  -1.554644533E-03
     931  -5.777319063E-04
     932  -5.764934670E-04
     933  -5.752590057E-04
     934  -5.740285051E-04
     935  -5.728019485E-04
     936   1.328998803E-03
     937   1.326165117E-03
     938   1.323340484E-03
     939   1.320524866E-03
     940   1.317718225E-03
     941   4.665850220E-03
     942   4.655954462E-03
     943   4.646090151E-03
     944   4.636257156E-03
     945   4.626455344E-03
     946   8.921154927E-03
     947   8.902333925E-03
     948   8.883572420E-03
     949   8.864870163E-03
     950   8.846226903E-03
     951   1.414052922E-02
     952   1.411085340E-02
     953   1.408127090E-02
     954   1.405178132E-02
     955   1.402238429E-02
     956   1.853698942E-02
     957   1.849829007E-02
     958   1.845971178E-02
     959   1.842125404E-02
     960   1.838291637E-02
     961   2.043467337E-02
     962   2.039223376E-02
     963   2.034992622E-02
     964   2.030775021E-02
     965   2.026570518E-02
     966   2.420744771E-02
     967   2.415743233E-02
     968   2.410757179E-02
     969   2.405786545E-02
     970   2.400831269E-02
     971   2.294990460E-02
     972   2.290273111E-02
     973   2.285570291E-02
     974   2.280881942E-02
     975   2.276208004E-02
     976   2.463490406E-02
     977   2.458452593E-02
     978   2.453430218E-02
     979   2.448423218E-02
     980   2.443431529E-02
     981   2.288716738E-02
     982   2.284060143E-02
     983   2.279417744E-02
     984   2.274789485E-02
     985   2.270175307E-02
     986   2.046295302E-02
     987   2.042153003E-02
     988   2.038023270E-02
     989   2.033906052E-02
     990   2.029801297E-02
     991   1.856827165E-02
     992   1.853087332E-02
     993   1.849358786E-02
     994   1.845641482E-02
     995   1.841935374E-02
     996   1.375037543E-02
     997   1.372281956E-02
     998   1.369534645E-02
     999   1.366795576E-02
    1000   1.364064716E-02
    1001   8.560077462E-03
    1002   8.543008514E-03
    1003   8.525990569E-03
    1004   8.509023423E-03
    1005   8.492106876E-03
    1006   3.952506301E-03
    1007   3.944664026E-03
    1008   3.936845069E-03
    1009   3.929049336E-03
    1010   3.921276736E-03
    1011   7.989733023E-04
    1012   7.973958624E-04
    1013   7.958230895E-04
    1014   7.942549652E-04
    1015   7.926914712E-04
    1016  -1.165143504E-03
    1017  -1.162854420E-03
    1018  -1.160572076E-03
    1019  -1.158296445E-03
    1020  -1.156027500E-03
    1021  -2.157419462E-03
    1022  -2.153201633E-03
    1023  -2.148996161E-03
    1024  -2.144802998E-03
    1025  -2.140622095E-03
    1026  -2.673581769E-03
    1027  -2.668380248E-03
    1028  -2.663193892E-03
    1029  -2.658022642E-03
    1030  -2.652866439E-03
    1031  -2.804295408E-03
    1032  -2.798865988E-03
    1033  -2.793452320E-03
    1034  -2.788054345E-03
    1035  -2.782672000E-03
    1036  -2.745014151E-03
    1037  -2.739725107E-03
    1038  -2.734451334E-03
    1039  -2.729192773E-03
    1040  -2.723949367E-03
    1041  -2.480439448E-03
    1042  -2.475683092E-03
    1043  -2.470940404E-03
    1044  -2.466211332E-03
    1045  -2.461495823E-03
    1046  -1.859398621E-03
    1047  -1.855850151E-03
    1048  -1.852311828E-03
    1049  -1.848783615E-03
    1050  -1.845265473E-03
    1051  -1.221522028E-03
    1052  -1.219201948E-03
    1053  -1.216888472E-03
    1054  -1.214581574E-03
    1055  -1.212281230E-03
    1056  -6.109383003E-04
    1057  -6.097834074E-04
    1058  -6.086317863E-04
    1059  -6.074834244E-04
    1060  -6.063383096E-04
    1061  -1.908538379E-04
    1062  -1.904947526E-04
    1063  -1.901366798E-04
    1064  -1.897796156E-04
    1065  -1.894235563E-04
    1066   7.963993579E-05
    1067   7.949079734E-05
    1068   7.934207742E-05
    1069   7.919377447E-05
    1070   7.904588694E-05
    1071   2.212395998E-04
    1072   2.208272240E-04
    1073   2.204160001E-04
    1074   2.200059238E-04
    1075   2.195969909E-04
    1076   2.723733867E-04
    1077   2.718680558E-04
    1078   2.713641298E-04
    1079   2.708616036E-04
    1080   2.703604721E-04
    1081   2.910617337E-04
    1082   2.905242236E-04
    1083   2.899882011E-04
    1084   2.894536606E-04
    1085   2.889205968E-04
    1086   2.619085109E-04
    1087   2.614270614E-04
    1088   2.609469382E-04
    1089   2.604681365E-04
    1090   2.599906514E-04
    1091   2.144773997E-04
    1092   2.140849433E-04
    1093   2.136935632E-04
    1094   2.133032553E-04
    1095   2.129140158E-04
    1096   1.570657008E-04
    1097   1.567796067E-04
    1098   1.564942935E-04
    1099   1.562097584E-04
    1100   1.559259986E-04
    1101   9.283976842E-05
    1102   9.267142795E-05
    1103   9.250354493E-05
    1104   9.233611770E-05
    1105   9.216914461E-05
    1106   3.015808405E-05
    1107   3.010364708E-05
    1108   3.004935736E-05
    1109   2.999521438E-05
    1110   2.994121759E-05
    1111  -1.687253064E-05
    1112  -1.684221163E-05
    1113  -1.681197426E-05
    1114  -1.678181826E-05
    1115  -1.675174331E-05
    1116  -4.974528392E-05
    1117  -4.965629414E-05
    1118  -4.956754295E-05
    1119  -4.947902948E-05
    1120  -4.939075289E-05
    1121  -7.288766899E-05
    1122  -7.275786014E-05
    1123  -7.262839776E-05
    1124  -7.249928061E-05
    1125  -7.237050746E-05
    1126  -7.957156447E-05
    1127  -7.943048014E-05
    1128  -7.928977069E-05
    1129  -7.914943482E-05
    1130  -7.900947118E-05
    1131  -8.091218576E-05
    1132  -8.076935754E-05
    1133  -8.062690717E-05
    1134  -8.048483333E-05
    1135  -8.034313468E-05
    1136  -7.629274098E-05
    1137  -7.615865884E-05
    1138  -7.602492985E-05
    1139  -7.589155278E-05
    1140  -7.575852640E-05
    1141  -6.771869557E-05
    1142  -6.760020267E-05
    1143  -6.748202049E-05
    1144  -6.736414797E-05
    1145  -6.724658401E-05
    1146  -5.860425631E-05
    1147  -5.850215831E-05
    1148  -5.840032687E-05
    1149  -5.829876109E-05
    1150  -5.819746002E-05
    1151  -4.347756939E-05
    1152  -4.340215296E-05
    1153  -4.332693259E-05
    1154  -4.325190760E-05
    1155  -4.317707731E-05
    1156  -3.389370288E-05
    1157  -3.383516453E-05
    1158  -3.377677771E-05
    1159  -3.371854189E-05
    1160  -3.366045654E-05
    1161  -2.485459189E-05
    1162  -2.481184969E-05
    1163  -2.476921764E-05
    1164  -2.472669538E-05
    1165  -2.468428252E-05
    1166  -1.981628368E-05
    1167  -1.978235169E-05
    1168  -1.974850678E-05
    1169  -1.971474865E-05
    1170  -1.968107700E-05
    1171  -1.699720600E-05
    1172  -1.696822525E-05
    1173  -1.693931857E-05
    1174  -1.691048568E-05
    1175  -1.688172635E-05
    1176  -1.489510864E-05
    1177  -1.486981983E-05
    1178  -1.484459537E-05
    1179  -1.481943504E-05
    1180  -1.479433862E-05
    1181  -1.555307818E-05
    1182  -1.552678388E-05
    1183  -1.550055621E-05
    1184  -1.547439493E-05
    1185  -1.544829983E-05
    1186  -1.644022658E-05
    1187  -1.641254943E-05
    1188  -1.638494212E-05
    1189  -1.635740440E-05
    1190  -1.632993604E-05
    1191  -1.611900334E-05
    1192  -1.609198070E-05
    1193  -1.606502596E-05
    1194  -1.603813888E-05
    1195  -1.601131925E-05
    1196  -1.638782068E-05
    1197  -1.636046205E-05
    1198  -1.633317187E-05
    1199  -1.630594992E-05
    1200  -1.627879597E-05
    1201  -1.496127296E-05
    1202  -1.493639969E-05
    1203  -1.491158840E-05
    1204  -1.488683887E-05
    1205  -1.486215091E-05
    1206  -1.507607287E-05
    1207  -1.505111248E-05
    1208  -1.502621404E-05
    1209  -1.500137732E-05
    1210  -1.497660213E-05
    1211  -1.439533714E-05
    1212  -1.437160205E-05
    1213  -1.434792560E-05
    1214  -1.432430762E-05
    1215  -1.430074790E-05
    1216  -1.508857668E-05
    1217  -1.506380070E-05
    1218  -1.503908568E-05
    1219  -1.501443144E-05
    1220  -1.498983778E-05
    1221  -1.607020521E-05
    1222  -1.604392523E-05
    1223  -1.601770967E-05
    1224  -1.599155830E-05
    1225  -1.596547093E-05
    1226  -1.592558807E-05
    1227  -1.589965063E-05
    1228  -1.587377650E-05
    1229  -1.584796548E-05
    1230  -1.582221737E-05
    1231  -1.714428177E-05
    1232  -1.711647272E-05
    1233  -1.708873127E-05
    1234  -1.706105721E-05
    1235  -1.703345032E-05
    1236  -1.604872417E-05
    1237  -1.602279731E-05
    1238  -1.599693323E-05
    1239  -1.597113173E-05
    1240  -1.594539259E-05
    1241  -1.527877208E-05
    1242  -1.525418838E-05
    1243  -1.522966396E-05
    1244  -1.520519864E-05
    1245  -1.518079222E-05
    1246  -1.475237054E-05
    1247  -1.472872892E-05
    1248  -1.470514408E-05
    1249  -1.468161585E-05
    1250  -1.465814405E-05
    1251  -1.315962122E-05
    1252  -1.313861624E-05
    1253  -1.311766151E-05
    1254  -1.309675687E-05
    1255  -1.307590216E-05
    1256  -1.310504743E-05
    1257  -1.308421269E-05
    1258  -1.306342761E-05
    1259  -1.304269201E-05
    1260  -1.302200574E-05
    1261  -1.179616445E-05
    1262  -1.177748486E-05
    1263  -1.175884960E-05
    1264  -1.174025853E-05
    1265  -1.172171152E-05
    1266  -1.186104838E-05
    1267  -1.184234010E-05
    1268  -1.182367605E-05
    1269  -1.180505609E-05
    1270  -1.178648007E-05
    1271  -1.172899041E-05
    1272  -1.171056309E-05
    1273  -1.169217916E-05
    1274  -1.167383849E-05
    1275  -1.165554094E-05
    1276  -1.140910397E-05
    1277  -1.139124934E-05
    1278  -1.137343660E-05
    1279  -1.135566561E-05
    1280  -1.133793623E-05
    1281  -1.151430588E-05
    1282  -1.149635685E-05
    1283  -1.147844975E-05
    1284  -1.146058446E-05
    1285  -1.144276084E-05
    1286  -1.124082381E-05
    1287  -1.122336911E-05
    1288  -1.120595504E-05
    1289  -1.118858147E-05
    1290  -1.117124827E-05
    1291  -1.159283202E-05
    1292  -1.157490033E-05
    1293  -1.155701023E-05
    1294  -1.153916156E-05
    1295  -1.152135421E-05
    1296  -1.087428663E-05
    1297  -1.085753118E-05
    1298  -1.084081443E-05
    1299  -1.082413625E-05
    1300  -1.080749653E-05
    1301  -1.042009003E-05
    1302  -1.040409603E-05
    1303  -1.038813883E-05
    1304  -1.037221831E-05
    1305  -1.035633436E-05
    1306  -9.916639441E-06
    1307  -9.901476383E-06
    1308  -9.886348077E-06
    1309  -9.871254416E-06
    1310  -9.856195294E-06
    1311  -9.581490303E-06
    1312  -9.566895497E-06
    1313  -9.552334012E-06
    1314  -9.537805747E-06
    1315  -9.523310602E-06
    1316  -9.618904489E-06
    1317  -9.604308275E-06
    1318  -9.589745261E-06
    1319  -9.575215344E-06
    1320  -9.560718424E-06
    1321  -9.236501946E-06
    1322  -9.222538980E-06
    1323  -9.208607652E-06
    1324  -9.194707867E-06
    1325  -9.180839529E-06
    1326  -9.408237180E-06
    1327  -9.394068148E-06
    1328  -9.379931101E-06
    1329  -9.365825941E-06
    1330  -9.351752574E-06
    1331  -9.290855418E-06
    1332  -9.276915650E-06
    1333  -9.263007231E-06
    1334  -9.249130066E-06
    1335  -9.235284063E-06
    1336  -9.231459857E-06
    1337  -9.217660964E-06
    1338  -9.203892986E-06
    1339  -9.190155832E-06
    1340  -9.176449410E-06
    1341  -9.039771092E-06
    1342  -9.026309035E-06
    1343  -9.012877028E-06
    1344  -8.999474980E-06
    1345  -8.986102803E-06
    1346  -8.803410744E-06
    1347  -8.790349304E-06
    1348  -8.777316910E-06
    1349  -8.764313478E-06
    1350  -8.751338921E-06
    1351  -8.696053054E-06
    1352  -8.683198578E-06
    1353  -8.670372583E-06
    1354  -8.657574985E-06
    1355  -8.644805700E-06
    1356  -8.653724202E-06
    1357  -8.640979394E-06
    1358  -8.628262721E-06
    1359  -8.615574100E-06
    1360  -8.602913447E-06
    1361  -8.460387456E-06
    1362  -8.447973094E-06
    1363  -8.435586037E-06
    1364  -8.423226204E-06
    1365  -8.410893515E-06
    1366  -8.242636310E-06
    1367  -8.230585672E-06
    1368  -8.218561441E-06
    1369  -8.206563542E-06
    1370  -8.194591895E-06
    1371  -8.235650822E-06
    1372  -8.223654244E-06
    1373  -8.211683859E-06
    1374  -8.199739592E-06
    1375  -8.187821366E-06
    1376  -8.559221744E-06
    1377  -8.546799071E-06
    1378  -8.534403424E-06
    1379  -8.522034723E-06
    1380  -8.509692891E-06
    1381  -8.232711148E-06
    1382  -8.220805564E-06
    1383  -8.208925787E-06
    1384  -8.197071743E-06
    1385  -8.185243357E-06
    1386  -8.351321655E-06
    1387  -8.339288050E-06
    1388  -8.327280436E-06
    1389  -8.315298737E-06
    1390  -8.303342880E-06
    1391  -7.891594206E-06
    1392  -7.880263849E-06
    1393  -7.868957875E-06
    1394  -7.857676215E-06
    1395  -7.846418799E-06
    1396  -7.946819020E-06
    1397  -7.935450180E-06
    1398  -7.924105720E-06
    1399  -7.912785569E-06
    1400  -7.901489658E-06
    1401  -7.721657032E-06
    1402  -7.710649680E-06
    1403  -7.699665849E-06
    1404  -7.688705470E-06
    1405  -7.677768478E-06
    1406  -7.226330016E-06
    1407  -7.216065342E-06
    1408  -7.205822524E-06
    1409  -7.195601499E-06
    1410  -7.185402206E-06
    1411  -7.236129166E-06
    1412  -7.225886944E-06
    1413  -7.215666454E-06
    1414  -7.205467632E-06
    1415  -7.195290418E-06
    1416  -7.041185330E-06
    1417  -7.031254180E-06
    1418  -7.021344026E-06
    1419  -7.011454809E-06
    1420  -7.001586470E-06
    1421  -7.118960889E-06
    1422  -7.108955322E-06
    1423  -7.098970834E-06
    1424  -7.089007367E-06
    1425  -7.079064860E-06
    1426  -7.194724443E-06
    1427  -7.184647798E-06
    1428  -7.174592307E-06
    1429  -7.164557913E-06
    1430  -7.154544554E-06
    1431  -6.949802427E-06
    1432  -6.940102773E-06
    1433  -6.930423410E-06
    1434  -6.920764284E-06
    1435  -6.911125336E-06
    1436  -7.028699295E-06
    1437  -7.018923636E-06
    1438  -7.009168356E-06
    1439  -6.999433400E-06
    1440  -6.989718711E-06
    1441  -6.813756312E-06
    1442  -6.804312436E-06
    1443  -6.794888180E-06
    1444  -6.785483491E-06
    1445  -6.776098313E-06
    1446  -6.694475522E-06
    1447  -6.685229009E-06
    1448  -6.676001640E-06
    1449  -6.666793362E-06
    1450  -6.657604122E-06
    1451  -6.611223766E-06
    1452  -6.602123665E-06
    1453  -6.593042339E-06
    1454  -6.583979738E-06
    1455  -6.574935810E-06
    1456  -6.209227211E-06
    1457  -6.200709753E-06
    1458  -6.192209808E-06
    1459  -6.183727329E-06
    1460  -6.175262267E-06
    1461  -6.452679175E-06
    1462  -6.443858014E-06
    1463  -6.435054929E-06
    1464  -6.426269871E-06
    1465  -6.417502791E-06
    1466  -6.100844409E-06
    1467  -6.092532632E-06
    1468  -6.084237829E-06
    1469  -6.075959955E-06
    1470  -6.067698962E-06
    1471  -6.204700827E-06
    1472  -6.196276250E-06
    1473  -6.187868820E-06
    1474  -6.179478489E-06
    1475  -6.171105212E-06
    1476  -6.040294961E-06
    1477  -6.032121355E-06
    1478  -6.023964328E-06
    1479  -6.015823836E-06
    1480  -6.007699833E-06
    1481  -6.113670397E-06
    1482  -6.105425394E-06
    1483  -6.097197057E-06
    1484  -6.088985344E-06
    1485  -6.080790209E-06
    1486  -6.172298820E-06
    1487  -6.164002719E-06
    1488  -6.155723333E-06
    1489  -6.147460617E-06
    1490  -6.139214527E-06
    1491  -5.853003418E-06
    1492  -5.845162824E-06
    1493  -5.837337974E-06
    1494  -5.829528826E-06
    1495  -5.821735339E-06
    1496  -5.708361824E-06
    1497  -5.700740513E-06
    1498  -5.693134455E-06
    1499  -5.685543609E-06
    1500  -5.677967935E-06
    1501  -5.540264434E-06
    1502  -5.532892159E-06
    1503  -5.525534590E-06
    1504  -5.518191686E-06
    1505  -5.510863411E-06
    1506  -5.378636843E-06
    1507  -5.371503372E-06
    1508  -5.364384083E-06
    1509  -5.357278939E-06
    1510  -5.350187901E-06
    1511  -5.317139526E-06
    1512  -5.310110921E-06
    1513  -5.303096244E-06
    1514  -5.296095457E-06
    1515  -5.289108523E-06
    1516  -5.126118338E-06
    1517  -5.119364559E-06
    1518  -5.112624119E-06
    1519  -5.105896982E-06
    1520  -5.099183113E-06
    1521  -5.132816638E-06
    1522  -5.126076235E-06
    1523  -5.119349101E-06
    1524  -5.112635201E-06
    1525  -5.105934499E-06
    1526  -5.197632672E-06
    1527  -5.190829488E-06
    1528  -5.184039652E-06
    1529  -5.177263129E-06
    1530  -5.170499886E-06
    1531  -5.118549280E-06
    1532  -5.111871460E-06
    1533  -5.105206699E-06
    1534  -5.098554964E-06
    1535  -5.091916221E-06
    1536  -4.973023000E-06
    1537  -4.966556130E-06
    1538  -4.960101866E-06
    1539  -4.953660175E-06
    1540  -4.947231025E-06
    1541  -4.772771783E-06
    1542  -4.766585429E-06
    1543  -4.760411096E-06
    1544  -4.754248751E-06
    1545  -4.748098365E-06
    1546  -4.745826070E-06
    1547  -4.739694512E-06
    1548  -4.733574829E-06
    1549  -4.727466991E-06
    1550  -4.721370966E-06
    1551  -4.350527902E-06
    1552  -4.344925162E-06
    1553  -4.339333237E-06
    1554  -4.333752101E-06
    1555  -4.328181726E-06
    1556  -4.296943282E-06
    1557  -4.291427308E-06
    1558  -4.285921949E-06
    1559  -4.280427178E-06
    1560  -4.274942966E-06
    1561  -4.096858435E-06
    1562  -4.091616133E-06
    1563  -4.086383888E-06
    1564  -4.081161672E-06
    1565  -4.075949460E-06
    1566  -4.040707730E-06
    1567  -4.035553766E-06
    1568  -4.030409657E-06
    1569  -4.025275377E-06
    1570  -4.020150902E-06
    1571  -4.006842023E-06
    1572  -4.001747501E-06
    1573  -3.996662688E-06
    1574  -3.991587561E-06
    1575  -3.986522094E-06
    1576  -3.936924787E-06
    1577  -3.931935021E-06
    1578  -3.926954736E-06
    1579  -3.921983908E-06
    1580  -3.917022511E-06
    1581  -3.890796004E-06
    1582  -3.885880280E-06
    1583  -3.880973865E-06
    1584  -3.876076737E-06
    1585  -3.871188873E-06
    1586  -3.840656003E-06
    1587  -3.835818905E-06
    1588  -3.830990939E-06
    1589  -3.826172082E-06
    1590  -3.821362312E-06
    1591  -3.775254103E-06
    1592  -3.770514299E-06
    1593  -3.765783415E-06
    1594  -3.761061429E-06
    1595  -3.756348320E-06
    1596  -3.568606589E-06
    1597  -3.564140248E-06
    1598  -3.559682287E-06
    1599  -3.555232684E-06
    1600  -3.550791419E-06
    1601  -3.440896173E-06
    1602  -3.436603102E-06
    1603  -3.432318061E-06
    1604  -3.428041029E-06
    1605  -3.423771987E-06
    1606  -3.336186546E-06
    1607  -3.332037060E-06
    1608  -3.327895311E-06
    1609  -3.323761279E-06
    1610  -3.319634946E-06
    1611  -3.253404695E-06
    1612  -3.249370715E-06
    1613  -3.245344233E-06
    1614  -3.241325231E-06
    1615  -3.237313690E-06
    1616  -3.152887610E-06
    1617  -3.148990345E-06
    1618  -3.145100301E-06
    1619  -3.141217461E-06
    1620  -3.137341807E-06
    1621  -3.049721712E-06
    1622  -3.045963583E-06
    1623  -3.042212397E-06
    1624  -3.038468135E-06
    1625  -3.034730782E-06
    1626  -3.070249657E-06
    1627  -3.066477852E-06
    1628  -3.062712992E-06
    1629  -3.058955062E-06
    1630  -3.055204044E-06
    1631  -3.075297334E-06
    1632  -3.071530895E-06
    1633  -3.067771371E-06
    1634  -3.064018746E-06
    1635  -3.060273002E-06
    1636  -2.940815111E-06
    1637  -2.937224372E-06
    1638  -2.933640205E-06
    1639  -2.930062595E-06
    1640  -2.926491526E-06
    1641  -2.888909834E-06
    1642  -2.885393206E-06
    1643  -2.881882995E-06
    1644  -2.878379186E-06
    1645  -2.874881763E-06
    1646  -2.731049182E-06
    1647  -2.727734802E-06
    1648  -2.724426452E-06
    1649  -2.721124117E-06
    1650  -2.717827782E-06
    1651  -2.615488343E-06
    1652  -2.612323808E-06
    1653  -2.609165013E-06
    1654  -2.606011943E-06
    1655  -2.602864586E-06
    1656  -2.444473649E-06
    1657  -2.441524947E-06
    1658  -2.438581578E-06
    1659  -2.435643528E-06
    1660  -2.432710784E-06
    1661  -2.315987000E-06
    1662  -2.313201688E-06
    1663  -2.310421398E-06
    1664  -2.307646117E-06
    1665  -2.304875833E-06
    1666  -2.287211234E-06
    1667  -2.284468775E-06
    1668  -2.281731245E-06
    1669  -2.278998633E-06
    1670  -2.276270926E-06
    1671  -2.245332204E-06
    1672  -2.242648005E-06
    1673  -2.239968617E-06
    1674  -2.237294028E-06
    1675  -2.234624226E-06
    1676  -2.231136523E-06
    1677  -2.228477242E-06
    1678  -2.225822713E-06
    1679  -2.223172924E-06
    1680  -2.220527864E-06
    1681  -2.180499572E-06
    1682  -2.177908366E-06
    1683  -2.175321777E-06
    1684  -2.172739793E-06
    1685  -2.170162403E-06
    1686  -2.100907018E-06
    1687  -2.098417792E-06
    1688  -2.095932987E-06
    1689  -2.093452593E-06
    1690  -2.090976599E-06
    1691  -2.057743120E-06
    1692  -2.055312236E-06
    1693  -2.052885657E-06
    1694  -2.050463373E-06
    1695  -2.048045374E-06
    1696  -1.929025498E-06
    1697  -1.926753383E-06
    1698  -1.924485281E-06
    1699  -1.922221180E-06
    1700  -1.919961073E-06
    1701  -1.864315319E-06
    1702  -1.862125870E-06
    1703  -1.859940277E-06
    1704  -1.857758529E-06
    1705  -1.855580617E-06
    1706  -1.734978542E-06
    1707  -1.732946951E-06
    1708  -1.730918927E-06
    1709  -1.728894460E-06
    1710  -1.726873543E-06
    1711  -1.662595836E-06
    1712  -1.660654685E-06
    1713  -1.658716931E-06
    1714  -1.656782568E-06
    1715  -1.654851586E-06
    1716  -1.660570364E-06
    1717  -1.658637220E-06
    1718  -1.656707450E-06
    1719  -1.654781046E-06
    1720  -1.652858000E-06
    1721  -1.588850588E-06
    1722  -1.587006304E-06
    1723  -1.585165230E-06
    1724  -1.583327357E-06
    1725  -1.581492679E-06
    1726  -1.619990043E-06
    1727  -1.618115054E-06
    1728  -1.616243319E-06
    1729  -1.614374830E-06
    1730  -1.612509578E-06
    1731  -1.545941162E-06
    1732  -1.544157040E-06
    1733  -1.542376006E-06
    1734  -1.540598051E-06
    1735  -1.538823168E-06
    1736  -1.519253729E-06
    1737  -1.517505451E-06
    1738  -1.515760189E-06
    1739  -1.514017936E-06
    1740  -1.512278685E-06
    1741  -1.462715546E-06
    1742  -1.461037157E-06
    1743  -1.459361656E-06
    1744  -1.457689035E-06
    1745  -1.456019288E-06
    1746  -1.342168671E-06
    1747  -1.340633009E-06
    1748  -1.339099981E-06
    1749  -1.337569581E-06
    1750  -1.336041803E-06
    1751  -1.279811493E-06
    1752  -1.278351354E-06
    1753  -1.276893713E-06
    1754  -1.275438564E-06
    1755  -1.273985900E-06
    1756  -1.171019861E-06
    1757  -1.169687643E-06
    1758  -1.168357697E-06
    1759  -1.167030018E-06
    1760  -1.165704600E-06
    1761  -1.134882009E-06
    1762  -1.133594565E-06
    1763  -1.132309311E-06
    1764  -1.131026240E-06
    1765  -1.129745350E-06
    1766  -1.055730059E-06
    1767  -1.054535795E-06
    1768  -1.053343555E-06
    1769  -1.052153336E-06
    1770  -1.050965134E-06
    1771  -1.036333455E-06
    1772  -1.035164439E-06
    1773  -1.033997399E-06
    1774  -1.032832331E-06
    1775  -1.031669232E-06
    1776  -1.034936172E-06
    1777  -1.033772014E-06
    1778  -1.032609819E-06
    1779  -1.031449584E-06
    1780  -1.030291302E-06
    1781  -1.002677326E-06
    1782  -1.001552618E-06
    1783  -1.000429801E-06
    1784  -9.993088716E-07
    1785  -9.981898247E-07
    1786  -9.820561614E-07
    1787  -9.809576645E-07
    1788  -9.798610098E-07
    1789  -9.787661930E-07
    1790  -9.776732101E-07
    1791  -9.262134889E-07
    1792  -9.251803450E-07
    1793  -9.241489288E-07
    1794  -9.231192364E-07
    1795  -9.220912640E-07
    1796  -8.829352474E-07
    1797  -8.819531170E-07
    1798  -8.809726244E-07
    1799  -8.799937659E-07
    1800  -8.790165380E-07
    1801  -8.214597074E-07
    1802  -8.205484931E-07
    1803  -8.196387941E-07
    1804  -8.187306071E-07
    1805  -8.178239286E-07
    1806  -7.555191516E-07
    1807  -7.546834003E-07
    1808  -7.538490350E-07
    1809  -7.530160527E-07
    1810  -7.521844502E-07
    1811  -7.252292059E-07
    1812  -7.244291737E-07
    1813  -7.236304645E-07
    1814  -7.228330756E-07
    1815  -7.220370039E-07
    1816  -6.881163144E-07
    1817  -6.873593107E-07
    1818  -6.866035556E-07
    1819  -6.858490462E-07
    1820  -6.850957798E-07
    1821  -6.892183428E-07
    1822  -6.884622064E-07
    1823  -6.877073136E-07
    1824  -6.869536618E-07
    1825  -6.862012481E-07
    1826  -6.597265152E-07
    1827  -6.590047138E-07
    1828  -6.582840963E-07
    1829  -6.575646601E-07
    1830  -6.568464027E-07
    1831  -6.395653626E-07
    1832  -6.388675280E-07
    1833  -6.381708350E-07
    1834  -6.374752809E-07
    1835  -6.367808634E-07
    1836  -6.261237035E-07
    1837  -6.254423937E-07
    1838  -6.247621954E-07
    1839  -6.240831060E-07
    1840  -6.234051233E-07
    1841  -5.961283531E-07
    1842  -5.954814422E-07
    1843  -5.948355838E-07
    1844  -5.941907756E-07
    1845  -5.935470153E-07
    1846  -5.540509341E-07
    1847  -5.534513119E-07
    1848  -5.528526626E-07
    1849  -5.522549840E-07
    1850  -5.516582742E-07
    1851  -4.973399344E-07
    1852  -4.968031401E-07
    1853  -4.962672143E-07
    1854  -4.957321554E-07
    1855  -4.951979612E-07
    1856  -4.527336314E-07
    1857  -4.522462971E-07
    1858  -4.517597491E-07
    1859  -4.512739860E-07
    1860  -4.507890059E-07
    1861  -4.271617751E-07
    1862  -4.267032010E-07
    1863  -4.262453649E-07
    1864  -4.257882653E-07
    1865  -4.253319006E-07
    1866  -4.064178602E-07
    1867  -4.059827233E-07
    1868  -4.055482848E-07
    1869  -4.051145434E-07
    1870  -4.046814974E-07
    1871  -4.004008602E-07
    1872  -3.999733099E-07
    1873  -3.995464440E-07
    1874  -3.991202612E-07
    1875  -3.986947598E-07
    1876  -3.799550503E-07
    1877  -3.795504124E-07
    1878  -3.791464204E-07
    1879  -3.787430732E-07
    1880  -3.783403692E-07
    1881  -3.789844939E-07
    1882  -3.785819613E-07
    1883  -3.781800696E-07
    1884  -3.777788175E-07
    1885  -3.773782037E-07
    1886  -3.610044698E-07
    1887  -3.606220498E-07
    1888  -3.602402372E-07
    1889  -3.598590306E-07
    1890  -3.594784288E-07
    1891  -3.437589551E-07
    1892  -3.433957655E-07
    1893  -3.430331512E-07
    1894  -3.426711109E-07
    1895  -3.423096435E-07
    1896  -3.278714401E-07
    1897  -3.275259486E-07
    1898  -3.271810029E-07
    1899  -3.268366018E-07
    1900  -3.264927443E-07
    1901  -2.898917926E-07
    1902  -2.895871244E-07
    1903  -2.892829363E-07
    1904  -2.889792272E-07
    1905  -2.886759961E-07
    1906  -2.745833637E-07
    1907  -2.742955405E-07
    1908  -2.740081695E-07
    1909  -2.737212500E-07
    1910  -2.734347809E-07
    1911  -2.546247502E-07
    1912  -2.543585455E-07
    1913  -2.540927581E-07
    1914  -2.538273871E-07
    1915  -2.535624316E-07
    1916  -2.443496067E-07
    1917  -2.440948104E-07
    1918  -2.438404125E-07
    1919  -2.435864120E-07
    1920  -2.433328083E-07
    1921  -2.360260915E-07
    1922  -2.357806145E-07
    1923  -2.355355203E-07
    1924  -2.352908081E-07
    1925  -2.350464770E-07
    1926  -2.308358054E-07
    1927  -2.305963492E-07
    1928  -2.303572653E-07
    1929  -2.301185531E-07
    1930  -2.298802118E-07
    1931  -2.296510124E-07
    1932  -2.294134015E-07
    1933  -2.291761591E-07
    1934  -2.289392845E-07
    1935  -2.287027769E-07
    1936  -2.163603932E-07
    1937  -2.161371110E-07
    1938  -2.159141743E-07
    1939  -2.156915824E-07
    1940  -2.154693345E-07
    1941  -2.032110656E-07
    1942  -2.030018931E-07
    1943  -2.027930434E-07
    1944  -2.025845159E-07
    1945  -2.023763098E-07
    1946  -1.895076681E-07
    1947  -1.893131017E-07
    1948  -1.891188348E-07
    1949  -1.889248668E-07
    1950  -1.887311970E-07
    1951  -1.672039586E-07
    1952  -1.670327308E-07
    1953  -1.668617659E-07
    1954  -1.666910633E-07
    1955  -1.665206226E-07
    1956  -1.567937458E-07
    1957  -1.566335887E-07
    1958  -1.564736770E-07
    1959  -1.563140099E-07
    1960  -1.561545872E-07
    1961  -1.388152689E-07
    1962  -1.386738372E-07
    1963  -1.385326214E-07
    1964  -1.383916213E-07
    1965  -1.382508363E-07
    1966  -1.344902685E-07
    1967  -1.343535914E-07
    1968  -1.342171225E-07
    1969  -1.340808615E-07
    1970  -1.339448078E-07
    1971  -1.309767081E-07
    1972  -1.308439390E-07
    1973  -1.307113717E-07
    1974  -1.305790057E-07
    1975  -1.304468407E-07
    1976  -1.253646613E-07
    1977  -1.252379023E-07
    1978  -1.251113355E-07
    1979  -1.249849604E-07
    1980  -1.248587767E-07
    1981  -1.236081945E-07
    1982  -1.234835266E-07
    1983  -1.233590473E-07
    1984  -1.232347560E-07
    1985  -1.231106525E-07
    1986  -1.163758682E-07
    1987  -1.162587899E-07
    1988  -1.161418881E-07
    1989  -1.160251626E-07
    1990  -1.159086130E-07
    1991  -1.150002553E-07
    1992  -1.148848512E-07
    1993  -1.147696206E-07
    1994  -1.146545634E-07
    1995  -1.145396790E-07
    1996  -1.065091543E-07
    1997  -1.064025385E-07
    1998  -1.062960827E-07
    1999  -1.061897866E-07
    2000  -1.060836499E-07
    2001  -9.718175710E-08
    2002  -9.708472089E-08
    2003  -9.698782995E-08
    2004  -9.689108399E-08
    2005  -9.679448271E-08
    2006  -9.183009531E-08
    2007  -9.173863107E-08
    2008  -9.164730341E-08
    2009  -9.155611206E-08
    2010  -9.146505676E-08
    2011  -8.570881873E-08
    2012  -8.562366342E-08
    2013  -8.553863496E-08
    2014  -8.545373309E-08
    2015  -8.536895756E-08
    2016  -8.404480246E-08
    2017  -8.396150732E-08
    2018  -8.387833594E-08
    2019  -8.379528808E-08
    2020  -8.371236350E-08
    2021  -8.086360898E-08
    2022  -8.078366473E-08
    2023  -8.070383897E-08
    2024  -8.062413148E-08
    2025  -8.054454201E-08
    2026  -7.858310837E-08
    2027  -7.850561023E-08
    2028  -7.842822668E-08
    2029  -7.835095749E-08
    2030  -7.827380244E-08
    2031  -7.861292322E-08
    2032  -7.853558635E-08
    2033  -7.845836355E-08
    2034  -7.838125460E-08
    2035  -7.830425926E-08
    2036  -7.466535200E-08
    2037  -7.459207884E-08
    2038  -7.451891349E-08
    2039  -7.444585573E-08
    2040  -7.437290535E-08
    2041  -7.479456349E-08
    2042  -7.472134316E-08
    2043  -7.464823030E-08
    2044  -7.457522470E-08
    2045  -7.450232614E-08
    2046  -7.070101094E-08
    2047  -7.063196698E-08
    2048  -7.056302411E-08
    2049  -7.049418214E-08
    2050  -7.042544086E-08
    2051  -6.847258115E-08
    2052  -6.840587625E-08
    2053  -6.833926878E-08
    2054  -6.827275854E-08
    2055  -6.820634535E-08
    2056  -6.665317780E-08
    2057  -6.658840308E-08
    2058  -6.652372275E-08
    2059  -6.645913661E-08
    2060  -6.639464449E-08
    2061  -6.441561947E-08
    2062  -6.435317098E-08
    2063  -6.429081325E-08
    2064  -6.422854612E-08
    2065  -6.416636941E-08
    2066  -6.340755313E-08
    2067  -6.334623055E-08
    2068  -6.328499688E-08
    2069  -6.322385195E-08
    2070  -6.316279560E-08
    2071  -6.118797423E-08
    2072  -6.112894097E-08
    2073  -6.106999310E-08
    2074  -6.101113046E-08
    2075  -6.095235288E-08
    2076  -6.183240706E-08
    2077  -6.177289560E-08
    2078  -6.171347002E-08
    2079  -6.165413014E-08
    2080  -6.159487581E-08
    2081  -6.107145777E-08
    2082  -6.101281979E-08
    2083  -6.095426622E-08
    2084  -6.089579690E-08
    2085  -6.083741166E-08
    2086  -6.081223908E-08
    2087  -6.075398981E-08
    2088  -6.069582419E-08
    2089  -6.063774206E-08
    2090  -6.057974326E-08
    2091  -5.915041039E-08
    2092  -5.909388826E-08
    2093  -5.903744710E-08
    2094  -5.898108677E-08
    2095  -5.892480711E-08
    2096  -5.975206363E-08
    2097  -5.969510265E-08
    2098  -5.963822309E-08
    2099  -5.958142478E-08
    2100  -5.952470757E-08
    2101  -6.004526187E-08
    2102  -5.998815748E-08
    2103  -5.993113452E-08
    2104  -5.987419282E-08
    2105  -5.981733224E-08
    2106  -5.812948398E-08
    2107  -5.807433267E-08
    2108  -5.801925981E-08
    2109  -5.796426525E-08
    2110  -5.790934884E-08
    2111  -5.892009673E-08
    2112  -5.886432759E-08
    2113  -5.880863760E-08
    2114  -5.875302659E-08
    2115  -5.869749443E-08
    2116  -5.848232846E-08
    2117  -5.842710435E-08
    2118  -5.837195843E-08
    2119  -5.831689054E-08
    2120  -5.826190055E-08
    2121  -5.845610635E-08
    2122  -5.840103701E-08
    2123  -5.834604545E-08
    2124  -5.829113153E-08
    2125  -5.823629509E-08
    2126  -5.756528371E-08
    2127  -5.751118100E-08
    2128  -5.745715453E-08
    2129  -5.740320415E-08
    2130  -5.734932972E-08
    2131  -5.764223475E-08
    2132  -5.758818671E-08
    2133  -5.753421466E-08
    2134  -5.748031844E-08
    2135  -5.742649791E-08
    2136  -5.847326742E-08
    2137  -5.841856839E-08
    2138  -5.836394607E-08
    2139  -5.830940033E-08
    2140  -5.825493101E-08
    2141  -5.842904155E-08
    2142  -5.837451142E-08
    2143  -5.832005758E-08
    2144  -5.826567991E-08
    2145  -5.821137825E-08
    2146  -5.958052256E-08
    2147  -5.952504721E-08
    2148  -5.946964931E-08
    2149  -5.941432870E-08
    2150  -5.935908526E-08
    2151  -5.985036058E-08
    2152  -5.979476340E-08
    2153  -5.973924366E-08
    2154  -5.968380120E-08
    2155  -5.962843590E-08
    2156  -6.061206200E-08
    2157  -6.055588771E-08
    2158  -6.049979147E-08
    2159  -6.044377315E-08
    2160  -6.038783259E-08
    2161  -6.319771592E-08
    2162  -6.313928067E-08
    2163  -6.308092644E-08
    2164  -6.302265307E-08
    2165  -6.296446040E-08
    2166  -6.153819975E-08
    2167  -6.148143019E-08
    2168  -6.142473915E-08
    2169  -6.136812649E-08
    2170  -6.131159206E-08
    2171  -6.168942161E-08
    2172  -6.163264349E-08
    2173  -6.157594373E-08
    2174  -6.151932217E-08
    2175  -6.146277868E-08
    2176  -6.081449570E-08
    2177  -6.075865135E-08
    2178  -6.070288389E-08
    2179  -6.064719317E-08
    2180  -6.059157905E-08
    2181  -6.188375628E-08
    2182  -6.182706021E-08
    2183  -6.177044203E-08
    2184  -6.171390158E-08
    2185  -6.165743872E-08
    2186  -6.209350594E-08
    2187  -6.203674771E-08
    2188  -6.198006726E-08
    2189  -6.192346446E-08
    2190  -6.186693916E-08
    2191  -6.159029885E-08
    2192  -6.153412894E-08
    2193  -6.147803584E-08
    2194  -6.142201941E-08
    2195  -6.136607950E-08
    2196  -6.422593134E-08
    2197  -6.416749100E-08
    2198  -6.410913039E-08
    2199  -6.405084936E-08
    2200  -6.399264777E-08
    2201  -6.402760817E-08
    2202  -6.396948052E-08
    2203  -6.391143199E-08
    2204  -6.385346244E-08
    2205  -6.379557172E-08
    2206  -6.582217742E-08
    2207  -6.576255588E-08
    2208  -6.570301531E-08
    2209  -6.564355557E-08
    2210  -6.558417651E-08
    2211  -6.543526321E-08
    2212  -6.537612605E-08
    2213  -6.531706903E-08
    2214  -6.525809199E-08
    2215  -6.519919479E-08
    2216  -6.473177581E-08
    2217  -6.467340631E-08
    2218  -6.461511573E-08
    2219  -6.455690391E-08
    2220  -6.449877072E-08
    2221  -6.663531798E-08
    2222  -6.657536717E-08
    2223  -6.651549724E-08
    2224  -6.645570803E-08
    2225  -6.639599940E-08
    2226  -6.481902186E-08
    2227  -6.476083602E-08
    2228  -6.470272850E-08
    2229  -6.464469915E-08
    2230  -6.458674782E-08
    2231  -6.598765591E-08
    2232  -6.592855366E-08
    2233  -6.586953079E-08
    2234  -6.581058713E-08
    2235  -6.575172257E-08
    2236  -6.549220506E-08
    2237  -6.543367762E-08
    2238  -6.537522860E-08
    2239  -6.531685786E-08
    2240  -6.525856526E-08
    2241  -6.455582612E-08
    2242  -6.449826408E-08
    2243  -6.444077900E-08
    2244  -6.438337073E-08
    2245  -6.432603915E-08
    2246  -6.752634103E-08
    2247  -6.746626421E-08
    2248  -6.740626754E-08
    2249  -6.734635085E-08
    2250  -6.728651403E-08
    2251  -6.637848746E-08
    2252  -6.631956293E-08
    2253  -6.626071682E-08
    2254  -6.620194900E-08
    2255  -6.614325933E-08
    2256  -6.795656671E-08
    2257  -6.789637489E-08
    2258  -6.783626300E-08
    2259  -6.777623091E-08
    2260  -6.771627847E-08
    2261  -6.732265572E-08
    2262  -6.726315713E-08
    2263  -6.720373738E-08
    2264  -6.714439634E-08
    2265  -6.708513385E-08
    2266  -6.768952035E-08
    2267  -6.762982941E-08
    2268  -6.757021740E-08
    2269  -6.751068417E-08
    2270  -6.745122958E-08
    2271  -6.844141206E-08
    2272  -6.838119084E-08
    2273  -6.832104907E-08
    2274  -6.826098661E-08
    2275  -6.820100332E-08
    2276  -6.628955264E-08
    2277  -6.623135286E-08
    2278  -6.617322969E-08
    2279  -6.611518300E-08
    2280  -6.605721265E-08
    2281  -6.759677747E-08
    2282  -6.753755997E-08
    2283  -6.747842025E-08
    2284  -6.741935817E-08
    2285  -6.736037361E-08
    2286  -6.684056907E-08
    2287  -6.678214200E-08
    2288  -6.672379151E-08
    2289  -6.666551745E-08
    2290  -6.660731971E-08
    2291  -6.677950481E-08
    2292  -6.672125840E-08
    2293  -6.666308817E-08
    2294  -6.660499397E-08
    2295  -6.654697569E-08
    2296  -6.665250954E-08
    2297  -6.659450039E-08
    2298  -6.653656694E-08
    2299  -6.647870906E-08
    2300  -6.642092661E-08
    2301  -6.549248510E-08
    2302  -6.543560930E-08
    2303  -6.537880755E-08
    2304  -6.532207974E-08
    2305  -6.526542572E-08
    2306  -6.764442525E-08
    2307  -6.758580790E-08
    2308  -6.752726670E-08
    2309  -6.746880154E-08
    2310  -6.741041227E-08
    2311  -6.634614548E-08
    2312  -6.628877744E-08
    2313  -6.623148376E-08
    2314  -6.617426434E-08
    2315  -6.611711903E-08
    2316  -6.646662274E-08
    2317  -6.640927449E-08
    2318  -6.635200043E-08
    2319  -6.629480043E-08
    2320  -6.623767436E-08
    2321  -6.545389087E-08
    2322  -6.539753797E-08
    2323  -6.534125782E-08
    2324  -6.528505028E-08
    2325  -6.522891524E-08
    2326  -6.494047400E-08
    2327  -6.488468321E-08
    2328  -6.482896429E-08
    2329  -6.477331711E-08
    2330  -6.471774155E-08
    2331  -6.556247304E-08
    2332  -6.550626860E-08
    2333  -6.545013641E-08
    2334  -6.539407633E-08
    2335  -6.533808826E-08
    2336  -6.396159996E-08
    2337  -6.390688516E-08
    2338  -6.385224054E-08
    2339  -6.379766597E-08
    2340  -6.374316134E-08
    2341  -6.407724093E-08
    2342  -6.402254418E-08
    2343  -6.396791744E-08
    2344  -6.391336058E-08
    2345  -6.385887348E-08
    2346  -6.300999902E-08
    2347  -6.295632781E-08
    2348  -6.290272515E-08
    2349  -6.284919091E-08
    2350  -6.279572499E-08
    2351  -6.320689509E-08
    2352  -6.315317057E-08
    2353  -6.309951452E-08
    2354  -6.304592682E-08
    2355  -6.299240736E-08
    2356  -6.158009419E-08
    2357  -6.152786341E-08
    2358  -6.147569905E-08
    2359  -6.142360100E-08
    2360  -6.137156914E-08
    2361  -6.108633672E-08
    2362  -6.103463436E-08
    2363  -6.098299761E-08
    2364  -6.093142637E-08
    2365  -6.087992051E-08
    2366  -6.148140844E-08
    2367  -6.142948158E-08
    2368  -6.137762047E-08
    2369  -6.132582501E-08
    2370  -6.127409508E-08
    2371  -6.035161567E-08
    2372  -6.030075042E-08
    2373  -6.024994945E-08
    2374  -6.019921265E-08
    2375  -6.014853992E-08
    2376  -5.970915345E-08
    2377  -5.965893549E-08
    2378  -5.960878086E-08
    2379  -5.955868945E-08
    2380  -5.950866115E-08
    2381  -5.941556952E-08
    2382  -5.936570333E-08
    2383  -5.931589989E-08
    2384  -5.926615909E-08
    2385  -5.921648084E-08
    2386  -5.814158395E-08
    2387  -5.809288916E-08
    2388  -5.804425552E-08
    2389  -5.799568292E-08
    2390  -5.794717126E-08
    2391  -5.847355855E-08
    2392  -5.842468805E-08
    2393  -5.837587878E-08
    2394  -5.832713066E-08
    2395  -5.827844357E-08
    2396  -5.648401729E-08
    2397  -5.643690802E-08
    2398  -5.638985766E-08
    2399  -5.634286611E-08
    2400  -5.629593328E-08
    2401  -5.663412173E-08
    2402  -5.658698555E-08
    2403  -5.653990819E-08
    2404  -5.649288956E-08
    2405  -5.644592955E-08
    2406  -5.538578642E-08
    2407  -5.533978494E-08
    2408  -5.529384074E-08
    2409  -5.524795374E-08
    2410  -5.520212383E-08
    2411  -5.511611523E-08
    2412  -5.507043258E-08
    2413  -5.502480670E-08
    2414  -5.497923751E-08
    2415  -5.493372489E-08
    2416  -5.468017397E-08
    2417  -5.463494636E-08
    2418  -5.458977485E-08
    2419  -5.454465933E-08
    2420  -5.449959972E-08
    2421  -5.292540094E-08
    2422  -5.288171510E-08
    2423  -5.283808332E-08
    2424  -5.279450552E-08
    2425  -5.275098161E-08
    2426  -5.350242919E-08
    2427  -5.345835800E-08
    2428  -5.341434123E-08
    2429  -5.337037881E-08
    2430  -5.332647064E-08
    2431  -5.183260528E-08
    2432  -5.178999730E-08
    2433  -5.174744184E-08
    2434  -5.170493881E-08
    2435  -5.166248812E-08
    2436  -5.208227841E-08
    2437  -5.203955300E-08
    2438  -5.199688014E-08
    2439  -5.195425975E-08
    2440  -5.191169173E-08
    2441  -5.072324050E-08
    2442  -5.068171513E-08
    2443  -5.064024073E-08
    2444  -5.059881722E-08
    2445  -5.055744451E-08
    2446  -4.906500130E-08
    2447  -4.902491552E-08
    2448  -4.898487884E-08
    2449  -4.894489118E-08
    2450  -4.890495247E-08
    2451  -4.884979588E-08
    2452  -4.880996727E-08
    2453  -4.877018734E-08
    2454  -4.873045603E-08
    2455  -4.869077325E-08
    2456  -4.763565825E-08
    2457  -4.759689856E-08
    2458  -4.755818616E-08
    2459  -4.751952097E-08
    2460  -4.748090291E-08
    2461  -4.714622891E-08
    2462  -4.710794533E-08
    2463  -4.706970836E-08
    2464  -4.703151793E-08
    2465  -4.699337395E-08
    2466  -4.624253810E-08
    2467  -4.620506441E-08
    2468  -4.616763625E-08
    2469  -4.613025354E-08
    2470  -4.609291623E-08
    2471  -4.529274525E-08
    2472  -4.525611545E-08
    2473  -4.521953007E-08
    2474  -4.518298903E-08
    2475  -4.514649227E-08
    2476  -4.537157830E-08
    2477  -4.533495879E-08
    2478  -4.529838359E-08
    2479  -4.526185264E-08
    2480  -4.522536586E-08
    2481  -4.387385807E-08
    2482  -4.383851868E-08
    2483  -4.380322196E-08
    2484  -4.376796786E-08
    2485  -4.373275630E-08
    2486  -4.374405483E-08
    2487  -4.370889080E-08
    2488  -4.367376915E-08
    2489  -4.363868982E-08
    2490  -4.360365273E-08
    2491  -4.250448848E-08
    2492  -4.247038941E-08
    2493  -4.243633136E-08
    2494  -4.240231426E-08
    2495  -4.236833805E-08
    2496  -4.152181146E-08
    2497  -4.148856742E-08
    2498  -4.145536328E-08
    2499  -4.142219899E-08
    2500  -4.138907448E-08
    2501  -4.034859452E-08
    2502  -4.031635433E-08
    2503  -4.028415277E-08
    2504  -4.025198978E-08
    2505  -4.021986528E-08
    2506  -3.854262729E-08
    2507  -3.851189154E-08
    2508  -3.848119255E-08
    2509  -3.845053024E-08
    2510  -3.841990457E-08
    2511  -3.880934487E-08
    2512  -3.877845801E-08
    2513  -3.874760800E-08
    2514  -3.871679479E-08
    2515  -3.868601833E-08
    2516  -3.755457706E-08
    2517  -3.752474816E-08
    2518  -3.749495479E-08
    2519  -3.746519689E-08
    2520  -3.743547440E-08
    2521  -3.740433238E-08
    2522  -3.737468170E-08
    2523  -3.734506627E-08
    2524  -3.731548602E-08
    2525  -3.728594090E-08
    2526  -3.605500004E-08
    2527  -3.602647551E-08
    2528  -3.599798483E-08
    2529  -3.596952792E-08
    2530  -3.594110475E-08
    2531  -3.541775849E-08
    2532  -3.538979342E-08
    2533  -3.536186146E-08
    2534  -3.533396255E-08
    2535  -3.530609665E-08
    2536  -3.523484045E-08
    2537  -3.520707462E-08
    2538  -3.517934159E-08
    2539  -3.515164132E-08
    2540  -3.512397376E-08
    2541  -3.402271952E-08
    2542  -3.399596158E-08
    2543  -3.396923519E-08
    2544  -3.394254031E-08
    2545  -3.391587689E-08
    2546  -3.317727541E-08
    2547  -3.315123359E-08
    2548  -3.312522242E-08
    2549  -3.309924185E-08
    2550  -3.307329184E-08
    2551  -3.174957172E-08
    2552  -3.172469935E-08
    2553  -3.169985620E-08
    2554  -3.167504223E-08
    2555  -3.165025737E-08
    2556  -3.102943394E-08
    2557  -3.100517324E-08
    2558  -3.098094098E-08
    2559  -3.095673712E-08
    2560  -3.093256161E-08
    2561  -3.001624309E-08
    2562  -2.999282035E-08
    2563  -2.996942501E-08
    2564  -2.994605704E-08
    2565  -2.992271638E-08
    2566  -2.931187601E-08
    2567  -2.928904744E-08
    2568  -2.926624554E-08
    2569  -2.924347025E-08
    2570  -2.922072154E-08
    2571  -2.913434852E-08
    2572  -2.911170231E-08
    2573  -2.908908250E-08
    2574  -2.906648904E-08
    2575  -2.904392189E-08
    2576  -2.821407491E-08
    2577  -2.819218657E-08
    2578  -2.817032369E-08
    2579  -2.814848623E-08
    2580  -2.812667415E-08
    2581  -2.814720407E-08
    2582  -2.812540987E-08
    2583  -2.810364098E-08
    2584  -2.808189735E-08
    2585  -2.806017895E-08
    2586  -2.741345899E-08
    2587  -2.739227393E-08
    2588  -2.737111343E-08
    2589  -2.734997743E-08
    2590  -2.732886591E-08
    2591  -2.646282713E-08
    2592  -2.644241616E-08
    2593  -2.642202879E-08
    2594  -2.640166499E-08
    2595  -2.638132473E-08
    2596  -2.574351869E-08
    2597  -2.572370074E-08
    2598  -2.570390567E-08
    2599  -2.568413343E-08
    2600  -2.566438400E-08
    2601  -2.421645607E-08
    2602  -2.419784950E-08
    2603  -2.417926436E-08
    2604  -2.416070062E-08
    2605  -2.414215826E-08
    2606  -2.385458621E-08
    2607  -2.383629282E-08
    2608  -2.381802046E-08
    2609  -2.379976910E-08
    2610  -2.378153872E-08
    2611  -2.266540410E-08
    2612  -2.264805591E-08
    2613  -2.263072764E-08
    2614  -2.261341924E-08
    2615  -2.259613070E-08
    2616  -2.247226071E-08
    2617  -2.245509321E-08
    2618  -2.243794537E-08
    2619  -2.242081717E-08
    2620  -2.240370857E-08
    2621  -2.172487048E-08
    2622  -2.170830557E-08
    2623  -2.169175961E-08
    2624  -2.167523256E-08
    2625  -2.165872438E-08
    2626  -2.152062298E-08
    2627  -2.150424503E-08
    2628  -2.148788577E-08
    2629  -2.147154517E-08
    2630  -2.145522321E-08
    2631  -2.118425751E-08
    2632  -2.116816617E-08
    2633  -2.115209315E-08
    2634  -2.113603843E-08
    2635  -2.112000198E-08
    2636  -2.038144888E-08
    2637  -2.036599668E-08
    2638  -2.035056205E-08
    2639  -2.033514496E-08
    2640  -2.031974538E-08
    2641  -1.995400492E-08
    2642  -1.993890540E-08
    2643  -1.992382302E-08
    2644  -1.990875775E-08
    2645  -1.989370956E-08
    2646  -1.898256396E-08
    2647  -1.896822668E-08
    2648  -1.895390563E-08
    2649  -1.893960080E-08
    2650  -1.892531215E-08
    2651  -1.799486229E-08
    2652  -1.798129662E-08
    2653  -1.796774629E-08
    2654  -1.795421126E-08
    2655  -1.794069152E-08
    2656  -1.746750239E-08
    2657  -1.745435905E-08
    2658  -1.744123053E-08
    2659  -1.742811683E-08
    2660  -1.741501790E-08
    2661  -1.645889338E-08
    2662  -1.644653221E-08
    2663  -1.643418496E-08
    2664  -1.642185162E-08
    2665  -1.640953215E-08
    2666  -1.653575484E-08
    2667  -1.652335922E-08
    2668  -1.651097754E-08
    2669  -1.649860976E-08
    2670  -1.648625588E-08
    2671  -1.603995209E-08
    2672  -1.602795063E-08
    2673  -1.601596263E-08
    2674  -1.600398808E-08
    2675  -1.599202695E-08
    2676  -1.551272031E-08
    2677  -1.550113500E-08
    2678  -1.548956267E-08
    2679  -1.547800330E-08
    2680  -1.546645686E-08
    2681  -1.535150233E-08
    2682  -1.534005879E-08
    2683  -1.532862805E-08
    2684  -1.531721008E-08
    2685  -1.530580486E-08
    2686  -1.466547323E-08
    2687  -1.465456142E-08
    2688  -1.464366178E-08
    2689  -1.463277430E-08
    2690  -1.462189896E-08
    2691  -1.451426274E-08
    2692  -1.450348349E-08
    2693  -1.449271624E-08
    2694  -1.448196098E-08
    2695  -1.447121768E-08
    2696  -1.357108531E-08
    2697  -1.356102520E-08
    2698  -1.355097627E-08
    2699  -1.354093851E-08
    2700  -1.353091190E-08
