      50   0.000000000E+00
      51   0.000000000E+00
      52   0.000000000E+00
      53   0.000000000E+00
      54   0.000000000E+00
      55   0.000000000E+00
      56   0.000000000E+00
      57   0.000000000E+00
      58   0.000000000E+00
      59   0.000000000E+00
      60   0.000000000E+00
      61   0.000000000E+00
      62   0.000000000E+00
      63   0.000000000E+00
      64   0.000000000E+00
      65   0.000000000E+00
      66   0.000000000E+00
      67   0.000000000E+00
      68   0.000000000E+00
      69   0.000000000E+00
      70   0.000000000E+00
      71   7.863457754E-13
      72   7.648020555E-13
      73   7.441317297E-13
      74   7.242882169E-13
      75   7.052280006E-13
      76   2.311443388E-12
      77   2.252175609E-12
      78   2.195158505E-12
      79   2.140279542E-12
      80   2.087433134E-12
      81   6.822838748E-12
      82   6.658432995E-12
      83   6.499898876E-12
      84   6.346960079E-12
      85   6.199356356E-12
      86   0.000000000E+00
      87   0.000000000E+00
      88   0.000000000E+00
      89   0.000000000E+00
      90   0.000000000E+00
      91   0.000000000E+00
      92   0.000000000E+00
      93   0.000000000E+00
      94   0.000000000E+00
      95   0.000000000E+00
      96   0.000000000E+00
      97   0.000000000E+00
      98   0.000000000E+00
      99   0.000000000E+00
     100   0.000000000E+00
     101   0.000000000E+00
     102   0.000000000E+00
     103   0.000000000E+00
     104   0.000000000E+00
     105   0.000000000E+00
     106   0.000000000E+00
     107   0.000000000E+00
     108   0.000000000E+00
     109   0.000000000E+00
     110   0.000000000E+00
     111   2.387678648E-12
     112   2.345418849E-12
     113   2.304271150E-12
     114   2.264196869E-12
     115   2.225158992E-12
     116   2.356614638E-12
     117   2.316672017E-12
     118   2.277736353E-12
     119   2.239774081E-12
     120   2.202753021E-12
     121   0.000000000E+00
     122   0.000000000E+00
     123   0.000000000E+00
     124   0.000000000E+00
     125   0.000000000E+00
     126   0.000000000E+00
     127   0.000000000E+00
     128   0.000000000E+00
     129   0.000000000E+00
     130   0.000000000E+00
     131   0.000000000E+00
     132   0.000000000E+00
     133   0.000000000E+00
     134   0.000000000E+00
     135   0.000000000E+00
     136   0.000000000E+00
     137   0.000000000E+00
     138   0.000000000E+00
     139   0.000000000E+00
     140   0.000000000E+00
     141   0.000000000E+00
     142   0.000000000E+00
     143   0.000000000E+00
     144   0.000000000E+00
     145   0.000000000E+00
     146   0.000000000E+00
     147   0.000000000E+00
     148   0.000000000E+00
     149   0.000000000E+00
     150   0.000000000E+00
     151   0.000000000E+00
     152   0.000000000E+00
     153   0.000000000E+00
     154   0.000000000E+00
     155   0.000000000E+00
     156   0.000000000E+00
     157   0.000000000E+00
     158   0.000000000E+00
     159   0.000000000E+00
     160   0.000000000E+00
     161   7.091793508E-12
     162   7.004777636E-12
     163   6.919353519E-12
     164   6.835482567E-12
     165   6.753127355E-12
     166   0.000000000E+00
     167   0.000000000E+00
     168   0.000000000E+00
     169   0.000000000E+00
     170   0.000000000E+00
     171   3.960756224E-13
     172   3.914967135E-13
     173   3.869967513E-13
     174   3.825739312E-13
     175   3.782265002E-13
     176   2.297324733E-11
     177   2.271512095E-11
     178   2.246132072E-11
     179   2.221175049E-11
     180   2.196631678E-11
     181   1.607407423E-11
     182   1.589840129E-11
     183   1.572559258E-11
     184   1.555558617E-11
     185   1.538832180E-11
     186   3.915784537E-11
     187   3.874127254E-11
     188   3.833131199E-11
     189   3.792782449E-11
     190   3.753067450E-11
     191   2.877760872E-11
     192   2.847939516E-11
     193   2.818579314E-11
     194   2.789670809E-11
     195   2.761204780E-11
     196   4.574712220E-11
     197   4.528503006E-11
     198   4.482990413E-11
     199   4.438160509E-11
     200   4.393999707E-11
     201   4.553998107E-11
     202   4.509131131E-11
     203   4.464923963E-11
     204   4.421363729E-11
     205   4.378437868E-11
     206   0.000000000E+00
     207   0.000000000E+00
     208   0.000000000E+00
     209   0.000000000E+00
     210   0.000000000E+00
     211   0.000000000E+00
     212   0.000000000E+00
     213   0.000000000E+00
     214   0.000000000E+00
     215   0.000000000E+00
     216   0.000000000E+00
     217   0.000000000E+00
     218   0.000000000E+00
     219   0.000000000E+00
     220   0.000000000E+00
     221   0.000000000E+00
     222   0.000000000E+00
     223   0.000000000E+00
     224   0.000000000E+00
     225   0.000000000E+00
     226   0.000000000E+00
     227   0.000000000E+00
     228   0.000000000E+00
     229   0.000000000E+00
     230   0.000000000E+00
     231   0.000000000E+00
     232   0.000000000E+00
     233   0.000000000E+00
     234   0.000000000E+00
     235   0.000000000E+00
     236   0.000000000E+00
     237   0.000000000E+00
     238   0.000000000E+00
     239   0.000000000E+00
     240   0.000000000E+00
     241   0.000000000E+00
     242   0.000000000E+00
     243   0.000000000E+00
     244   0.000000000E+00
     245   0.000000000E+00
     246   0.000000000E+00
     247   0.000000000E+00
     248   0.000000000E+00
     249   0.000000000E+00
     250   0.000000000E+00
     251   1.134367863E-10
     252   1.125400529E-10
     253   1.116539107E-10
     254   1.107781938E-10
     255   1.099127391E-10
     256   1.253436725E-10
     257   1.243720162E-10
     258   1.234116145E-10
     259   1.224622944E-10
     260   1.215238860E-10
     261   2.677628786E-10
     262   2.657266590E-10
     263   2.637135782E-10
     264   2.617232871E-10
     265   2.597554428E-10
     266   2.755547228E-10
     267   2.734983442E-10
     268   2.714648993E-10
     269   2.694540482E-10
     270   2.674654574E-10
     271   4.421986657E-10
     272   4.389591150E-10
     273   4.357550339E-10
     274   4.325859064E-10
     275   4.294512259E-10
     276   4.558842675E-10
     277   4.526045245E-10
     278   4.493600477E-10
     279   4.461503330E-10
     280   4.429748858E-10
     281   2.040638431E-09
     282   2.026216958E-09
     283   2.011947824E-09
     284   1.997828892E-09
     285   1.983858061E-09
     286   3.155538070E-09
     287   3.133624611E-09
     288   3.111938628E-09
     289   3.090476982E-09
     290   3.069236591E-09
     291   4.380426876E-09
     292   4.350526351E-09
     293   4.320930934E-09
     294   4.291636487E-09
     295   4.262638943E-09
     296   5.368969592E-09
     297   5.332936239E-09
     298   5.297264425E-09
     299   5.261949329E-09
     300   5.226986210E-09
     301   6.513839492E-09
     302   6.470843852E-09
     303   6.428272511E-09
     304   6.386119904E-09
     305   6.344380558E-09
     306   1.006679891E-08
     307   1.000143009E-08
     308   9.936695915E-09
     309   9.872588199E-09
     310   9.809098886E-09
     311   9.389244253E-09
     312   9.329249082E-09
     313   9.269827113E-09
     314   9.210971068E-09
     315   9.152673783E-09
     316   1.047082630E-08
     317   1.040497205E-08
     318   1.033973711E-08
     319   1.027511376E-08
     320   1.021109436E-08
     321   1.253959481E-08
     322   1.246195026E-08
     323   1.238502464E-08
     324   1.230880911E-08
     325   1.223329494E-08
     326   1.270308854E-08
     327   1.262563068E-08
     328   1.254887913E-08
     329   1.247282531E-08
     330   1.239746081E-08
     331   1.522865518E-08
     332   1.513719179E-08
     333   1.504654992E-08
     334   1.495671977E-08
     335   1.486769168E-08
     336   1.481071065E-08
     337   1.472307331E-08
     338   1.463621152E-08
     339   1.455011616E-08
     340   1.446477824E-08
     341   1.795794311E-08
     342   1.785323207E-08
     343   1.774943421E-08
     344   1.764653894E-08
     345   1.754453583E-08
     346   1.980926962E-08
     347   1.969542324E-08
     348   1.958255549E-08
     349   1.947065517E-08
     350   1.935971127E-08
     351   1.790780204E-08
     352   1.780634140E-08
     353   1.770574060E-08
     354   1.760598995E-08
     355   1.750707990E-08
     356   2.221736399E-08
     357   2.209324464E-08
     358   2.197016249E-08
     359   2.184810603E-08
     360   2.172706390E-08
     361   1.968751247E-08
     362   1.957904133E-08
     363   1.947146418E-08
     364   1.936477122E-08
     365   1.925895280E-08
     366   2.589352557E-08
     367   2.575279989E-08
     368   2.561321832E-08
     369   2.547476849E-08
     370   2.533743820E-08
     371   2.373269684E-08
     372   2.360544377E-08
     373   2.347921145E-08
     374   2.335398899E-08
     375   2.322976565E-08
     376   2.524547270E-08
     377   2.511189877E-08
     378   2.497938215E-08
     379   2.484791172E-08
     380   2.471747649E-08
     381   2.815915841E-08
     382   2.801211320E-08
     383   2.786621678E-08
     384   2.772145721E-08
     385   2.757782272E-08
     386   2.559916310E-08
     387   2.546720865E-08
     388   2.533627185E-08
     389   2.520634225E-08
     390   2.507740955E-08
     391   3.000261846E-08
     392   2.984993338E-08
     393   2.969841087E-08
     394   2.954803917E-08
     395   2.939880665E-08
     396   2.887074874E-08
     397   2.872566960E-08
     398   2.858168129E-08
     399   2.843877288E-08
     400   2.829693361E-08
     401   3.165157484E-08
     402   3.149449507E-08
     403   3.133858172E-08
     404   3.118382330E-08
     405   3.103020840E-08
     406   3.324670022E-08
     407   3.308372620E-08
     408   3.292194759E-08
     409   3.276135272E-08
     410   3.260193008E-08
     411   3.325919750E-08
     412   3.309813601E-08
     413   3.293824163E-08
     414   3.277950312E-08
     415   3.262190935E-08
     416   3.502935446E-08
     417   3.486174989E-08
     418   3.469534536E-08
     419   3.453012943E-08
     420   3.436609081E-08
     421   3.632936115E-08
     422   3.615759113E-08
     423   3.598703645E-08
     424   3.581768569E-08
     425   3.564952754E-08
     426   3.719734907E-08
     427   3.702352968E-08
     428   3.685092582E-08
     429   3.667952616E-08
     430   3.650931954E-08
     431   3.819093072E-08
     432   3.801452919E-08
     433   3.783934703E-08
     434   3.766537302E-08
     435   3.749259608E-08
     436   4.179180666E-08
     437   4.160097649E-08
     438   4.141145040E-08
     439   4.122321654E-08
     440   4.103626317E-08
     441   4.044168960E-08
     442   4.025910861E-08
     443   4.007776127E-08
     444   3.989763650E-08
     445   3.971872333E-08
     446   4.463839340E-08
     447   4.443911486E-08
     448   4.424116780E-08
     449   4.404454039E-08
     450   4.384922092E-08
     451   4.414485290E-08
     452   4.394995289E-08
     453   4.375634076E-08
     454   4.356400520E-08
     455   4.337293500E-08
     456   4.674737111E-08
     457   4.654323411E-08
     458   4.634043135E-08
     459   4.613895121E-08
     460   4.593878223E-08
     461   4.933222843E-08
     462   4.911913025E-08
     463   4.890740986E-08
     464   4.869705541E-08
     465   4.848805517E-08
     466   4.654168349E-08
     467   4.634278741E-08
     468   4.614516358E-08
     469   4.594880118E-08
     470   4.575368950E-08
     471   5.700413396E-08
     472   5.676310168E-08
     473   5.652359492E-08
     474   5.628560084E-08
     475   5.604910672E-08
     476   5.307327795E-08
     477   5.285121403E-08
     478   5.263054090E-08
     479   5.241124698E-08
     480   5.219332080E-08
     481   5.968627047E-08
     482   5.943912235E-08
     483   5.919350614E-08
     484   5.894940921E-08
     485   5.870681905E-08
     486   5.739350005E-08
     487   5.715828079E-08
     488   5.692450459E-08
     489   5.669215967E-08
     490   5.646123438E-08
     491   5.773812500E-08
     492   5.750389325E-08
     493   5.727108397E-08
     494   5.703968565E-08
     495   5.680968692E-08
     496   6.942632347E-08
     497   6.914750289E-08
     498   6.887035859E-08
     499   6.859487716E-08
     500   6.832104531E-08
     501   6.277819149E-08
     502   6.252857641E-08
     503   6.228044714E-08
     504   6.203379191E-08
     505   6.178859905E-08
     506   7.266132511E-08
     507   7.237525690E-08
     508   7.209087475E-08
     509   7.180816544E-08
     510   7.152711586E-08
     511   7.124358624E-08
     512   7.096583347E-08
     513   7.068970182E-08
     514   7.041517870E-08
     515   7.014225166E-08
     516   7.423817003E-08
     517   7.395153617E-08
     518   7.366655915E-08
     519   7.338322623E-08
     520   7.310152478E-08
     521   8.381627849E-08
     522   8.349575735E-08
     523   8.317707125E-08
     524   8.286020622E-08
     525   8.254514840E-08
     526   7.290896768E-08
     527   7.263279735E-08
     528   7.235819320E-08
     529   7.208514342E-08
     530   7.181363629E-08
     531   8.941665965E-08
     532   8.908113747E-08
     533   8.874750025E-08
     534   8.841573390E-08
     535   8.808582444E-08
     536   8.634113560E-08
     537   8.602016483E-08
     538   8.570098055E-08
     539   8.538356951E-08
     540   8.506791861E-08
     541   9.783129072E-08
     542   9.747095447E-08
     543   9.711260537E-08
     544   9.675622884E-08
     545   9.640181042E-08
     546   1.004238717E-07
     547   1.000573612E-07
     548   9.969285348E-08
     549   9.933033401E-08
     550   9.896978834E-08
     551   9.012171866E-08
     552   8.979578116E-08
     553   8.947160867E-08
     554   8.914918846E-08
     555   8.882850792E-08
     556   1.102491031E-07
     557   1.098539450E-07
     558   1.094609076E-07
     559   1.090699758E-07
     560   1.086811345E-07
     561   1.044329998E-07
     562   1.040620123E-07
     563   1.036929980E-07
     564   1.033259432E-07
     565   1.029608338E-07
     566   1.173974734E-07
     567   1.169841020E-07
     568   1.165729101E-07
     569   1.161638823E-07
     570   1.157570036E-07
     571   1.157245140E-07
     572   1.153205890E-07
     573   1.149187751E-07
     574   1.145190576E-07
     575   1.141214220E-07
     576   1.188687095E-07
     577   1.184573990E-07
     578   1.180482198E-07
     579   1.176411569E-07
     580   1.172361960E-07
     581   1.301214779E-07
     582   1.296750920E-07
     583   1.292309993E-07
     584   1.287891839E-07
     585   1.283496304E-07
     586   1.247576790E-07
     587   1.243333332E-07
     588   1.239111487E-07
     589   1.234911109E-07
     590   1.230732053E-07
     591   1.404399297E-07
     592   1.399662706E-07
     593   1.394950037E-07
     594   1.390261129E-07
     595   1.385595824E-07
     596   1.441423498E-07
     597   1.436602684E-07
     598   1.431806014E-07
     599   1.427033327E-07
     600   1.422284464E-07
     601   1.501687990E-07
     602   1.496707267E-07
     603   1.491751283E-07
     604   1.486819874E-07
     605   1.481912877E-07
     606   1.537232471E-07
     607   1.532175785E-07
     608   1.527144009E-07
     609   1.522136979E-07
     610   1.517154534E-07
     611   1.478531687E-07
     612   1.473707766E-07
     613   1.468907415E-07
     614   1.464130481E-07
     615   1.459376810E-07
     616   1.737631505E-07
     617   1.732008102E-07
     618   1.726411953E-07
     619   1.720842882E-07
     620   1.715300715E-07
     621   1.696898397E-07
     622   1.691450890E-07
     623   1.686029573E-07
     624   1.680634279E-07
     625   1.675264840E-07
     626   1.815194717E-07
     627   1.809413843E-07
     628   1.803660539E-07
     629   1.797934633E-07
     630   1.792235949E-07
     631   1.786974648E-07
     632   1.781328599E-07
     633   1.775709266E-07
     634   1.770116481E-07
     635   1.764550077E-07
     636   1.919542135E-07
     637   1.913524762E-07
     638   1.907535639E-07
     639   1.901574590E-07
     640   1.895641440E-07
     641   2.047036523E-07
     642   2.040669380E-07
     643   2.034331897E-07
     644   2.028023891E-07
     645   2.021745180E-07
     646   1.943700600E-07
     647   1.937701524E-07
     648   1.931730178E-07
     649   1.925786393E-07
     650   1.919869999E-07
     651   2.169248148E-07
     652   2.162604203E-07
     653   2.155990734E-07
     654   2.149407556E-07
     655   2.142854485E-07
     656   2.126603197E-07
     657   2.120139357E-07
     658   2.113704943E-07
     659   2.107299777E-07
     660   2.100923681E-07
     661   2.253572669E-07
     662   2.246774561E-07
     663   2.240007168E-07
     664   2.233270304E-07
     665   2.226563787E-07
     666   2.379600493E-07
     667   2.372475940E-07
     668   2.365383336E-07
     669   2.358322491E-07
     670   2.351293213E-07
     671   2.320241049E-07
     672   2.313345831E-07
     673   2.306481303E-07
     674   2.299647285E-07
     675   2.292843594E-07
     676   2.588734219E-07
     677   2.581097834E-07
     678   2.573495190E-07
     679   2.565926086E-07
     680   2.558390327E-07
     681   2.510398180E-07
     682   2.503047087E-07
     683   2.495728236E-07
     684   2.488441438E-07
     685   2.481186507E-07
     686   2.798241176E-07
     687   2.790106754E-07
     688   2.782007750E-07
     689   2.773943960E-07
     690   2.765915178E-07
     691   2.736205128E-07
     692   2.728308432E-07
     693   2.720445871E-07
     694   2.712617250E-07
     695   2.704822373E-07
     696   2.753008052E-07
     697   2.745119777E-07
     698   2.737265357E-07
     699   2.729444599E-07
     700   2.721657311E-07
     701   3.131952490E-07
     702   3.123042241E-07
     703   3.114169962E-07
     704   3.105335437E-07
     705   3.096538453E-07
     706   2.849790670E-07
     707   2.841740414E-07
     708   2.833724221E-07
     709   2.825741899E-07
     710   2.817793258E-07
     711   3.237952692E-07
     712   3.228870075E-07
     713   3.219825621E-07
     714   3.210819116E-07
     715   3.201850348E-07
     716   3.125405118E-07
     717   3.116699254E-07
     718   3.108029715E-07
     719   3.099396299E-07
     720   3.090798806E-07
     721   3.354089400E-07
     722   3.344811145E-07
     723   3.335571335E-07
     724   3.326369759E-07
     725   3.317206206E-07
     726   3.503065027E-07
     727   3.493441222E-07
     728   3.483857022E-07
     729   3.474312208E-07
     730   3.464806566E-07
     731   3.335509427E-07
     732   3.326408447E-07
     733   3.317344664E-07
     734   3.308317875E-07
     735   3.299327881E-07
     736   3.745005079E-07
     737   3.734856014E-07
     738   3.724748149E-07
     739   3.714681262E-07
     740   3.704655132E-07
     741   3.708858055E-07
     742   3.698874587E-07
     743   3.688931376E-07
     744   3.679028205E-07
     745   3.669164858E-07
     746   3.982711694E-07
     747   3.972062732E-07
     748   3.961456423E-07
     749   3.950892539E-07
     750   3.940370855E-07
     751   4.018291720E-07
     752   4.007618966E-07
     753   3.996988677E-07
     754   3.986400628E-07
     755   3.975854594E-07
     756   3.851094565E-07
     757   3.840933365E-07
     758   3.830812329E-07
     759   3.820731244E-07
     760   3.810689900E-07
     761   4.539518525E-07
     762   4.527619394E-07
     763   4.515766987E-07
     764   4.503961061E-07
     765   4.492201371E-07
     766   4.290959623E-07
     767   4.279785249E-07
     768   4.268654468E-07
     769   4.257567054E-07
     770   4.246522781E-07
     771   4.577870153E-07
     772   4.566025728E-07
     773   4.554227212E-07
     774   4.542474367E-07
     775   4.530766959E-07
     776   4.554462691E-07
     777   4.542754560E-07
     778   4.531091519E-07
     779   4.519473336E-07
     780   4.507899780E-07
     781   4.837147832E-07
     782   4.824792409E-07
     783   4.812484265E-07
     784   4.800223159E-07
     785   4.788008851E-07
     786   4.950033522E-07
     787   4.937469985E-07
     788   4.924954218E-07
     789   4.912485980E-07
     790   4.900065029E-07
     791   5.001075626E-07
     792   4.988462573E-07
     793   4.975897176E-07
     794   4.963379196E-07
     795   4.950908394E-07
     796   5.287486152E-07
     797   5.274234307E-07
     798   5.261032219E-07
     799   5.247879638E-07
     800   5.234776318E-07
     801   5.390704295E-07
     802   5.377277883E-07
     803   5.363901570E-07
     804   5.350575107E-07
     805   5.337298245E-07
     806   5.504080986E-07
     807   5.490457023E-07
     808   5.476883582E-07
     809   5.463360413E-07
     810   5.449887268E-07
     811   5.542678221E-07
     812   5.529043096E-07
     813   5.515458223E-07
     814   5.501923357E-07
     815   5.488438250E-07
     816   5.554669601E-07
     817   5.541088501E-07
     818   5.527557150E-07
     819   5.514075303E-07
     820   5.500642720E-07
     821   6.015485236E-07
     822   6.000866803E-07
     823   5.986301593E-07
     824   5.971789346E-07
     825   5.957329808E-07
     826   6.004846158E-07
     827   5.990341698E-07
     828   5.975889728E-07
     829   5.961489994E-07
     830   5.947142244E-07
     831   6.425752066E-07
     832   6.410324090E-07
     833   6.394951610E-07
     834   6.379634361E-07
     835   6.364372077E-07
     836   6.259200861E-07
     837   6.244262434E-07
     838   6.229377422E-07
     839   6.214545571E-07
     840   6.199766628E-07
     841   6.394144555E-07
     842   6.378974580E-07
     843   6.363858526E-07
     844   6.348796139E-07
     845   6.333787165E-07
     846   6.987441219E-07
     847   6.970961405E-07
     848   6.954539823E-07
     849   6.938176200E-07
     850   6.921870263E-07
     851   6.795875030E-07
     852   6.779940974E-07
     853   6.764062892E-07
     854   6.748240523E-07
     855   6.732473606E-07
     856   7.243683808E-07
     857   7.226798765E-07
     858   7.209972691E-07
     859   7.193205312E-07
     860   7.176496357E-07
     861   6.988914837E-07
     862   6.972718047E-07
     863   6.956577496E-07
     864   6.940492924E-07
     865   6.924464072E-07
     866   7.522819090E-07
     867   7.505485405E-07
     868   7.488211561E-07
     869   7.470997282E-07
     870   7.453842294E-07
     871   7.926716631E-07
     872   7.908556913E-07
     873   7.890459529E-07
     874   7.872424193E-07
     875   7.854450622E-07
     876   7.725831190E-07
     877   7.708232486E-07
     878   7.690693846E-07
     879   7.673214996E-07
     880   7.655795666E-07
     881   8.277608648E-07
     882   8.258859817E-07
     883   8.240174614E-07
     884   8.221552751E-07
     885   8.202993941E-07
     886   8.226006965E-07
     887   8.207479922E-07
     888   8.189015400E-07
     889   8.170613118E-07
     890   8.152272797E-07
     891   8.618077195E-07
     892   8.598775790E-07
     893   8.579539155E-07
     894   8.560367001E-07
     895   8.541259039E-07
     896   8.696100362E-07
     897   8.676732655E-07
     898   8.657429579E-07
     899   8.638190847E-07
     900   8.619016173E-07
     901   8.597059226E-07
     902   8.578018120E-07
     903   8.559040204E-07
     904   8.540125198E-07
     905   8.521272825E-07
     906   9.291714784E-07
     907   9.271248452E-07
     908   9.250849665E-07
     909   9.230518128E-07
     910   9.210253544E-07
     911   8.994389797E-07
     912   8.974686863E-07
     913   8.955048598E-07
     914   8.935474721E-07
     915   8.915964951E-07
     916   9.618908245E-07
     917   9.597952018E-07
     918   9.577064201E-07
     919   9.556244496E-07
     920   9.535492608E-07
     921   9.387360408E-07
     922   9.367019432E-07
     923   9.346744499E-07
     924   9.326535321E-07
     925   9.306391616E-07
     926   9.473182145E-07
     927   9.452765804E-07
     928   9.432415393E-07
     929   9.412130629E-07
     930   9.391911229E-07
     931   1.042796284E-06
     932   1.040560923E-06
     933   1.038332741E-06
     934   1.036111708E-06
     935   1.033897794E-06
     936   9.702703470E-07
     937   9.682015403E-07
     938   9.661393432E-07
     939   9.640837276E-07
     940   9.620346654E-07
     941   1.062203493E-06
     942   1.059950675E-06
     943   1.057705017E-06
     944   1.055466488E-06
     945   1.053235057E-06
     946   1.055098400E-06
     947   1.052872454E-06
     948   1.050653545E-06
     949   1.048441643E-06
     950   1.046236718E-06
     951   1.100476206E-06
     952   1.098166707E-06
     953   1.095864471E-06
     954   1.093569466E-06
     955   1.091281664E-06
     956   1.122946629E-06
     957   1.120602273E-06
     958   1.118265251E-06
     959   1.115935531E-06
     960   1.113613085E-06
     961   1.080372732E-06
     962   1.078128968E-06
     963   1.075892186E-06
     964   1.073662357E-06
     965   1.071439454E-06
     966   1.202313935E-06
     967   1.199829815E-06
     968   1.197353387E-06
     969   1.194884617E-06
     970   1.192423474E-06
     971   1.119681962E-06
     972   1.117380458E-06
     973   1.115086042E-06
     974   1.112798686E-06
     975   1.110518361E-06
     976   1.218544658E-06
     977   1.216052747E-06
     978   1.213568471E-06
     979   1.211091801E-06
     980   1.208622705E-06
     981   1.187597592E-06
     982   1.185181320E-06
     983   1.182772415E-06
     984   1.180370846E-06
     985   1.177976585E-06
     986   1.168137500E-06
     987   1.165772849E-06
     988   1.163415371E-06
     989   1.161065037E-06
     990   1.158721818E-06
     991   1.261532039E-06
     992   1.258991189E-06
     993   1.256458008E-06
     994   1.253932464E-06
     995   1.251414528E-06
     996   1.261877512E-06
     997   1.259348699E-06
     998   1.256827480E-06
     999   1.254313825E-06
    1000   1.251807704E-06
    1001   1.274545575E-06
    1002   1.272004109E-06
    1003   1.269470236E-06
    1004   1.266943927E-06
    1005   1.264425152E-06
    1006   1.267849119E-06
    1007   1.265333546E-06
    1008   1.262825451E-06
    1009   1.260324807E-06
    1010   1.257831583E-06
    1011   1.283304684E-06
    1012   1.280771012E-06
    1013   1.278244837E-06
    1014   1.275726128E-06
    1015   1.273214856E-06
    1016   1.363772614E-06
    1017   1.361093296E-06
    1018   1.358421867E-06
    1019   1.355758294E-06
    1020   1.353102548E-06
    1021   1.330835779E-06
    1022   1.328233950E-06
    1023   1.325639743E-06
    1024   1.323053129E-06
    1025   1.320474078E-06
    1026   1.363066453E-06
    1027   1.360414573E-06
    1028   1.357770424E-06
    1029   1.355133977E-06
    1030   1.352505201E-06
    1031   1.373433440E-06
    1032   1.370774324E-06
    1033   1.368122923E-06
    1034   1.365479207E-06
    1035   1.362843147E-06
    1036   1.412921075E-06
    1037   1.410198684E-06
    1038   1.407484153E-06
    1039   1.404777453E-06
    1040   1.402078553E-06
    1041   1.468386445E-06
    1042   1.465570747E-06
    1043   1.462763141E-06
    1044   1.459963594E-06
    1045   1.457172076E-06
    1046   1.432874281E-06
    1047   1.430139788E-06
    1048   1.427413115E-06
    1049   1.424694233E-06
    1050   1.421983112E-06
    1051   1.461873595E-06
    1052   1.459097007E-06
    1053   1.456328322E-06
    1054   1.453567510E-06
    1055   1.450814541E-06
    1056   1.445705399E-06
    1057   1.442972497E-06
    1058   1.440247336E-06
    1059   1.437529888E-06
    1060   1.434820124E-06
    1061   1.497004670E-06
    1062   1.494188104E-06
    1063   1.491379480E-06
    1064   1.488578767E-06
    1065   1.485785937E-06
    1066   1.536795991E-06
    1067   1.533918096E-06
    1068   1.531048277E-06
    1069   1.528186505E-06
    1070   1.525332748E-06
    1071   1.545186302E-06
    1072   1.542306179E-06
    1073   1.539434100E-06
    1074   1.536570037E-06
    1075   1.533713958E-06
    1076   1.530507987E-06
    1077   1.527668454E-06
    1078   1.524836817E-06
    1079   1.522013045E-06
    1080   1.519197110E-06
    1081   1.629718784E-06
    1082   1.626709147E-06
    1083   1.623707838E-06
    1084   1.620714828E-06
    1085   1.617730087E-06
    1086   1.626928404E-06
    1087   1.623937727E-06
    1088   1.620955288E-06
    1089   1.617981059E-06
    1090   1.615015007E-06
    1091   1.618616053E-06
    1092   1.615654267E-06
    1093   1.612700603E-06
    1094   1.609755031E-06
    1095   1.606817521E-06
    1096   1.648318329E-06
    1097   1.645315928E-06
    1098   1.642321723E-06
    1099   1.639335683E-06
    1100   1.636357780E-06
    1101   1.683501550E-06
    1102   1.680448964E-06
    1103   1.677404672E-06
    1104   1.674368645E-06
    1105   1.671340854E-06
    1106   1.626810707E-06
    1107   1.623874225E-06
    1108   1.620945687E-06
    1109   1.618025064E-06
    1110   1.615112328E-06
    1111   1.690092920E-06
    1112   1.687055915E-06
    1113   1.684027090E-06
    1114   1.681006413E-06
    1115   1.677993857E-06
    1116   1.672851654E-06
    1117   1.669859075E-06
    1118   1.666874519E-06
    1119   1.663897958E-06
    1120   1.660929362E-06
    1121   1.755467697E-06
    1122   1.752341308E-06
    1123   1.749223263E-06
    1124   1.746113533E-06
    1125   1.743012088E-06
    1126   1.709174916E-06
    1127   1.706144464E-06
    1128   1.703122065E-06
    1129   1.700107689E-06
    1130   1.697101310E-06
    1131   1.735633301E-06
    1132   1.732569518E-06
    1133   1.729513840E-06
    1134   1.726466238E-06
    1135   1.723426685E-06
    1136   1.750369842E-06
    1137   1.747293620E-06
    1138   1.744225502E-06
    1139   1.741165457E-06
    1140   1.738113458E-06
    1141   1.755787528E-06
    1142   1.752715283E-06
    1143   1.749651096E-06
    1144   1.746594937E-06
    1145   1.743546778E-06
    1146   1.827694876E-06
    1147   1.824510739E-06
    1148   1.821334915E-06
    1149   1.818167376E-06
    1150   1.815008093E-06
    1151   1.742036053E-06
    1152   1.739014308E-06
    1153   1.736000419E-06
    1154   1.732994357E-06
    1155   1.729996097E-06
    1156   1.813325639E-06
    1157   1.810193816E-06
    1158   1.807070099E-06
    1159   1.803954461E-06
    1160   1.800846873E-06
    1161   1.778150137E-06
    1162   1.775092269E-06
    1163   1.772042282E-06
    1164   1.769000149E-06
    1165   1.765965844E-06
    1166   1.830013989E-06
    1167   1.826880403E-06
    1168   1.823754860E-06
    1169   1.820637330E-06
    1170   1.817527787E-06
    1171   1.879395438E-06
    1172   1.876191012E-06
    1173   1.872994776E-06
    1174   1.869806699E-06
    1175   1.866626756E-06
    1176   1.778698540E-06
    1177   1.775678679E-06
    1178   1.772666501E-06
    1179   1.769661982E-06
    1180   1.766665094E-06
    1181   1.842621030E-06
    1182   1.839505864E-06
    1183   1.836398590E-06
    1184   1.833299184E-06
    1185   1.830207617E-06
    1186   1.879489245E-06
    1187   1.876325121E-06
    1188   1.873168982E-06
    1189   1.870020798E-06
    1190   1.866880545E-06
    1191   1.820704255E-06
    1192   1.817651943E-06
    1193   1.814607300E-06
    1194   1.811570300E-06
    1195   1.808540918E-06
    1196   1.898224551E-06
    1197   1.895055562E-06
    1198   1.891894502E-06
    1199   1.888741344E-06
    1200   1.885596063E-06
    1201   1.822031850E-06
    1202   1.819002703E-06
    1203   1.815981104E-06
    1204   1.812967028E-06
    1205   1.809960449E-06
    1206   1.911368575E-06
    1207   1.908204058E-06
    1208   1.905047393E-06
    1209   1.901898554E-06
    1210   1.898757516E-06
    1211   1.833529651E-06
    1212   1.830506519E-06
    1213   1.827490858E-06
    1214   1.824482642E-06
    1215   1.821481848E-06
    1216   1.863066799E-06
    1217   1.860007576E-06
    1218   1.856955881E-06
    1219   1.853911692E-06
    1220   1.850874981E-06
    1221   1.900723271E-06
    1222   1.897614975E-06
    1223   1.894514297E-06
    1224   1.891421212E-06
    1225   1.888335697E-06
    1226   1.826956957E-06
    1227   1.823981457E-06
    1228   1.821013221E-06
    1229   1.818052224E-06
    1230   1.815098443E-06
    1231   1.958250468E-06
    1232   1.955074068E-06
    1233   1.951905391E-06
    1234   1.948744410E-06
    1235   1.945591102E-06
    1236   1.875610260E-06
    1237   1.872580195E-06
    1238   1.869557467E-06
    1239   1.866542051E-06
    1240   1.863533925E-06
    1241   1.867812042E-06
    1242   1.864806713E-06
    1243   1.861808632E-06
    1244   1.858817775E-06
    1245   1.855834118E-06
    1246   1.920028289E-06
    1247   1.916951320E-06
    1248   1.913881742E-06
    1249   1.910819532E-06
    1250   1.907764664E-06
    1251   1.832500761E-06
    1252   1.829575780E-06
    1253   1.826657796E-06
    1254   1.823746788E-06
    1255   1.820842733E-06
    1256   1.934021266E-06
    1257   1.930946510E-06
    1258   1.927879081E-06
    1259   1.924818955E-06
    1260   1.921766110E-06
    1261   1.813891365E-06
    1262   1.811019011E-06
    1263   1.808153475E-06
    1264   1.805294734E-06
    1265   1.802442768E-06
    1266   1.871958495E-06
    1267   1.869005879E-06
    1268   1.866060244E-06
    1269   1.863121566E-06
    1270   1.860189825E-06
    1271   1.876861894E-06
    1272   1.873913171E-06
    1273   1.870971392E-06
    1274   1.868036535E-06
    1275   1.865108578E-06
    1276   1.832067216E-06
    1277   1.829200131E-06
    1278   1.826339771E-06
    1279   1.823486116E-06
    1280   1.820639143E-06
    1281   1.841625038E-06
    1282   1.838754227E-06
    1283   1.835890124E-06
    1284   1.833032707E-06
    1285   1.830181957E-06
    1286   1.793024094E-06
    1287   1.790239895E-06
    1288   1.787462176E-06
    1289   1.784690917E-06
    1290   1.781926097E-06
    1291   1.866459294E-06
    1292   1.863572273E-06
    1293   1.860691945E-06
    1294   1.857818289E-06
    1295   1.854951286E-06
    1296   1.798818765E-06
    1297   1.796047088E-06
    1298   1.793281811E-06
    1299   1.790522916E-06
    1300   1.787770383E-06
    1301   1.794311993E-06
    1302   1.791557869E-06
    1303   1.788810081E-06
    1304   1.786068609E-06
    1305   1.783333435E-06
    1306   1.776274605E-06
    1307   1.773558588E-06
    1308   1.770848797E-06
    1309   1.768145211E-06
    1310   1.765447812E-06
    1311   1.764247203E-06
    1312   1.761559850E-06
    1313   1.758878633E-06
    1314   1.756203532E-06
    1315   1.753534530E-06
    1316   1.791755174E-06
    1317   1.789036274E-06
    1318   1.786323558E-06
    1319   1.783617007E-06
    1320   1.780916602E-06
    1321   1.719225493E-06
    1322   1.716626513E-06
    1323   1.714033421E-06
    1324   1.711446201E-06
    1325   1.708864834E-06
    1326   1.741313951E-06
    1327   1.738691490E-06
    1328   1.736074949E-06
    1329   1.733464310E-06
    1330   1.730859555E-06
    1331   1.711603919E-06
    1332   1.709035871E-06
    1333   1.706473599E-06
    1334   1.703917084E-06
    1335   1.701366310E-06
    1336   1.702650459E-06
    1337   1.700105391E-06
    1338   1.697566026E-06
    1339   1.695032345E-06
    1340   1.692504332E-06
    1341   1.680951408E-06
    1342   1.678448130E-06
    1343   1.675950439E-06
    1344   1.673458320E-06
    1345   1.670971755E-06
    1346   1.660929665E-06
    1347   1.658465377E-06
    1348   1.656006570E-06
    1349   1.653553227E-06
    1350   1.651105332E-06
    1351   1.665753641E-06
    1352   1.663291329E-06
    1353   1.660834473E-06
    1354   1.658383057E-06
    1355   1.655937065E-06
    1356   1.675007316E-06
    1357   1.672540442E-06
    1358   1.670079014E-06
    1359   1.667623016E-06
    1360   1.665172431E-06
    1361   1.641308160E-06
    1362   1.638899784E-06
    1363   1.636496705E-06
    1364   1.634098908E-06
    1365   1.631706377E-06
    1366   1.591614768E-06
    1367   1.589287846E-06
    1368   1.586966023E-06
    1369   1.584649284E-06
    1370   1.582337615E-06
    1371   1.576805405E-06
    1372   1.574508529E-06
    1373   1.572216668E-06
    1374   1.569929807E-06
    1375   1.567647932E-06
    1376   1.623326395E-06
    1377   1.620970333E-06
    1378   1.618619397E-06
    1379   1.616273572E-06
    1380   1.613932843E-06
    1381   1.549167509E-06
    1382   1.546927209E-06
    1383   1.544691765E-06
    1384   1.542461163E-06
    1385   1.540235390E-06
    1386   1.566630524E-06
    1387   1.564373131E-06
    1388   1.562120614E-06
    1389   1.559872959E-06
    1390   1.557630151E-06
    1391   1.487117579E-06
    1392   1.484982450E-06
    1393   1.482851916E-06
    1394   1.480725963E-06
    1395   1.478604579E-06
    1396   1.518951574E-06
    1397   1.516778539E-06
    1398   1.514610164E-06
    1399   1.512446435E-06
    1400   1.510287340E-06
    1401   1.503883116E-06
    1402   1.501739305E-06
    1403   1.499600076E-06
    1404   1.497465413E-06
    1405   1.495335306E-06
    1406   1.429173809E-06
    1407   1.427143733E-06
    1408   1.425117979E-06
    1409   1.423096535E-06
    1410   1.421079389E-06
    1411   1.438640563E-06
    1412   1.436604271E-06
    1413   1.434572299E-06
    1414   1.432544635E-06
    1415   1.430521267E-06
    1416   1.392062488E-06
    1417   1.390099071E-06
    1418   1.388139805E-06
    1419   1.386184679E-06
    1420   1.384233680E-06
    1421   1.390497462E-06
    1422   1.388543144E-06
    1423   1.386592943E-06
    1424   1.384646848E-06
    1425   1.382704847E-06
    1426   1.384382868E-06
    1427   1.382443957E-06
    1428   1.380509116E-06
    1429   1.378578334E-06
    1430   1.376651600E-06
    1431   1.318174746E-06
    1432   1.316335004E-06
    1433   1.314499112E-06
    1434   1.312667057E-06
    1435   1.310838830E-06
    1436   1.319368555E-06
    1437   1.317533550E-06
    1438   1.315702371E-06
    1439   1.313875006E-06
    1440   1.312051446E-06
    1441   1.275487796E-06
    1442   1.273719969E-06
    1443   1.271955814E-06
    1444   1.270195321E-06
    1445   1.268438481E-06
    1446   1.259795309E-06
    1447   1.258055261E-06
    1448   1.256318814E-06
    1449   1.254585961E-06
    1450   1.252856690E-06
    1451   1.255389540E-06
    1452   1.253661543E-06
    1453   1.251937112E-06
    1454   1.250216236E-06
    1455   1.248498906E-06
    1456   1.184016660E-06
    1457   1.182392495E-06
    1458   1.180771669E-06
    1459   1.179154173E-06
    1460   1.177539999E-06
    1461   1.226295862E-06
    1462   1.224619449E-06
    1463   1.222946472E-06
    1464   1.221276920E-06
    1465   1.219610785E-06
    1466   1.146170322E-06
    1467   1.144608782E-06
    1468   1.143050431E-06
    1469   1.141495261E-06
    1470   1.139943262E-06
    1471   1.146958056E-06
    1472   1.145400747E-06
    1473   1.143846608E-06
    1474   1.142295630E-06
    1475   1.140747804E-06
    1476   1.096927711E-06
    1477   1.095443370E-06
    1478   1.093962041E-06
    1479   1.092483714E-06
    1480   1.091008381E-06
    1481   1.093175354E-06
    1482   1.091701078E-06
    1483   1.090229783E-06
    1484   1.088761460E-06
    1485   1.087296102E-06
    1486   1.092098767E-06
    1487   1.090630893E-06
    1488   1.089165976E-06
    1489   1.087704008E-06
    1490   1.086244982E-06
    1491   1.033423973E-06
    1492   1.032039614E-06
    1493   1.030658035E-06
    1494   1.029279228E-06
    1495   1.027903187E-06
    1496   1.015435773E-06
    1497   1.014080051E-06
    1498   1.012727042E-06
    1499   1.011376740E-06
    1500   1.010029136E-06
    1501   9.974018939E-07
    1502   9.960746791E-07
    1503   9.947501117E-07
    1504   9.934281846E-07
    1505   9.921088909E-07
    1506   9.764061139E-07
    1507   9.751111456E-07
    1508   9.738187518E-07
    1509   9.725289256E-07
    1510   9.712416603E-07
    1511   9.638564595E-07
    1512   9.625823598E-07
    1513   9.613107846E-07
    1514   9.600417275E-07
    1515   9.587751817E-07
    1516   9.198735014E-07
    1517   9.186615468E-07
    1518   9.174519859E-07
    1519   9.162448122E-07
    1520   9.150400196E-07
    1521   9.068192573E-07
    1522   9.056284243E-07
    1523   9.044399356E-07
    1524   9.032537849E-07
    1525   9.020699660E-07
    1526   9.034588931E-07
    1527   9.022763553E-07
    1528   9.010961377E-07
    1529   8.999182342E-07
    1530   8.987426389E-07
    1531   8.771509869E-07
    1532   8.760066281E-07
    1533   8.748645074E-07
    1534   8.737246187E-07
    1535   8.725869565E-07
    1536   8.460281635E-07
    1537   8.449279968E-07
    1538   8.438299747E-07
    1539   8.427340917E-07
    1540   8.416403420E-07
    1541   8.168308355E-07
    1542   8.157720788E-07
    1543   8.147153792E-07
    1544   8.136607314E-07
    1545   8.126081302E-07
    1546   8.277934720E-07
    1547   8.267239714E-07
    1548   8.256565421E-07
    1549   8.245911788E-07
    1550   8.235278762E-07
    1551   7.793444457E-07
    1552   7.783407826E-07
    1553   7.773390570E-07
    1554   7.763392640E-07
    1555   7.753413986E-07
    1556   7.885687131E-07
    1557   7.875564298E-07
    1558   7.865460944E-07
    1559   7.855377020E-07
    1560   7.845312475E-07
    1561   7.606228429E-07
    1562   7.596495571E-07
    1563   7.586781382E-07
    1564   7.577085815E-07
    1565   7.567408822E-07
    1566   7.508686616E-07
    1567   7.499109209E-07
    1568   7.489550115E-07
    1569   7.480009287E-07
    1570   7.470486678E-07
    1571   7.407720781E-07
    1572   7.398302192E-07
    1573   7.388901553E-07
    1574   7.379518821E-07
    1575   7.370153950E-07
    1576   7.218304597E-07
    1577   7.209155922E-07
    1578   7.200024629E-07
    1579   7.190910674E-07
    1580   7.181814012E-07
    1581   7.097265987E-07
    1582   7.088299132E-07
    1583   7.079349259E-07
    1584   7.070416327E-07
    1585   7.061500291E-07
    1586   7.015911038E-07
    1587   7.007074878E-07
    1588   6.998255400E-07
    1589   6.989452563E-07
    1590   6.980666325E-07
    1591   6.980860605E-07
    1592   6.972096185E-07
    1593   6.963348260E-07
    1594   6.954616789E-07
    1595   6.945901730E-07
    1596   6.767479089E-07
    1597   6.759009153E-07
    1598   6.750555108E-07
    1599   6.742116914E-07
    1600   6.733694532E-07
    1601   6.752052371E-07
    1602   6.743628101E-07
    1603   6.735219587E-07
    1604   6.726826790E-07
    1605   6.718449671E-07
    1606   6.768643995E-07
    1607   6.760225284E-07
    1608   6.751822269E-07
    1609   6.743434912E-07
    1610   6.735063174E-07
    1611   6.771742947E-07
    1612   6.763346490E-07
    1613   6.754965639E-07
    1614   6.746600357E-07
    1615   6.738250604E-07
    1616   6.678098419E-07
    1617   6.669843662E-07
    1618   6.661604201E-07
    1619   6.653379998E-07
    1620   6.645171016E-07
    1621   6.546045358E-07
    1622   6.537978759E-07
    1623   6.529927061E-07
    1624   6.521890228E-07
    1625   6.513868223E-07
    1626   6.676152272E-07
    1627   6.667950611E-07
    1628   6.659764054E-07
    1629   6.651592564E-07
    1630   6.643436105E-07
    1631   6.807359752E-07
    1632   6.799022508E-07
    1633   6.790700571E-07
    1634   6.782393904E-07
    1635   6.774102469E-07
    1636   6.687333481E-07
    1637   6.679168239E-07
    1638   6.671017942E-07
    1639   6.662882554E-07
    1640   6.654762039E-07
    1641   6.852602263E-07
    1642   6.844260690E-07
    1643   6.835934339E-07
    1644   6.827623172E-07
    1645   6.819327154E-07
    1646   6.874290495E-07
    1647   6.865947909E-07
    1648   6.857620501E-07
    1649   6.849308234E-07
    1650   6.841011071E-07
    1651   7.048006087E-07
    1652   7.039478553E-07
    1653   7.030966488E-07
    1654   7.022469851E-07
    1655   7.013988607E-07
    1656   7.040808253E-07
    1657   7.032315118E-07
    1658   7.023837342E-07
    1659   7.015374888E-07
    1660   7.006927718E-07
    1661   7.050272568E-07
    1662   7.041793587E-07
    1663   7.033329893E-07
    1664   7.024881449E-07
    1665   7.016448218E-07
    1666   7.288561479E-07
    1667   7.279822196E-07
    1668   7.271098623E-07
    1669   7.262390720E-07
    1670   7.253698451E-07
    1671   7.430561356E-07
    1672   7.421678437E-07
    1673   7.412811438E-07
    1674   7.403960320E-07
    1675   7.395125045E-07
    1676   7.678685988E-07
    1677   7.669533799E-07
    1678   7.660397964E-07
    1679   7.651278443E-07
    1680   7.642175196E-07
    1681   7.836030429E-07
    1682   7.826718450E-07
    1683   7.817423060E-07
    1684   7.808144220E-07
    1685   7.798881890E-07
    1686   7.944872497E-07
    1687   7.935459141E-07
    1688   7.926062505E-07
    1689   7.916682549E-07
    1690   7.907319234E-07
    1691   8.284009755E-07
    1692   8.274223565E-07
    1693   8.264454706E-07
    1694   8.254703137E-07
    1695   8.244968817E-07
    1696   8.371328421E-07
    1697   8.361468199E-07
    1698   8.351625388E-07
    1699   8.341799946E-07
    1700   8.331991833E-07
    1701   8.789690700E-07
    1702   8.779368104E-07
    1703   8.769063681E-07
    1704   8.758777390E-07
    1705   8.748509186E-07
    1706   8.894095078E-07
    1707   8.883680447E-07
    1708   8.873284097E-07
    1709   8.862905987E-07
    1710   8.852546074E-07
    1711   9.194154645E-07
    1712   9.183420080E-07
    1713   9.172704304E-07
    1714   9.162007273E-07
    1715   9.151328943E-07
    1716   9.821119122E-07
    1717   9.809685921E-07
    1718   9.798272674E-07
    1719   9.786879334E-07
    1720   9.775505854E-07
    1721   9.998874012E-07
    1722   9.987267658E-07
    1723   9.975681501E-07
    1724   9.964115493E-07
    1725   9.952569589E-07
    1726   1.082288479E-06
    1727   1.081035830E-06
    1728   1.079785355E-06
    1729   1.078537048E-06
    1730   1.077290905E-06
    1731   1.100200872E-06
    1732   1.098931166E-06
    1733   1.097663656E-06
    1734   1.096398337E-06
    1735   1.095135206E-06
    1736   1.159224907E-06
    1737   1.157890932E-06
    1738   1.156559257E-06
    1739   1.155229879E-06
    1740   1.153902791E-06
    1741   1.212238332E-06
    1742   1.210847352E-06
    1743   1.209458766E-06
    1744   1.208072567E-06
    1745   1.206688750E-06
    1746   1.228849519E-06
    1747   1.227443512E-06
    1748   1.226039918E-06
    1749   1.224638729E-06
    1750   1.223239941E-06
    1751   1.311172796E-06
    1752   1.309676877E-06
    1753   1.308183517E-06
    1754   1.306692709E-06
    1755   1.305204449E-06
    1756   1.342857506E-06
    1757   1.341329796E-06
    1758   1.339804691E-06
    1759   1.338282186E-06
    1760   1.336762274E-06
    1761   1.441160585E-06
    1762   1.439525689E-06
    1763   1.437893574E-06
    1764   1.436264232E-06
    1765   1.434637659E-06
    1766   1.461823467E-06
    1767   1.460169821E-06
    1768   1.458518979E-06
    1769   1.456870934E-06
    1770   1.455225682E-06
    1771   1.547604411E-06
    1772   1.545858664E-06
    1773   1.544115870E-06
    1774   1.542376021E-06
    1775   1.540639111E-06
    1776   1.655879494E-06
    1777   1.654016862E-06
    1778   1.652157372E-06
    1779   1.650301015E-06
    1780   1.648447786E-06
    1781   1.714798427E-06
    1782   1.712874929E-06
    1783   1.710954665E-06
    1784   1.709037629E-06
    1785   1.707123813E-06
    1786   1.799645014E-06
    1787   1.797631989E-06
    1788   1.795622338E-06
    1789   1.793616057E-06
    1790   1.791613135E-06
    1791   1.833241138E-06
    1792   1.831196252E-06
    1793   1.829154784E-06
    1794   1.827116729E-06
    1795   1.825082078E-06
    1796   1.908759446E-06
    1797   1.906636243E-06
    1798   1.904516580E-06
    1799   1.902400451E-06
    1800   1.900287846E-06
    1801   1.954546146E-06
    1802   1.952378042E-06
    1803   1.950213543E-06
    1804   1.948052642E-06
    1805   1.945895330E-06
    1806   1.976086642E-06
    1807   1.973900706E-06
    1808   1.971718394E-06
    1809   1.969539700E-06
    1810   1.967364614E-06
    1811   2.062431099E-06
    1812   2.060155940E-06
    1813   2.057884544E-06
    1814   2.055616903E-06
    1815   2.053353008E-06
    1816   2.101057437E-06
    1817   2.098746043E-06
    1818   2.096438460E-06
    1819   2.094134682E-06
    1820   2.091834699E-06
    1821   2.245642029E-06
    1822   2.243178351E-06
    1823   2.240718726E-06
    1824   2.238263144E-06
    1825   2.235811596E-06
    1826   2.290415594E-06
    1827   2.287909669E-06
    1828   2.285407854E-06
    1829   2.282910141E-06
    1830   2.280416520E-06
    1831   2.375820687E-06
    1832   2.373228411E-06
    1833   2.370640376E-06
    1834   2.368056572E-06
    1835   2.365476989E-06
    1836   2.514235316E-06
    1837   2.511499478E-06
    1838   2.508768103E-06
    1839   2.506041181E-06
    1840   2.503318703E-06
    1841   2.625334790E-06
    1842   2.622485811E-06
    1843   2.619641466E-06
    1844   2.616801746E-06
    1845   2.613966642E-06
    1846   2.723768542E-06
    1847   2.720820740E-06
    1848   2.717877722E-06
    1849   2.714939475E-06
    1850   2.712005991E-06
    1851   2.761501885E-06
    1852   2.758521311E-06
    1853   2.755545560E-06
    1854   2.752574621E-06
    1855   2.749608485E-06
    1856   2.838558259E-06
    1857   2.835502760E-06
    1858   2.832452192E-06
    1859   2.829406545E-06
    1860   2.826365807E-06
    1861   2.983362849E-06
    1862   2.980160097E-06
    1863   2.976962501E-06
    1864   2.973770048E-06
    1865   2.970582727E-06
    1866   3.106168818E-06
    1867   3.102843155E-06
    1868   3.099522831E-06
    1869   3.096207833E-06
    1870   3.092898151E-06
    1871   3.303084394E-06
    1872   3.299557341E-06
    1873   3.296035935E-06
    1874   3.292520164E-06
    1875   3.289010014E-06
    1876   3.348262657E-06
    1877   3.344696882E-06
    1878   3.341136801E-06
    1879   3.337582400E-06
    1880   3.334033668E-06
    1881   3.558765593E-06
    1882   3.554985704E-06
    1883   3.551211833E-06
    1884   3.547443969E-06
    1885   3.543682099E-06
    1886   3.618323573E-06
    1887   3.614490603E-06
    1888   3.610663721E-06
    1889   3.606842912E-06
    1890   3.603028166E-06
    1891   3.715067429E-06
    1892   3.711142371E-06
    1893   3.707223530E-06
    1894   3.703310893E-06
    1895   3.699404447E-06
    1896   3.874832215E-06
    1897   3.870749146E-06
    1898   3.866672528E-06
    1899   3.862602346E-06
    1900   3.858538588E-06
    1901   3.787928700E-06
    1902   3.783947692E-06
    1903   3.779972957E-06
    1904   3.776004482E-06
    1905   3.772042253E-06
    1906   3.968371466E-06
    1907   3.964211747E-06
    1908   3.960058566E-06
    1909   3.955911907E-06
    1910   3.951771759E-06
    1911   4.019439237E-06
    1912   4.015237001E-06
    1913   4.011041351E-06
    1914   4.006852274E-06
    1915   4.002669755E-06
    1916   4.150440968E-06
    1917   4.146113084E-06
    1918   4.141791965E-06
    1919   4.137477599E-06
    1920   4.133169970E-06
    1921   4.271394792E-06
    1922   4.266952363E-06
    1923   4.262516862E-06
    1924   4.258088273E-06
    1925   4.253666582E-06
    1926   4.429645926E-06
    1927   4.425050858E-06
    1928   4.420462936E-06
    1929   4.415882145E-06
    1930   4.411308471E-06
    1931   4.674484694E-06
    1932   4.669648186E-06
    1933   4.664819181E-06
    1934   4.659997662E-06
    1935   4.655183615E-06
    1936   4.706232766E-06
    1937   4.701375972E-06
    1938   4.696526693E-06
    1939   4.691684913E-06
    1940   4.686850617E-06
    1941   4.800053890E-06
    1942   4.795113021E-06
    1943   4.790179777E-06
    1944   4.785254142E-06
    1945   4.780336101E-06
    1946   4.965143238E-06
    1947   4.960045555E-06
    1948   4.954955718E-06
    1949   4.949873712E-06
    1950   4.944799521E-06
    1951   4.939399406E-06
    1952   4.934341137E-06
    1953   4.929290634E-06
    1954   4.924247882E-06
    1955   4.919212863E-06
    1956   5.231268771E-06
    1957   5.225925289E-06
    1958   5.220589990E-06
    1959   5.215262858E-06
    1960   5.209943875E-06
    1961   5.146164944E-06
    1962   5.140921780E-06
    1963   5.135686626E-06
    1964   5.130459464E-06
    1965   5.125240278E-06
    1966   5.430376501E-06
    1967   5.424857826E-06
    1968   5.419347559E-06
    1969   5.413845683E-06
    1970   5.408352181E-06
    1971   5.663334730E-06
    1972   5.657593894E-06
    1973   5.651861783E-06
    1974   5.646138378E-06
    1975   5.640423663E-06
    1976   5.760771425E-06
    1977   5.754946580E-06
    1978   5.749130565E-06
    1979   5.743323363E-06
    1980   5.737524955E-06
    1981   6.020262527E-06
    1982   6.014190654E-06
    1983   6.008127961E-06
    1984   6.002074432E-06
    1985   5.996030047E-06
    1986   6.022594564E-06
    1987   6.016535616E-06
    1988   6.010485807E-06
    1989   6.004445117E-06
    1990   5.998413530E-06
    1991   6.367098782E-06
    1992   6.360709320E-06
    1993   6.354329471E-06
    1994   6.347959216E-06
    1995   6.341598535E-06
    1996   6.360275232E-06
    1997   6.353908590E-06
    1998   6.347551503E-06
    1999   6.341203952E-06
    2000   6.334865917E-06
    2001   6.294000762E-06
    2002   6.287716188E-06
    2003   6.281441022E-06
    2004   6.275175245E-06
    2005   6.268918839E-06
    2006   6.430971288E-06
    2007   6.424565938E-06
    2008   6.418170153E-06
    2009   6.411783914E-06
    2010   6.405407202E-06
    2011   6.414232715E-06
    2012   6.407859905E-06
    2013   6.401496589E-06
    2014   6.395142746E-06
    2015   6.388798358E-06
    2016   6.649058934E-06
    2017   6.642469183E-06
    2018   6.635889223E-06
    2019   6.629319036E-06
    2020   6.622758602E-06
    2021   6.708943766E-06
    2022   6.702311098E-06
    2023   6.695688261E-06
    2024   6.689075235E-06
    2025   6.682472002E-06
    2026   6.817437423E-06
    2027   6.810714112E-06
    2028   6.804000741E-06
    2029   6.797297292E-06
    2030   6.790603745E-06
    2031   7.115996309E-06
    2032   7.108995821E-06
    2033   7.102005658E-06
    2034   7.095025799E-06
    2035   7.088056226E-06
    2036   7.040995910E-06
    2037   7.034086198E-06
    2038   7.027186653E-06
    2039   7.020297254E-06
    2040   7.013417982E-06
    2041   7.347278262E-06
    2042   7.340085625E-06
    2043   7.332903545E-06
    2044   7.325732002E-06
    2045   7.318570973E-06
    2046   7.238732433E-06
    2047   7.231663359E-06
    2048   7.224604634E-06
    2049   7.217556239E-06
    2050   7.210518154E-06
    2051   7.330150679E-06
    2052   7.323009762E-06
    2053   7.315879276E-06
    2054   7.308759199E-06
    2055   7.301649511E-06
    2056   7.490899525E-06
    2057   7.483619739E-06
    2058   7.476350560E-06
    2059   7.469091967E-06
    2060   7.461843940E-06
    2061   7.609170726E-06
    2062   7.601793925E-06
    2063   7.594427846E-06
    2064   7.587072468E-06
    2065   7.579727770E-06
    2066   7.861680650E-06
    2067   7.854077478E-06
    2068   7.846485329E-06
    2069   7.838904184E-06
    2070   7.831334021E-06
    2071   7.922423788E-06
    2072   7.914780350E-06
    2073   7.907147968E-06
    2074   7.899526620E-06
    2075   7.891916286E-06
    2076   8.308171015E-06
    2077   8.300174700E-06
    2078   8.292189924E-06
    2079   8.284216664E-06
    2080   8.276254899E-06
    2081   8.459070333E-06
    2082   8.450948326E-06
    2083   8.442838011E-06
    2084   8.434739365E-06
    2085   8.426652367E-06
    2086   8.610146556E-06
    2087   8.601899289E-06
    2088   8.593663866E-06
    2089   8.585440264E-06
    2090   8.577228461E-06
    2091   8.475110459E-06
    2092   8.467011931E-06
    2093   8.458925004E-06
    2094   8.450849658E-06
    2095   8.442785870E-06
    2096   8.576866035E-06
    2097   8.568689804E-06
    2098   8.560525259E-06
    2099   8.552372378E-06
    2100   8.544231138E-06
    2101   8.604141350E-06
    2102   8.595958619E-06
    2103   8.587787556E-06
    2104   8.579628138E-06
    2105   8.571480343E-06
    2106   8.328531169E-06
    2107   8.320629337E-06
    2108   8.312738745E-06
    2109   8.304859372E-06
    2110   8.296991196E-06
    2111   8.496482604E-06
    2112   8.488440500E-06
    2113   8.480409809E-06
    2114   8.472390509E-06
    2115   8.464382578E-06
    2116   8.557922956E-06
    2117   8.549841820E-06
    2118   8.541772125E-06
    2119   8.533713849E-06
    2120   8.525666972E-06
    2121   8.731268669E-06
    2122   8.723043262E-06
    2123   8.714829474E-06
    2124   8.706627282E-06
    2125   8.698436663E-06
    2126   8.804716786E-06
    2127   8.796441676E-06
    2128   8.788178227E-06
    2129   8.779926416E-06
    2130   8.771686223E-06
    2131   9.014234101E-06
    2132   9.005781936E-06
    2133   8.997341653E-06
    2134   8.988913230E-06
    2135   8.980496645E-06
    2136   9.276598920E-06
    2137   9.267921091E-06
    2138   9.259255433E-06
    2139   9.250601923E-06
    2140   9.241960539E-06
    2141   9.266859736E-06
    2142   9.258211243E-06
    2143   9.249574852E-06
    2144   9.240950540E-06
    2145   9.232338284E-06
    2146   9.321566470E-06
    2147   9.312887171E-06
    2148   9.304219989E-06
    2149   9.295564901E-06
    2150   9.286921884E-06
    2151   9.176559686E-06
    2152   9.168035246E-06
    2153   9.159522679E-06
    2154   9.151021962E-06
    2155   9.142533073E-06
    2156   9.179894432E-06
    2157   9.171386652E-06
    2158   9.162890694E-06
    2159   9.154406536E-06
    2160   9.145934156E-06
    2161   9.605089293E-06
    2162   9.596208027E-06
    2163   9.587339073E-06
    2164   9.578482409E-06
    2165   9.569638012E-06
    2166   9.505414873E-06
    2167   9.496646040E-06
    2168   9.487889336E-06
    2169   9.479144737E-06
    2170   9.470412223E-06
    2171   9.734304972E-06
    2172   9.725345648E-06
    2173   9.716398688E-06
    2174   9.707464068E-06
    2175   9.698541767E-06
    2176   9.795932744E-06
    2177   9.786937397E-06
    2178   9.777954435E-06
    2179   9.768983834E-06
    2180   9.760025573E-06
    2181   1.012032200E-05
    2182   1.011105006E-05
    2183   1.010179086E-05
    2184   1.009254437E-05
    2185   1.008331057E-05
    2186   1.021169118E-05
    2187   1.020235691E-05
    2188   1.019303543E-05
    2189   1.018372673E-05
    2190   1.017443076E-05
    2191   1.004090549E-05
    2192   1.003174826E-05
    2193   1.002260354E-05
    2194   1.001347133E-05
    2195   1.000435160E-05
    2196   1.023744242E-05
    2197   1.022812718E-05
    2198   1.021882466E-05
    2199   1.020953482E-05
    2200   1.020025764E-05
    2201   9.907971499E-06
    2202   9.898976518E-06
    2203   9.889993780E-06
    2204   9.881023264E-06
    2205   9.872064948E-06
    2206   9.958478384E-06
    2207   9.949458023E-06
    2208   9.940449913E-06
    2209   9.931454030E-06
    2210   9.922470354E-06
    2211   9.807278764E-06
    2212   9.798415431E-06
    2213   9.789564107E-06
    2214   9.780724771E-06
    2215   9.771897402E-06
    2216   9.722873967E-06
    2217   9.714106723E-06
    2218   9.705351331E-06
    2219   9.696607772E-06
    2220   9.687876022E-06
    2221   1.011510767E-05
    2222   1.010600726E-05
    2223   1.009691912E-05
    2224   1.008784324E-05
    2225   1.007877959E-05
    2226   9.965625480E-06
    2227   9.956679676E-06
    2228   9.947745912E-06
    2229   9.938824167E-06
    2230   9.929914419E-06
    2231   1.026516487E-05
    2232   1.025597081E-05
    2233   1.024678910E-05
    2234   1.023761972E-05
    2235   1.022846263E-05
    2236   1.021212337E-05
    2237   1.020299726E-05
    2238   1.019388337E-05
    2239   1.018478169E-05
    2240   1.017569219E-05
    2241   9.960098139E-06
    2242   9.951217088E-06
    2243   9.942347911E-06
    2244   9.933490585E-06
    2245   9.924645091E-06
    2246   1.016269055E-05
    2247   1.015364901E-05
    2248   1.014461953E-05
    2249   1.013560209E-05
    2250   1.012659667E-05
    2251   9.692435155E-06
    2252   9.683831129E-06
    2253   9.675238555E-06
    2254   9.666657412E-06
    2255   9.658087680E-06
    2256   9.692821508E-06
    2257   9.684236192E-06
    2258   9.675662277E-06
    2259   9.667099744E-06
    2260   9.658548573E-06
    2261   9.526709801E-06
    2262   9.518290260E-06
    2263   9.509881877E-06
    2264   9.501484630E-06
    2265   9.493098501E-06
    2266   9.664853416E-06
    2267   9.656330617E-06
    2268   9.647819088E-06
    2269   9.639318806E-06
    2270   9.630829754E-06
    2271   9.967405836E-06
    2272   9.958635571E-06
    2273   9.949876876E-06
    2274   9.941129732E-06
    2275   9.932394117E-06
    2276   9.875098902E-06
    2277   9.866428930E-06
    2278   9.857770370E-06
    2279   9.849123203E-06
    2280   9.840487409E-06
    2281   1.025756762E-05
    2282   1.024858157E-05
    2283   1.023960733E-05
    2284   1.023064488E-05
    2285   1.022169418E-05
    2286   1.022397861E-05
    2287   1.021504157E-05
    2288   1.020611624E-05
    2289   1.019720260E-05
    2290   1.018830063E-05
    2291   1.014063156E-05
    2292   1.013178670E-05
    2293   1.012295341E-05
    2294   1.011413167E-05
    2295   1.010532145E-05
    2296   9.919036009E-06
    2297   9.910403254E-06
    2298   9.901781763E-06
    2299   9.893171518E-06
    2300   9.884572499E-06
    2301   9.530805792E-06
    2302   9.522528931E-06
    2303   9.514262847E-06
    2304   9.506007521E-06
    2305   9.497762935E-06
    2306   9.737679854E-06
    2307   9.729241656E-06
    2308   9.720814422E-06
    2309   9.712398133E-06
    2310   9.703992769E-06
    2311   9.587337625E-06
    2312   9.579047666E-06
    2313   9.570768455E-06
    2314   9.562499972E-06
    2315   9.554242200E-06
    2316   9.744594370E-06
    2317   9.736186610E-06
    2318   9.727789726E-06
    2319   9.719403701E-06
    2320   9.711028514E-06
    2321   9.767180153E-06
    2322   9.758771044E-06
    2323   9.750372790E-06
    2324   9.741985373E-06
    2325   9.733608773E-06
    2326   9.886051450E-06
    2327   9.877558278E-06
    2328   9.869076047E-06
    2329   9.860604737E-06
    2330   9.852144330E-06
    2331   1.019945395E-05
    2332   1.019071031E-05
    2333   1.018197791E-05
    2334   1.017325673E-05
    2335   1.016454675E-05
    2336   1.015432351E-05
    2337   1.014563718E-05
    2338   1.013696199E-05
    2339   1.012829792E-05
    2340   1.011964495E-05
    2341   1.032197905E-05
    2342   1.031316814E-05
    2343   1.030436851E-05
    2344   1.029558014E-05
    2345   1.028680300E-05
    2346   1.017159276E-05
    2347   1.016292871E-05
    2348   1.015427573E-05
    2349   1.014563379E-05
    2350   1.013700288E-05
    2351   1.008975492E-05
    2352   1.008117884E-05
    2353   1.007261369E-05
    2354   1.006405945E-05
    2355   1.005551611E-05
    2356   9.674285118E-06
    2357   9.666079618E-06
    2358   9.657884552E-06
    2359   9.649699904E-06
    2360   9.641525656E-06
    2361   9.503837203E-06
    2362   9.495793328E-06
    2363   9.487759662E-06
    2364   9.479736187E-06
    2365   9.471722885E-06
    2366   9.614013219E-06
    2367   9.605893276E-06
    2368   9.597783615E-06
    2369   9.589684219E-06
    2370   9.581595072E-06
    2371   9.628523012E-06
    2372   9.620407948E-06
    2373   9.612303139E-06
    2374   9.604208568E-06
    2375   9.596124218E-06
    2376   9.813031205E-06
    2377   9.804778024E-06
    2378   9.796535252E-06
    2379   9.788302869E-06
    2380   9.780080859E-06
    2381   9.999579841E-06
    2382   9.991187411E-06
    2383   9.982805543E-06
    2384   9.974434217E-06
    2385   9.966073417E-06
    2386   9.820515916E-06
    2387   9.812291028E-06
    2388   9.804076469E-06
    2389   9.795872221E-06
    2390   9.787678267E-06
    2391   9.685912145E-06
    2392   9.677816940E-06
    2393   9.669731880E-06
    2394   9.661656948E-06
    2395   9.653592125E-06
    2396   9.073925337E-06
    2397   9.066357426E-06
    2398   9.058798979E-06
    2399   9.051249980E-06
    2400   9.043710413E-06
    2401   9.004308935E-06
    2402   8.996814712E-06
    2403   8.989329841E-06
    2404   8.981854307E-06
    2405   8.974388094E-06
    2406   9.094465196E-06
    2407   9.086911653E-06
    2408   9.079367518E-06
    2409   9.071832773E-06
    2410   9.064307403E-06
    2411   9.733487927E-06
    2412   9.725420386E-06
    2413   9.717362871E-06
    2414   9.709315365E-06
    2415   9.701277853E-06
    2416   1.048920087E-05
    2417   1.048052494E-05
    2418   1.047185977E-05
    2419   1.046320534E-05
    2420   1.045456163E-05
    2421   1.081020679E-05
    2422   1.080128379E-05
    2423   1.079237184E-05
    2424   1.078347092E-05
    2425   1.077458100E-05
    2426   1.128212906E-05
    2427   1.127283571E-05
    2428   1.126355383E-05
    2429   1.125428342E-05
    2430   1.124502444E-05
    2431   1.104934493E-05
    2432   1.104026204E-05
    2433   1.103119033E-05
    2434   1.102212981E-05
    2435   1.101308044E-05
    2436   1.114982628E-05
    2437   1.114067958E-05
    2438   1.113154413E-05
    2439   1.112241992E-05
    2440   1.111330691E-05
    2441   1.085329454E-05
    2442   1.084440932E-05
    2443   1.083553501E-05
    2444   1.082667159E-05
    2445   1.081781904E-05
    2446   1.030144728E-05
    2447   1.029303106E-05
    2448   1.028462516E-05
    2449   1.027622955E-05
    2450   1.026784421E-05
    2451   9.782842448E-06
    2452   9.774866221E-06
    2453   9.766899745E-06
    2454   9.758943004E-06
    2455   9.750995982E-06
    2456   8.882773668E-06
    2457   8.875546025E-06
    2458   8.868327199E-06
    2459   8.861117177E-06
    2460   8.853915944E-06
    2461   8.278980926E-06
    2462   8.272258246E-06
    2463   8.265543751E-06
    2464   8.258837427E-06
    2465   8.252139262E-06
    2466   8.173191799E-06
    2467   8.166568467E-06
    2468   8.159953182E-06
    2469   8.153345933E-06
    2470   8.146746705E-06
    2471   9.041748725E-06
    2472   9.034436352E-06
    2473   9.027132846E-06
    2474   9.019838194E-06
    2475   9.012552379E-06
    2476   1.117685544E-05
    2477   1.116783457E-05
    2478   1.115882462E-05
    2479   1.114982557E-05
    2480   1.114083740E-05
    2481   1.338593174E-05
    2482   1.337514968E-05
    2483   1.336438064E-05
    2484   1.335362460E-05
    2485   1.334288154E-05
    2486   1.559174684E-05
    2487   1.557921328E-05
    2488   1.556669483E-05
    2489   1.555419146E-05
    2490   1.554170315E-05
    2491   1.630686145E-05
    2492   1.629377933E-05
    2493   1.628071295E-05
    2494   1.626766228E-05
    2495   1.625462729E-05
    2496   1.614329869E-05
    2497   1.613037371E-05
    2498   1.611746425E-05
    2499   1.610457028E-05
    2500   1.609169177E-05
    2501   1.573614629E-05
    2502   1.572357246E-05
    2503   1.571101370E-05
    2504   1.569846998E-05
    2505   1.568594127E-05
    2506   1.599867819E-05
    2507   1.598592007E-05
    2508   1.597317721E-05
    2509   1.596044958E-05
    2510   1.594773715E-05
    2511   1.841228701E-05
    2512   1.839763338E-05
    2513   1.838299724E-05
    2514   1.836837855E-05
    2515   1.835377730E-05
    2516   2.062404426E-05
    2517   2.060766296E-05
    2518   2.059130118E-05
    2519   2.057495888E-05
    2520   2.055863603E-05
    2521   2.240476550E-05
    2522   2.238700508E-05
    2523   2.236926577E-05
    2524   2.235154754E-05
    2525   2.233385036E-05
    2526   2.110224407E-05
    2527   2.108554926E-05
    2528   2.106887425E-05
    2529   2.105221902E-05
    2530   2.103558352E-05
    2531   1.751369162E-05
    2532   1.749986320E-05
    2533   1.748605115E-05
    2534   1.747225545E-05
    2535   1.745847607E-05
    2536   1.180698438E-05
    2537   1.179768022E-05
    2538   1.178838705E-05
    2539   1.177910485E-05
    2540   1.176983362E-05
    2541   3.970880718E-06
    2542   3.967757728E-06
    2543   3.964638422E-06
    2544   3.961522793E-06
    2545   3.958410834E-06
    2546  -5.550609444E-06
    2547  -5.546252608E-06
    2548  -5.541900900E-06
    2549  -5.537554311E-06
    2550  -5.533212833E-06
    2551  -1.577474625E-05
    2552  -1.576238843E-05
    2553  -1.575004514E-05
    2554  -1.573771634E-05
    2555  -1.572540200E-05
    2556  -2.530844108E-05
    2557  -2.528865340E-05
    2558  -2.526888892E-05
    2559  -2.524914760E-05
    2560  -2.522942940E-05
    2561  -3.226887439E-05
    2562  -3.224369384E-05
    2563  -3.221854275E-05
    2564  -3.219342108E-05
    2565  -3.216832878E-05
    2566  -3.601201065E-05
    2567  -3.598396391E-05
    2568  -3.595594993E-05
    2569  -3.592796864E-05
    2570  -3.590002001E-05
    2571  -3.359591163E-05
    2572  -3.356979743E-05
    2573  -3.354371367E-05
    2574  -3.351766031E-05
    2575  -3.349163728E-05
    2576  -1.869768962E-05
    2577  -1.868318404E-05
    2578  -1.866869534E-05
    2579  -1.865422348E-05
    2580  -1.863976845E-05
    2581   1.077195596E-05
    2582   1.076361530E-05
    2583   1.075528433E-05
    2584   1.074696303E-05
    2585   1.073865138E-05
    2586   5.627512339E-05
    2587   5.623163411E-05
    2588   5.618819523E-05
    2589   5.614480666E-05
    2590   5.610146833E-05
    2591   1.157651304E-04
    2592   1.156758399E-04
    2593   1.155866527E-04
    2594   1.154975685E-04
    2595   1.154085874E-04
    2596   1.895895902E-04
    2597   1.894436398E-04
    2598   1.892978579E-04
    2599   1.891522441E-04
    2600   1.890067984E-04
    2601   2.599847016E-04
    2602   2.597849438E-04
    2603   2.595854162E-04
    2604   2.593861184E-04
    2605   2.591870500E-04
    2606   3.318875953E-04
    2607   3.316330802E-04
    2608   3.313788579E-04
    2609   3.311249277E-04
    2610   3.308712893E-04
    2611   3.740232610E-04
    2612   3.737369822E-04
    2613   3.734510319E-04
    2614   3.731654097E-04
    2615   3.728801151E-04
    2616   4.089145789E-04
    2617   4.086021919E-04
    2618   4.082901627E-04
    2619   4.079784908E-04
    2620   4.076671757E-04
    2621   3.983391635E-04
    2622   3.980354356E-04
    2623   3.977320549E-04
    2624   3.974290210E-04
    2625   3.971263332E-04
    2626   3.358193126E-04
    2627   3.355637424E-04
    2628   3.353084638E-04
    2629   3.350534763E-04
    2630   3.347987797E-04
    2631   1.681868300E-04
    2632   1.680590770E-04
    2633   1.679314695E-04
    2634   1.678040073E-04
    2635   1.676766902E-04
    2636  -1.419212556E-04
    2637  -1.418136580E-04
    2638  -1.417061827E-04
    2639  -1.415988295E-04
    2640  -1.414915983E-04
    2641  -6.263274312E-04
    2642  -6.258534793E-04
    2643  -6.253800651E-04
    2644  -6.249071879E-04
    2645  -6.244348469E-04
    2646  -1.252681368E-03
    2647  -1.251735234E-03
    2648  -1.250790172E-03
    2649  -1.249846179E-03
    2650  -1.248903255E-03
    2651  -1.904181355E-03
    2652  -1.902745863E-03
    2653  -1.901311992E-03
    2654  -1.899879742E-03
    2655  -1.898449110E-03
    2656  -2.455521240E-03
    2657  -2.453673594E-03
    2658  -2.451828033E-03
    2659  -2.449984553E-03
    2660  -2.448143152E-03
    2661  -2.673233492E-03
    2662  -2.671225806E-03
    2663  -2.669220382E-03
    2664  -2.667217214E-03
    2665  -2.665216301E-03
    2666  -2.793980711E-03
    2667  -2.791886273E-03
    2668  -2.789794189E-03
    2669  -2.787704455E-03
    2670  -2.785617069E-03
    2671  -2.531656180E-03
    2672  -2.529761937E-03
    2673  -2.527869819E-03
    2674  -2.525979822E-03
    2675  -2.524091945E-03
    2676  -1.885363428E-03
    2677  -1.883955390E-03
    2678  -1.882548928E-03
    2679  -1.881144041E-03
    2680  -1.879740726E-03
    2681  -6.867494854E-04
    2682  -6.862375588E-04
    2683  -6.857262045E-04
    2684  -6.852154215E-04
    2685  -6.847052089E-04
    2686   1.463140681E-03
    2687   1.462052035E-03
    2688   1.460964603E-03
    2689   1.459878384E-03
    2690   1.458793376E-03
    2691   4.993080556E-03
    2692   4.989372364E-03
    2693   4.985668301E-03
    2694   4.981968362E-03
    2695   4.978272539E-03
    2696   9.526315190E-03
    2697   9.519253430E-03
    2698   9.512199518E-03
    2699   9.505153444E-03
    2700   9.498115197E-03
