      50   0.000000000E+00
      51   0.000000000E+00
      52   0.000000000E+00
      53   0.000000000E+00
      54   0.000000000E+00
      55   0.000000000E+00
      56   0.000000000E+00
      57   0.000000000E+00
      58   0.000000000E+00
      59   0.000000000E+00
      60   0.000000000E+00
      61   0.000000000E+00
      62   0.000000000E+00
      63   0.000000000E+00
      64   0.000000000E+00
      65   0.000000000E+00
      66   0.000000000E+00
      67   0.000000000E+00
      68   0.000000000E+00
      69   0.000000000E+00
      70   0.000000000E+00
      71   3.786438645E-12
      72   3.682700600E-12
      73   3.583168152E-12
      74   3.487617001E-12
      75   3.395837606E-12
      76   6.328028357E-12
      77   6.165771219E-12
      78   6.009675745E-12
      79   5.859433852E-12
      80   5.714756473E-12
      81   1.918665289E-11
      82   1.872432390E-11
      83   1.827850667E-11
      84   1.784842416E-11
      85   1.743334452E-11
      86   0.000000000E+00
      87   0.000000000E+00
      88   0.000000000E+00
      89   0.000000000E+00
      90   0.000000000E+00
      91   0.000000000E+00
      92   0.000000000E+00
      93   0.000000000E+00
      94   0.000000000E+00
      95   0.000000000E+00
      96   0.000000000E+00
      97   0.000000000E+00
      98   0.000000000E+00
      99   0.000000000E+00
     100   0.000000000E+00
     101   0.000000000E+00
     102   0.000000000E+00
     103   0.000000000E+00
     104   0.000000000E+00
     105   0.000000000E+00
     106   0.000000000E+00
     107   0.000000000E+00
     108   0.000000000E+00
     109   0.000000000E+00
     110   0.000000000E+00
     111   1.251912498E-11
     112   1.229754755E-11
     113   1.208180110E-11
     114   1.187168282E-11
     115   1.166699864E-11
     116   1.243191566E-11
     117   1.222120523E-11
     118   1.201580682E-11
     119   1.181554337E-11
     120   1.162024513E-11
     121   0.000000000E+00
     122   0.000000000E+00
     123   0.000000000E+00
     124   0.000000000E+00
     125   0.000000000E+00
     126   0.000000000E+00
     127   0.000000000E+00
     128   0.000000000E+00
     129   0.000000000E+00
     130   0.000000000E+00
     131   0.000000000E+00
     132   0.000000000E+00
     133   0.000000000E+00
     134   0.000000000E+00
     135   0.000000000E+00
     136   0.000000000E+00
     137   0.000000000E+00
     138   0.000000000E+00
     139   0.000000000E+00
     140   0.000000000E+00
     141   0.000000000E+00
     142   0.000000000E+00
     143   0.000000000E+00
     144   0.000000000E+00
     145   0.000000000E+00
     146   0.000000000E+00
     147   0.000000000E+00
     148   0.000000000E+00
     149   0.000000000E+00
     150   0.000000000E+00
     151   0.000000000E+00
     152   0.000000000E+00
     153   0.000000000E+00
     154   0.000000000E+00
     155   0.000000000E+00
     156   0.000000000E+00
     157   0.000000000E+00
     158   0.000000000E+00
     159   0.000000000E+00
     160   0.000000000E+00
     161   2.837887321E-11
     162   2.803066617E-11
     163   2.768882878E-11
     164   2.735320661E-11
     165   2.702364991E-11
     166   0.000000000E+00
     167   0.000000000E+00
     168   0.000000000E+00
     169   0.000000000E+00
     170   0.000000000E+00
     171   1.658793033E-12
     172   1.639616235E-12
     173   1.620770071E-12
     174   1.602246984E-12
     175   1.584039632E-12
     176   9.870037998E-11
     177   9.759138694E-11
     178   9.650098038E-11
     179   9.542874727E-11
     180   9.437428597E-11
     181   7.096195458E-11
     182   7.018641409E-11
     183   6.942351829E-11
     184   6.867299377E-11
     185   6.793457448E-11
     186   1.777902121E-10
     187   1.758988269E-10
     188   1.740374637E-10
     189   1.722054904E-10
     190   1.704022915E-10
     191   1.343851935E-10
     192   1.329926008E-10
     193   1.316215431E-10
     194   1.302715785E-10
     195   1.289422767E-10
     196   2.195962306E-10
     197   2.173780868E-10
     198   2.151933824E-10
     199   2.130414486E-10
     200   2.109216332E-10
     201   2.244879134E-10
     202   2.222762098E-10
     203   2.200970313E-10
     204   2.179497432E-10
     205   2.158337263E-10
     206   0.000000000E+00
     207   0.000000000E+00
     208   0.000000000E+00
     209   0.000000000E+00
     210   0.000000000E+00
     211   0.000000000E+00
     212   0.000000000E+00
     213   0.000000000E+00
     214   0.000000000E+00
     215   0.000000000E+00
     216   0.000000000E+00
     217   0.000000000E+00
     218   0.000000000E+00
     219   0.000000000E+00
     220   0.000000000E+00
     221   0.000000000E+00
     222   0.000000000E+00
     223   0.000000000E+00
     224   0.000000000E+00
     225   0.000000000E+00
     226   0.000000000E+00
     227   0.000000000E+00
     228   0.000000000E+00
     229   0.000000000E+00
     230   0.000000000E+00
     231   0.000000000E+00
     232   0.000000000E+00
     233   0.000000000E+00
     234   0.000000000E+00
     235   0.000000000E+00
     236   0.000000000E+00
     237   0.000000000E+00
     238   0.000000000E+00
     239   0.000000000E+00
     240   0.000000000E+00
     241   0.000000000E+00
     242   0.000000000E+00
     243   0.000000000E+00
     244   0.000000000E+00
     245   0.000000000E+00
     246   0.000000000E+00
     247   0.000000000E+00
     248   0.000000000E+00
     249   0.000000000E+00
     250   0.000000000E+00
     251   6.220902552E-10
     252   6.171725456E-10
     253   6.123129193E-10
     254   6.075104650E-10
     255   6.027642895E-10
     256   6.907609760E-10
     257   6.854062397E-10
     258   6.801135274E-10
     259   6.748818849E-10
     260   6.697103762E-10
     261   1.485495399E-09
     262   1.474198856E-09
     263   1.463030683E-09
     264   1.451988942E-09
     265   1.441071732E-09
     266   1.542935627E-09
     267   1.531421182E-09
     268   1.520035151E-09
     269   1.508775631E-09
     270   1.497640755E-09
     271   2.808612956E-09
     272   2.788037037E-09
     273   2.767686402E-09
     274   2.747557774E-09
     275   2.727647935E-09
     276   2.953227911E-09
     277   2.931981667E-09
     278   2.910963877E-09
     279   2.890171278E-09
     280   2.869600664E-09
     281   1.706203219E-08
     282   1.694145246E-08
     283   1.682214646E-08
     284   1.670409631E-08
     285   1.658728444E-08
     286   2.749022085E-08
     287   2.729931654E-08
     288   2.711039393E-08
     289   2.692342570E-08
     290   2.673838497E-08
     291   3.965782940E-08
     292   3.938712750E-08
     293   3.911918785E-08
     294   3.885397302E-08
     295   3.859144617E-08
     296   4.914047143E-08
     297   4.881066961E-08
     298   4.848417684E-08
     299   4.816094899E-08
     300   4.784094269E-08
     301   6.076596311E-08
     302   6.036486764E-08
     303   5.996773035E-08
     304   5.957449934E-08
     305   5.918512352E-08
     306   9.556734180E-08
     307   9.494677464E-08
     308   9.433223241E-08
     309   9.372363736E-08
     310   9.312091301E-08
     311   9.031136007E-08
     312   8.973429068E-08
     313   8.916273469E-08
     314   8.859662208E-08
     315   8.803588397E-08
     316   1.020202160E-07
     317   1.013785794E-07
     318   1.007429770E-07
     319   1.001133334E-07
     320   9.948957431E-08
     321   1.236698469E-07
     322   1.229040894E-07
     323   1.221454222E-07
     324   1.213937580E-07
     325   1.206490110E-07
     326   1.269641475E-07
     327   1.261899759E-07
     328   1.254228636E-07
     329   1.246627250E-07
     330   1.239094759E-07
     331   1.532799199E-07
     332   1.523593198E-07
     333   1.514469885E-07
     334   1.505428274E-07
     335   1.496467391E-07
     336   1.492838594E-07
     337   1.484005229E-07
     338   1.475250036E-07
     339   1.466572095E-07
     340   1.457970499E-07
     341   1.824470749E-07
     342   1.813832435E-07
     343   1.803286898E-07
     344   1.792833061E-07
     345   1.782469864E-07
     346   2.016465056E-07
     347   2.004876176E-07
     348   1.993386914E-07
     349   1.981996132E-07
     350   1.970702707E-07
     351   1.833376209E-07
     352   1.822988808E-07
     353   1.812689436E-07
     354   1.802477101E-07
     355   1.792350826E-07
     356   2.277758072E-07
     357   2.265033166E-07
     358   2.252414597E-07
     359   2.239901183E-07
     360   2.227491758E-07
     361   2.027372564E-07
     362   2.016202467E-07
     363   2.005124432E-07
     364   1.994137449E-07
     365   1.983240523E-07
     366   2.653743346E-07
     367   2.639320828E-07
     368   2.625015566E-07
     369   2.610826293E-07
     370   2.596751758E-07
     371   2.429353313E-07
     372   2.416327290E-07
     373   2.403405753E-07
     374   2.390587589E-07
     375   2.377871698E-07
     376   2.588880293E-07
     377   2.575182514E-07
     378   2.561593160E-07
     379   2.548111091E-07
     380   2.534735179E-07
     381   2.886910837E-07
     382   2.871835585E-07
     383   2.856878108E-07
     384   2.842037182E-07
     385   2.827311601E-07
     386   2.645455197E-07
     387   2.631818830E-07
     388   2.618287628E-07
     389   2.604860512E-07
     390   2.591536417E-07
     391   3.098958191E-07
     392   3.083187411E-07
     393   3.067536714E-07
     394   3.052004882E-07
     395   3.036590716E-07
     396   2.981845138E-07
     397   2.966860992E-07
     398   2.951989508E-07
     399   2.937229561E-07
     400   2.922580037E-07
     401   3.268191050E-07
     402   3.251971739E-07
     403   3.235872869E-07
     404   3.219893250E-07
     405   3.204031707E-07
     406   3.425570170E-07
     407   3.408778160E-07
     408   3.392109318E-07
     409   3.375562443E-07
     410   3.359136349E-07
     411   3.406976653E-07
     412   3.390477977E-07
     413   3.374098856E-07
     414   3.357838139E-07
     415   3.341694686E-07
     416   3.579242357E-07
     417   3.562116795E-07
     418   3.545113851E-07
     419   3.528232357E-07
     420   3.511471158E-07
     421   3.681198983E-07
     422   3.663793787E-07
     423   3.646511741E-07
     424   3.629351685E-07
     425   3.612312476E-07
     426   3.744407991E-07
     427   3.726910758E-07
     428   3.709535882E-07
     429   3.692282227E-07
     430   3.675148667E-07
     431   3.822311844E-07
     432   3.804656824E-07
     433   3.787123843E-07
     434   3.769711780E-07
     435   3.752419524E-07
     436   4.140373953E-07
     437   4.121468136E-07
     438   4.102691516E-07
     439   4.084042918E-07
     440   4.065521181E-07
     441   3.982295558E-07
     442   3.964316797E-07
     443   3.946459514E-07
     444   3.928722617E-07
     445   3.911105027E-07
     446   4.327834034E-07
     447   4.308513346E-07
     448   4.289321750E-07
     449   4.270258098E-07
     450   4.251321255E-07
     451   4.240390283E-07
     452   4.221668913E-07
     453   4.203071253E-07
     454   4.184596214E-07
     455   4.166242722E-07
     456   4.428057301E-07
     457   4.408720807E-07
     458   4.389510694E-07
     459   4.370425865E-07
     460   4.351465232E-07
     461   4.620014610E-07
     462   4.600057744E-07
     463   4.580229908E-07
     464   4.560529995E-07
     465   4.540956905E-07
     466   4.319976313E-07
     467   4.301514876E-07
     468   4.283171529E-07
     469   4.264945267E-07
     470   4.246835096E-07
     471   5.174618611E-07
     472   5.152738617E-07
     473   5.130997104E-07
     474   5.109392905E-07
     475   5.087924868E-07
     476   4.745638449E-07
     477   4.725782221E-07
     478   4.706050354E-07
     479   4.686441811E-07
     480   4.666955567E-07
     481   5.238256462E-07
     482   5.216565959E-07
     483   5.195009901E-07
     484   5.173587180E-07
     485   5.152296698E-07
     486   4.968435951E-07
     487   4.948073508E-07
     488   4.927835989E-07
     489   4.907722373E-07
     490   4.887731650E-07
     491   4.902596039E-07
     492   4.882707211E-07
     493   4.862939166E-07
     494   4.843290927E-07
     495   4.823761528E-07
     496   5.744651799E-07
     497   5.721580908E-07
     498   5.698648720E-07
     499   5.675854125E-07
     500   5.653196025E-07
     501   5.094659687E-07
     502   5.074402591E-07
     503   5.054266073E-07
     504   5.034249177E-07
     505   5.014350959E-07
     506   5.753124985E-07
     507   5.730474887E-07
     508   5.707958286E-07
     509   5.685574136E-07
     510   5.663321400E-07
     511   5.527953432E-07
     512   5.506401956E-07
     513   5.484976268E-07
     514   5.463675389E-07
     515   5.442498353E-07
     516   5.626108516E-07
     517   5.604386089E-07
     518   5.582789226E-07
     519   5.561316959E-07
     520   5.539968334E-07
     521   6.195168116E-07
     522   6.171477224E-07
     523   6.147921968E-07
     524   6.124501313E-07
     525   6.101214236E-07
     526   5.283778851E-07
     527   5.263764537E-07
     528   5.243863726E-07
     529   5.224075561E-07
     530   5.204399193E-07
     531   6.292594506E-07
     532   6.268982519E-07
     533   6.245503184E-07
     534   6.222155509E-07
     535   6.198938511E-07
     536   5.926151558E-07
     537   5.904121255E-07
     538   5.882213570E-07
     539   5.860427593E-07
     540   5.838762427E-07
     541   6.530739079E-07
     542   6.506684791E-07
     543   6.482763156E-07
     544   6.458973199E-07
     545   6.435313957E-07
     546   6.519102821E-07
     547   6.495310475E-07
     548   6.471648142E-07
     549   6.448114876E-07
     550   6.424709740E-07
     551   5.704123396E-07
     552   5.683493655E-07
     553   5.662975627E-07
     554   5.642568508E-07
     555   5.622271499E-07
     556   6.740755878E-07
     557   6.716595463E-07
     558   6.692564710E-07
     559   6.668662693E-07
     560   6.644888494E-07
     561   6.211174049E-07
     562   6.189109487E-07
     563   6.167162291E-07
     564   6.145331628E-07
     565   6.123616675E-07
     566   6.769665484E-07
     567   6.745828634E-07
     568   6.722117461E-07
     569   6.698531084E-07
     570   6.675068629E-07
     571   6.488530954E-07
     572   6.465883377E-07
     573   6.443354166E-07
     574   6.420942500E-07
     575   6.398647560E-07
     576   6.466831419E-07
     577   6.444454840E-07
     578   6.422194202E-07
     579   6.400048704E-07
     580   6.378017556E-07
     581   6.859436009E-07
     582   6.835904496E-07
     583   6.812493864E-07
     584   6.789203287E-07
     585   6.766031945E-07
     586   6.380817014E-07
     587   6.359113555E-07
     588   6.337520640E-07
     589   6.316037519E-07
     590   6.294663449E-07
     591   6.965722002E-07
     592   6.942228842E-07
     593   6.918854334E-07
     594   6.895597681E-07
     595   6.872458091E-07
     596   6.921812658E-07
     597   6.898662783E-07
     598   6.875628850E-07
     599   6.852710087E-07
     600   6.829905728E-07
     601   6.983252918E-07
     602   6.960091217E-07
     603   6.937044557E-07
     604   6.914112179E-07
     605   6.891293326E-07
     606   6.923934792E-07
     607   6.901158691E-07
     608   6.878494787E-07
     609   6.855942345E-07
     610   6.833500635E-07
     611   6.453516948E-07
     612   6.432461428E-07
     613   6.411508785E-07
     614   6.390658350E-07
     615   6.369909459E-07
     616   7.340237090E-07
     617   7.316482278E-07
     618   7.292842593E-07
     619   7.269317295E-07
     620   7.245905645E-07
     621   6.923625770E-07
     622   6.901399042E-07
     623   6.879279173E-07
     624   6.857265479E-07
     625   6.835357283E-07
     626   7.163314130E-07
     627   7.140501028E-07
     628   7.117796732E-07
     629   7.095200552E-07
     630   7.072711802E-07
     631   6.812557032E-07
     632   6.791032366E-07
     633   6.769609551E-07
     634   6.748287946E-07
     635   6.727066914E-07
     636   7.067550361E-07
     637   7.045395031E-07
     638   7.023343716E-07
     639   7.001395767E-07
     640   6.979550538E-07
     641   7.280956302E-07
     642   7.258309471E-07
     643   7.235768137E-07
     644   7.213331647E-07
     645   7.190999351E-07
     646   6.690183805E-07
     647   6.669535090E-07
     648   6.648981823E-07
     649   6.628523417E-07
     650   6.608159290E-07
     651   7.213936844E-07
     652   7.191842091E-07
     653   7.169848690E-07
     654   7.147956022E-07
     655   7.126163474E-07
     656   6.839829323E-07
     657   6.819039568E-07
     658   6.798344455E-07
     659   6.777743411E-07
     660   6.757235867E-07
     661   6.997097763E-07
     662   6.975990379E-07
     663   6.954978360E-07
     664   6.934061132E-07
     665   6.913238126E-07
     666   7.131952279E-07
     667   7.110599129E-07
     668   7.089341732E-07
     669   7.068179518E-07
     670   7.047111919E-07
     671   6.714734245E-07
     672   6.694779611E-07
     673   6.674913796E-07
     674   6.655136274E-07
     675   6.635446522E-07
     676   7.233843262E-07
     677   7.212504491E-07
     678   7.191260001E-07
     679   7.170109236E-07
     680   7.149051646E-07
     681   6.770639575E-07
     682   6.750813397E-07
     683   6.731074177E-07
     684   6.711421405E-07
     685   6.691854579E-07
     686   7.275311303E-07
     687   7.254162142E-07
     688   7.233105067E-07
     689   7.212139545E-07
     690   7.191265046E-07
     691   6.866260106E-07
     692   6.846444059E-07
     693   6.826713673E-07
     694   6.807068454E-07
     695   6.787507912E-07
     696   6.665201982E-07
     697   6.646103982E-07
     698   6.627087948E-07
     699   6.608153411E-07
     700   6.589299906E-07
     701   7.304686388E-07
     702   7.283904919E-07
     703   7.263212007E-07
     704   7.242607150E-07
     705   7.222089850E-07
     706   6.411113007E-07
     707   6.393002518E-07
     708   6.374968660E-07
     709   6.357011002E-07
     710   6.339129115E-07
     711   7.011183820E-07
     712   6.991517105E-07
     713   6.971933024E-07
     714   6.952431113E-07
     715   6.933010915E-07
     716   6.521687038E-07
     717   6.503520778E-07
     718   6.485430317E-07
     719   6.467415233E-07
     720   6.449475108E-07
     721   6.733221232E-07
     722   6.714595447E-07
     723   6.696046841E-07
     724   6.677574988E-07
     725   6.659179464E-07
     726   6.769971601E-07
     727   6.751372778E-07
     728   6.732850493E-07
     729   6.714404328E-07
     730   6.696033864E-07
     731   6.194937404E-07
     732   6.178034437E-07
     733   6.161200556E-07
     734   6.144435384E-07
     735   6.127738549E-07
     736   6.675629681E-07
     737   6.657538543E-07
     738   6.639520848E-07
     739   6.621576197E-07
     740   6.603704196E-07
     741   6.332470829E-07
     742   6.315425147E-07
     743   6.298448198E-07
     744   6.281539612E-07
     745   6.264699023E-07
     746   6.518892130E-07
     747   6.501461937E-07
     748   6.484101558E-07
     749   6.466810621E-07
     750   6.449588755E-07
     751   6.296588876E-07
     752   6.279864869E-07
     753   6.263207402E-07
     754   6.246616124E-07
     755   6.230090685E-07
     756   5.772822394E-07
     757   5.757590673E-07
     758   5.742419156E-07
     759   5.727307527E-07
     760   5.712255470E-07
     761   6.508656981E-07
     762   6.491596281E-07
     763   6.474602573E-07
     764   6.457675508E-07
     765   6.440814736E-07
     766   5.880946956E-07
     767   5.865631990E-07
     768   5.850376770E-07
     769   5.835180987E-07
     770   5.820044330E-07
     771   6.006180700E-07
     772   5.990640776E-07
     773   5.975161084E-07
     774   5.959741314E-07
     775   5.944381156E-07
     776   5.715640403E-07
     777   5.700947240E-07
     778   5.686310662E-07
     779   5.671730378E-07
     780   5.657206100E-07
     781   5.816644742E-07
     782   5.801787412E-07
     783   5.786986934E-07
     784   5.772243018E-07
     785   5.757555377E-07
     786   5.705576869E-07
     787   5.691095709E-07
     788   5.676669611E-07
     789   5.662298296E-07
     790   5.647981486E-07
     791   5.528174446E-07
     792   5.514232013E-07
     793   5.500342260E-07
     794   5.486504921E-07
     795   5.472719733E-07
     796   5.608482239E-07
     797   5.594425893E-07
     798   5.580422323E-07
     799   5.566471268E-07
     800   5.552572463E-07
     801   5.486622177E-07
     802   5.472956867E-07
     803   5.459342546E-07
     804   5.445778962E-07
     805   5.432265863E-07
     806   5.377600320E-07
     807   5.364289428E-07
     808   5.351027896E-07
     809   5.337815482E-07
     810   5.324651942E-07
     811   5.200129299E-07
     812   5.187336853E-07
     813   5.174591553E-07
     814   5.161893169E-07
     815   5.149241470E-07
     816   5.003227503E-07
     817   4.990994672E-07
     818   4.978806651E-07
     819   4.966663220E-07
     820   4.954564163E-07
     821   5.198460366E-07
     822   5.185827413E-07
     823   5.173240453E-07
     824   5.160699264E-07
     825   5.148203624E-07
     826   4.979100228E-07
     827   4.967073416E-07
     828   4.955090127E-07
     829   4.943150151E-07
     830   4.931253279E-07
     831   5.103808041E-07
     832   5.091554000E-07
     833   5.079344039E-07
     834   5.067177945E-07
     835   5.055055510E-07
     836   4.763570420E-07
     837   4.752201517E-07
     838   4.740873265E-07
     839   4.729585472E-07
     840   4.718337944E-07
     841   4.661695781E-07
     842   4.650636004E-07
     843   4.639615540E-07
     844   4.628634201E-07
     845   4.617691804E-07
     846   4.878117698E-07
     847   4.866612703E-07
     848   4.855148362E-07
     849   4.843724484E-07
     850   4.832340877E-07
     851   4.548713504E-07
     852   4.538048291E-07
     853   4.527420543E-07
     854   4.516830085E-07
     855   4.506276744E-07
     856   4.652180664E-07
     857   4.641336420E-07
     858   4.630530049E-07
     859   4.619761374E-07
     860   4.609030221E-07
     861   4.311800493E-07
     862   4.301807908E-07
     863   4.291850019E-07
     864   4.281926666E-07
     865   4.272037690E-07
     866   4.467298462E-07
     867   4.457005148E-07
     868   4.446747368E-07
     869   4.436524960E-07
     870   4.426337762E-07
     871   4.532277587E-07
     872   4.521894363E-07
     873   4.511546778E-07
     874   4.501234671E-07
     875   4.490957880E-07
     876   4.263766373E-07
     877   4.254053921E-07
     878   4.244374618E-07
     879   4.234728312E-07
     880   4.225114854E-07
     881   4.413348170E-07
     882   4.403351912E-07
     883   4.393389577E-07
     884   4.383461013E-07
     885   4.373566067E-07
     886   4.253428779E-07
     887   4.243848985E-07
     888   4.234301518E-07
     889   4.224786234E-07
     890   4.215302987E-07
     891   4.325030993E-07
     892   4.315344473E-07
     893   4.305690459E-07
     894   4.296068804E-07
     895   4.286479365E-07
     896   4.246754240E-07
     897   4.237295990E-07
     898   4.227869303E-07
     899   4.218474038E-07
     900   4.209110055E-07
     901   4.100750867E-07
     902   4.091668362E-07
     903   4.082615998E-07
     904   4.073593643E-07
     905   4.064601162E-07
     906   4.336207487E-07
     907   4.326656369E-07
     908   4.317136773E-07
     909   4.307648561E-07
     910   4.298191593E-07
     911   4.115309180E-07
     912   4.106294264E-07
     913   4.097308937E-07
     914   4.088353071E-07
     915   4.079426535E-07
     916   4.319610155E-07
     917   4.310199240E-07
     918   4.300819046E-07
     919   4.291469439E-07
     920   4.282150287E-07
     921   4.145513546E-07
     922   4.136530852E-07
     923   4.127577322E-07
     924   4.118652830E-07
     925   4.109757252E-07
     926   4.122188499E-07
     927   4.113304472E-07
     928   4.104449134E-07
     929   4.095622362E-07
     930   4.086824032E-07
     931   4.481482136E-07
     932   4.471875529E-07
     933   4.462299779E-07
     934   4.452754752E-07
     935   4.443240319E-07
     936   4.120492536E-07
     937   4.111706838E-07
     938   4.102949209E-07
     939   4.094219530E-07
     940   4.085517682E-07
     941   4.474434721E-07
     942   4.464944933E-07
     943   4.455485304E-07
     944   4.446055706E-07
     945   4.436656011E-07
     946   4.417589608E-07
     947   4.408269798E-07
     948   4.398979451E-07
     949   4.389718442E-07
     950   4.380486647E-07
     951   4.590783881E-07
     952   4.581149497E-07
     953   4.571545410E-07
     954   4.561971493E-07
     955   4.552427620E-07
     956   4.669388052E-07
     957   4.659639851E-07
     958   4.649922146E-07
     959   4.640234808E-07
     960   4.630577712E-07
     961   4.496346372E-07
     962   4.487008166E-07
     963   4.477699020E-07
     964   4.468418815E-07
     965   4.459167430E-07
     966   5.011215033E-07
     967   5.000861283E-07
     968   4.990539588E-07
     969   4.980249816E-07
     970   4.969991835E-07
     971   4.695764837E-07
     972   4.686112699E-07
     973   4.676490291E-07
     974   4.666897491E-07
     975   4.657334176E-07
     976   5.163904110E-07
     977   5.153343979E-07
     978   5.142816208E-07
     979   5.132320665E-07
     980   5.121857218E-07
     981   5.099841325E-07
     982   5.089465249E-07
     983   5.079120807E-07
     984   5.068807871E-07
     985   5.058526314E-07
     986   5.100473723E-07
     987   5.090148878E-07
     988   5.079855351E-07
     989   5.069593017E-07
     990   5.059361750E-07
     991   5.606238634E-07
     992   5.594947116E-07
     993   5.583689677E-07
     994   5.572466180E-07
     995   5.561276489E-07
     996   5.703217884E-07
     997   5.691788590E-07
     998   5.680393618E-07
     999   5.669032830E-07
    1000   5.657706092E-07
    1001   5.856482965E-07
    1002   5.844805033E-07
    1003   5.833161995E-07
    1004   5.821553713E-07
    1005   5.809980047E-07
    1006   5.939384261E-07
    1007   5.927599769E-07
    1008   5.915850314E-07
    1009   5.904135759E-07
    1010   5.892455966E-07
    1011   6.151997927E-07
    1012   6.139851831E-07
    1013   6.127741669E-07
    1014   6.115667301E-07
    1015   6.103628586E-07
    1016   6.707329275E-07
    1017   6.694151811E-07
    1018   6.681013142E-07
    1019   6.667913116E-07
    1020   6.654851582E-07
    1021   6.722713430E-07
    1022   6.709570295E-07
    1023   6.696465666E-07
    1024   6.683399391E-07
    1025   6.670371322E-07
    1026   7.085331323E-07
    1027   7.071546632E-07
    1028   7.057802129E-07
    1029   7.044097659E-07
    1030   7.030433066E-07
    1031   7.348760953E-07
    1032   7.334532955E-07
    1033   7.320346238E-07
    1034   7.306200641E-07
    1035   7.292096007E-07
    1036   7.782665055E-07
    1037   7.767669553E-07
    1038   7.752717350E-07
    1039   7.737808278E-07
    1040   7.722942172E-07
    1041   8.329179671E-07
    1042   8.313208090E-07
    1043   8.297282404E-07
    1044   8.281402437E-07
    1045   8.265568016E-07
    1046   8.387704051E-07
    1047   8.371696982E-07
    1048   8.355735691E-07
    1049   8.339820004E-07
    1050   8.323949747E-07
    1051   8.843001396E-07
    1052   8.826205572E-07
    1053   8.809457554E-07
    1054   8.792757160E-07
    1055   8.776104211E-07
    1056   9.052896602E-07
    1057   9.035783376E-07
    1058   9.018718630E-07
    1059   9.001702179E-07
    1060   8.984733844E-07
    1061   9.719921025E-07
    1062   9.701633309E-07
    1063   9.683397156E-07
    1064   9.665212373E-07
    1065   9.647078766E-07
    1066   1.034738417E-06
    1067   1.032800704E-06
    1068   1.030868430E-06
    1069   1.028941573E-06
    1070   1.027020113E-06
    1071   1.078756999E-06
    1072   1.076746268E-06
    1073   1.074741154E-06
    1074   1.072741636E-06
    1075   1.070747692E-06
    1076   1.106903048E-06
    1077   1.104849425E-06
    1078   1.102801511E-06
    1079   1.100759286E-06
    1080   1.098722729E-06
    1081   1.217576925E-06
    1082   1.215328399E-06
    1083   1.213086096E-06
    1084   1.210849993E-06
    1085   1.208620066E-06
    1086   1.252593534E-06
    1087   1.250290972E-06
    1088   1.247994754E-06
    1089   1.245704855E-06
    1090   1.243421253E-06
    1091   1.278198409E-06
    1092   1.275859528E-06
    1093   1.273527061E-06
    1094   1.271200984E-06
    1095   1.268881274E-06
    1096   1.330430282E-06
    1097   1.328006912E-06
    1098   1.325590157E-06
    1099   1.323179993E-06
    1100   1.320776396E-06
    1101   1.387438357E-06
    1102   1.384922603E-06
    1103   1.382413685E-06
    1104   1.379911579E-06
    1105   1.377416260E-06
    1106   1.371292458E-06
    1107   1.368817201E-06
    1108   1.366348640E-06
    1109   1.363886750E-06
    1110   1.361431508E-06
    1111   1.460852758E-06
    1112   1.458227685E-06
    1113   1.455609682E-06
    1114   1.452998723E-06
    1115   1.450394783E-06
    1116   1.488650890E-06
    1117   1.485987830E-06
    1118   1.483331909E-06
    1119   1.480683102E-06
    1120   1.478041383E-06
    1121   1.612688088E-06
    1122   1.609815981E-06
    1123   1.606951539E-06
    1124   1.604094737E-06
    1125   1.601245545E-06
    1126   1.624221488E-06
    1127   1.621341663E-06
    1128   1.618469490E-06
    1129   1.615604942E-06
    1130   1.612747992E-06
    1131   1.708654195E-06
    1132   1.705638036E-06
    1133   1.702629856E-06
    1134   1.699629627E-06
    1135   1.696637321E-06
    1136   1.787741784E-06
    1137   1.784599883E-06
    1138   1.781466257E-06
    1139   1.778340878E-06
    1140   1.775223716E-06
    1141   1.858142684E-06
    1142   1.854891341E-06
    1143   1.851648524E-06
    1144   1.848414203E-06
    1145   1.845188350E-06
    1146   2.001353019E-06
    1147   1.997866341E-06
    1148   1.994388767E-06
    1149   1.990920265E-06
    1150   1.987460803E-06
    1151   1.969632872E-06
    1152   1.966216336E-06
    1153   1.962808682E-06
    1154   1.959409879E-06
    1155   1.956019897E-06
    1156   2.118576889E-06
    1157   2.114917861E-06
    1158   2.111268305E-06
    1159   2.107628187E-06
    1160   2.103997475E-06
    1161   2.151363370E-06
    1162   2.147663691E-06
    1163   2.143973547E-06
    1164   2.140292906E-06
    1165   2.136621734E-06
    1166   2.299214661E-06
    1167   2.295277650E-06
    1168   2.291350742E-06
    1169   2.287433903E-06
    1170   2.283527099E-06
    1171   2.451423697E-06
    1172   2.447243947E-06
    1173   2.443074877E-06
    1174   2.438916452E-06
    1175   2.434768635E-06
    1176   2.406032595E-06
    1177   2.401947650E-06
    1178   2.397873099E-06
    1179   2.393808908E-06
    1180   2.389755040E-06
    1181   2.577686054E-06
    1182   2.573328174E-06
    1183   2.568981336E-06
    1184   2.564645502E-06
    1185   2.560320636E-06
    1186   2.709007979E-06
    1187   2.704447360E-06
    1188   2.699898247E-06
    1189   2.695360603E-06
    1190   2.690834389E-06
    1191   2.691445362E-06
    1192   2.686933300E-06
    1193   2.682432574E-06
    1194   2.677943147E-06
    1195   2.673464981E-06
    1196   2.869503114E-06
    1197   2.864712625E-06
    1198   2.859934122E-06
    1199   2.855167565E-06
    1200   2.850412914E-06
    1201   2.813563736E-06
    1202   2.808886157E-06
    1203   2.804220233E-06
    1204   2.799565925E-06
    1205   2.794923196E-06
    1206   3.022302697E-06
    1207   3.017298884E-06
    1208   3.012307488E-06
    1209   3.007328468E-06
    1210   3.002361781E-06
    1211   2.978538777E-06
    1212   2.973627748E-06
    1213   2.968728856E-06
    1214   2.963842059E-06
    1215   2.958967319E-06
    1216   3.119144955E-06
    1217   3.114023206E-06
    1218   3.108914062E-06
    1219   3.103817482E-06
    1220   3.098733424E-06
    1221   3.282820313E-06
    1222   3.277451842E-06
    1223   3.272096528E-06
    1224   3.266754330E-06
    1225   3.261425204E-06
    1226   3.253862996E-06
    1227   3.248563545E-06
    1228   3.243277030E-06
    1229   3.238003409E-06
    1230   3.232742640E-06
    1231   3.591388161E-06
    1232   3.585562714E-06
    1233   3.579751429E-06
    1234   3.573954260E-06
    1235   3.568171163E-06
    1236   3.540042336E-06
    1237   3.534323366E-06
    1238   3.528618244E-06
    1239   3.522926924E-06
    1240   3.517249363E-06
    1241   3.626137922E-06
    1242   3.620303428E-06
    1243   3.614483005E-06
    1244   3.608676607E-06
    1245   3.602884188E-06
    1246   3.833557391E-06
    1247   3.827413870E-06
    1248   3.821285105E-06
    1249   3.815171048E-06
    1250   3.809071654E-06
    1251   3.766474339E-06
    1252   3.760462408E-06
    1253   3.754464861E-06
    1254   3.748481650E-06
    1255   3.742512730E-06
    1256   4.105332671E-06
    1257   4.098805910E-06
    1258   4.092294701E-06
    1259   4.085798995E-06
    1260   4.079318743E-06
    1261   3.983094584E-06
    1262   3.976787229E-06
    1263   3.970494844E-06
    1264   3.964217382E-06
    1265   3.957954796E-06
    1266   4.256701262E-06
    1267   4.249987223E-06
    1268   4.243289055E-06
    1269   4.236606710E-06
    1270   4.229940138E-06
    1271   4.420380009E-06
    1272   4.413435186E-06
    1273   4.406506716E-06
    1274   4.399594549E-06
    1275   4.392698633E-06
    1276   4.469225646E-06
    1277   4.462231553E-06
    1278   4.455253865E-06
    1279   4.448292531E-06
    1280   4.441347499E-06
    1281   4.650610717E-06
    1282   4.643361129E-06
    1283   4.636128479E-06
    1284   4.628912715E-06
    1285   4.621713784E-06
    1286   4.677360178E-06
    1287   4.670097197E-06
    1288   4.662851119E-06
    1289   4.655621892E-06
    1290   4.648409465E-06
    1291   5.008137286E-06
    1292   5.000390747E-06
    1293   4.992662168E-06
    1294   4.984951493E-06
    1295   4.977258666E-06
    1296   4.937557456E-06
    1297   4.929949509E-06
    1298   4.922359133E-06
    1299   4.914786273E-06
    1300   4.907230875E-06
    1301   5.021565995E-06
    1302   5.013858296E-06
    1303   5.006168329E-06
    1304   4.998496040E-06
    1305   4.990841376E-06
    1306   5.067321840E-06
    1307   5.059573642E-06
    1308   5.051843201E-06
    1309   5.044130463E-06
    1310   5.036435375E-06
    1311   5.142213503E-06
    1312   5.134380733E-06
    1313   5.126565846E-06
    1314   5.118768788E-06
    1315   5.110989504E-06
    1316   5.352221938E-06
    1317   5.344100206E-06
    1318   5.335996945E-06
    1319   5.327912101E-06
    1320   5.319845618E-06
    1321   5.282114916E-06
    1322   5.274129860E-06
    1323   5.266162896E-06
    1324   5.258213971E-06
    1325   5.250283030E-06
    1326   5.514036526E-06
    1327   5.505732254E-06
    1328   5.497446728E-06
    1329   5.489179891E-06
    1330   5.480931686E-06
    1331   5.587963061E-06
    1332   5.579579020E-06
    1333   5.571213834E-06
    1334   5.562867446E-06
    1335   5.554539801E-06
    1336   5.717965670E-06
    1337   5.709418636E-06
    1338   5.700890752E-06
    1339   5.692381960E-06
    1340   5.683892203E-06
    1341   5.787279370E-06
    1342   5.778660934E-06
    1343   5.770061736E-06
    1344   5.761481719E-06
    1345   5.752920825E-06
    1346   5.847983502E-06
    1347   5.839306968E-06
    1348   5.830649730E-06
    1349   5.822011731E-06
    1350   5.813392913E-06
    1351   6.003469034E-06
    1352   5.994594727E-06
    1353   5.985740082E-06
    1354   5.976905041E-06
    1355   5.968089547E-06
    1356   6.203934257E-06
    1357   6.194797388E-06
    1358   6.185680689E-06
    1359   6.176584099E-06
    1360   6.167507561E-06
    1361   6.284997851E-06
    1362   6.275775550E-06
    1363   6.266573533E-06
    1364   6.257391740E-06
    1365   6.248230113E-06
    1366   6.324726813E-06
    1367   6.315480136E-06
    1368   6.306253722E-06
    1369   6.297047513E-06
    1370   6.287861448E-06
    1371   6.499969731E-06
    1372   6.490501457E-06
    1373   6.481053857E-06
    1374   6.471626870E-06
    1375   6.462220435E-06
    1376   6.926367458E-06
    1377   6.916314675E-06
    1378   6.906283762E-06
    1379   6.896274655E-06
    1380   6.886287292E-06
    1381   6.818146147E-06
    1382   6.808286211E-06
    1383   6.798447647E-06
    1384   6.788630394E-06
    1385   6.778834391E-06
    1386   7.087023727E-06
    1387   7.076811877E-06
    1388   7.066622084E-06
    1389   7.056454282E-06
    1390   7.046308410E-06
    1391   6.891263652E-06
    1392   6.881369519E-06
    1393   6.871496679E-06
    1394   6.861645071E-06
    1395   6.851814634E-06
    1396   7.177688983E-06
    1397   7.167420472E-06
    1398   7.157173981E-06
    1399   7.146949447E-06
    1400   7.136746806E-06
    1401   7.232564684E-06
    1402   7.222254542E-06
    1403   7.211966430E-06
    1404   7.201700286E-06
    1405   7.191456047E-06
    1406   7.002502876E-06
    1407   6.992556139E-06
    1408   6.982630581E-06
    1409   6.972726140E-06
    1410   6.962842758E-06
    1411   7.208375751E-06
    1412   7.198172813E-06
    1413   7.187991521E-06
    1414   7.177831816E-06
    1415   7.167693636E-06
    1416   7.168758999E-06
    1417   7.158647914E-06
    1418   7.148558206E-06
    1419   7.138489814E-06
    1420   7.128442679E-06
    1421   7.393146705E-06
    1422   7.382755775E-06
    1423   7.372386736E-06
    1424   7.362039526E-06
    1425   7.351714085E-06
    1426   7.629614312E-06
    1427   7.618928578E-06
    1428   7.608265277E-06
    1429   7.597624346E-06
    1430   7.587005724E-06
    1431   7.541268673E-06
    1432   7.530743525E-06
    1433   7.520240396E-06
    1434   7.509759224E-06
    1435   7.499299950E-06
    1436   7.823985142E-06
    1437   7.813103383E-06
    1438   7.802244309E-06
    1439   7.791407859E-06
    1440   7.780593969E-06
    1441   7.807371726E-06
    1442   7.796550698E-06
    1443   7.785752151E-06
    1444   7.774976024E-06
    1445   7.764222253E-06
    1446   7.918096161E-06
    1447   7.907159564E-06
    1448   7.896245610E-06
    1449   7.885354237E-06
    1450   7.874485382E-06
    1451   8.092041776E-06
    1452   8.080903384E-06
    1453   8.069787974E-06
    1454   8.058695482E-06
    1455   8.047625845E-06
    1456   7.859222237E-06
    1457   7.848441411E-06
    1458   7.837682752E-06
    1459   7.826946200E-06
    1460   7.816231695E-06
    1461   8.426056541E-06
    1462   8.414537667E-06
    1463   8.403042397E-06
    1464   8.391570666E-06
    1465   8.380122412E-06
    1466   8.189303958E-06
    1467   8.178146869E-06
    1468   8.167012564E-06
    1469   8.155900982E-06
    1470   8.144812062E-06
    1471   8.528337674E-06
    1472   8.516758125E-06
    1473   8.505202144E-06
    1474   8.493669666E-06
    1475   8.482160629E-06
    1476   8.476904900E-06
    1477   8.465434122E-06
    1478   8.453986611E-06
    1479   8.442562305E-06
    1480   8.431161140E-06
    1481   8.755156045E-06
    1482   8.743348687E-06
    1483   8.731565198E-06
    1484   8.719805514E-06
    1485   8.708069571E-06
    1486   9.032016752E-06
    1487   9.019876945E-06
    1488   9.007761596E-06
    1489   8.995670641E-06
    1490   8.983604014E-06
    1491   8.787269750E-06
    1492   8.775498458E-06
    1493   8.763750802E-06
    1494   8.752026721E-06
    1495   8.740326150E-06
    1496   8.833405329E-06
    1497   8.821611730E-06
    1498   8.809841734E-06
    1499   8.798095279E-06
    1500   8.786372300E-06
    1501   8.856922958E-06
    1502   8.845137298E-06
    1503   8.833375148E-06
    1504   8.821636443E-06
    1505   8.809921123E-06
    1506   8.863505445E-06
    1507   8.851750133E-06
    1508   8.840018191E-06
    1509   8.828309557E-06
    1510   8.816624171E-06
    1511   8.977007208E-06
    1512   8.965140708E-06
    1513   8.953297722E-06
    1514   8.941478187E-06
    1515   8.929682041E-06
    1516   8.819184204E-06
    1517   8.807564725E-06
    1518   8.795968195E-06
    1519   8.784394553E-06
    1520   8.772843738E-06
    1521   8.975542908E-06
    1522   8.963756247E-06
    1523   8.951992787E-06
    1524   8.940252469E-06
    1525   8.928535231E-06
    1526   9.238486320E-06
    1527   9.226394060E-06
    1528   9.214325526E-06
    1529   9.202280656E-06
    1530   9.190259388E-06
    1531   9.265439465E-06
    1532   9.253351482E-06
    1533   9.241287138E-06
    1534   9.229246373E-06
    1535   9.217229125E-06
    1536   9.200339481E-06
    1537   9.188375451E-06
    1538   9.176434742E-06
    1539   9.164517294E-06
    1540   9.152623047E-06
    1541   9.075141466E-06
    1542   9.063378483E-06
    1543   9.051638356E-06
    1544   9.039921025E-06
    1545   9.028226431E-06
    1546   9.334886422E-06
    1547   9.322825845E-06
    1548   9.310788627E-06
    1549   9.298774706E-06
    1550   9.286784023E-06
    1551   8.887720500E-06
    1552   8.876274627E-06
    1553   8.864850850E-06
    1554   8.853449112E-06
    1555   8.842069358E-06
    1556   9.111230252E-06
    1557   9.099534192E-06
    1558   9.087860640E-06
    1559   9.076209536E-06
    1560   9.064580825E-06
    1561   8.971844719E-06
    1562   8.960364431E-06
    1563   8.948906165E-06
    1564   8.937469863E-06
    1565   8.926055470E-06
    1566   9.103680421E-06
    1567   9.092068584E-06
    1568   9.080478949E-06
    1569   9.068911460E-06
    1570   9.057366060E-06
    1571   9.264679949E-06
    1572   9.252900317E-06
    1573   9.241143138E-06
    1574   9.229408353E-06
    1575   9.217695906E-06
    1576   9.326836061E-06
    1577   9.315014976E-06
    1578   9.303216350E-06
    1579   9.291440127E-06
    1580   9.279686249E-06
    1581   9.436719854E-06
    1582   9.424797276E-06
    1583   9.412897280E-06
    1584   9.401019807E-06
    1585   9.389164801E-06
    1586   9.534022643E-06
    1587   9.522015058E-06
    1588   9.510030143E-06
    1589   9.498067841E-06
    1590   9.486128095E-06
    1591   9.601502889E-06
    1592   9.589448272E-06
    1593   9.577416342E-06
    1594   9.565407042E-06
    1595   9.553420317E-06
    1596   9.332046974E-06
    1597   9.320367316E-06
    1598   9.308709571E-06
    1599   9.297073684E-06
    1600   9.285459600E-06
    1601   9.303446765E-06
    1602   9.291839221E-06
    1603   9.280253386E-06
    1604   9.268689208E-06
    1605   9.257146631E-06
    1606   9.350713117E-06
    1607   9.339082877E-06
    1608   9.327474322E-06
    1609   9.315887397E-06
    1610   9.304322050E-06
    1611   9.436270557E-06
    1612   9.424570284E-06
    1613   9.412891758E-06
    1614   9.401234926E-06
    1615   9.389599735E-06
    1616   9.410124377E-06
    1617   9.398492580E-06
    1618   9.386882336E-06
    1619   9.375293592E-06
    1620   9.363726296E-06
    1621   9.311870770E-06
    1622   9.300395883E-06
    1623   9.288942194E-06
    1624   9.277509649E-06
    1625   9.266098198E-06
    1626   9.576322737E-06
    1627   9.564558212E-06
    1628   9.552815354E-06
    1629   9.541094108E-06
    1630   9.529394422E-06
    1631   9.835079586E-06
    1632   9.823034173E-06
    1633   9.811010875E-06
    1634   9.799009639E-06
    1635   9.787030409E-06
    1636   9.722460127E-06
    1637   9.710588992E-06
    1638   9.698739585E-06
    1639   9.686911854E-06
    1640   9.675105745E-06
    1641   9.967976585E-06
    1642   9.955842712E-06
    1643   9.943730981E-06
    1644   9.931641339E-06
    1645   9.919573731E-06
    1646   9.899577900E-06
    1647   9.887563849E-06
    1648   9.875571656E-06
    1649   9.863601266E-06
    1650   9.851652627E-06
    1651   9.949595476E-06
    1652   9.937557248E-06
    1653   9.925540855E-06
    1654   9.913546244E-06
    1655   9.901573362E-06
    1656   9.677417205E-06
    1657   9.665743601E-06
    1658   9.654091107E-06
    1659   9.642459672E-06
    1660   9.630849245E-06
    1661   9.443027059E-06
    1662   9.431670442E-06
    1663   9.420334299E-06
    1664   9.409018583E-06
    1665   9.397723242E-06
    1666   9.565975021E-06
    1667   9.554505027E-06
    1668   9.543055650E-06
    1669   9.531626841E-06
    1670   9.520218550E-06
    1671   9.651525097E-06
    1672   9.639987111E-06
    1673   9.628469803E-06
    1674   9.616973122E-06
    1675   9.605497021E-06
    1676   9.893196500E-06
    1677   9.881404848E-06
    1678   9.869634264E-06
    1679   9.857884700E-06
    1680   9.846156104E-06
    1681   9.946299741E-06
    1682   9.934480014E-06
    1683   9.922681344E-06
    1684   9.910903681E-06
    1685   9.899146974E-06
    1686   9.789353452E-06
    1687   9.777754692E-06
    1688   9.766176534E-06
    1689   9.754618929E-06
    1690   9.743081827E-06
    1691   9.747389033E-06
    1692   9.735874102E-06
    1693   9.724379563E-06
    1694   9.712905369E-06
    1695   9.701451471E-06
    1696   9.359003168E-06
    1697   9.347979607E-06
    1698   9.336975511E-06
    1699   9.325990834E-06
    1700   9.315025530E-06
    1701   9.480304385E-06
    1702   9.469170733E-06
    1703   9.458056683E-06
    1704   9.446962189E-06
    1705   9.435887204E-06
    1706   9.518805723E-06
    1707   9.507659581E-06
    1708   9.496533004E-06
    1709   9.485425948E-06
    1710   9.474338366E-06
    1711   9.997091720E-06
    1712   9.985419693E-06
    1713   9.973768094E-06
    1714   9.962136878E-06
    1715   9.950525996E-06
    1716   1.087524502E-05
    1717   1.086258467E-05
    1718   1.084994641E-05
    1719   1.083733019E-05
    1720   1.082473597E-05
    1721   1.105622726E-05
    1722   1.104339357E-05
    1723   1.103058220E-05
    1724   1.101779312E-05
    1725   1.100502627E-05
    1726   1.165833646E-05
    1727   1.164484302E-05
    1728   1.163137299E-05
    1729   1.161792631E-05
    1730   1.160450294E-05
    1731   1.136232878E-05
    1732   1.134921588E-05
    1733   1.133612567E-05
    1734   1.132305809E-05
    1735   1.131001309E-05
    1736   1.145556755E-05
    1737   1.144238508E-05
    1738   1.142922535E-05
    1739   1.141608831E-05
    1740   1.140297390E-05
    1741   1.146776947E-05
    1742   1.145461081E-05
    1743   1.144147479E-05
    1744   1.142836135E-05
    1745   1.141527045E-05
    1746   1.099849658E-05
    1747   1.098591249E-05
    1748   1.097334998E-05
    1749   1.096080901E-05
    1750   1.094828952E-05
    1751   1.084615423E-05
    1752   1.083377984E-05
    1753   1.082142661E-05
    1754   1.080909450E-05
    1755   1.079678346E-05
    1756   1.006544657E-05
    1757   1.005399555E-05
    1758   1.004256406E-05
    1759   1.003115206E-05
    1760   1.001975949E-05
    1761   9.796023997E-06
    1762   9.784911094E-06
    1763   9.773817091E-06
    1764   9.762741944E-06
    1765   9.751685611E-06
    1766   9.424207094E-06
    1767   9.413546226E-06
    1768   9.402903438E-06
    1769   9.392278688E-06
    1770   9.381671937E-06
    1771   1.027636909E-05
    1772   1.026477702E-05
    1773   1.025320456E-05
    1774   1.024165165E-05
    1775   1.023011826E-05
    1776   1.215318654E-05
    1777   1.213951591E-05
    1778   1.212586834E-05
    1779   1.211224377E-05
    1780   1.209864215E-05
    1781   1.412584200E-05
    1782   1.410999698E-05
    1783   1.409417859E-05
    1784   1.407838680E-05
    1785   1.406262153E-05
    1786   1.602343904E-05
    1787   1.600551573E-05
    1788   1.598762248E-05
    1789   1.596975921E-05
    1790   1.595192587E-05
    1791   1.667080992E-05
    1792   1.665221448E-05
    1793   1.663365014E-05
    1794   1.661511682E-05
    1795   1.659661447E-05
    1796   1.694809836E-05
    1797   1.692924619E-05
    1798   1.691042546E-05
    1799   1.689163610E-05
    1800   1.687287803E-05
    1801   1.689259493E-05
    1802   1.687385661E-05
    1803   1.685514945E-05
    1804   1.683647339E-05
    1805   1.681782835E-05
    1806   1.733871349E-05
    1807   1.731953350E-05
    1808   1.730038532E-05
    1809   1.728126887E-05
    1810   1.726218409E-05
    1811   1.931788036E-05
    1812   1.929656996E-05
    1813   1.927529480E-05
    1814   1.925405480E-05
    1815   1.923284990E-05
    1816   2.119747353E-05
    1817   2.117415398E-05
    1818   2.115087289E-05
    1819   2.112763017E-05
    1820   2.110442574E-05
    1821   2.316397882E-05
    1822   2.313856579E-05
    1823   2.311319456E-05
    1824   2.308786503E-05
    1825   2.306257712E-05
    1826   2.204021170E-05
    1827   2.201609769E-05
    1828   2.199202322E-05
    1829   2.196798822E-05
    1830   2.194399261E-05
    1831   1.893122953E-05
    1832   1.891057353E-05
    1833   1.888995131E-05
    1834   1.886936281E-05
    1835   1.884880795E-05
    1836   1.416065364E-05
    1837   1.414524488E-05
    1838   1.412986125E-05
    1839   1.411450271E-05
    1840   1.409916919E-05
    1841   7.623074649E-06
    1842   7.614802186E-06
    1843   7.606543182E-06
    1844   7.598297607E-06
    1845   7.590065431E-06
    1846  -4.895076971E-07
    1847  -4.889779268E-07
    1848  -4.884490162E-07
    1849  -4.879209632E-07
    1850  -4.873937660E-07
    1851  -9.330319478E-06
    1852  -9.320248977E-06
    1853  -9.310194771E-06
    1854  -9.300156825E-06
    1855  -9.290135104E-06
    1856  -1.734569586E-05
    1857  -1.732702449E-05
    1858  -1.730838326E-05
    1859  -1.728977210E-05
    1860  -1.727119093E-05
    1861  -2.386195563E-05
    1862  -2.383633893E-05
    1863  -2.381076346E-05
    1864  -2.378522913E-05
    1865  -2.375973585E-05
    1866  -2.732116814E-05
    1867  -2.729191635E-05
    1868  -2.726271152E-05
    1869  -2.723355354E-05
    1870  -2.720444231E-05
    1871  -2.535948331E-05
    1872  -2.533240431E-05
    1873  -2.530536866E-05
    1874  -2.527837627E-05
    1875  -2.525142704E-05
    1876  -1.190962672E-05
    1877  -1.189694341E-05
    1878  -1.188428035E-05
    1879  -1.187163750E-05
    1880  -1.185901481E-05
    1881   1.478503392E-05
    1882   1.476933022E-05
    1883   1.475365152E-05
    1884   1.473799778E-05
    1885   1.472236894E-05
    1886   5.582214087E-05
    1887   5.576300724E-05
    1888   5.570396753E-05
    1889   5.564502154E-05
    1890   5.558616905E-05
    1891   1.112712968E-04
    1892   1.111537360E-04
    1893   1.110363614E-04
    1894   1.109191727E-04
    1895   1.108021693E-04
    1896   1.826933059E-04
    1897   1.825007945E-04
    1898   1.823085872E-04
    1899   1.821166834E-04
    1900   1.819250825E-04
    1901   2.452286477E-04
    1902   2.449709192E-04
    1903   2.447135968E-04
    1904   2.444566797E-04
    1905   2.442001669E-04
    1906   3.143339338E-04
    1907   3.140044433E-04
    1908   3.136754706E-04
    1909   3.133470146E-04
    1910   3.130190742E-04
    1911   3.575111219E-04
    1912   3.571373518E-04
    1913   3.567641675E-04
    1914   3.563915679E-04
    1915   3.560195516E-04
    1916   3.875708913E-04
    1917   3.871667506E-04
    1918   3.867632418E-04
    1919   3.863603634E-04
    1920   3.859581142E-04
    1921   3.832009041E-04
    1922   3.828023592E-04
    1923   3.824044358E-04
    1924   3.820071325E-04
    1925   3.816104480E-04
    1926   3.235257320E-04
    1927   3.231901244E-04
    1928   3.228550387E-04
    1929   3.225204739E-04
    1930   3.221864289E-04
    1931   1.727557003E-04
    1932   1.725769567E-04
    1933   1.723984903E-04
    1934   1.722203007E-04
    1935   1.720423871E-04
    1936  -1.192059500E-04
    1937  -1.190829305E-04
    1938  -1.189601012E-04
    1939  -1.188374620E-04
    1940  -1.187150122E-04
    1941  -5.685123976E-04
    1942  -5.679272073E-04
    1943  -5.673429200E-04
    1944  -5.667595340E-04
    1945  -5.661770473E-04
    1946  -1.183152584E-03
    1947  -1.181937848E-03
    1948  -1.180724982E-03
    1949  -1.179513982E-03
    1950  -1.178304844E-03
    1951  -1.785933121E-03
    1952  -1.784104208E-03
    1953  -1.782278103E-03
    1954  -1.780454801E-03
    1955  -1.778634295E-03
    1956  -2.363781043E-03
    1957  -2.361366557E-03
    1958  -2.358955770E-03
    1959  -2.356548672E-03
    1960  -2.354145257E-03
    1961  -2.532820037E-03
    1962  -2.530239477E-03
    1963  -2.527662858E-03
    1964  -2.525090173E-03
    1965  -2.522521414E-03
    1966  -2.633876462E-03
    1967  -2.631199758E-03
    1968  -2.628527133E-03
    1969  -2.625858578E-03
    1970  -2.623194084E-03
    1971  -2.448840873E-03
    1972  -2.446358521E-03
    1973  -2.443879941E-03
    1974  -2.441405125E-03
    1975  -2.438934068E-03
    1976  -1.835104893E-03
    1977  -1.833249378E-03
    1978  -1.831396675E-03
    1979  -1.829546780E-03
    1980  -1.827699685E-03
    1981  -6.890577172E-04
    1982  -6.883627523E-04
    1983  -6.876688382E-04
    1984  -6.869759729E-04
    1985  -6.862841542E-04
    1986   1.381064756E-03
    1987   1.379675355E-03
    1988   1.378288049E-03
    1989   1.376902835E-03
    1990   1.375519708E-03
    1991   4.849887906E-03
    1992   4.845020984E-03
    1993   4.840161385E-03
    1994   4.835309092E-03
    1995   4.830464093E-03
    1996   9.425051470E-03
    1997   9.415616984E-03
    1998   9.406196657E-03
    1999   9.396790460E-03
    2000   9.387398366E-03
    2001   1.431671084E-02
    2002   1.430241557E-02
    2003   1.428814170E-02
    2004   1.427388919E-02
    2005   1.425965800E-02
    2006   1.892636072E-02
    2007   1.890750976E-02
    2008   1.888868696E-02
    2009   1.886989224E-02
    2010   1.885112557E-02
    2011   2.161371557E-02
    2012   2.159224144E-02
    2013   2.157079929E-02
    2014   2.154938907E-02
    2015   2.152801071E-02
    2016   2.364183319E-02
    2017   2.361840223E-02
    2018   2.359500609E-02
    2019   2.357164470E-02
    2020   2.354831799E-02
    2021   2.394134260E-02
    2022   2.391767345E-02
    2023   2.389403938E-02
    2024   2.387044033E-02
    2025   2.384687622E-02
    2026   2.355579546E-02
    2027   2.353256490E-02
    2028   2.350936868E-02
    2029   2.348620674E-02
    2030   2.346307901E-02
    2031   2.302233477E-02
    2032   2.299968614E-02
    2033   2.297707091E-02
    2034   2.295448903E-02
    2035   2.293194041E-02
    2036   2.044090552E-02
    2037   2.042084575E-02
    2038   2.040081549E-02
    2039   2.038081469E-02
    2040   2.036084329E-02
    2041   1.780715713E-02
    2042   1.778972477E-02
    2043   1.777231799E-02
    2044   1.775493675E-02
    2045   1.773758100E-02
    2046   1.303859386E-02
    2047   1.302586086E-02
    2048   1.301314650E-02
    2049   1.300045075E-02
    2050   1.298777357E-02
    2051   8.192077074E-03
    2052   8.184096483E-03
    2053   8.176127548E-03
    2054   8.168170246E-03
    2055   8.160224555E-03
    2056   3.909909766E-03
    2057   3.906110048E-03
    2058   3.902315866E-03
    2059   3.898527210E-03
    2060   3.894744069E-03
    2061   8.312755950E-04
    2062   8.304697050E-04
    2063   8.296649863E-04
    2064   8.288614366E-04
    2065   8.280590538E-04
    2066  -1.006194048E-03
    2067  -1.005220940E-03
    2068  -1.004249243E-03
    2069  -1.003278954E-03
    2070  -1.002310070E-03
    2071  -1.943068131E-03
    2072  -1.941193487E-03
    2073  -1.939321555E-03
    2074  -1.937452329E-03
    2075  -1.935585805E-03
    2076  -2.432273783E-03
    2077  -2.429932807E-03
    2078  -2.427595210E-03
    2079  -2.425260984E-03
    2080  -2.422930122E-03
    2081  -2.545866767E-03
    2082  -2.543422344E-03
    2083  -2.540981439E-03
    2084  -2.538544047E-03
    2085  -2.536110160E-03
    2086  -2.447965256E-03
    2087  -2.445620462E-03
    2088  -2.443279035E-03
    2089  -2.440940968E-03
    2090  -2.438606257E-03
    2091  -2.094484898E-03
    2092  -2.092483479E-03
    2093  -2.090484927E-03
    2094  -2.088489238E-03
    2095  -2.086496404E-03
    2096  -1.631206005E-03
    2097  -1.629650994E-03
    2098  -1.628098206E-03
    2099  -1.626547637E-03
    2100  -1.624999281E-03
    2101  -1.054090432E-03
    2102  -1.053087968E-03
    2103  -1.052086934E-03
    2104  -1.051087326E-03
    2105  -1.050089143E-03
    2106  -5.058631191E-04
    2107  -5.053831731E-04
    2108  -5.049039098E-04
    2109  -5.044253279E-04
    2110  -5.039474261E-04
    2111  -1.325682802E-04
    2112  -1.324428015E-04
    2113  -1.323175008E-04
    2114  -1.321923779E-04
    2115  -1.320674324E-04
    2116   1.031412984E-04
    2117   1.030439034E-04
    2118   1.029466463E-04
    2119   1.028495268E-04
    2120   1.027525447E-04
    2121   2.259077866E-04
    2122   2.256949672E-04
    2123   2.254824484E-04
    2124   2.252702296E-04
    2125   2.250583103E-04
    2126   2.689827762E-04
    2127   2.687299728E-04
    2128   2.684775257E-04
    2129   2.682254341E-04
    2130   2.679736975E-04
    2131   2.700257131E-04
    2132   2.697725244E-04
    2133   2.695196917E-04
    2134   2.692672142E-04
    2135   2.690150913E-04
    2136   2.492061536E-04
    2137   2.489730327E-04
    2138   2.487402389E-04
    2139   2.485077714E-04
    2140   2.482756296E-04
    2141   2.075290290E-04
    2142   2.073353482E-04
    2143   2.071419383E-04
    2144   2.069487990E-04
    2145   2.067559297E-04
    2146   1.559780899E-04
    2147   1.558328589E-04
    2148   1.556878307E-04
    2149   1.555430048E-04
    2150   1.553983809E-04
    2151   9.614273417E-05
    2152   9.605342368E-05
    2153   9.596423759E-05
    2154   9.587517565E-05
    2155   9.578623764E-05
    2156   4.377500053E-05
    2157   4.373443056E-05
    2158   4.369391696E-05
    2159   4.365345963E-05
    2160   4.361305846E-05
    2161   3.347775694E-06
    2162   3.344680201E-06
    2163   3.341588999E-06
    2164   3.338502081E-06
    2165   3.335419438E-06
    2166  -2.523320573E-05
    2167  -2.520992787E-05
    2168  -2.518668220E-05
    2169  -2.516346867E-05
    2170  -2.514028721E-05
    2171  -4.248790570E-05
    2172  -4.244880040E-05
    2173  -4.240974907E-05
    2174  -4.237075160E-05
    2175  -4.233180789E-05
    2176  -4.940388225E-05
    2177  -4.935851597E-05
    2178  -4.931321214E-05
    2179  -4.926797067E-05
    2180  -4.922279142E-05
    2181  -5.084071524E-05
    2182  -5.079413648E-05
    2183  -5.074762170E-05
    2184  -5.070117079E-05
    2185  -5.065478362E-05
    2186  -4.714688455E-05
    2187  -4.710378867E-05
    2188  -4.706075186E-05
    2189  -4.701777401E-05
    2190  -4.697485500E-05
    2191  -4.013689874E-05
    2192  -4.010029419E-05
    2193  -4.006373968E-05
    2194  -4.002723513E-05
    2195  -3.999078046E-05
    2196  -3.295230833E-05
    2197  -3.292232443E-05
    2198  -3.289238143E-05
    2199  -3.286247927E-05
    2200  -3.283261786E-05
    2201  -2.340159340E-05
    2202  -2.338034819E-05
    2203  -2.335913190E-05
    2204  -2.333794448E-05
    2205  -2.331678587E-05
    2206  -1.581503302E-05
    2207  -1.580070781E-05
    2208  -1.578640205E-05
    2209  -1.577211572E-05
    2210  -1.575784876E-05
    2211  -9.750326111E-06
    2212  -9.741514248E-06
    2213  -9.732714326E-06
    2214  -9.723926322E-06
    2215  -9.715150215E-06
    2216  -5.698716612E-06
    2217  -5.693578003E-06
    2218  -5.688446342E-06
    2219  -5.683321616E-06
    2220  -5.678203812E-06
    2221  -3.591504058E-06
    2222  -3.588272836E-06
    2223  -3.585045972E-06
    2224  -3.581823458E-06
    2225  -3.578605288E-06
    2226  -2.777785962E-06
    2227  -2.775292438E-06
    2228  -2.772802270E-06
    2229  -2.770315452E-06
    2230  -2.767831978E-06
    2231  -3.147978601E-06
    2232  -3.145159095E-06
    2233  -3.142343375E-06
    2234  -3.139531434E-06
    2235  -3.136723267E-06
    2236  -3.811620705E-06
    2237  -3.808214431E-06
    2238  -3.804812721E-06
    2239  -3.801415566E-06
    2240  -3.798022960E-06
    2241  -4.212906829E-06
    2242  -4.209150336E-06
    2243  -4.205398865E-06
    2244  -4.201652407E-06
    2245  -4.197910953E-06
    2246  -4.429546388E-06
    2247  -4.425605511E-06
    2248  -4.421669890E-06
    2249  -4.417739517E-06
    2250  -4.413814381E-06
    2251  -4.104825264E-06
    2252  -4.101181389E-06
    2253  -4.097542364E-06
    2254  -4.093908180E-06
    2255  -4.090278828E-06
    2256  -4.046517442E-06
    2257  -4.042933282E-06
    2258  -4.039353881E-06
    2259  -4.035779231E-06
    2260  -4.032209325E-06
    2261  -4.204030758E-06
    2262  -4.200315309E-06
    2263  -4.196604783E-06
    2264  -4.192899171E-06
    2265  -4.189198466E-06
    2266  -4.761460420E-06
    2267  -4.757261601E-06
    2268  -4.753068334E-06
    2269  -4.748880608E-06
    2270  -4.744698415E-06
    2271  -5.461506560E-06
    2272  -5.456701011E-06
    2273  -5.451901802E-06
    2274  -5.447108921E-06
    2275  -5.442322358E-06
    2276  -5.756341138E-06
    2277  -5.751287283E-06
    2278  -5.746240080E-06
    2279  -5.741199519E-06
    2280  -5.736165587E-06
    2281  -6.033127616E-06
    2282  -6.027842353E-06
    2283  -6.022564032E-06
    2284  -6.017292641E-06
    2285  -6.012028168E-06
    2286  -5.801823627E-06
    2287  -5.796752103E-06
    2288  -5.791687225E-06
    2289  -5.786628983E-06
    2290  -5.781577365E-06
    2291  -5.397411690E-06
    2292  -5.392703960E-06
    2293  -5.388002387E-06
    2294  -5.383306961E-06
    2295  -5.378617669E-06
    2296  -4.864814375E-06
    2297  -4.860580420E-06
    2298  -4.856351990E-06
    2299  -4.852129076E-06
    2300  -4.847911667E-06
    2301  -4.268272662E-06
    2302  -4.264565956E-06
    2303  -4.260864075E-06
    2304  -4.257167013E-06
    2305  -4.253474761E-06
    2306  -3.991330126E-06
    2307  -3.987871434E-06
    2308  -3.984417236E-06
    2309  -3.980967524E-06
    2310  -3.977522291E-06
    2311  -3.649203849E-06
    2312  -3.646048463E-06
    2313  -3.642897168E-06
    2314  -3.639749956E-06
    2315  -3.636606822E-06
    2316  -3.500376246E-06
    2317  -3.497356077E-06
    2318  -3.494339815E-06
    2319  -3.491327453E-06
    2320  -3.488318984E-06
    2321  -3.373366417E-06
    2322  -3.370462098E-06
    2323  -3.367561528E-06
    2324  -3.364664701E-06
    2325  -3.361771610E-06
    2326  -3.347963183E-06
    2327  -3.345086926E-06
    2328  -3.342214374E-06
    2329  -3.339345520E-06
    2330  -3.336480359E-06
    2331  -3.444238207E-06
    2332  -3.441285581E-06
    2333  -3.438336750E-06
    2334  -3.435391708E-06
    2335  -3.432450448E-06
    2336  -3.428759105E-06
    2337  -3.425826035E-06
    2338  -3.422896726E-06
    2339  -3.419971174E-06
    2340  -3.417049370E-06
    2341  -3.439225566E-06
    2342  -3.436289820E-06
    2343  -3.433357832E-06
    2344  -3.430429596E-06
    2345  -3.427505103E-06
    2346  -3.279332416E-06
    2347  -3.276539117E-06
    2348  -3.273749386E-06
    2349  -3.270963217E-06
    2350  -3.268180602E-06
    2351  -3.103835043E-06
    2352  -3.101196849E-06
    2353  -3.098562017E-06
    2354  -3.095930542E-06
    2355  -3.093302418E-06
    2356  -2.839368256E-06
    2357  -2.836959970E-06
    2358  -2.834554748E-06
    2359  -2.832152583E-06
    2360  -2.829753470E-06
    2361  -2.692329776E-06
    2362  -2.690051038E-06
    2363  -2.687775191E-06
    2364  -2.685502231E-06
    2365  -2.683232153E-06
    2366  -2.662937637E-06
    2367  -2.660688535E-06
    2368  -2.658442280E-06
    2369  -2.656198869E-06
    2370  -2.653958296E-06
    2371  -2.622214740E-06
    2372  -2.620004698E-06
    2373  -2.617797449E-06
    2374  -2.615592988E-06
    2375  -2.613391310E-06
    2376  -2.623468163E-06
    2377  -2.621261714E-06
    2378  -2.619058047E-06
    2379  -2.616857158E-06
    2380  -2.614659042E-06
    2381  -2.628543447E-06
    2382  -2.626337368E-06
    2383  -2.624134064E-06
    2384  -2.621933533E-06
    2385  -2.619735768E-06
    2386  -2.561465995E-06
    2387  -2.559320714E-06
    2388  -2.557178126E-06
    2389  -2.555038228E-06
    2390  -2.552901015E-06
    2391  -2.532400760E-06
    2392  -2.530284253E-06
    2393  -2.528170398E-06
    2394  -2.526059191E-06
    2395  -2.523950627E-06
    2396  -2.382528659E-06
    2397  -2.380541563E-06
    2398  -2.378556951E-06
    2399  -2.376574820E-06
    2400  -2.374595166E-06
    2401  -2.326641947E-06
    2402  -2.324705499E-06
    2403  -2.322771468E-06
    2404  -2.320839849E-06
    2405  -2.318910639E-06
    2406  -2.237458608E-06
    2407  -2.235600254E-06
    2408  -2.233744214E-06
    2409  -2.231890484E-06
    2410  -2.230039061E-06
    2411  -2.219568833E-06
    2412  -2.217729157E-06
    2413  -2.215891768E-06
    2414  -2.214056660E-06
    2415  -2.212223832E-06
    2416  -2.216858855E-06
    2417  -2.215025225E-06
    2418  -2.213193869E-06
    2419  -2.211364783E-06
    2420  -2.209537964E-06
    2421  -2.168527457E-06
    2422  -2.166737505E-06
    2423  -2.164949767E-06
    2424  -2.163164242E-06
    2425  -2.161380924E-06
    2426  -2.215360354E-06
    2427  -2.213535510E-06
    2428  -2.211712920E-06
    2429  -2.209892580E-06
    2430  -2.208074487E-06
    2431  -2.162837254E-06
    2432  -2.161059336E-06
    2433  -2.159283609E-06
    2434  -2.157510070E-06
    2435  -2.155738715E-06
    2436  -2.177259790E-06
    2437  -2.175473687E-06
    2438  -2.173689781E-06
    2439  -2.171908068E-06
    2440  -2.170128545E-06
    2441  -2.101904854E-06
    2442  -2.100184097E-06
    2443  -2.098465452E-06
    2444  -2.096748916E-06
    2445  -2.095034485E-06
    2446  -1.988532092E-06
    2447  -1.986907474E-06
    2448  -1.985284846E-06
    2449  -1.983664206E-06
    2450  -1.982045549E-06
    2451  -1.920132113E-06
    2452  -1.918566575E-06
    2453  -1.917002951E-06
    2454  -1.915441238E-06
    2455  -1.913881433E-06
    2456  -1.819846711E-06
    2457  -1.818365957E-06
    2458  -1.816887009E-06
    2459  -1.815409865E-06
    2460  -1.813934522E-06
    2461  -1.772097575E-06
    2462  -1.770658600E-06
    2463  -1.769221377E-06
    2464  -1.767785904E-06
    2465  -1.766352176E-06
    2466  -1.734691455E-06
    2467  -1.733285708E-06
    2468  -1.731881670E-06
    2469  -1.730479336E-06
    2470  -1.729078706E-06
    2471  -1.712514190E-06
    2472  -1.711129221E-06
    2473  -1.709745932E-06
    2474  -1.708364319E-06
    2475  -1.706984380E-06
    2476  -1.736657354E-06
    2477  -1.735255694E-06
    2478  -1.733855730E-06
    2479  -1.732457459E-06
    2480  -1.731060879E-06
    2481  -1.697934793E-06
    2482  -1.696567145E-06
    2483  -1.695201149E-06
    2484  -1.693836802E-06
    2485  -1.692474101E-06
    2486  -1.703084811E-06
    2487  -1.701715772E-06
    2488  -1.700348383E-06
    2489  -1.698982641E-06
    2490  -1.697618544E-06
    2491  -1.652012111E-06
    2492  -1.650686790E-06
    2493  -1.649363064E-06
    2494  -1.648040929E-06
    2495  -1.646720383E-06
    2496  -1.596843719E-06
    2497  -1.595565221E-06
    2498  -1.594288258E-06
    2499  -1.593012827E-06
    2500  -1.591738927E-06
    2501  -1.528817070E-06
    2502  -1.527595482E-06
    2503  -1.526375358E-06
    2504  -1.525156695E-06
    2505  -1.523939491E-06
    2506  -1.443792482E-06
    2507  -1.442641132E-06
    2508  -1.441491159E-06
    2509  -1.440342561E-06
    2510  -1.439195334E-06
    2511  -1.449930161E-06
    2512  -1.448776218E-06
    2513  -1.447623651E-06
    2514  -1.446472459E-06
    2515  -1.445322640E-06
    2516  -1.409347510E-06
    2517  -1.408228092E-06
    2518  -1.407110007E-06
    2519  -1.405993253E-06
    2520  -1.404877828E-06
    2521  -1.416059273E-06
    2522  -1.414936752E-06
    2523  -1.413815566E-06
    2524  -1.412695712E-06
    2525  -1.411577188E-06
    2526  -1.378085612E-06
    2527  -1.376995354E-06
    2528  -1.375906390E-06
    2529  -1.374818717E-06
    2530  -1.373732333E-06
    2531  -1.364406583E-06
    2532  -1.363329278E-06
    2533  -1.362253249E-06
    2534  -1.361178493E-06
    2535  -1.360105008E-06
    2536  -1.362135020E-06
    2537  -1.361061628E-06
    2538  -1.359989504E-06
    2539  -1.358918646E-06
    2540  -1.357849052E-06
    2541  -1.310278126E-06
    2542  -1.309247628E-06
    2543  -1.308218345E-06
    2544  -1.307190276E-06
    2545  -1.306163418E-06
    2546  -1.262855108E-06
    2547  -1.261863856E-06
    2548  -1.260873771E-06
    2549  -1.259884850E-06
    2550  -1.258897093E-06
    2551  -1.189411076E-06
    2552  -1.188479301E-06
    2553  -1.187548620E-06
    2554  -1.186619032E-06
    2555  -1.185690535E-06
    2556  -1.147840058E-06
    2557  -1.146942607E-06
    2558  -1.146046208E-06
    2559  -1.145150859E-06
    2560  -1.144256559E-06
    2561  -1.105697311E-06
    2562  -1.104834496E-06
    2563  -1.103972690E-06
    2564  -1.103111893E-06
    2565  -1.102252102E-06
    2566  -1.083507710E-06
    2567  -1.082663857E-06
    2568  -1.081820989E-06
    2569  -1.080979105E-06
    2570  -1.080138203E-06
    2571  -1.085567871E-06
    2572  -1.084724056E-06
    2573  -1.083881225E-06
    2574  -1.083039376E-06
    2575  -1.082198506E-06
    2576  -1.061857045E-06
    2577  -1.061033262E-06
    2578  -1.060210436E-06
    2579  -1.059388568E-06
    2580  -1.058567655E-06
    2581  -1.068376420E-06
    2582  -1.067549183E-06
    2583  -1.066722906E-06
    2584  -1.065897589E-06
    2585  -1.065073229E-06
    2586  -1.042977746E-06
    2587  -1.042171736E-06
    2588  -1.041366659E-06
    2589  -1.040562515E-06
    2590  -1.039759302E-06
    2591  -9.999574505E-07
    2592  -9.991861760E-07
    2593  -9.984157934E-07
    2594  -9.976463015E-07
    2595  -9.968776988E-07
    2596  -9.558860210E-07
    2597  -9.551501580E-07
    2598  -9.544151445E-07
    2599  -9.536809790E-07
    2600  -9.529476602E-07
    2601  -8.782074315E-07
    2602  -8.775326659E-07
    2603  -8.768586777E-07
    2604  -8.761854657E-07
    2605  -8.755130286E-07
    2606  -8.476885850E-07
    2607  -8.470385171E-07
    2608  -8.463891967E-07
    2609  -8.457406226E-07
    2610  -8.450927937E-07
    2611  -7.963823791E-07
    2612  -7.957728251E-07
    2613  -7.951639706E-07
    2614  -7.945558146E-07
    2615  -7.939483560E-07
    2616  -7.894129136E-07
    2617  -7.888098480E-07
    2618  -7.882074731E-07
    2619  -7.876057880E-07
    2620  -7.870047916E-07
    2621  -7.680281638E-07
    2622  -7.674425533E-07
    2623  -7.668576123E-07
    2624  -7.662733398E-07
    2625  -7.656897349E-07
    2626  -7.672912896E-07
    2627  -7.667073540E-07
    2628  -7.661240848E-07
    2629  -7.655414810E-07
    2630  -7.649595414E-07
    2631  -7.607675170E-07
    2632  -7.601896457E-07
    2633  -7.596124326E-07
    2634  -7.590358767E-07
    2635  -7.584599770E-07
    2636  -7.343951253E-07
    2637  -7.338383436E-07
    2638  -7.332821948E-07
    2639  -7.327266780E-07
    2640  -7.321717922E-07
    2641  -7.174625257E-07
    2642  -7.169196104E-07
    2643  -7.163773112E-07
    2644  -7.158356270E-07
    2645  -7.152945570E-07
    2646  -6.770740168E-07
    2647  -6.765626316E-07
    2648  -6.760518255E-07
    2649  -6.755415977E-07
    2650  -6.750319473E-07
    2651  -6.348282575E-07
    2652  -6.343496836E-07
    2653  -6.338716507E-07
    2654  -6.333941579E-07
    2655  -6.329172045E-07
    2656  -6.109174093E-07
    2657  -6.104577273E-07
    2658  -6.099985639E-07
    2659  -6.095399184E-07
    2660  -6.090817899E-07
    2661  -5.743778812E-07
    2662  -5.739465047E-07
    2663  -5.735156139E-07
    2664  -5.730852082E-07
    2665  -5.726552868E-07
    2666  -5.796388650E-07
    2667  -5.792043531E-07
    2668  -5.787703296E-07
    2669  -5.783367938E-07
    2670  -5.779037449E-07
    2671  -5.666940688E-07
    2672  -5.662700553E-07
    2673  -5.658465175E-07
    2674  -5.654234547E-07
    2675  -5.650008662E-07
    2676  -5.527390106E-07
    2677  -5.523262107E-07
    2678  -5.519138731E-07
    2679  -5.515019971E-07
    2680  -5.510905820E-07
    2681  -5.514456617E-07
    2682  -5.510345952E-07
    2683  -5.506239882E-07
    2684  -5.502138400E-07
    2685  -5.498041498E-07
    2686  -5.281979674E-07
    2687  -5.278049629E-07
    2688  -5.274123969E-07
    2689  -5.270202688E-07
    2690  -5.266285777E-07
    2691  -5.192563354E-07
    2692  -5.188707013E-07
    2693  -5.184854966E-07
    2694  -5.181007207E-07
    2695  -5.177163730E-07
    2696  -4.765425964E-07
    2697  -4.761893402E-07
    2698  -4.758364767E-07
    2699  -4.754840052E-07
    2700  -4.751319253E-07
