      50   0.000000000E+00
      51   0.000000000E+00
      52   0.000000000E+00
      53   0.000000000E+00
      54   0.000000000E+00
      55   0.000000000E+00
      56   0.000000000E+00
      57   0.000000000E+00
      58   0.000000000E+00
      59   0.000000000E+00
      60   0.000000000E+00
      61   0.000000000E+00
      62   0.000000000E+00
      63   0.000000000E+00
      64   0.000000000E+00
      65   0.000000000E+00
      66   0.000000000E+00
      67   0.000000000E+00
      68   0.000000000E+00
      69   0.000000000E+00
      70   0.000000000E+00
      71   1.188690377E-12
      72   1.156123518E-12
      73   1.124876936E-12
      74   1.094880218E-12
      75   1.066067581E-12
      76   1.550499990E-12
      77   1.510743580E-12
      78   1.472496907E-12
      79   1.435684484E-12
      80   1.400235485E-12
      81   4.814980560E-12
      82   4.698956932E-12
      83   4.587077005E-12
      84   4.479145781E-12
      85   4.374979600E-12
      86   0.000000000E+00
      87   0.000000000E+00
      88   0.000000000E+00
      89   0.000000000E+00
      90   0.000000000E+00
      91   0.000000000E+00
      92   0.000000000E+00
      93   0.000000000E+00
      94   0.000000000E+00
      95   0.000000000E+00
      96   0.000000000E+00
      97   0.000000000E+00
      98   0.000000000E+00
      99   0.000000000E+00
     100   0.000000000E+00
     101   0.000000000E+00
     102   0.000000000E+00
     103   0.000000000E+00
     104   0.000000000E+00
     105   0.000000000E+00
     106   0.000000000E+00
     107   0.000000000E+00
     108   0.000000000E+00
     109   0.000000000E+00
     110   0.000000000E+00
     111   4.917746834E-12
     112   4.830707067E-12
     113   4.745957820E-12
     114   4.663419423E-12
     115   4.583015640E-12
     116   4.894390695E-12
     117   4.811434920E-12
     118   4.730570468E-12
     119   4.651727627E-12
     120   4.574839567E-12
     121   0.000000000E+00
     122   0.000000000E+00
     123   0.000000000E+00
     124   0.000000000E+00
     125   0.000000000E+00
     126   0.000000000E+00
     127   0.000000000E+00
     128   0.000000000E+00
     129   0.000000000E+00
     130   0.000000000E+00
     131   0.000000000E+00
     132   0.000000000E+00
     133   0.000000000E+00
     134   0.000000000E+00
     135   0.000000000E+00
     136   0.000000000E+00
     137   0.000000000E+00
     138   0.000000000E+00
     139   0.000000000E+00
     140   0.000000000E+00
     141   0.000000000E+00
     142   0.000000000E+00
     143   0.000000000E+00
     144   0.000000000E+00
     145   0.000000000E+00
     146   0.000000000E+00
     147   0.000000000E+00
     148   0.000000000E+00
     149   0.000000000E+00
     150   0.000000000E+00
     151   0.000000000E+00
     152   0.000000000E+00
     153   0.000000000E+00
     154   0.000000000E+00
     155   0.000000000E+00
     156   0.000000000E+00
     157   0.000000000E+00
     158   0.000000000E+00
     159   0.000000000E+00
     160   0.000000000E+00
     161   9.040506284E-12
     162   8.929579827E-12
     163   8.820682512E-12
     164   8.713765148E-12
     165   8.608780026E-12
     166   0.000000000E+00
     167   0.000000000E+00
     168   0.000000000E+00
     169   0.000000000E+00
     170   0.000000000E+00
     171   5.295055666E-13
     172   5.233841149E-13
     173   5.173682056E-13
     174   5.114554261E-13
     175   5.056434326E-13
     176   3.163200468E-11
     177   3.127658889E-11
     178   3.092712980E-11
     179   3.058349502E-11
     180   3.024555585E-11
     181   2.290307345E-11
     182   2.265276663E-11
     183   2.240654091E-11
     184   2.216430804E-11
     185   2.192598214E-11
     186   5.798833230E-11
     187   5.737143515E-11
     188   5.676433001E-11
     189   5.616681075E-11
     190   5.557867660E-11
     191   4.442806575E-11
     192   4.396767129E-11
     193   4.351439632E-11
     194   4.306809482E-11
     195   4.262862447E-11
     196   7.372007337E-11
     197   7.297542617E-11
     198   7.224200480E-11
     199   7.151958475E-11
     200   7.080794709E-11
     201   7.656127516E-11
     202   7.580697688E-11
     203   7.506377123E-11
     204   7.433144175E-11
     205   7.360977727E-11
     206   0.000000000E+00
     207   0.000000000E+00
     208   0.000000000E+00
     209   0.000000000E+00
     210   0.000000000E+00
     211   0.000000000E+00
     212   0.000000000E+00
     213   0.000000000E+00
     214   0.000000000E+00
     215   0.000000000E+00
     216   0.000000000E+00
     217   0.000000000E+00
     218   0.000000000E+00
     219   0.000000000E+00
     220   0.000000000E+00
     221   0.000000000E+00
     222   0.000000000E+00
     223   0.000000000E+00
     224   0.000000000E+00
     225   0.000000000E+00
     226   0.000000000E+00
     227   0.000000000E+00
     228   0.000000000E+00
     229   0.000000000E+00
     230   0.000000000E+00
     231   0.000000000E+00
     232   0.000000000E+00
     233   0.000000000E+00
     234   0.000000000E+00
     235   0.000000000E+00
     236   0.000000000E+00
     237   0.000000000E+00
     238   0.000000000E+00
     239   0.000000000E+00
     240   0.000000000E+00
     241   0.000000000E+00
     242   0.000000000E+00
     243   0.000000000E+00
     244   0.000000000E+00
     245   0.000000000E+00
     246   0.000000000E+00
     247   0.000000000E+00
     248   0.000000000E+00
     249   0.000000000E+00
     250   0.000000000E+00
     251   2.349907336E-10
     252   2.331330994E-10
     253   2.312974057E-10
     254   2.294833084E-10
     255   2.276904700E-10
     256   2.632683275E-10
     257   2.612274877E-10
     258   2.592102871E-10
     259   2.572163618E-10
     260   2.552453552E-10
     261   5.730769035E-10
     262   5.687189043E-10
     263   5.644104277E-10
     264   5.601507264E-10
     265   5.559390668E-10
     266   6.045914723E-10
     267   6.000795956E-10
     268   5.956180373E-10
     269   5.912060518E-10
     270   5.868429075E-10
     271   1.098549137E-09
     272   1.090501158E-09
     273   1.082541295E-09
     274   1.074668268E-09
     275   1.066880817E-09
     276   1.178264240E-09
     277   1.169787519E-09
     278   1.161401945E-09
     279   1.153106217E-09
     280   1.144899055E-09
     281   6.651101155E-09
     282   6.604096906E-09
     283   6.557589182E-09
     284   6.511571012E-09
     285   6.466035550E-09
     286   1.087380003E-08
     287   1.079828753E-08
     288   1.072355890E-08
     289   1.064960332E-08
     290   1.057641017E-08
     291   1.587279787E-08
     292   1.576445113E-08
     293   1.565720996E-08
     294   1.555105939E-08
     295   1.544598466E-08
     296   2.004669064E-08
     297   1.991214909E-08
     298   1.977895746E-08
     299   1.964709774E-08
     300   1.951655224E-08
     301   2.511867843E-08
     302   2.495287857E-08
     303   2.478871490E-08
     304   2.462616595E-08
     305   2.446521061E-08
     306   3.998150781E-08
     307   3.972188763E-08
     308   3.946478803E-08
     309   3.921017649E-08
     310   3.895802102E-08
     311   3.824531597E-08
     312   3.800093696E-08
     313   3.775889277E-08
     314   3.751915377E-08
     315   3.728169077E-08
     316   4.379054154E-08
     317   4.351512933E-08
     318   4.324230721E-08
     319   4.297204279E-08
     320   4.270430420E-08
     321   5.379629934E-08
     322   5.346319532E-08
     323   5.313317560E-08
     324   5.280620221E-08
     325   5.248223778E-08
     326   5.584214790E-08
     327   5.550164700E-08
     328   5.516425097E-08
     329   5.482992218E-08
     330   5.449862355E-08
     331   6.812153049E-08
     332   6.771239217E-08
     333   6.730692875E-08
     334   6.690509633E-08
     335   6.650685171E-08
     336   6.703770801E-08
     337   6.664103518E-08
     338   6.624787273E-08
     339   6.585817936E-08
     340   6.547191438E-08
     341   8.267263923E-08
     342   8.219058302E-08
     343   8.171273079E-08
     344   8.123903380E-08
     345   8.076944401E-08
     346   9.219147591E-08
     347   9.166163984E-08
     348   9.113635824E-08
     349   9.061557905E-08
     350   9.009925096E-08
     351   8.463493319E-08
     352   8.415541515E-08
     353   8.367996083E-08
     354   8.320852443E-08
     355   8.274106081E-08
     356   1.060433225E-07
     357   1.054509017E-07
     358   1.048634315E-07
     359   1.042808569E-07
     360   1.037031236E-07
     361   9.532555338E-08
     362   9.480034372E-08
     363   9.427946271E-08
     364   9.376286291E-08
     365   9.325049754E-08
     366   1.260360909E-07
     367   1.253511121E-07
     368   1.246717023E-07
     369   1.239978012E-07
     370   1.233293494E-07
     371   1.165458886E-07
     372   1.159209776E-07
     373   1.153010794E-07
     374   1.146861403E-07
     375   1.140761076E-07
     376   1.255009843E-07
     377   1.248369579E-07
     378   1.241781877E-07
     379   1.235246183E-07
     380   1.228761951E-07
     381   1.415701587E-07
     382   1.408308889E-07
     383   1.400973947E-07
     384   1.393696160E-07
     385   1.386474936E-07
     386   1.312830375E-07
     387   1.306063208E-07
     388   1.299348230E-07
     389   1.292684906E-07
     390   1.286072707E-07
     391   1.558696249E-07
     392   1.550763953E-07
     393   1.542892055E-07
     394   1.535079943E-07
     395   1.527327014E-07
     396   1.521913391E-07
     397   1.514265585E-07
     398   1.506675281E-07
     399   1.499141905E-07
     400   1.491664888E-07
     401   1.693759302E-07
     402   1.685353548E-07
     403   1.677010214E-07
     404   1.668728682E-07
     405   1.660508344E-07
     406   1.802734549E-07
     407   1.793897615E-07
     408   1.785125500E-07
     409   1.776417570E-07
     410   1.767773203E-07
     411   1.821824564E-07
     412   1.813002169E-07
     413   1.804243704E-07
     414   1.795548554E-07
     415   1.786916109E-07
     416   1.942305824E-07
     417   1.933012495E-07
     418   1.923785705E-07
     419   1.914624821E-07
     420   1.905529216E-07
     421   2.029485947E-07
     422   2.019890268E-07
     423   2.010362484E-07
     424   2.000901955E-07
     425   1.991508049E-07
     426   2.093837862E-07
     427   2.084053572E-07
     428   2.074337705E-07
     429   2.064689623E-07
     430   2.055108696E-07
     431   2.166828749E-07
     432   2.156820302E-07
     433   2.146881038E-07
     434   2.137010321E-07
     435   2.127207521E-07
     436   2.379595758E-07
     437   2.368730024E-07
     438   2.357938543E-07
     439   2.347220641E-07
     440   2.336575649E-07
     441   2.316871028E-07
     442   2.306411113E-07
     443   2.296021874E-07
     444   2.285702675E-07
     445   2.275452887E-07
     446   2.550800827E-07
     447   2.539413323E-07
     448   2.528101905E-07
     449   2.516865897E-07
     450   2.505704629E-07
     451   2.527247253E-07
     452   2.516089429E-07
     453   2.505005334E-07
     454   2.493994322E-07
     455   2.483055750E-07
     456   2.669001785E-07
     457   2.657346755E-07
     458   2.645767902E-07
     459   2.634264563E-07
     460   2.622836084E-07
     461   2.817338813E-07
     462   2.805168883E-07
     463   2.793077638E-07
     464   2.781064401E-07
     465   2.769128502E-07
     466   2.667904663E-07
     467   2.656503362E-07
     468   2.645174989E-07
     469   2.633918925E-07
     470   2.622734556E-07
     471   3.242078086E-07
     472   3.228369511E-07
     473   3.214747698E-07
     474   3.201211918E-07
     475   3.187761448E-07
     476   3.018042931E-07
     477   3.005415136E-07
     478   2.992866430E-07
     479   2.980396153E-07
     480   2.968003653E-07
     481   3.381168426E-07
     482   3.367167729E-07
     483   3.353253812E-07
     484   3.339425962E-07
     485   3.325683468E-07
     486   3.256038748E-07
     487   3.242694327E-07
     488   3.229431773E-07
     489   3.216250419E-07
     490   3.203149603E-07
     491   3.258904379E-07
     492   3.245683672E-07
     493   3.232543252E-07
     494   3.219482471E-07
     495   3.206500687E-07
     496   3.869619515E-07
     497   3.854078874E-07
     498   3.838631664E-07
     499   3.823277138E-07
     500   3.808014554E-07
     501   3.478220768E-07
     502   3.464390864E-07
     503   3.450643281E-07
     504   3.436977367E-07
     505   3.423392476E-07
     506   3.980982475E-07
     507   3.965309315E-07
     508   3.949728532E-07
     509   3.934239401E-07
     510   3.918841204E-07
     511   3.878342748E-07
     512   3.863222503E-07
     513   3.848190509E-07
     514   3.833246080E-07
     515   3.818388537E-07
     516   3.997969053E-07
     517   3.982532880E-07
     518   3.967185932E-07
     519   3.951927525E-07
     520   3.936756977E-07
     521   4.456716895E-07
     522   4.439674001E-07
     523   4.422728680E-07
     524   4.405880190E-07
     525   4.389127794E-07
     526   3.846945546E-07
     527   3.832373783E-07
     528   3.817884657E-07
     529   3.803477545E-07
     530   3.789151829E-07
     531   4.632283007E-07
     532   4.614901082E-07
     533   4.597616808E-07
     534   4.580429456E-07
     535   4.563338301E-07
     536   4.416185310E-07
     537   4.399768264E-07
     538   4.383442594E-07
     539   4.367207621E-07
     540   4.351062676E-07
     541   4.927769821E-07
     542   4.909619656E-07
     543   4.891569584E-07
     544   4.873618870E-07
     545   4.855766786E-07
     546   4.990009486E-07
     547   4.971797773E-07
     548   4.953685577E-07
     549   4.935672175E-07
     550   4.917756849E-07
     551   4.438217980E-07
     552   4.422166559E-07
     553   4.406202058E-07
     554   4.390323853E-07
     555   4.374531321E-07
     556   5.332788658E-07
     557   5.313674721E-07
     558   5.294663362E-07
     559   5.275753850E-07
     560   5.256945458E-07
     561   4.999880853E-07
     562   4.982119287E-07
     563   4.964452198E-07
     564   4.946878915E-07
     565   4.929398778E-07
     566   5.539979591E-07
     567   5.520472620E-07
     568   5.501068499E-07
     569   5.481766504E-07
     570   5.462565921E-07
     571   5.398079796E-07
     572   5.379238331E-07
     573   5.360495340E-07
     574   5.341850139E-07
     575   5.323302048E-07
     576   5.470415493E-07
     577   5.451486720E-07
     578   5.432656023E-07
     579   5.413922726E-07
     580   5.395286159E-07
     581   5.902299831E-07
     582   5.882051805E-07
     583   5.861907792E-07
     584   5.841867081E-07
     585   5.821928968E-07
     586   5.590970394E-07
     587   5.571953488E-07
     588   5.553033442E-07
     589   5.534209600E-07
     590   5.515481311E-07
     591   6.216035698E-07
     592   6.195070990E-07
     593   6.174212166E-07
     594   6.153458511E-07
     595   6.132809322E-07
     596   6.284597439E-07
     597   6.263578718E-07
     598   6.242665267E-07
     599   6.221856382E-07
     600   6.201151369E-07
     601   6.447268047E-07
     602   6.425884073E-07
     603   6.404606311E-07
     604   6.383434059E-07
     605   6.362366620E-07
     606   6.497293791E-07
     607   6.475921114E-07
     608   6.454653721E-07
     609   6.433490922E-07
     610   6.412432032E-07
     611   6.158298217E-07
     612   6.138205890E-07
     613   6.118211734E-07
     614   6.098315110E-07
     615   6.078515386E-07
     616   7.130829531E-07
     617   7.107752412E-07
     618   7.084787138E-07
     619   7.061932986E-07
     620   7.039189240E-07
     621   6.848722966E-07
     622   6.826736696E-07
     623   6.804856130E-07
     624   6.783080590E-07
     625   6.761409406E-07
     626   7.215930959E-07
     627   7.192950287E-07
     628   7.170079221E-07
     629   7.147317065E-07
     630   7.124663128E-07
     631   6.984322240E-07
     632   6.962254871E-07
     633   6.940291922E-07
     634   6.918432734E-07
     635   6.896676657E-07
     636   7.375813193E-07
     637   7.352691521E-07
     638   7.329678402E-07
     639   7.306773157E-07
     640   7.283975113E-07
     641   7.732169676E-07
     642   7.708119381E-07
     643   7.684181122E-07
     644   7.660354204E-07
     645   7.636637937E-07
     646   7.225357543E-07
     647   7.203057057E-07
     648   7.180859655E-07
     649   7.158764702E-07
     650   7.136771569E-07
     651   7.922821817E-07
     652   7.898555900E-07
     653   7.874401295E-07
     654   7.850357322E-07
     655   7.826423305E-07
     656   7.629507542E-07
     657   7.606317550E-07
     658   7.583233126E-07
     659   7.560253632E-07
     660   7.537378432E-07
     661   7.923702512E-07
     662   7.899799941E-07
     663   7.876005363E-07
     664   7.852318128E-07
     665   7.828737594E-07
     666   8.198744943E-07
     667   8.174197803E-07
     668   8.149760739E-07
     669   8.125433095E-07
     670   8.101214219E-07
     671   7.840627237E-07
     672   7.817326710E-07
     673   7.794129895E-07
     674   7.771036177E-07
     675   7.748044945E-07
     676   8.590560220E-07
     677   8.565219334E-07
     678   8.539990411E-07
     679   8.514872792E-07
     680   8.489865824E-07
     681   8.180843909E-07
     682   8.156888289E-07
     683   8.133037739E-07
     684   8.109291643E-07
     685   8.085649394E-07
     686   8.948255175E-07
     687   8.922242805E-07
     688   8.896343697E-07
     689   8.870557194E-07
     690   8.844882643E-07
     691   8.601199749E-07
     692   8.576376662E-07
     693   8.551660879E-07
     694   8.527051783E-07
     695   8.502548761E-07
     696   8.507503615E-07
     697   8.483126814E-07
     698   8.458854634E-07
     699   8.434686478E-07
     700   8.410621752E-07
     701   9.504832923E-07
     702   9.477792146E-07
     703   9.450866601E-07
     704   9.424055631E-07
     705   9.397358590E-07
     706   8.509926449E-07
     707   8.485887109E-07
     708   8.461949487E-07
     709   8.438113009E-07
     710   8.414377108E-07
     711   9.500687874E-07
     712   9.474037978E-07
     713   9.447500056E-07
     714   9.421073483E-07
     715   9.394757635E-07
     716   9.021479454E-07
     717   8.996349985E-07
     718   8.971325367E-07
     719   8.946405019E-07
     720   8.921588362E-07
     721   9.509146223E-07
     722   9.482841530E-07
     723   9.456645836E-07
     724   9.430558537E-07
     725   9.404579037E-07
     726   9.752405875E-07
     727   9.725613551E-07
     728   9.698931483E-07
     729   9.672359068E-07
     730   9.645895706E-07
     731   9.102797525E-07
     732   9.077960424E-07
     733   9.053224837E-07
     734   9.028590211E-07
     735   9.004055999E-07
     736   1.000883266E-06
     737   9.981708455E-07
     738   9.954694359E-07
     739   9.927789780E-07
     740   9.900994126E-07
     741   9.690355556E-07
     742   9.664271154E-07
     743   9.638291930E-07
     744   9.612417321E-07
     745   9.586646765E-07
     746   1.018213671E-06
     747   1.015491174E-06
     748   1.012779582E-06
     749   1.010078837E-06
     750   1.007388880E-06
     751   1.004637446E-06
     752   1.001969086E-06
     753   9.993113430E-07
     754   9.966641607E-07
     755   9.940274830E-07
     756   9.408302995E-07
     757   9.383478976E-07
     758   9.358753077E-07
     759   9.334124779E-07
     760   9.309593571E-07
     761   1.083203936E-06
     762   1.080364607E-06
     763   1.077536427E-06
     764   1.074719339E-06
     765   1.071913283E-06
     766   9.998521249E-07
     767   9.972483433E-07
     768   9.946547195E-07
     769   9.920712008E-07
     770   9.894977346E-07
     771   1.042822204E-06
     772   1.040124087E-06
     773   1.037436428E-06
     774   1.034759173E-06
     775   1.032092268E-06
     776   1.013940414E-06
     777   1.011333884E-06
     778   1.008737391E-06
     779   1.006150885E-06
     780   1.003574314E-06
     781   1.053730194E-06
     782   1.051038673E-06
     783   1.048357452E-06
     784   1.045686478E-06
     785   1.043025698E-06
     786   1.055472592E-06
     787   1.052793728E-06
     788   1.050125049E-06
     789   1.047466505E-06
     790   1.044818043E-06
     791   1.044357197E-06
     792   1.041723257E-06
     793   1.039099269E-06
     794   1.036485183E-06
     795   1.033880949E-06
     796   1.080820178E-06
     797   1.078111355E-06
     798   1.075412704E-06
     799   1.072724172E-06
     800   1.070045709E-06
     801   1.077913325E-06
     802   1.075228609E-06
     803   1.072553911E-06
     804   1.069889181E-06
     805   1.067234369E-06
     806   1.076016275E-06
     807   1.073352869E-06
     808   1.070699339E-06
     809   1.068055637E-06
     810   1.065421714E-06
     811   1.059199396E-06
     812   1.056593739E-06
     813   1.053997686E-06
     814   1.051411189E-06
     815   1.048834200E-06
     816   1.037862191E-06
     817   1.035324631E-06
     818   1.032796365E-06
     819   1.030277350E-06
     820   1.027767539E-06
     821   1.097931854E-06
     822   1.095263733E-06
     823   1.092605326E-06
     824   1.089956586E-06
     825   1.087317465E-06
     826   1.069433979E-06
     827   1.066850805E-06
     828   1.064276980E-06
     829   1.061712457E-06
     830   1.059157192E-06
     831   1.115039367E-06
     832   1.112362202E-06
     833   1.109694667E-06
     834   1.107036715E-06
     835   1.104388302E-06
     836   1.057502578E-06
     837   1.054978706E-06
     838   1.052463858E-06
     839   1.049957991E-06
     840   1.047461064E-06
     841   1.050830000E-06
     842   1.048336928E-06
     843   1.045852717E-06
     844   1.043377326E-06
     845   1.040910713E-06
     846   1.115767197E-06
     847   1.113135671E-06
     848   1.110513443E-06
     849   1.107900470E-06
     850   1.105296709E-06
     851   1.054422815E-06
     852   1.051950546E-06
     853   1.049486962E-06
     854   1.047032022E-06
     855   1.044585685E-06
     856   1.092698406E-06
     857   1.090151324E-06
     858   1.087613137E-06
     859   1.085083804E-06
     860   1.082563284E-06
     861   1.025396214E-06
     862   1.023019862E-06
     863   1.020651760E-06
     864   1.018291872E-06
     865   1.015940158E-06
     866   1.073393952E-06
     867   1.070920694E-06
     868   1.068455974E-06
     869   1.065999754E-06
     870   1.063551993E-06
     871   1.100361621E-06
     872   1.097840746E-06
     873   1.095328525E-06
     874   1.092824917E-06
     875   1.090329883E-06
     876   1.044161981E-06
     877   1.041783480E-06
     878   1.039413097E-06
     879   1.037050794E-06
     880   1.034696536E-06
     881   1.089141082E-06
     882   1.086674171E-06
     883   1.084215632E-06
     884   1.081765428E-06
     885   1.079323519E-06
     886   1.054747773E-06
     887   1.052372214E-06
     888   1.050004673E-06
     889   1.047645112E-06
     890   1.045293495E-06
     891   1.076934716E-06
     892   1.074522768E-06
     893   1.072118914E-06
     894   1.069723117E-06
     895   1.067335343E-06
     896   1.059946167E-06
     897   1.057585485E-06
     898   1.055232681E-06
     899   1.052887719E-06
     900   1.050550566E-06
     901   1.022822658E-06
     902   1.020557270E-06
     903   1.018299400E-06
     904   1.016049015E-06
     905   1.013806081E-06
     906   1.078458453E-06
     907   1.076082994E-06
     908   1.073715375E-06
     909   1.071355561E-06
     910   1.069003518E-06
     911   1.017258625E-06
     912   1.015030239E-06
     913   1.012809166E-06
     914   1.010595375E-06
     915   1.008388835E-06
     916   1.059534794E-06
     917   1.057226439E-06
     918   1.054925620E-06
     919   1.052632303E-06
     920   1.050346457E-06
     921   1.006091018E-06
     922   1.003910973E-06
     923   1.001738005E-06
     924   9.995720854E-07
     925   9.974131825E-07
     926   9.871270891E-07
     927   9.849996600E-07
     928   9.828791010E-07
     929   9.807653825E-07
     930   9.786584751E-07
     931   1.056280705E-06
     932   1.054016438E-06
     933   1.051759444E-06
     934   1.049509691E-06
     935   1.047267149E-06
     936   9.543230992E-07
     937   9.522882952E-07
     938   9.502599921E-07
     939   9.482381623E-07
     940   9.462227784E-07
     941   1.014367860E-06
     942   1.012216496E-06
     943   1.010071970E-06
     944   1.007934251E-06
     945   1.005803312E-06
     946   9.778323600E-07
     947   9.757694225E-07
     948   9.737130064E-07
     949   9.716630843E-07
     950   9.696196288E-07
     951   9.896325706E-07
     952   9.875556921E-07
     953   9.854853448E-07
     954   9.834215011E-07
     955   9.813641340E-07
     956   9.792894808E-07
     957   9.772450351E-07
     958   9.752069850E-07
     959   9.731753038E-07
     960   9.711499649E-07
     961   9.141588914E-07
     962   9.122603267E-07
     963   9.103676705E-07
     964   9.084808981E-07
     965   9.065999853E-07
     966   9.859304131E-07
     967   9.838933668E-07
     968   9.818626271E-07
     969   9.798381681E-07
     970   9.778199638E-07
     971   8.909657651E-07
     972   8.891343863E-07
     973   8.873086484E-07
     974   8.854885281E-07
     975   8.836740024E-07
     976   9.411712056E-07
     977   9.392465201E-07
     978   9.373277325E-07
     979   9.354148188E-07
     980   9.335077549E-07
     981   8.905401363E-07
     982   8.887282540E-07
     983   8.869218957E-07
     984   8.851210391E-07
     985   8.833256617E-07
     986   8.506460327E-07
     987   8.489240771E-07
     988   8.472073449E-07
     989   8.454958149E-07
     990   8.437894662E-07
     991   8.917615807E-07
     992   8.899654849E-07
     993   8.881748099E-07
     994   8.863895339E-07
     995   8.846096352E-07
     996   8.654708081E-07
     997   8.637363976E-07
     998   8.620071956E-07
     999   8.602831812E-07
    1000   8.585643337E-07
    1001   8.466134985E-07
    1002   8.449253360E-07
    1003   8.432422178E-07
    1004   8.415641238E-07
    1005   8.398910341E-07
    1006   8.151953432E-07
    1007   8.135778921E-07
    1008   8.119652501E-07
    1009   8.103573982E-07
    1010   8.087543173E-07
    1011   7.982886766E-07
    1012   7.967125884E-07
    1013   7.951411632E-07
    1014   7.935743826E-07
    1015   7.920122283E-07
    1016   8.208513975E-07
    1017   8.192387229E-07
    1018   8.176307960E-07
    1019   8.160275984E-07
    1020   8.144291114E-07
    1021   7.745215746E-07
    1022   7.730073585E-07
    1023   7.714975785E-07
    1024   7.699922173E-07
    1025   7.684912579E-07
    1026   7.667967376E-07
    1027   7.653049151E-07
    1028   7.638174420E-07
    1029   7.623343014E-07
    1030   7.608554763E-07
    1031   7.465981532E-07
    1032   7.451526582E-07
    1033   7.437113572E-07
    1034   7.422742338E-07
    1035   7.408412719E-07
    1036   7.423803917E-07
    1037   7.409499863E-07
    1038   7.395237111E-07
    1039   7.381015501E-07
    1040   7.366834876E-07
    1041   7.466517766E-07
    1042   7.452200379E-07
    1043   7.437924133E-07
    1044   7.423688871E-07
    1045   7.409494437E-07
    1046   7.055398597E-07
    1047   7.041934096E-07
    1048   7.028508101E-07
    1049   7.015120467E-07
    1050   7.001771046E-07
    1051   6.975374804E-07
    1052   6.962126229E-07
    1053   6.948915363E-07
    1054   6.935742064E-07
    1055   6.922606189E-07
    1056   6.676251560E-07
    1057   6.663631046E-07
    1058   6.651046285E-07
    1059   6.638497141E-07
    1060   6.625983480E-07
    1061   6.688128979E-07
    1062   6.675545481E-07
    1063   6.662997464E-07
    1064   6.650484792E-07
    1065   6.638007335E-07
    1066   6.633903592E-07
    1067   6.621480551E-07
    1068   6.609092374E-07
    1069   6.596738931E-07
    1070   6.584420090E-07
    1071   6.444356304E-07
    1072   6.432344456E-07
    1073   6.420366161E-07
    1074   6.408421294E-07
    1075   6.396509730E-07
    1076   6.172842989E-07
    1077   6.161390590E-07
    1078   6.149970033E-07
    1079   6.138581199E-07
    1080   6.127223972E-07
    1081   6.360568576E-07
    1082   6.348822374E-07
    1083   6.337108680E-07
    1084   6.325427373E-07
    1085   6.313778336E-07
    1086   6.151487942E-07
    1087   6.140180059E-07
    1088   6.128903328E-07
    1089   6.117657634E-07
    1090   6.106442863E-07
    1091   5.936603429E-07
    1092   5.925740477E-07
    1093   5.914907313E-07
    1094   5.904103829E-07
    1095   5.893329917E-07
    1096   5.870312611E-07
    1097   5.859619874E-07
    1098   5.848956326E-07
    1099   5.838321860E-07
    1100   5.827716370E-07
    1101   5.836849728E-07
    1102   5.826266139E-07
    1103   5.815711309E-07
    1104   5.805185134E-07
    1105   5.794687512E-07
    1106   5.490967850E-07
    1107   5.481056355E-07
    1108   5.471171673E-07
    1109   5.461313706E-07
    1110   5.451482358E-07
    1111   5.557339055E-07
    1112   5.547352821E-07
    1113   5.537393481E-07
    1114   5.527460936E-07
    1115   5.517555092E-07
    1116   5.367056134E-07
    1117   5.357454960E-07
    1118   5.347879526E-07
    1119   5.338329742E-07
    1120   5.328805514E-07
    1121   5.502018819E-07
    1122   5.492220032E-07
    1123   5.482447399E-07
    1124   5.472700825E-07
    1125   5.462980220E-07
    1126   5.241312271E-07
    1127   5.232019164E-07
    1128   5.222750751E-07
    1129   5.213506945E-07
    1130   5.204287657E-07
    1131   5.211710935E-07
    1132   5.202511092E-07
    1133   5.193335587E-07
    1134   5.184184335E-07
    1135   5.175057250E-07
    1136   5.156791776E-07
    1137   5.147728873E-07
    1138   5.138689841E-07
    1139   5.129674596E-07
    1140   5.120683054E-07
    1141   5.086220737E-07
    1142   5.077320963E-07
    1143   5.068444528E-07
    1144   5.059591350E-07
    1145   5.050761347E-07
    1146   5.219835234E-07
    1147   5.210741444E-07
    1148   5.201671398E-07
    1149   5.192625013E-07
    1150   5.183602207E-07
    1151   4.908808191E-07
    1152   4.900293346E-07
    1153   4.891800637E-07
    1154   4.883329986E-07
    1155   4.874881319E-07
    1156   5.055149176E-07
    1157   5.046418348E-07
    1158   5.037710120E-07
    1159   5.029024413E-07
    1160   5.020361149E-07
    1161   4.912153588E-07
    1162   4.903706205E-07
    1163   4.895280593E-07
    1164   4.886876678E-07
    1165   4.878494385E-07
    1166   5.025177226E-07
    1167   5.016572470E-07
    1168   5.007989797E-07
    1169   4.999429131E-07
    1170   4.990890396E-07
    1171   5.146150331E-07
    1172   5.137375991E-07
    1173   5.128624073E-07
    1174   5.119894500E-07
    1175   5.111187197E-07
    1176   4.862934072E-07
    1177   4.854677817E-07
    1178   4.846442571E-07
    1179   4.838228261E-07
    1180   4.830034818E-07
    1181   5.051123458E-07
    1182   5.042583942E-07
    1183   5.034066064E-07
    1184   5.025569750E-07
    1185   5.017094927E-07
    1186   5.173515182E-07
    1187   5.164805560E-07
    1188   5.156117914E-07
    1189   5.147452170E-07
    1190   5.138808254E-07
    1191   5.044178096E-07
    1192   5.035721804E-07
    1193   5.027286759E-07
    1194   5.018872890E-07
    1195   5.010480126E-07
    1196   5.301293554E-07
    1197   5.292443314E-07
    1198   5.283615219E-07
    1199   5.274809193E-07
    1200   5.266025165E-07
    1201   5.133407601E-07
    1202   5.124873257E-07
    1203   5.116360179E-07
    1204   5.107868295E-07
    1205   5.099397535E-07
    1206   5.445100936E-07
    1207   5.436085868E-07
    1208   5.427093170E-07
    1209   5.418122768E-07
    1210   5.409174589E-07
    1211   5.294274358E-07
    1212   5.285545134E-07
    1213   5.276837481E-07
    1214   5.268151329E-07
    1215   5.259486606E-07
    1216   5.468446639E-07
    1217   5.459467253E-07
    1218   5.450509964E-07
    1219   5.441574702E-07
    1220   5.432661394E-07
    1221   5.687812416E-07
    1222   5.678511006E-07
    1223   5.669232393E-07
    1224   5.659976504E-07
    1225   5.650743263E-07
    1226   5.592831499E-07
    1227   5.583722653E-07
    1228   5.574636041E-07
    1229   5.565571592E-07
    1230   5.556529234E-07
    1231   6.151145954E-07
    1232   6.141168426E-07
    1233   6.131215155E-07
    1234   6.121286062E-07
    1235   6.111381068E-07
    1236   6.055173947E-07
    1237   6.045391760E-07
    1238   6.035633258E-07
    1239   6.025898366E-07
    1240   6.016187006E-07
    1241   6.214087381E-07
    1242   6.204088849E-07
    1243   6.194114430E-07
    1244   6.184164045E-07
    1245   6.174237618E-07
    1246   6.584101981E-07
    1247   6.573550536E-07
    1248   6.563024434E-07
    1249   6.552523595E-07
    1250   6.542047938E-07
    1251   6.496409120E-07
    1252   6.486039752E-07
    1253   6.475695191E-07
    1254   6.465375358E-07
    1255   6.455080174E-07
    1256   7.114535957E-07
    1257   7.103225089E-07
    1258   7.091941173E-07
    1259   7.080684123E-07
    1260   7.069453855E-07
    1261   6.950758895E-07
    1262   6.939752151E-07
    1263   6.928771531E-07
    1264   6.917816951E-07
    1265   6.906888330E-07
    1266   7.491703785E-07
    1267   7.479887217E-07
    1268   7.468098585E-07
    1269   7.456337800E-07
    1270   7.444604774E-07
    1271   7.863061579E-07
    1272   7.850707986E-07
    1273   7.838383484E-07
    1274   7.826087980E-07
    1275   7.813821385E-07
    1276   8.043618879E-07
    1277   8.031031056E-07
    1278   8.018472759E-07
    1279   8.005943895E-07
    1280   7.993444373E-07
    1281   8.480929459E-07
    1282   8.467708993E-07
    1283   8.454519415E-07
    1284   8.441360630E-07
    1285   8.428232542E-07
    1286   8.660178203E-07
    1287   8.646730721E-07
    1288   8.633314537E-07
    1289   8.619929553E-07
    1290   8.606575673E-07
    1291   9.446175414E-07
    1292   9.431564161E-07
    1293   9.416986782E-07
    1294   9.402443173E-07
    1295   9.387933230E-07
    1296   9.538315476E-07
    1297   9.523618534E-07
    1298   9.508955534E-07
    1299   9.494326371E-07
    1300   9.479730943E-07
    1301   9.986087315E-07
    1302   9.970759476E-07
    1303   9.955466900E-07
    1304   9.940209480E-07
    1305   9.924987107E-07
    1306   1.040970814E-06
    1307   1.039379115E-06
    1308   1.037791065E-06
    1309   1.036206651E-06
    1310   1.034625862E-06
    1311   1.092002358E-06
    1312   1.090338988E-06
    1313   1.088679416E-06
    1314   1.087023629E-06
    1315   1.085371618E-06
    1316   1.173290630E-06
    1317   1.171510219E-06
    1318   1.169733858E-06
    1319   1.167961534E-06
    1320   1.166193235E-06
    1321   1.191269238E-06
    1322   1.189468378E-06
    1323   1.187671598E-06
    1324   1.185878886E-06
    1325   1.184090230E-06
    1326   1.274540146E-06
    1327   1.272620657E-06
    1328   1.270705502E-06
    1329   1.268794667E-06
    1330   1.266888138E-06
    1331   1.319997260E-06
    1332   1.318016769E-06
    1333   1.316040732E-06
    1334   1.314069135E-06
    1335   1.312101966E-06
    1336   1.377622314E-06
    1337   1.375563088E-06
    1338   1.373508476E-06
    1339   1.371458463E-06
    1340   1.369413037E-06
    1341   1.419396684E-06
    1342   1.417282914E-06
    1343   1.415173862E-06
    1344   1.413069514E-06
    1345   1.410969856E-06
    1346   1.456268527E-06
    1347   1.454107891E-06
    1348   1.451952061E-06
    1349   1.449801020E-06
    1350   1.447654757E-06
    1351   1.512986234E-06
    1352   1.510749743E-06
    1353   1.508518207E-06
    1354   1.506291612E-06
    1355   1.504069943E-06
    1356   1.578428941E-06
    1357   1.576104304E-06
    1358   1.573784798E-06
    1359   1.571470408E-06
    1360   1.569161120E-06
    1361   1.612470962E-06
    1362   1.610104900E-06
    1363   1.607744043E-06
    1364   1.605388374E-06
    1365   1.603037878E-06
    1366   1.636351183E-06
    1367   1.633958857E-06
    1368   1.631571773E-06
    1369   1.629189916E-06
    1370   1.626813272E-06
    1371   1.702409711E-06
    1372   1.699929871E-06
    1373   1.697455446E-06
    1374   1.694986420E-06
    1375   1.692522777E-06
    1376   1.846720960E-06
    1377   1.844040668E-06
    1378   1.841366207E-06
    1379   1.838697561E-06
    1380   1.836034711E-06
    1381   1.861006045E-06
    1382   1.858314786E-06
    1383   1.855629360E-06
    1384   1.852949751E-06
    1385   1.850275941E-06
    1386   1.988635191E-06
    1387   1.985769722E-06
    1388   1.982910442E-06
    1389   1.980057334E-06
    1390   1.977210379E-06
    1391   1.991987303E-06
    1392   1.989127307E-06
    1393   1.986273465E-06
    1394   1.983425761E-06
    1395   1.980584177E-06
    1396   2.140365217E-06
    1397   2.137303179E-06
    1398   2.134247706E-06
    1399   2.131198780E-06
    1400   2.128156384E-06
    1401   2.226940053E-06
    1402   2.223765513E-06
    1403   2.220597755E-06
    1404   2.217436762E-06
    1405   2.214282514E-06
    1406   2.229189158E-06
    1407   2.226022696E-06
    1408   2.222862976E-06
    1409   2.219709979E-06
    1410   2.216563685E-06
    1411   2.375087484E-06
    1412   2.371725719E-06
    1413   2.368371085E-06
    1414   2.365023564E-06
    1415   2.361683136E-06
    1416   2.440870440E-06
    1417   2.437427746E-06
    1418   2.433992329E-06
    1419   2.430564171E-06
    1420   2.427143250E-06
    1421   2.591070170E-06
    1422   2.587428469E-06
    1423   2.583794440E-06
    1424   2.580168062E-06
    1425   2.576549313E-06
    1426   2.734787092E-06
    1427   2.730956858E-06
    1428   2.727134665E-06
    1429   2.723320491E-06
    1430   2.719514312E-06
    1431   2.752303979E-06
    1432   2.748462661E-06
    1433   2.744629380E-06
    1434   2.740804112E-06
    1435   2.736986837E-06
    1436   2.897424641E-06
    1437   2.893394843E-06
    1438   2.889373447E-06
    1439   2.885360428E-06
    1440   2.881355764E-06
    1441   2.930203716E-06
    1442   2.926142449E-06
    1443   2.922089620E-06
    1444   2.918045206E-06
    1445   2.914009182E-06
    1446   3.016358862E-06
    1447   3.012192620E-06
    1448   3.008035005E-06
    1449   3.003885991E-06
    1450   2.999745555E-06
    1451   3.129449027E-06
    1452   3.125141458E-06
    1453   3.120842776E-06
    1454   3.116552958E-06
    1455   3.112271979E-06
    1456   3.083945494E-06
    1457   3.079715116E-06
    1458   3.075493436E-06
    1459   3.071280432E-06
    1460   3.067076078E-06
    1461   3.352212878E-06
    1462   3.347630222E-06
    1463   3.343056957E-06
    1464   3.338493057E-06
    1465   3.333938496E-06
    1466   3.303977416E-06
    1467   3.299476085E-06
    1468   3.294983946E-06
    1469   3.290500974E-06
    1470   3.286027146E-06
    1471   3.492724940E-06
    1472   3.487982611E-06
    1473   3.483249935E-06
    1474   3.478526884E-06
    1475   3.473813433E-06
    1476   3.530228201E-06
    1477   3.525451167E-06
    1478   3.520683823E-06
    1479   3.515926142E-06
    1480   3.511178098E-06
    1481   3.710839898E-06
    1482   3.705835393E-06
    1483   3.700841006E-06
    1484   3.695856708E-06
    1485   3.690882473E-06
    1486   3.901285200E-06
    1487   3.896041537E-06
    1488   3.890808439E-06
    1489   3.885585877E-06
    1490   3.880373823E-06
    1491   3.874016008E-06
    1492   3.868826436E-06
    1493   3.863647284E-06
    1494   3.858478525E-06
    1495   3.853320131E-06
    1496   3.984184782E-06
    1497   3.978865443E-06
    1498   3.973556750E-06
    1499   3.968258675E-06
    1500   3.962971188E-06
    1501   4.097614121E-06
    1502   4.092161540E-06
    1503   4.086719836E-06
    1504   4.081288979E-06
    1505   4.075868941E-06
    1506   4.211947419E-06
    1507   4.206361282E-06
    1508   4.200786250E-06
    1509   4.195222295E-06
    1510   4.189669387E-06
    1511   4.382830766E-06
    1512   4.377037202E-06
    1513   4.371255119E-06
    1514   4.365484485E-06
    1515   4.359725270E-06
    1516   4.418472280E-06
    1517   4.412650841E-06
    1518   4.406840899E-06
    1519   4.401042424E-06
    1520   4.395255386E-06
    1521   4.607614179E-06
    1522   4.601563471E-06
    1523   4.595524674E-06
    1524   4.589497756E-06
    1525   4.583482687E-06
    1526   4.852131432E-06
    1527   4.845780474E-06
    1528   4.839441978E-06
    1529   4.833115910E-06
    1530   4.826802238E-06
    1531   4.970350225E-06
    1532   4.963865750E-06
    1533   4.957393956E-06
    1534   4.950934811E-06
    1535   4.944488281E-06
    1536   5.041491576E-06
    1537   5.034935670E-06
    1538   5.028392544E-06
    1539   5.021862164E-06
    1540   5.015344498E-06
    1541   5.081960707E-06
    1542   5.075373591E-06
    1543   5.068799272E-06
    1544   5.062237720E-06
    1545   5.055688900E-06
    1546   5.338033502E-06
    1547   5.331136818E-06
    1548   5.324253490E-06
    1549   5.317383486E-06
    1550   5.310526770E-06
    1551   5.182377398E-06
    1552   5.175703377E-06
    1553   5.169042240E-06
    1554   5.162393954E-06
    1555   5.155758487E-06
    1556   5.402441473E-06
    1557   5.395506375E-06
    1558   5.388584622E-06
    1559   5.381676181E-06
    1560   5.374781016E-06
    1561   5.392419019E-06
    1562   5.385518931E-06
    1563   5.378632078E-06
    1564   5.371758426E-06
    1565   5.364897943E-06
    1566   5.525169540E-06
    1567   5.518122130E-06
    1568   5.511088195E-06
    1569   5.504067700E-06
    1570   5.497060612E-06
    1571   5.666604655E-06
    1572   5.659399818E-06
    1573   5.652208712E-06
    1574   5.645031305E-06
    1575   5.637867559E-06
    1576   5.749490352E-06
    1577   5.742203292E-06
    1578   5.734930077E-06
    1579   5.727670672E-06
    1580   5.720425042E-06
    1581   5.879071013E-06
    1582   5.871643254E-06
    1583   5.864229563E-06
    1584   5.856829904E-06
    1585   5.849444243E-06
    1586   6.017515319E-06
    1587   6.009936585E-06
    1588   6.002372159E-06
    1589   5.994822005E-06
    1590   5.987286088E-06
    1591   6.165599509E-06
    1592   6.157858643E-06
    1593   6.150132346E-06
    1594   6.142420582E-06
    1595   6.134723313E-06
    1596   6.116330948E-06
    1597   6.108675966E-06
    1598   6.101035345E-06
    1599   6.093409051E-06
    1600   6.085797047E-06
    1601   6.228971603E-06
    1602   6.221199961E-06
    1603   6.213442853E-06
    1604   6.205700246E-06
    1605   6.197972101E-06
    1606   6.384975073E-06
    1607   6.377033562E-06
    1608   6.369106858E-06
    1609   6.361194924E-06
    1610   6.353297723E-06
    1611   6.558328613E-06
    1612   6.550196774E-06
    1613   6.542080049E-06
    1614   6.533978402E-06
    1615   6.525891795E-06
    1616   6.655742750E-06
    1617   6.647515627E-06
    1618   6.639303748E-06
    1619   6.631107077E-06
    1620   6.622925575E-06
    1621   6.698305940E-06
    1622   6.690051712E-06
    1623   6.681812732E-06
    1624   6.673588963E-06
    1625   6.665380366E-06
    1626   6.980151384E-06
    1627   6.971576259E-06
    1628   6.963016927E-06
    1629   6.954473348E-06
    1630   6.945945483E-06
    1631   7.226444818E-06
    1632   7.217594304E-06
    1633   7.208760039E-06
    1634   7.199941984E-06
    1635   7.191140099E-06
    1636   7.162169195E-06
    1637   7.153424178E-06
    1638   7.144695167E-06
    1639   7.135982124E-06
    1640   7.127285010E-06
    1641   7.350600915E-06
    1642   7.341653135E-06
    1643   7.332721684E-06
    1644   7.323806521E-06
    1645   7.314907606E-06
    1646   7.329370216E-06
    1647   7.320475349E-06
    1648   7.311596665E-06
    1649   7.302734123E-06
    1650   7.293887686E-06
    1651   7.444765805E-06
    1652   7.435758224E-06
    1653   7.426766981E-06
    1654   7.417792036E-06
    1655   7.408833350E-06
    1656   7.357249370E-06
    1657   7.348374521E-06
    1658   7.339515721E-06
    1659   7.330672931E-06
    1660   7.321846113E-06
    1661   7.297406901E-06
    1662   7.288630705E-06
    1663   7.279870332E-06
    1664   7.271125743E-06
    1665   7.262396900E-06
    1666   7.474873823E-06
    1667   7.465911145E-06
    1668   7.456964577E-06
    1669   7.448034080E-06
    1670   7.439119617E-06
    1671   7.574500091E-06
    1672   7.565445100E-06
    1673   7.556406336E-06
    1674   7.547383762E-06
    1675   7.538377337E-06
    1676   7.775548152E-06
    1677   7.766280514E-06
    1678   7.757029436E-06
    1679   7.747794877E-06
    1680   7.738576798E-06
    1681   7.869917471E-06
    1682   7.860565222E-06
    1683   7.851229634E-06
    1684   7.841910667E-06
    1685   7.832608282E-06
    1686   7.894526530E-06
    1687   7.885172826E-06
    1688   7.875835735E-06
    1689   7.866515220E-06
    1690   7.857211240E-06
    1691   8.099658875E-06
    1692   8.090090465E-06
    1693   8.080539001E-06
    1694   8.071004441E-06
    1695   8.061486747E-06
    1696   8.014941437E-06
    1697   8.005500988E-06
    1698   7.996077208E-06
    1699   7.986670059E-06
    1700   7.977279500E-06
    1701   8.216396860E-06
    1702   8.206747539E-06
    1703   8.197115206E-06
    1704   8.187499822E-06
    1705   8.177901346E-06
    1706   8.112430369E-06
    1707   8.102931036E-06
    1708   8.093448378E-06
    1709   8.083982356E-06
    1710   8.074532932E-06
    1711   8.193550716E-06
    1712   8.183984398E-06
    1713   8.174434825E-06
    1714   8.164901956E-06
    1715   8.155385754E-06
    1716   8.554463075E-06
    1717   8.544504445E-06
    1718   8.534563195E-06
    1719   8.524639284E-06
    1720   8.514732673E-06
    1721   8.491863843E-06
    1722   8.482006776E-06
    1723   8.472166861E-06
    1724   8.462344059E-06
    1725   8.452538330E-06
    1726   8.937812217E-06
    1727   8.927467527E-06
    1728   8.917140786E-06
    1729   8.906831952E-06
    1730   8.896540985E-06
    1731   8.813792023E-06
    1732   8.803620307E-06
    1733   8.793466189E-06
    1734   8.783329628E-06
    1735   8.773210585E-06
    1736   8.997049693E-06
    1737   8.986696356E-06
    1738   8.976360880E-06
    1739   8.966043224E-06
    1740   8.955743347E-06
    1741   9.097248735E-06
    1742   9.086810125E-06
    1743   9.076389471E-06
    1744   9.065986733E-06
    1745   9.055601868E-06
    1746   8.879306605E-06
    1747   8.869147215E-06
    1748   8.859005251E-06
    1749   8.848880674E-06
    1750   8.838773443E-06
    1751   9.080260931E-06
    1752   9.069901249E-06
    1753   9.059559286E-06
    1754   9.049235002E-06
    1755   9.038928356E-06
    1756   8.889997618E-06
    1757   8.879883855E-06
    1758   8.869787341E-06
    1759   8.859708038E-06
    1760   8.849645905E-06
    1761   9.104882076E-06
    1762   9.094553226E-06
    1763   9.084241941E-06
    1764   9.073948182E-06
    1765   9.063671910E-06
    1766   8.825782056E-06
    1767   8.815798140E-06
    1768   8.805831155E-06
    1769   8.795881063E-06
    1770   8.785947827E-06
    1771   8.953112921E-06
    1772   8.943013527E-06
    1773   8.932931211E-06
    1774   8.922865937E-06
    1775   8.912817664E-06
    1776   9.203847609E-06
    1777   9.193494575E-06
    1778   9.183158999E-06
    1779   9.172840843E-06
    1780   9.162540067E-06
    1781   9.182642293E-06
    1782   9.172342078E-06
    1783   9.162059183E-06
    1784   9.151793570E-06
    1785   9.141545201E-06
    1786   9.305717647E-06
    1787   9.295308567E-06
    1788   9.284916942E-06
    1789   9.274542733E-06
    1790   9.264185902E-06
    1791   9.160260583E-06
    1792   9.150042779E-06
    1793   9.139842063E-06
    1794   9.129658395E-06
    1795   9.119491737E-06
    1796   9.219042491E-06
    1797   9.208787716E-06
    1798   9.198550042E-06
    1799   9.188329431E-06
    1800   9.178125845E-06
    1801   9.122649057E-06
    1802   9.112529646E-06
    1803   9.102427063E-06
    1804   9.092341271E-06
    1805   9.082272233E-06
    1806   8.915427990E-06
    1807   8.905565791E-06
    1808   8.895719947E-06
    1809   8.885890422E-06
    1810   8.876077180E-06
    1811   9.020504734E-06
    1812   9.010553819E-06
    1813   9.000619361E-06
    1814   8.990701323E-06
    1815   8.980799669E-06
    1816   8.943481512E-06
    1817   8.933642699E-06
    1818   8.923820112E-06
    1819   8.914013716E-06
    1820   8.904223476E-06
    1821   9.313857595E-06
    1822   9.303639430E-06
    1823   9.293438070E-06
    1824   9.283253481E-06
    1825   9.273085624E-06
    1826   9.248738689E-06
    1827   9.238619719E-06
    1828   9.228517347E-06
    1829   9.218431535E-06
    1830   9.208362249E-06
    1831   9.305002407E-06
    1832   9.294849650E-06
    1833   9.284713500E-06
    1834   9.274593921E-06
    1835   9.264490877E-06
    1836   9.495462979E-06
    1837   9.485130592E-06
    1838   9.474815062E-06
    1839   9.464516350E-06
    1840   9.454234420E-06
    1841   9.515311029E-06
    1842   9.504985136E-06
    1843   9.494676041E-06
    1844   9.484383710E-06
    1845   9.474108104E-06
    1846   9.441549248E-06
    1847   9.431331121E-06
    1848   9.421129573E-06
    1849   9.410944568E-06
    1850   9.400776070E-06
    1851   9.174075587E-06
    1852   9.164173725E-06
    1853   9.154287885E-06
    1854   9.144418033E-06
    1855   9.134564134E-06
    1856   9.075401059E-06
    1857   9.065632059E-06
    1858   9.055878824E-06
    1859   9.046141320E-06
    1860   9.036419513E-06
    1861   9.215970880E-06
    1862   9.206077191E-06
    1863   9.196199426E-06
    1864   9.186337550E-06
    1865   9.176491529E-06
    1866   9.279488673E-06
    1867   9.269553461E-06
    1868   9.259634195E-06
    1869   9.249730843E-06
    1870   9.239843371E-06
    1871   9.539162163E-06
    1872   9.528976191E-06
    1873   9.518806526E-06
    1874   9.508653133E-06
    1875   9.498515976E-06
    1876   9.378564010E-06
    1877   9.368576189E-06
    1878   9.358604314E-06
    1879   9.348648352E-06
    1880   9.338708269E-06
    1881   9.717939921E-06
    1882   9.707618158E-06
    1883   9.697312831E-06
    1884   9.687023905E-06
    1885   9.676751345E-06
    1886   9.697648732E-06
    1887   9.687375799E-06
    1888   9.677119181E-06
    1889   9.666878843E-06
    1890   9.656654751E-06
    1891   9.795198085E-06
    1892   9.784849223E-06
    1893   9.774516753E-06
    1894   9.764200640E-06
    1895   9.753900851E-06
    1896   1.000818796E-05
    1897   9.997641925E-06
    1898   9.987112549E-06
    1899   9.976599799E-06
    1900   9.966103639E-06
    1901   9.498121907E-06
    1902   9.488139645E-06
    1903   9.478173112E-06
    1904   9.468222274E-06
    1905   9.458287099E-06
    1906   9.574594332E-06
    1907   9.564558070E-06
    1908   9.554537579E-06
    1909   9.544532828E-06
    1910   9.534543782E-06
    1911   9.318020961E-06
    1912   9.308279173E-06
    1913   9.298552653E-06
    1914   9.288841371E-06
    1915   9.279145294E-06
    1916   9.300828140E-06
    1917   9.291129675E-06
    1918   9.281446372E-06
    1919   9.271778198E-06
    1920   9.262125124E-06
    1921   9.351729803E-06
    1922   9.342003615E-06
    1923   9.332292593E-06
    1924   9.322596705E-06
    1925   9.312915919E-06
    1926   9.545464051E-06
    1927   9.535562118E-06
    1928   9.525675583E-06
    1929   9.515804417E-06
    1930   9.505948586E-06
    1931   9.889967246E-06
    1932   9.879734481E-06
    1933   9.869517589E-06
    1934   9.859316537E-06
    1935   9.849131293E-06
    1936   9.656913698E-06
    1937   9.646947843E-06
    1938   9.636997407E-06
    1939   9.627062358E-06
    1940   9.617142665E-06
    1941   9.410843302E-06
    1942   9.401156382E-06
    1943   9.391484410E-06
    1944   9.381827357E-06
    1945   9.372185191E-06
    1946   9.265985818E-06
    1947   9.256472485E-06
    1948   9.246973796E-06
    1949   9.237489721E-06
    1950   9.228020228E-06
    1951   8.928502628E-06
    1952   8.919359256E-06
    1953   8.910229922E-06
    1954   8.901114597E-06
    1955   8.892013253E-06
    1956   9.455217801E-06
    1957   9.445559764E-06
    1958   9.435916518E-06
    1959   9.426288032E-06
    1960   9.416674276E-06
    1961   9.560338641E-06
    1962   9.550598102E-06
    1963   9.540872442E-06
    1964   9.531161630E-06
    1965   9.521465637E-06
    1966   1.040838355E-05
    1967   1.039780592E-05
    1968   1.038724442E-05
    1969   1.037669899E-05
    1970   1.036616961E-05
    1971   1.099726213E-05
    1972   1.098611438E-05
    1973   1.097498356E-05
    1974   1.096386966E-05
    1975   1.095277262E-05
    1976   1.102781202E-05
    1977   1.101666155E-05
    1978   1.100552798E-05
    1979   1.099441129E-05
    1980   1.098331143E-05
    1981   1.118045687E-05
    1982   1.116918056E-05
    1983   1.115792131E-05
    1984   1.114667907E-05
    1985   1.113545381E-05
    1986   1.083907890E-05
    1987   1.082817439E-05
    1988   1.081728633E-05
    1989   1.080641469E-05
    1990   1.079555942E-05
    1991   1.114353353E-05
    1992   1.113235086E-05
    1993   1.112118501E-05
    1994   1.111003596E-05
    1995   1.109890365E-05
    1996   1.074183875E-05
    1997   1.073108616E-05
    1998   1.072034970E-05
    1999   1.070962935E-05
    2000   1.069892508E-05
    2001   1.006187978E-05
    2002   1.005183298E-05
    2003   1.004180121E-05
    2004   1.003178445E-05
    2005   1.002178267E-05
    2006   9.545670173E-06
    2007   9.536162533E-06
    2008   9.526669091E-06
    2009   9.517189819E-06
    2010   9.507724687E-06
    2011   8.870427277E-06
    2012   8.861614135E-06
    2013   8.852814121E-06
    2014   8.844027208E-06
    2015   8.835253372E-06
    2016   9.003147538E-06
    2017   8.994224696E-06
    2018   8.985315112E-06
    2019   8.976418760E-06
    2020   8.967535615E-06
    2021   9.729032146E-06
    2022   9.719413726E-06
    2023   9.709809562E-06
    2024   9.700219627E-06
    2025   9.690643892E-06
    2026   1.139636189E-05
    2027   1.138512288E-05
    2028   1.137390048E-05
    2029   1.136269467E-05
    2030   1.135150541E-05
    2031   1.384124292E-05
    2032   1.382762635E-05
    2033   1.381402986E-05
    2034   1.380045342E-05
    2035   1.378689698E-05
    2036   1.523612812E-05
    2037   1.522117608E-05
    2038   1.520624604E-05
    2039   1.519133795E-05
    2040   1.517645178E-05
    2041   1.656992249E-05
    2042   1.655370132E-05
    2043   1.653750397E-05
    2044   1.652133037E-05
    2045   1.650518048E-05
    2046   1.617367151E-05
    2047   1.615787690E-05
    2048   1.614210543E-05
    2049   1.612635703E-05
    2050   1.611063167E-05
    2051   1.610574223E-05
    2052   1.609005227E-05
    2053   1.607438523E-05
    2054   1.605874106E-05
    2055   1.604311972E-05
    2056   1.688139584E-05
    2057   1.686499020E-05
    2058   1.684860847E-05
    2059   1.683225060E-05
    2060   1.681591654E-05
    2061   1.853999088E-05
    2062   1.852201706E-05
    2063   1.850406937E-05
    2064   1.848614775E-05
    2065   1.846825216E-05
    2066   2.092902506E-05
    2067   2.090878422E-05
    2068   2.088857273E-05
    2069   2.086839054E-05
    2070   2.084823758E-05
    2071   2.188856849E-05
    2072   2.186745072E-05
    2073   2.184636350E-05
    2074   2.182530676E-05
    2075   2.180428045E-05
    2076   2.167798890E-05
    2077   2.165712462E-05
    2078   2.163629044E-05
    2079   2.161548632E-05
    2080   2.159471218E-05
    2081   1.839929868E-05
    2082   1.838163253E-05
    2083   1.836399181E-05
    2084   1.834637647E-05
    2085   1.832878646E-05
    2086   1.310544363E-05
    2087   1.309289052E-05
    2088   1.308035544E-05
    2089   1.306783836E-05
    2090   1.305533923E-05
    2091   5.960332081E-06
    2092   5.954636589E-06
    2093   5.948949257E-06
    2094   5.943270070E-06
    2095   5.937599010E-06
    2096  -2.583571368E-06
    2097  -2.581108478E-06
    2098  -2.578649108E-06
    2099  -2.576193252E-06
    2100  -2.573740903E-06
    2101  -1.212962500E-05
    2102  -1.211808946E-05
    2103  -1.210657036E-05
    2104  -1.209506768E-05
    2105  -1.208358139E-05
    2106  -2.020181370E-05
    2107  -2.018264690E-05
    2108  -2.016350735E-05
    2109  -2.014439503E-05
    2110  -2.012530986E-05
    2111  -2.721552565E-05
    2112  -2.718976557E-05
    2113  -2.716404205E-05
    2114  -2.713835501E-05
    2115  -2.711270439E-05
    2116  -3.078034460E-05
    2117  -3.075127912E-05
    2118  -3.072225479E-05
    2119  -3.069327153E-05
    2120  -3.066432926E-05
    2121  -2.838139185E-05
    2122  -2.835465478E-05
    2123  -2.832795549E-05
    2124  -2.830129388E-05
    2125  -2.827466990E-05
    2126  -1.474309382E-05
    2127  -1.472923753E-05
    2128  -1.471540077E-05
    2129  -1.470158349E-05
    2130  -1.468778566E-05
    2131   1.283568004E-05
    2132   1.282364471E-05
    2133   1.281162630E-05
    2134   1.279962477E-05
    2135   1.278764010E-05
    2136   5.626103353E-05
    2137   5.620840394E-05
    2138   5.615584816E-05
    2139   5.610336606E-05
    2140   5.605095750E-05
    2141   1.129404983E-04
    2142   1.128350942E-04
    2143   1.127298376E-04
    2144   1.126247282E-04
    2145   1.125197657E-04
    2146   1.830659578E-04
    2147   1.828955053E-04
    2148   1.827252908E-04
    2149   1.825553138E-04
    2150   1.823855738E-04
    2151   2.522545580E-04
    2152   2.520202296E-04
    2153   2.517862275E-04
    2154   2.515525512E-04
    2155   2.513192000E-04
    2156   3.146294864E-04
    2157   3.143378928E-04
    2158   3.140467044E-04
    2159   3.137559204E-04
    2160   3.134655401E-04
    2161   3.748770580E-04
    2162   3.745304311E-04
    2163   3.741842846E-04
    2164   3.738386179E-04
    2165   3.734934298E-04
    2166   3.940011161E-04
    2167   3.936376464E-04
    2168   3.932746794E-04
    2169   3.929122143E-04
    2170   3.925502500E-04
    2171   3.929659171E-04
    2172   3.926042366E-04
    2173   3.922430551E-04
    2174   3.918823718E-04
    2175   3.915221858E-04
    2176   3.262357455E-04
    2177   3.259361718E-04
    2178   3.256370106E-04
    2179   3.253382610E-04
    2180   3.250399224E-04
    2181   1.709240101E-04
    2182   1.707674146E-04
    2183   1.706110342E-04
    2184   1.704548685E-04
    2185   1.702989171E-04
    2186  -1.286001001E-04
    2187  -1.284825497E-04
    2188  -1.283651605E-04
    2189  -1.282479320E-04
    2190  -1.281308641E-04
    2191  -5.844477195E-04
    2192  -5.839147074E-04
    2193  -5.833824242E-04
    2194  -5.828508684E-04
    2195  -5.823200389E-04
    2196  -1.223619238E-03
    2197  -1.222505844E-03
    2198  -1.221393970E-03
    2199  -1.220283612E-03
    2200  -1.219174767E-03
    2201  -1.842014080E-03
    2202  -1.840341802E-03
    2203  -1.838671800E-03
    2204  -1.837004071E-03
    2205  -1.835338609E-03
    2206  -2.382678401E-03
    2207  -2.380520178E-03
    2208  -2.378364886E-03
    2209  -2.376212520E-03
    2210  -2.374063074E-03
    2211  -2.631468818E-03
    2212  -2.629090626E-03
    2213  -2.626715657E-03
    2214  -2.624343905E-03
    2215  -2.621975363E-03
    2216  -2.640361887E-03
    2217  -2.637981037E-03
    2218  -2.635603407E-03
    2219  -2.633228989E-03
    2220  -2.630857779E-03
    2221  -2.501603259E-03
    2222  -2.499352604E-03
    2223  -2.497104985E-03
    2224  -2.494860396E-03
    2225  -2.492618832E-03
    2226  -1.856084632E-03
    2227  -1.854418488E-03
    2228  -1.852754586E-03
    2229  -1.851092923E-03
    2230  -1.849433494E-03
    2231  -6.993923811E-04
    2232  -6.987659661E-04
    2233  -6.981403923E-04
    2234  -6.975156582E-04
    2235  -6.968917622E-04
    2236   1.431126773E-03
    2237   1.429847839E-03
    2238   1.428570619E-03
    2239   1.427295109E-03
    2240   1.426021307E-03
    2241   4.737000276E-03
    2242   4.732776468E-03
    2243   4.728558308E-03
    2244   4.724345783E-03
    2245   4.720138886E-03
    2246   9.618636789E-03
    2247   9.610079283E-03
    2248   9.601533192E-03
    2249   9.592998496E-03
    2250   9.584475175E-03
    2251   1.439302504E-02
    2252   1.438024828E-02
    2253   1.436748852E-02
    2254   1.435474573E-02
    2255   1.434201990E-02
    2256   1.898188347E-02
    2257   1.896507046E-02
    2258   1.894827978E-02
    2259   1.893151139E-02
    2260   1.891476525E-02
    2261   2.164377334E-02
    2262   2.162464495E-02
    2263   2.160554190E-02
    2264   2.158646416E-02
    2265   2.156741168E-02
    2266   2.335133326E-02
    2267   2.333074126E-02
    2268   2.331017648E-02
    2269   2.328963888E-02
    2270   2.326912841E-02
    2271   2.425345355E-02
    2272   2.423211307E-02
    2273   2.421080075E-02
    2274   2.418951653E-02
    2275   2.416826036E-02
    2276   2.336980567E-02
    2277   2.334928784E-02
    2278   2.332879702E-02
    2279   2.330833316E-02
    2280   2.328789622E-02
    2281   2.293256080E-02
    2282   2.291247095E-02
    2283   2.289240749E-02
    2284   2.287237037E-02
    2285   2.285235955E-02
    2286   2.076363849E-02
    2287   2.074548846E-02
    2288   2.072736222E-02
    2289   2.070925972E-02
    2290   2.069118092E-02
    2291   1.753219604E-02
    2292   1.751690411E-02
    2293   1.750163218E-02
    2294   1.748638021E-02
    2295   1.747114817E-02
    2296   1.305236145E-02
    2297   1.304100169E-02
    2298   1.302965676E-02
    2299   1.301832662E-02
    2300   1.300701126E-02
    2301   7.986313498E-03
    2302   7.979377924E-03
    2303   7.972451380E-03
    2304   7.965533852E-03
    2305   7.958625323E-03
    2306   3.899094320E-03
    2307   3.895715555E-03
    2308   3.892341181E-03
    2309   3.888971188E-03
    2310   3.885605571E-03
    2311   8.292017402E-04
    2312   8.284847477E-04
    2313   8.277686849E-04
    2314   8.270535499E-04
    2315   8.263393413E-04
    2316  -9.758831802E-04
    2317  -9.750411757E-04
    2318  -9.742002605E-04
    2319  -9.733604327E-04
    2320  -9.725216904E-04
    2321  -1.915825205E-03
    2322  -1.914175764E-03
    2323  -1.912528453E-03
    2324  -1.910883267E-03
    2325  -1.909240203E-03
    2326  -2.345813318E-03
    2327  -2.343798014E-03
    2328  -2.341785306E-03
    2329  -2.339775190E-03
    2330  -2.337767661E-03
    2331  -2.501382899E-03
    2332  -2.499238550E-03
    2333  -2.497096958E-03
    2334  -2.494958117E-03
    2335  -2.492822022E-03
    2336  -2.352143566E-03
    2337  -2.350131467E-03
    2338  -2.348121949E-03
    2339  -2.346115007E-03
    2340  -2.344110637E-03
    2341  -2.070732750E-03
    2342  -2.068965159E-03
    2343  -2.067199831E-03
    2344  -2.065436761E-03
    2345  -2.063675945E-03
    2346  -1.574253977E-03
    2347  -1.572913045E-03
    2348  -1.571573826E-03
    2349  -1.570236317E-03
    2350  -1.568900514E-03
    2351  -1.017426818E-03
    2352  -1.016562027E-03
    2353  -1.015698338E-03
    2354  -1.014835749E-03
    2355  -1.013974259E-03
    2356  -4.914985119E-04
    2357  -4.910816345E-04
    2358  -4.906652872E-04
    2359  -4.902494691E-04
    2360  -4.898341794E-04
    2361  -1.227560004E-04
    2362  -1.226521020E-04
    2363  -1.225483354E-04
    2364  -1.224447005E-04
    2365  -1.223411969E-04
    2366   1.054077422E-04
    2367   1.053187154E-04
    2368   1.052298014E-04
    2369   1.051409998E-04
    2370   1.050523107E-04
    2371   2.217604241E-04
    2372   2.215735211E-04
    2373   2.213868543E-04
    2374   2.212004232E-04
    2375   2.210142276E-04
    2376   2.647391546E-04
    2377   2.645164976E-04
    2378   2.642941214E-04
    2379   2.640720255E-04
    2380   2.638502095E-04
    2381   2.654501922E-04
    2382   2.652274056E-04
    2383   2.650048994E-04
    2384   2.647826731E-04
    2385   2.645607261E-04
    2386   2.384215498E-04
    2387   2.382218668E-04
    2388   2.380224345E-04
    2389   2.378232525E-04
    2390   2.376243205E-04
    2391   2.042385510E-04
    2392   2.040678544E-04
    2393   2.038973716E-04
    2394   2.037271024E-04
    2395   2.035570464E-04
    2396   1.496380390E-04
    2397   1.495132366E-04
    2398   1.493885903E-04
    2399   1.492640998E-04
    2400   1.491397649E-04
    2401   9.542125040E-05
    2402   9.534183196E-05
    2403   9.526251264E-05
    2404   9.518329225E-05
    2405   9.510417064E-05
    2406   4.366625802E-05
    2407   4.362999037E-05
    2408   4.359376788E-05
    2409   4.355759047E-05
    2410   4.352145809E-05
    2411   4.435746119E-06
    2412   4.432069578E-06
    2413   4.428397607E-06
    2414   4.424730197E-06
    2415   4.421067341E-06
    2416  -2.318010281E-05
    2417  -2.316092986E-05
    2418  -2.314178068E-05
    2419  -2.312265524E-05
    2420  -2.310355350E-05
    2421  -3.881496363E-05
    2422  -3.878292487E-05
    2423  -3.875092576E-05
    2424  -3.871896623E-05
    2425  -3.868704622E-05
    2426  -4.689125520E-05
    2427  -4.685262978E-05
    2428  -4.681405207E-05
    2429  -4.677552199E-05
    2430  -4.673703945E-05
    2431  -4.653042276E-05
    2432  -4.649217333E-05
    2433  -4.645397106E-05
    2434  -4.641581584E-05
    2435  -4.637770762E-05
    2436  -4.385671259E-05
    2437  -4.382073497E-05
    2438  -4.378480161E-05
    2439  -4.374891243E-05
    2440  -4.371306735E-05
    2441  -3.751103968E-05
    2442  -3.748033069E-05
    2443  -3.744965939E-05
    2444  -3.741902572E-05
    2445  -3.738842962E-05
    2446  -2.930153882E-05
    2447  -2.927759965E-05
    2448  -2.925368981E-05
    2449  -2.922980925E-05
    2450  -2.920595791E-05
    2451  -2.135071523E-05
    2452  -2.133330739E-05
    2453  -2.131592083E-05
    2454  -2.129855552E-05
    2455  -2.128121142E-05
    2456  -1.385232211E-05
    2457  -1.384105089E-05
    2458  -1.382979343E-05
    2459  -1.381854970E-05
    2460  -1.380731967E-05
    2461  -8.380454911E-06
    2462  -8.373649832E-06
    2463  -8.366853038E-06
    2464  -8.360064516E-06
    2465  -8.353284253E-06
    2466  -4.574655750E-06
    2467  -4.570948574E-06
    2468  -4.567245902E-06
    2469  -4.563547727E-06
    2470  -4.559854042E-06
    2471  -2.438890905E-06
    2472  -2.436918490E-06
    2473  -2.434948467E-06
    2474  -2.432980832E-06
    2475  -2.431015581E-06
    2476  -1.784033982E-06
    2477  -1.782594083E-06
    2478  -1.781155928E-06
    2479  -1.779719512E-06
    2480  -1.778284832E-06
    2481  -2.051622904E-06
    2482  -2.049970369E-06
    2483  -2.048319829E-06
    2484  -2.046671282E-06
    2485  -2.045024724E-06
    2486  -2.756102567E-06
    2487  -2.753887050E-06
    2488  -2.751674204E-06
    2489  -2.749464024E-06
    2490  -2.747256505E-06
    2491  -3.238696340E-06
    2492  -3.236098108E-06
    2493  -3.233503001E-06
    2494  -3.230911015E-06
    2495  -3.228322144E-06
    2496  -3.351706577E-06
    2497  -3.349023065E-06
    2498  -3.346342774E-06
    2499  -3.343665700E-06
    2500  -3.340991837E-06
    2501  -3.214163732E-06
    2502  -3.211595483E-06
    2503  -3.209030311E-06
    2504  -3.206468211E-06
    2505  -3.203909178E-06
    2506  -3.085212342E-06
    2507  -3.082752045E-06
    2508  -3.080294690E-06
    2509  -3.077840272E-06
    2510  -3.075388786E-06
    2511  -3.411095174E-06
    2512  -3.408380415E-06
    2513  -3.405668895E-06
    2514  -3.402960610E-06
    2515  -3.400255553E-06
    2516  -3.879037216E-06
    2517  -3.875956170E-06
    2518  -3.872878793E-06
    2519  -3.869805080E-06
    2520  -3.866735024E-06
    2521  -4.521839822E-06
    2522  -4.518255327E-06
    2523  -4.514675093E-06
    2524  -4.511099113E-06
    2525  -4.507527380E-06
    2526  -4.841081228E-06
    2527  -4.837251259E-06
    2528  -4.833425832E-06
    2529  -4.829604942E-06
    2530  -4.825788581E-06
    2531  -4.958742088E-06
    2532  -4.954826776E-06
    2533  -4.950916100E-06
    2534  -4.947010052E-06
    2535  -4.943108624E-06
    2536  -4.867133622E-06
    2537  -4.863298214E-06
    2538  -4.859467337E-06
    2539  -4.855640985E-06
    2540  -4.851819150E-06
    2541  -4.456414538E-06
    2542  -4.452909690E-06
    2543  -4.449408975E-06
    2544  -4.445912386E-06
    2545  -4.442419918E-06
    2546  -4.013718519E-06
    2547  -4.010568034E-06
    2548  -4.007421256E-06
    2549  -4.004278181E-06
    2550  -4.001138802E-06
    2551  -3.516746998E-06
    2552  -3.513992007E-06
    2553  -3.511240251E-06
    2554  -3.508491726E-06
    2555  -3.505746428E-06
    2556  -3.188795741E-06
    2557  -3.186302547E-06
    2558  -3.183812275E-06
    2559  -3.181324922E-06
    2560  -3.178840482E-06
    2561  -2.927840008E-06
    2562  -2.925555311E-06
    2563  -2.923273286E-06
    2564  -2.920993931E-06
    2565  -2.918717240E-06
    2566  -2.768128466E-06
    2567  -2.765972602E-06
    2568  -2.763819257E-06
    2569  -2.761668424E-06
    2570  -2.759520102E-06
    2571  -2.714000343E-06
    2572  -2.711890743E-06
    2573  -2.709783602E-06
    2574  -2.707678916E-06
    2575  -2.705576681E-06
    2576  -2.652032512E-06
    2577  -2.649975078E-06
    2578  -2.647920037E-06
    2579  -2.645867386E-06
    2580  -2.643817121E-06
    2581  -2.731411817E-06
    2582  -2.729296903E-06
    2583  -2.727184444E-06
    2584  -2.725074437E-06
    2585  -2.722966877E-06
    2586  -2.763935383E-06
    2587  -2.761799420E-06
    2588  -2.759665933E-06
    2589  -2.757534917E-06
    2590  -2.755406368E-06
    2591  -2.731890265E-06
    2592  -2.729783138E-06
    2593  -2.727678448E-06
    2594  -2.725576191E-06
    2595  -2.723476364E-06
    2596  -2.645256652E-06
    2597  -2.643220273E-06
    2598  -2.641186244E-06
    2599  -2.639154562E-06
    2600  -2.637125224E-06
    2601  -2.411867416E-06
    2602  -2.410014272E-06
    2603  -2.408163262E-06
    2604  -2.406314384E-06
    2605  -2.404467635E-06
    2606  -2.282823592E-06
    2607  -2.281072961E-06
    2608  -2.279324342E-06
    2609  -2.277577733E-06
    2610  -2.275833131E-06
    2611  -2.108358554E-06
    2612  -2.106744808E-06
    2613  -2.105132915E-06
    2614  -2.103522870E-06
    2615  -2.101914672E-06
    2616  -2.079577632E-06
    2617  -2.077988955E-06
    2618  -2.076402098E-06
    2619  -2.074817059E-06
    2620  -2.073233833E-06
    2621  -2.037531283E-06
    2622  -2.035977694E-06
    2623  -2.034425882E-06
    2624  -2.032875843E-06
    2625  -2.031327575E-06
    2626  -2.061356277E-06
    2627  -2.059787513E-06
    2628  -2.058220539E-06
    2629  -2.056655352E-06
    2630  -2.055091950E-06
    2631  -2.062638080E-06
    2632  -2.061071321E-06
    2633  -2.059506347E-06
    2634  -2.057943154E-06
    2635  -2.056381740E-06
    2636  -2.001907294E-06
    2637  -2.000389548E-06
    2638  -1.998873527E-06
    2639  -1.997359229E-06
    2640  -1.995846651E-06
    2641  -1.962833647E-06
    2642  -1.961348340E-06
    2643  -1.959864718E-06
    2644  -1.958382779E-06
    2645  -1.956902520E-06
    2646  -1.866060381E-06
    2647  -1.864650970E-06
    2648  -1.863243155E-06
    2649  -1.861836934E-06
    2650  -1.860432304E-06
    2651  -1.775424617E-06
    2652  -1.774086189E-06
    2653  -1.772749274E-06
    2654  -1.771413870E-06
    2655  -1.770079974E-06
    2656  -1.743867520E-06
    2657  -1.742555355E-06
    2658  -1.741244670E-06
    2659  -1.739935464E-06
    2660  -1.738627733E-06
    2661  -1.675108915E-06
    2662  -1.673850853E-06
    2663  -1.672594208E-06
    2664  -1.671338978E-06
    2665  -1.670085160E-06
    2666  -1.721193663E-06
    2667  -1.719903413E-06
    2668  -1.718614613E-06
    2669  -1.717327261E-06
    2670  -1.716041355E-06
    2671  -1.705404077E-06
    2672  -1.704128054E-06
    2673  -1.702853464E-06
    2674  -1.701580302E-06
    2675  -1.700308568E-06
    2676  -1.679973333E-06
    2677  -1.678718685E-06
    2678  -1.677465443E-06
    2679  -1.676213603E-06
    2680  -1.674963164E-06
    2681  -1.689901130E-06
    2682  -1.688641420E-06
    2683  -1.687383118E-06
    2684  -1.686126222E-06
    2685  -1.684870730E-06
    2686  -1.634918438E-06
    2687  -1.633701980E-06
    2688  -1.632486880E-06
    2689  -1.631273135E-06
    2690  -1.630060744E-06
    2691  -1.628700934E-06
    2692  -1.627491353E-06
    2693  -1.626283119E-06
    2694  -1.625076229E-06
    2695  -1.623870683E-06
    2696  -1.519195804E-06
    2697  -1.518069640E-06
    2698  -1.516944727E-06
    2699  -1.515821064E-06
    2700  -1.514698650E-06
