      50   0.000000000E+00
      51   0.000000000E+00
      52   0.000000000E+00
      53   0.000000000E+00
      54   0.000000000E+00
      55   0.000000000E+00
      56   0.000000000E+00
      57   0.000000000E+00
      58   0.000000000E+00
      59   0.000000000E+00
      60   0.000000000E+00
      61   0.000000000E+00
      62   0.000000000E+00
      63   0.000000000E+00
      64   0.000000000E+00
      65   0.000000000E+00
      66   0.000000000E+00
      67   0.000000000E+00
      68   0.000000000E+00
      69   0.000000000E+00
      70   0.000000000E+00
      71   5.523214380E-12
      72   5.371893438E-12
      73   5.226707129E-12
      74   5.087328273E-12
      75   4.953451213E-12
      76   9.467126455E-12
      77   9.224379623E-12
      78   8.990851025E-12
      79   8.766079749E-12
      80   8.549633336E-12
      81   2.890743527E-11
      82   2.821087057E-11
      83   2.753918317E-11
      84   2.689120239E-11
      85   2.626582559E-11
      86   0.000000000E+00
      87   0.000000000E+00
      88   0.000000000E+00
      89   0.000000000E+00
      90   0.000000000E+00
      91   0.000000000E+00
      92   0.000000000E+00
      93   0.000000000E+00
      94   0.000000000E+00
      95   0.000000000E+00
      96   0.000000000E+00
      97   0.000000000E+00
      98   0.000000000E+00
      99   0.000000000E+00
     100   0.000000000E+00
     101   0.000000000E+00
     102   0.000000000E+00
     103   0.000000000E+00
     104   0.000000000E+00
     105   0.000000000E+00
     106   0.000000000E+00
     107   0.000000000E+00
     108   0.000000000E+00
     109   0.000000000E+00
     110   0.000000000E+00
     111   1.770115625E-11
     112   1.738786144E-11
     113   1.708281124E-11
     114   1.678571887E-11
     115   1.649630993E-11
     116   1.777006358E-11
     117   1.746887607E-11
     118   1.717528151E-11
     119   1.688902682E-11
     120   1.660986935E-11
     121   0.000000000E+00
     122   0.000000000E+00
     123   0.000000000E+00
     124   0.000000000E+00
     125   0.000000000E+00
     126   0.000000000E+00
     127   0.000000000E+00
     128   0.000000000E+00
     129   0.000000000E+00
     130   0.000000000E+00
     131   0.000000000E+00
     132   0.000000000E+00
     133   0.000000000E+00
     134   0.000000000E+00
     135   0.000000000E+00
     136   0.000000000E+00
     137   0.000000000E+00
     138   0.000000000E+00
     139   0.000000000E+00
     140   0.000000000E+00
     141   0.000000000E+00
     142   0.000000000E+00
     143   0.000000000E+00
     144   0.000000000E+00
     145   0.000000000E+00
     146   0.000000000E+00
     147   0.000000000E+00
     148   0.000000000E+00
     149   0.000000000E+00
     150   0.000000000E+00
     151   0.000000000E+00
     152   0.000000000E+00
     153   0.000000000E+00
     154   0.000000000E+00
     155   0.000000000E+00
     156   0.000000000E+00
     157   0.000000000E+00
     158   0.000000000E+00
     159   0.000000000E+00
     160   0.000000000E+00
     161   3.772371122E-11
     162   3.726084360E-11
     163   3.680644306E-11
     164   3.636030436E-11
     165   3.592222840E-11
     166   0.000000000E+00
     167   0.000000000E+00
     168   0.000000000E+00
     169   0.000000000E+00
     170   0.000000000E+00
     171   2.162165282E-12
     172   2.137169152E-12
     173   2.112603989E-12
     174   2.088459944E-12
     175   2.064727444E-12
     176   1.275416447E-10
     177   1.261085925E-10
     178   1.246995579E-10
     179   1.233140073E-10
     180   1.219514216E-10
     181   9.098028902E-11
     182   8.998596892E-11
     183   8.900786056E-11
     184   8.804561342E-11
     185   8.709888640E-11
     186   2.264843618E-10
     187   2.240749537E-10
     188   2.217037901E-10
     189   2.193700660E-10
     190   2.170729973E-10
     191   1.704694533E-10
     192   1.687029305E-10
     193   1.669637250E-10
     194   1.652512765E-10
     195   1.635650390E-10
     196   2.780993033E-10
     197   2.752902195E-10
     198   2.725234836E-10
     199   2.697982488E-10
     200   2.671136891E-10
     201   2.844426511E-10
     202   2.816402605E-10
     203   2.788790814E-10
     204   2.761583099E-10
     205   2.734771613E-10
     206   0.000000000E+00
     207   0.000000000E+00
     208   0.000000000E+00
     209   0.000000000E+00
     210   0.000000000E+00
     211   0.000000000E+00
     212   0.000000000E+00
     213   0.000000000E+00
     214   0.000000000E+00
     215   0.000000000E+00
     216   0.000000000E+00
     217   0.000000000E+00
     218   0.000000000E+00
     219   0.000000000E+00
     220   0.000000000E+00
     221   0.000000000E+00
     222   0.000000000E+00
     223   0.000000000E+00
     224   0.000000000E+00
     225   0.000000000E+00
     226   0.000000000E+00
     227   0.000000000E+00
     228   0.000000000E+00
     229   0.000000000E+00
     230   0.000000000E+00
     231   0.000000000E+00
     232   0.000000000E+00
     233   0.000000000E+00
     234   0.000000000E+00
     235   0.000000000E+00
     236   0.000000000E+00
     237   0.000000000E+00
     238   0.000000000E+00
     239   0.000000000E+00
     240   0.000000000E+00
     241   0.000000000E+00
     242   0.000000000E+00
     243   0.000000000E+00
     244   0.000000000E+00
     245   0.000000000E+00
     246   0.000000000E+00
     247   0.000000000E+00
     248   0.000000000E+00
     249   0.000000000E+00
     250   0.000000000E+00
     251   7.742642953E-10
     252   7.681436289E-10
     253   7.620952539E-10
     254   7.561180362E-10
     255   7.502108640E-10
     256   8.544578547E-10
     257   8.478341504E-10
     258   8.412871685E-10
     259   8.348157288E-10
     260   8.284186734E-10
     261   1.827649885E-09
     262   1.813751407E-09
     263   1.800010866E-09
     264   1.786425878E-09
     265   1.772994105E-09
     266   1.891527269E-09
     267   1.877411394E-09
     268   1.863452945E-09
     269   1.849649590E-09
     270   1.835999039E-09
     271   3.430035572E-09
     272   3.404907106E-09
     273   3.380053770E-09
     274   3.355471560E-09
     275   3.331156549E-09
     276   3.605914060E-09
     277   3.579972232E-09
     278   3.554309349E-09
     279   3.528921425E-09
     280   3.503804546E-09
     281   2.171596009E-08
     282   2.156249041E-08
     283   2.141064188E-08
     284   2.126039176E-08
     285   2.111171770E-08
     286   3.488355312E-08
     287   3.464130622E-08
     288   3.440157400E-08
     289   3.416432176E-08
     290   3.392951543E-08
     291   5.015607070E-08
     292   4.981370844E-08
     293   4.947483968E-08
     294   4.913941704E-08
     295   4.880739395E-08
     296   6.178677278E-08
     297   6.137209645E-08
     298   6.096158075E-08
     299   6.055517022E-08
     300   6.015281028E-08
     301   7.601749541E-08
     302   7.551572977E-08
     303   7.501891576E-08
     304   7.452698844E-08
     305   7.403988394E-08
     306   1.188995445E-07
     307   1.181274696E-07
     308   1.173628905E-07
     309   1.166057105E-07
     310   1.158558346E-07
     311   1.116316034E-07
     312   1.109183024E-07
     313   1.102118164E-07
     314   1.095120588E-07
     315   1.088189445E-07
     316   1.251444539E-07
     317   1.243573818E-07
     318   1.235777117E-07
     319   1.228053510E-07
     320   1.220402086E-07
     321   1.505005810E-07
     322   1.495686889E-07
     323   1.486454254E-07
     324   1.477306843E-07
     325   1.468243611E-07
     326   1.534130579E-07
     327   1.524776124E-07
     328   1.515506968E-07
     329   1.506322077E-07
     330   1.497220433E-07
     331   1.840389237E-07
     332   1.829335848E-07
     333   1.818381741E-07
     334   1.807525731E-07
     335   1.796766649E-07
     336   1.779962641E-07
     337   1.769430318E-07
     338   1.758991201E-07
     339   1.748644194E-07
     340   1.738388216E-07
     341   2.159489507E-07
     342   2.146897731E-07
     343   2.134415768E-07
     344   2.122042343E-07
     345   2.109776202E-07
     346   2.371196516E-07
     347   2.357568950E-07
     348   2.344058526E-07
     349   2.330663906E-07
     350   2.317383770E-07
     351   2.142973974E-07
     352   2.130832479E-07
     353   2.118793877E-07
     354   2.106857010E-07
     355   2.095020735E-07
     356   2.650262504E-07
     357   2.635456568E-07
     358   2.620774359E-07
     359   2.606214501E-07
     360   2.591775640E-07
     361   2.345852771E-07
     362   2.332927962E-07
     363   2.320109677E-07
     364   2.307396747E-07
     365   2.294788022E-07
     366   3.050736150E-07
     367   3.034156062E-07
     368   3.017710772E-07
     369   3.001398822E-07
     370   2.985218774E-07
     371   2.772332111E-07
     372   2.757467059E-07
     373   2.742721246E-07
     374   2.728093399E-07
     375   2.713582264E-07
     376   2.930605094E-07
     377   2.915099246E-07
     378   2.899716137E-07
     379   2.884454473E-07
     380   2.869312980E-07
     381   3.242094618E-07
     382   3.225164620E-07
     383   3.208366888E-07
     384   3.191700047E-07
     385   3.175162741E-07
     386   2.946594368E-07
     387   2.931405738E-07
     388   2.916334243E-07
     389   2.901378683E-07
     390   2.886537871E-07
     391   3.429733918E-07
     392   3.412279801E-07
     393   3.394958584E-07
     394   3.377768920E-07
     395   3.360709481E-07
     396   3.279083064E-07
     397   3.262605260E-07
     398   3.246251349E-07
     399   3.230020092E-07
     400   3.213910266E-07
     401   3.575861538E-07
     402   3.558115327E-07
     403   3.540500895E-07
     404   3.523016940E-07
     405   3.505662176E-07
     406   3.728494757E-07
     407   3.710217822E-07
     408   3.692074947E-07
     409   3.674064825E-07
     410   3.656186164E-07
     411   3.686147973E-07
     412   3.668297377E-07
     413   3.650576134E-07
     414   3.632982996E-07
     415   3.615516732E-07
     416   3.855084363E-07
     417   3.836638983E-07
     418   3.818325670E-07
     419   3.800143167E-07
     420   3.782090231E-07
     421   3.943577704E-07
     422   3.924931946E-07
     423   3.906418116E-07
     424   3.888034972E-07
     425   3.869781287E-07
     426   3.992841013E-07
     427   3.974182877E-07
     428   3.955655218E-07
     429   3.937256822E-07
     430   3.918986489E-07
     431   4.055104142E-07
     432   4.036373869E-07
     433   4.017773068E-07
     434   3.999300548E-07
     435   3.980955133E-07
     436   4.366989338E-07
     437   4.347048747E-07
     438   4.327244425E-07
     439   4.307575132E-07
     440   4.288039644E-07
     441   4.176764134E-07
     442   4.157907412E-07
     443   4.139178099E-07
     444   4.120575051E-07
     445   4.102097136E-07
     446   4.507747789E-07
     447   4.487623915E-07
     448   4.467634499E-07
     449   4.447778346E-07
     450   4.428054273E-07
     451   4.382452113E-07
     452   4.363103539E-07
     453   4.343882818E-07
     454   4.324788828E-07
     455   4.305820456E-07
     456   4.534858940E-07
     457   4.515056062E-07
     458   4.495382616E-07
     459   4.475837474E-07
     460   4.456419524E-07
     461   4.689074902E-07
     462   4.668819719E-07
     463   4.648695496E-07
     464   4.628701107E-07
     465   4.608835437E-07
     466   4.350222357E-07
     467   4.331631663E-07
     468   4.313159886E-07
     469   4.294806014E-07
     470   4.276569046E-07
     471   5.170197229E-07
     472   5.148335930E-07
     473   5.126612994E-07
     474   5.105027255E-07
     475   5.083577560E-07
     476   4.708886362E-07
     477   4.689183908E-07
     478   4.669604852E-07
     479   4.650148165E-07
     480   4.630812830E-07
     481   5.159044713E-07
     482   5.137682209E-07
     483   5.116452117E-07
     484   5.095353345E-07
     485   5.074384813E-07
     486   4.855061306E-07
     487   4.835163514E-07
     488   4.815387794E-07
     489   4.795733150E-07
     490   4.776198596E-07
     491   4.750647281E-07
     492   4.731374879E-07
     493   4.712219515E-07
     494   4.693180244E-07
     495   4.674256130E-07
     496   5.515952262E-07
     497   5.493799843E-07
     498   5.471780605E-07
     499   5.449893483E-07
     500   5.428137421E-07
     501   4.850402478E-07
     502   4.831116584E-07
     503   4.811945486E-07
     504   4.792888277E-07
     505   4.773944054E-07
     506   5.431180439E-07
     507   5.409797838E-07
     508   5.388541265E-07
     509   5.367409731E-07
     510   5.346402257E-07
     511   5.178266201E-07
     512   5.158078029E-07
     513   5.138007686E-07
     514   5.118054259E-07
     515   5.098216839E-07
     516   5.230311878E-07
     517   5.210117624E-07
     518   5.190040099E-07
     519   5.170078406E-07
     520   5.150231656E-07
     521   5.714693441E-07
     522   5.692839929E-07
     523   5.671111532E-07
     524   5.649507298E-07
     525   5.628026282E-07
     526   4.834051394E-07
     527   4.815740593E-07
     528   4.797533635E-07
     529   4.779429734E-07
     530   4.761428115E-07
     531   5.711239637E-07
     532   5.689809094E-07
     533   5.668498948E-07
     534   5.647308298E-07
     535   5.626236252E-07
     536   5.337772021E-07
     537   5.317929002E-07
     538   5.298196427E-07
     539   5.278573477E-07
     540   5.259059342E-07
     541   5.840965619E-07
     542   5.819451934E-07
     543   5.798056890E-07
     544   5.776779617E-07
     545   5.755619252E-07
     546   5.793485739E-07
     547   5.772341631E-07
     548   5.751313064E-07
     549   5.730399198E-07
     550   5.709599201E-07
     551   5.041314641E-07
     552   5.023082038E-07
     553   5.004948168E-07
     554   4.986912319E-07
     555   4.968973785E-07
     556   5.926493687E-07
     557   5.905251774E-07
     558   5.884123861E-07
     559   5.863109133E-07
     560   5.842206783E-07
     561   5.432911862E-07
     562   5.413611997E-07
     563   5.394414792E-07
     564   5.375319518E-07
     565   5.356325456E-07
     566   5.887823589E-07
     567   5.867091816E-07
     568   5.846469349E-07
     569   5.825955421E-07
     570   5.805549273E-07
     571   5.607883237E-07
     572   5.588309474E-07
     573   5.568838012E-07
     574   5.549468141E-07
     575   5.530199154E-07
     576   5.552581113E-07
     577   5.533368029E-07
     578   5.514254496E-07
     579   5.495239825E-07
     580   5.476323337E-07
     581   5.852010719E-07
     582   5.831935211E-07
     583   5.811962830E-07
     584   5.792092872E-07
     585   5.772324637E-07
     586   5.408595131E-07
     587   5.390198549E-07
     588   5.371895667E-07
     589   5.353685852E-07
     590   5.335568471E-07
     591   5.862438273E-07
     592   5.842666137E-07
     593   5.822993861E-07
     594   5.803420772E-07
     595   5.783946206E-07
     596   5.782103382E-07
     597   5.762765244E-07
     598   5.743523957E-07
     599   5.724378877E-07
     600   5.705329364E-07
     601   5.785843041E-07
     602   5.766652849E-07
     603   5.747557972E-07
     604   5.728557780E-07
     605   5.709651649E-07
     606   5.687697878E-07
     607   5.668988345E-07
     608   5.650370978E-07
     609   5.631845172E-07
     610   5.613410327E-07
     611   5.251663745E-07
     612   5.234529443E-07
     613   5.217478858E-07
     614   5.200511447E-07
     615   5.183626670E-07
     616   5.915535062E-07
     617   5.896390935E-07
     618   5.877339592E-07
     619   5.858380432E-07
     620   5.839512862E-07
     621   5.527995408E-07
     622   5.510249034E-07
     623   5.492587979E-07
     624   5.475011698E-07
     625   5.457519648E-07
     626   5.665533128E-07
     627   5.647490029E-07
     628   5.629532986E-07
     629   5.611661453E-07
     630   5.593874887E-07
     631   5.336129819E-07
     632   5.319270009E-07
     633   5.302489977E-07
     634   5.285789221E-07
     635   5.269167243E-07
     636   5.479889712E-07
     637   5.462711374E-07
     638   5.445613686E-07
     639   5.428596143E-07
     640   5.411658246E-07
     641   5.589608255E-07
     642   5.572222227E-07
     643   5.554917189E-07
     644   5.537692639E-07
     645   5.520548080E-07
     646   5.083777796E-07
     647   5.068087124E-07
     648   5.052468982E-07
     649   5.036922924E-07
     650   5.021448506E-07
     651   5.424684661E-07
     652   5.408070006E-07
     653   5.391531566E-07
     654   5.375068874E-07
     655   5.358681469E-07
     656   5.089693125E-07
     657   5.074222933E-07
     658   5.058823167E-07
     659   5.043493400E-07
     660   5.028233208E-07
     661   5.153422481E-07
     662   5.137876712E-07
     663   5.122401180E-07
     664   5.106995462E-07
     665   5.091659139E-07
     666   5.200216041E-07
     667   5.184646532E-07
     668   5.169146841E-07
     669   5.153716552E-07
     670   5.138355251E-07
     671   4.847584315E-07
     672   4.833178418E-07
     673   4.818836643E-07
     674   4.804558608E-07
     675   4.790343938E-07
     676   5.170725238E-07
     677   5.155472361E-07
     678   5.140286875E-07
     679   5.125168384E-07
     680   5.110116495E-07
     681   4.794935255E-07
     682   4.780894449E-07
     683   4.766915225E-07
     684   4.752997225E-07
     685   4.739140090E-07
     686   5.107790768E-07
     687   5.092942539E-07
     688   5.078158961E-07
     689   5.063439660E-07
     690   5.048784263E-07
     691   4.779733402E-07
     692   4.765939077E-07
     693   4.752204383E-07
     694   4.738528974E-07
     695   4.724912512E-07
     696   4.602936907E-07
     697   4.589747976E-07
     698   4.576615650E-07
     699   4.563539605E-07
     700   4.550519521E-07
     701   5.009707933E-07
     702   4.995455563E-07
     703   4.981263928E-07
     704   4.967132683E-07
     705   4.953061486E-07
     706   4.367902790E-07
     707   4.355564082E-07
     708   4.343277582E-07
     709   4.331042997E-07
     710   4.318860035E-07
     711   4.749906967E-07
     712   4.736583245E-07
     713   4.723315505E-07
     714   4.710103434E-07
     715   4.696946720E-07
     716   4.394203681E-07
     717   4.381963559E-07
     718   4.369774509E-07
     719   4.357636247E-07
     720   4.345548490E-07
     721   4.514450426E-07
     722   4.501962320E-07
     723   4.489525960E-07
     724   4.477141061E-07
     725   4.464807339E-07
     726   4.517562302E-07
     727   4.505151417E-07
     728   4.492791605E-07
     729   4.480482587E-07
     730   4.468224085E-07
     731   4.115146900E-07
     732   4.103918668E-07
     733   4.092736328E-07
     734   4.081599631E-07
     735   4.070508328E-07
     736   4.418147317E-07
     737   4.406174018E-07
     738   4.394249325E-07
     739   4.382372975E-07
     740   4.370544708E-07
     741   4.180290660E-07
     742   4.169038195E-07
     743   4.157831103E-07
     744   4.146669141E-07
     745   4.135552065E-07
     746   4.294730127E-07
     747   4.283246892E-07
     748   4.271809650E-07
     749   4.260418158E-07
     750   4.249072171E-07
     751   4.142192368E-07
     752   4.131190529E-07
     753   4.120232464E-07
     754   4.109317941E-07
     755   4.098446729E-07
     756   3.795928964E-07
     757   3.785913320E-07
     758   3.775937264E-07
     759   3.766000587E-07
     760   3.756103082E-07
     761   4.283719944E-07
     762   4.272491320E-07
     763   4.261306788E-07
     764   4.250166117E-07
     765   4.239069077E-07
     766   3.876585982E-07
     767   3.866490706E-07
     768   3.856434813E-07
     769   3.846418099E-07
     770   3.836440361E-07
     771   3.973699115E-07
     772   3.963417876E-07
     773   3.953176486E-07
     774   3.942974740E-07
     775   3.932812434E-07
     776   3.800398989E-07
     777   3.790629326E-07
     778   3.780897287E-07
     779   3.771202678E-07
     780   3.761545309E-07
     781   3.894210861E-07
     782   3.884263962E-07
     783   3.874355125E-07
     784   3.864484157E-07
     785   3.854650864E-07
     786   3.850063160E-07
     787   3.840291426E-07
     788   3.830556847E-07
     789   3.820859234E-07
     790   3.811198402E-07
     791   3.764516324E-07
     792   3.755021958E-07
     793   3.745563464E-07
     794   3.736140663E-07
     795   3.726753375E-07
     796   3.862560773E-07
     797   3.852880170E-07
     798   3.843235914E-07
     799   3.833627824E-07
     800   3.824055720E-07
     801   3.829444005E-07
     802   3.819906161E-07
     803   3.810403907E-07
     804   3.800937065E-07
     805   3.791505460E-07
     806   3.815199411E-07
     807   3.805755848E-07
     808   3.796347305E-07
     809   3.786973608E-07
     810   3.777634585E-07
     811   3.759220547E-07
     812   3.749972772E-07
     813   3.740759079E-07
     814   3.731579302E-07
     815   3.722433275E-07
     816   3.692338762E-07
     817   3.683311038E-07
     818   3.674316384E-07
     819   3.665354637E-07
     820   3.656425636E-07
     821   3.923782576E-07
     822   3.914247260E-07
     823   3.904746660E-07
     824   3.895280607E-07
     825   3.885848935E-07
     826   3.850414365E-07
     827   3.841113847E-07
     828   3.831846986E-07
     829   3.822613620E-07
     830   3.813413587E-07
     831   4.047354194E-07
     832   4.037636657E-07
     833   4.027954075E-07
     834   4.018306281E-07
     835   4.008693108E-07
     836   3.881250661E-07
     837   3.871987533E-07
     838   3.862757527E-07
     839   3.853560485E-07
     840   3.844396251E-07
     841   3.909562821E-07
     842   3.900287464E-07
     843   3.891045077E-07
     844   3.881835503E-07
     845   3.872658586E-07
     846   4.216479388E-07
     847   4.206534861E-07
     848   4.196625474E-07
     849   4.186751061E-07
     850   4.176911458E-07
     851   4.056294323E-07
     852   4.046783668E-07
     853   4.037306423E-07
     854   4.027862431E-07
     855   4.018451538E-07
     856   4.281409753E-07
     857   4.271429777E-07
     858   4.261484655E-07
     859   4.251574226E-07
     860   4.241698328E-07
     861   4.100801326E-07
     862   4.091297731E-07
     863   4.081827134E-07
     864   4.072389384E-07
     865   4.062984328E-07
     866   4.397740174E-07
     867   4.387607132E-07
     868   4.377509072E-07
     869   4.367445833E-07
     870   4.357417254E-07
     871   4.625484693E-07
     872   4.614887936E-07
     873   4.604327551E-07
     874   4.593803374E-07
     875   4.583315239E-07
     876   4.518001413E-07
     877   4.507709838E-07
     878   4.497453388E-07
     879   4.487231903E-07
     880   4.477045224E-07
     881   4.865096956E-07
     882   4.854077484E-07
     883   4.843095408E-07
     884   4.832150559E-07
     885   4.821242770E-07
     886   4.882727869E-07
     887   4.871730734E-07
     888   4.860770710E-07
     889   4.849847629E-07
     890   4.838961327E-07
     891   5.169585398E-07
     892   5.158007379E-07
     893   5.146468213E-07
     894   5.134967725E-07
     895   5.123505743E-07
     896   5.278848778E-07
     897   5.267091876E-07
     898   5.255374208E-07
     899   5.243695599E-07
     900   5.232055875E-07
     901   5.293774652E-07
     902   5.282049792E-07
     903   5.270363841E-07
     904   5.258716628E-07
     905   5.247107982E-07
     906   5.816215405E-07
     907   5.803404358E-07
     908   5.790635591E-07
     909   5.777908920E-07
     910   5.765224158E-07
     911   5.741412943E-07
     912   5.728835916E-07
     913   5.716300170E-07
     914   5.703805525E-07
     915   5.691351801E-07
     916   6.268025556E-07
     917   6.254369727E-07
     918   6.240758476E-07
     919   6.227191610E-07
     920   6.213668935E-07
     921   6.255875946E-07
     922   6.242320418E-07
     923   6.228808902E-07
     924   6.215341207E-07
     925   6.201917144E-07
     926   6.462113915E-07
     927   6.448186945E-07
     928   6.434304950E-07
     929   6.420467735E-07
     930   6.406675108E-07
     931   7.284204338E-07
     932   7.268589752E-07
     933   7.253025320E-07
     934   7.237510828E-07
     935   7.222046061E-07
     936   6.939554370E-07
     937   6.924757879E-07
     938   6.910008661E-07
     939   6.895306515E-07
     940   6.880651241E-07
     941   7.782762029E-07
     942   7.766255640E-07
     943   7.749801709E-07
     944   7.733400012E-07
     945   7.717050329E-07
     946   7.932003713E-07
     947   7.915269528E-07
     948   7.898588243E-07
     949   7.881959636E-07
     950   7.865383486E-07
     951   8.508667119E-07
     952   8.490810525E-07
     953   8.473010084E-07
     954   8.455265560E-07
     955   8.437576720E-07
     956   8.947977385E-07
     957   8.929296848E-07
     958   8.910674748E-07
     959   8.892110843E-07
     960   8.873604889E-07
     961   8.895270209E-07
     962   8.876796128E-07
     963   8.858379538E-07
     964   8.840020202E-07
     965   8.821717883E-07
     966   1.022794864E-06
     967   1.020681651E-06
     968   1.018574981E-06
     969   1.016474827E-06
     970   1.014381161E-06
     971   9.851981925E-07
     972   9.831731191E-07
     973   9.811542832E-07
     974   9.791416590E-07
     975   9.771352212E-07
     976   1.108171674E-06
     977   1.105905474E-06
     978   1.103646219E-06
     979   1.101393879E-06
     980   1.099148428E-06
     981   1.113798831E-06
     982   1.111532710E-06
     983   1.109273497E-06
     984   1.107021165E-06
     985   1.104775686E-06
     986   1.126742044E-06
     987   1.124461190E-06
     988   1.122187254E-06
     989   1.119920209E-06
     990   1.117660027E-06
     991   1.245580923E-06
     992   1.243072200E-06
     993   1.240571049E-06
     994   1.238077439E-06
     995   1.235591340E-06
     996   1.269128532E-06
     997   1.266585188E-06
     998   1.264049482E-06
     999   1.261521383E-06
    1000   1.259000861E-06
    1001   1.302404937E-06
    1002   1.299807919E-06
    1003   1.297218660E-06
    1004   1.294637130E-06
    1005   1.292063299E-06
    1006   1.317527668E-06
    1007   1.314913526E-06
    1008   1.312307156E-06
    1009   1.309708528E-06
    1010   1.307117611E-06
    1011   1.359194028E-06
    1012   1.356510526E-06
    1013   1.353834963E-06
    1014   1.351167307E-06
    1015   1.348507529E-06
    1016   1.475554728E-06
    1017   1.472655800E-06
    1018   1.469765406E-06
    1019   1.466883513E-06
    1020   1.464010087E-06
    1021   1.475392301E-06
    1022   1.472507859E-06
    1023   1.469631867E-06
    1024   1.466764293E-06
    1025   1.463905103E-06
    1026   1.551614612E-06
    1027   1.548595907E-06
    1028   1.545586002E-06
    1029   1.542584864E-06
    1030   1.539592459E-06
    1031   1.608306636E-06
    1032   1.605192780E-06
    1033   1.602087958E-06
    1034   1.598992136E-06
    1035   1.595905279E-06
    1036   1.703994009E-06
    1037   1.700710784E-06
    1038   1.697437038E-06
    1039   1.694172736E-06
    1040   1.690917842E-06
    1041   1.823822988E-06
    1042   1.820325725E-06
    1043   1.816838511E-06
    1044   1.813361308E-06
    1045   1.809894078E-06
    1046   1.831326202E-06
    1047   1.827831304E-06
    1048   1.824346402E-06
    1049   1.820871456E-06
    1050   1.817406430E-06
    1051   1.920455766E-06
    1052   1.916808176E-06
    1053   1.913170969E-06
    1054   1.909544105E-06
    1055   1.905927544E-06
    1056   1.952855061E-06
    1057   1.949163463E-06
    1058   1.945482324E-06
    1059   1.941811602E-06
    1060   1.938151260E-06
    1061   2.082257946E-06
    1062   2.078340245E-06
    1063   2.074433590E-06
    1064   2.070537941E-06
    1065   2.066653254E-06
    1066   2.203015309E-06
    1067   2.198889812E-06
    1068   2.194775893E-06
    1069   2.190673508E-06
    1070   2.186582615E-06
    1071   2.281379101E-06
    1072   2.277126763E-06
    1073   2.272886303E-06
    1074   2.268657678E-06
    1075   2.264440842E-06
    1076   2.323255174E-06
    1077   2.318944867E-06
    1078   2.314646545E-06
    1079   2.310360162E-06
    1080   2.306085675E-06
    1081   2.536837088E-06
    1082   2.532152255E-06
    1083   2.527480387E-06
    1084   2.522821437E-06
    1085   2.518175357E-06
    1086   2.588359669E-06
    1087   2.583601655E-06
    1088   2.578856748E-06
    1089   2.574124901E-06
    1090   2.569406065E-06
    1091   2.623536392E-06
    1092   2.618735776E-06
    1093   2.613948325E-06
    1094   2.609173990E-06
    1095   2.604412724E-06
    1096   2.715084902E-06
    1097   2.710139392E-06
    1098   2.705207382E-06
    1099   2.700288823E-06
    1100   2.695383666E-06
    1101   2.819158119E-06
    1102   2.814046318E-06
    1103   2.808948408E-06
    1104   2.803864338E-06
    1105   2.798794059E-06
    1106   2.776708624E-06
    1107   2.771696514E-06
    1108   2.766697963E-06
    1109   2.761712922E-06
    1110   2.756741341E-06
    1111   2.948988475E-06
    1112   2.943689305E-06
    1113   2.938404405E-06
    1114   2.933133724E-06
    1115   2.927877212E-06
    1116   2.992927605E-06
    1117   2.987573530E-06
    1118   2.982233810E-06
    1119   2.976908392E-06
    1120   2.971597227E-06
    1121   3.223845831E-06
    1122   3.218104342E-06
    1123   3.212378178E-06
    1124   3.206667283E-06
    1125   3.200971604E-06
    1126   3.221380664E-06
    1127   3.215668996E-06
    1128   3.209972505E-06
    1129   3.204291138E-06
    1130   3.198624840E-06
    1131   3.350870853E-06
    1132   3.344955811E-06
    1133   3.339056419E-06
    1134   3.333172619E-06
    1135   3.327304357E-06
    1136   3.459943738E-06
    1137   3.453862993E-06
    1138   3.447798264E-06
    1139   3.441749496E-06
    1140   3.435716631E-06
    1141   3.548305217E-06
    1142   3.542096459E-06
    1143   3.535903982E-06
    1144   3.529727731E-06
    1145   3.523567647E-06
    1146   3.777213547E-06
    1147   3.770633036E-06
    1148   3.764069706E-06
    1149   3.757523498E-06
    1150   3.750994352E-06
    1151   3.680033658E-06
    1152   3.673650252E-06
    1153   3.667283441E-06
    1154   3.660933166E-06
    1155   3.654599372E-06
    1156   3.921274502E-06
    1157   3.914502007E-06
    1158   3.907747043E-06
    1159   3.901009548E-06
    1160   3.894289463E-06
    1161   3.942004790E-06
    1162   3.935225762E-06
    1163   3.928464205E-06
    1164   3.921720061E-06
    1165   3.914993268E-06
    1166   4.164419625E-06
    1167   4.157288769E-06
    1168   4.150176213E-06
    1169   4.143081895E-06
    1170   4.136005752E-06
    1171   4.392672760E-06
    1172   4.385183122E-06
    1173   4.377712622E-06
    1174   4.370261196E-06
    1175   4.362828779E-06
    1176   4.272658681E-06
    1177   4.265404591E-06
    1178   4.258168960E-06
    1179   4.250951724E-06
    1180   4.243752822E-06
    1181   4.545518643E-06
    1182   4.537833912E-06
    1183   4.530168652E-06
    1184   4.522522797E-06
    1185   4.514896283E-06
    1186   4.748896106E-06
    1187   4.740901332E-06
    1188   4.732926729E-06
    1189   4.724972230E-06
    1190   4.717037768E-06
    1191   4.692707054E-06
    1192   4.684839984E-06
    1193   4.676992681E-06
    1194   4.669165078E-06
    1195   4.661357110E-06
    1196   4.965553747E-06
    1197   4.957264008E-06
    1198   4.948995010E-06
    1199   4.940746685E-06
    1200   4.932518964E-06
    1201   4.822235335E-06
    1202   4.814218319E-06
    1203   4.806221278E-06
    1204   4.798244147E-06
    1205   4.790286860E-06
    1206   5.115864967E-06
    1207   5.107394992E-06
    1208   5.098946034E-06
    1209   5.090518024E-06
    1210   5.082110893E-06
    1211   4.975169194E-06
    1212   4.966966112E-06
    1213   4.958783301E-06
    1214   4.950620695E-06
    1215   4.942478227E-06
    1216   5.139628784E-06
    1217   5.131189328E-06
    1218   5.122770642E-06
    1219   5.114372657E-06
    1220   5.105995306E-06
    1221   5.346477190E-06
    1222   5.337733974E-06
    1223   5.329012186E-06
    1224   5.320311758E-06
    1225   5.311632620E-06
    1226   5.250746356E-06
    1227   5.242194652E-06
    1228   5.233663822E-06
    1229   5.225153800E-06
    1230   5.216664517E-06
    1231   5.747866208E-06
    1232   5.738542824E-06
    1233   5.729242107E-06
    1234   5.719963982E-06
    1235   5.710708377E-06
    1236   5.616942969E-06
    1237   5.607868748E-06
    1238   5.598816498E-06
    1239   5.589786149E-06
    1240   5.580777630E-06
    1241   5.695325422E-06
    1242   5.686161584E-06
    1243   5.677019845E-06
    1244   5.667900134E-06
    1245   5.658802381E-06
    1246   5.955759254E-06
    1247   5.946214768E-06
    1248   5.936693207E-06
    1249   5.927194498E-06
    1250   5.917718567E-06
    1251   5.791878897E-06
    1252   5.782634079E-06
    1253   5.773411377E-06
    1254   5.764210721E-06
    1255   5.755032042E-06
    1256   6.258651142E-06
    1257   6.248700982E-06
    1258   6.238774531E-06
    1259   6.228871714E-06
    1260   6.218992457E-06
    1261   6.036156968E-06
    1262   6.026598525E-06
    1263   6.017062768E-06
    1264   6.007549625E-06
    1265   5.998059026E-06
    1266   6.422097766E-06
    1267   6.411968274E-06
    1268   6.401862729E-06
    1269   6.391781055E-06
    1270   6.381723178E-06
    1271   6.632483133E-06
    1272   6.622062893E-06
    1273   6.611667190E-06
    1274   6.601295947E-06
    1275   6.590949088E-06
    1276   6.653187128E-06
    1277   6.642775255E-06
    1278   6.632387803E-06
    1279   6.622024697E-06
    1280   6.611685861E-06
    1281   6.850681788E-06
    1282   6.840002627E-06
    1283   6.829348418E-06
    1284   6.818719082E-06
    1285   6.808114542E-06
    1286   6.807713450E-06
    1287   6.797142467E-06
    1288   6.786596086E-06
    1289   6.776074232E-06
    1290   6.765576828E-06
    1291   7.208240857E-06
    1292   7.197091219E-06
    1293   7.185967430E-06
    1294   7.174869411E-06
    1295   7.163797082E-06
    1296   7.036079364E-06
    1297   7.025237947E-06
    1298   7.014421569E-06
    1299   7.003630151E-06
    1300   6.992863617E-06
    1301   7.090734882E-06
    1302   7.079851175E-06
    1303   7.068992507E-06
    1304   7.058158802E-06
    1305   7.047349983E-06
    1306   7.093490151E-06
    1307   7.082643836E-06
    1308   7.071822378E-06
    1309   7.061025703E-06
    1310   7.050253734E-06
    1311   7.138228148E-06
    1312   7.127354991E-06
    1313   7.116506657E-06
    1314   7.105683073E-06
    1315   7.094884163E-06
    1316   7.373121088E-06
    1317   7.361932740E-06
    1318   7.350769840E-06
    1319   7.339632310E-06
    1320   7.328520073E-06
    1321   7.227202400E-06
    1322   7.216276924E-06
    1323   7.205376204E-06
    1324   7.194500164E-06
    1325   7.183648731E-06
    1326   7.503531809E-06
    1327   7.492231309E-06
    1328   7.480956319E-06
    1329   7.469706760E-06
    1330   7.458482558E-06
    1331   7.576994485E-06
    1332   7.565626151E-06
    1333   7.554283383E-06
    1334   7.542966105E-06
    1335   7.531674239E-06
    1336   7.731188809E-06
    1337   7.719632473E-06
    1338   7.708102029E-06
    1339   7.696597399E-06
    1340   7.685118507E-06
    1341   7.800524479E-06
    1342   7.788907912E-06
    1343   7.777317275E-06
    1344   7.765752491E-06
    1345   7.754213483E-06
    1346   7.841838919E-06
    1347   7.830204143E-06
    1348   7.818595241E-06
    1349   7.807012137E-06
    1350   7.795454754E-06
    1351   7.992578821E-06
    1352   7.980764218E-06
    1353   7.968975792E-06
    1354   7.957213467E-06
    1355   7.945477164E-06
    1356   8.188541788E-06
    1357   8.176482080E-06
    1358   8.164448994E-06
    1359   8.152442451E-06
    1360   8.140462374E-06
    1361   8.216404155E-06
    1362   8.204347803E-06
    1363   8.192317967E-06
    1364   8.180314571E-06
    1365   8.168337537E-06
    1366   8.191248988E-06
    1367   8.179273478E-06
    1368   8.167324210E-06
    1369   8.155401109E-06
    1370   8.143504098E-06
    1371   8.347455787E-06
    1372   8.335296347E-06
    1373   8.323163455E-06
    1374   8.311057036E-06
    1375   8.298977011E-06
    1376   8.832173509E-06
    1377   8.819354680E-06
    1378   8.806563738E-06
    1379   8.793800602E-06
    1380   8.781065192E-06
    1381   8.642271264E-06
    1382   8.629773402E-06
    1383   8.617302631E-06
    1384   8.604858873E-06
    1385   8.592442049E-06
    1386   8.936842702E-06
    1387   8.923965407E-06
    1388   8.911115925E-06
    1389   8.898294175E-06
    1390   8.885500079E-06
    1391   8.649583559E-06
    1392   8.637164918E-06
    1393   8.624773003E-06
    1394   8.612407737E-06
    1395   8.600069044E-06
    1396   8.976241528E-06
    1397   8.963399981E-06
    1398   8.950585971E-06
    1399   8.937799419E-06
    1400   8.925040248E-06
    1401   9.016414148E-06
    1402   9.003561099E-06
    1403   8.990735513E-06
    1404   8.977937313E-06
    1405   8.965166421E-06
    1406   8.702050869E-06
    1407   8.689690001E-06
    1408   8.677355452E-06
    1409   8.665047146E-06
    1410   8.652765010E-06
    1411   8.928049730E-06
    1412   8.915412717E-06
    1413   8.902802515E-06
    1414   8.890219048E-06
    1415   8.877662242E-06
    1416   8.842240489E-06
    1417   8.829769063E-06
    1418   8.817324005E-06
    1419   8.804905239E-06
    1420   8.792512691E-06
    1421   9.062441682E-06
    1422   9.049704589E-06
    1423   9.036994330E-06
    1424   9.024310829E-06
    1425   9.011654012E-06
    1426   9.272031271E-06
    1427   9.259045233E-06
    1428   9.246086458E-06
    1429   9.233154868E-06
    1430   9.220250389E-06
    1431   9.066818284E-06
    1432   9.054163967E-06
    1433   9.041536123E-06
    1434   9.028934679E-06
    1435   9.016359561E-06
    1436   9.294795162E-06
    1437   9.281867770E-06
    1438   9.268967328E-06
    1439   9.256093763E-06
    1440   9.243246998E-06
    1441   9.154955611E-06
    1442   9.142266830E-06
    1443   9.129604410E-06
    1444   9.116968280E-06
    1445   9.104358365E-06
    1446   9.162816026E-06
    1447   9.150160203E-06
    1448   9.137530582E-06
    1449   9.124927092E-06
    1450   9.112349659E-06
    1451   9.230395784E-06
    1452   9.217690491E-06
    1453   9.205011412E-06
    1454   9.192358475E-06
    1455   9.179731609E-06
    1456   8.832379704E-06
    1457   8.820263957E-06
    1458   8.808173122E-06
    1459   8.796107131E-06
    1460   8.784065917E-06
    1461   9.342944203E-06
    1462   9.330171894E-06
    1463   9.317425758E-06
    1464   9.304705722E-06
    1465   9.292011717E-06
    1466   8.995542415E-06
    1467   8.983286908E-06
    1468   8.971056428E-06
    1469   8.958850909E-06
    1470   8.946670283E-06
    1471   9.324729742E-06
    1472   9.312068873E-06
    1473   9.299433773E-06
    1474   9.286824371E-06
    1475   9.274240599E-06
    1476   9.257810445E-06
    1477   9.245282961E-06
    1478   9.232780888E-06
    1479   9.220304157E-06
    1480   9.207852700E-06
    1481   9.549461579E-06
    1482   9.536583007E-06
    1483   9.523730469E-06
    1484   9.510903896E-06
    1485   9.498103218E-06
    1486   9.820097397E-06
    1487   9.806898342E-06
    1488   9.793725879E-06
    1489   9.780579938E-06
    1490   9.767460448E-06
    1491   9.487480982E-06
    1492   9.474771698E-06
    1493   9.462087934E-06
    1494   9.449429622E-06
    1495   9.436796695E-06
    1496   9.456402499E-06
    1497   9.443777128E-06
    1498   9.431177025E-06
    1499   9.418602123E-06
    1500   9.406052353E-06
    1501   9.428053733E-06
    1502   9.415508086E-06
    1503   9.402987464E-06
    1504   9.390491799E-06
    1505   9.378021027E-06
    1506   9.428017919E-06
    1507   9.415513916E-06
    1508   9.403034773E-06
    1509   9.390580422E-06
    1510   9.378150799E-06
    1511   9.583252605E-06
    1512   9.570584723E-06
    1513   9.557941943E-06
    1514   9.545324198E-06
    1515   9.532731422E-06
    1516   9.451343698E-06
    1517   9.438891335E-06
    1518   9.426463565E-06
    1519   9.414060324E-06
    1520   9.401681546E-06
    1521   9.637513769E-06
    1522   9.624857809E-06
    1523   9.612226762E-06
    1524   9.599620563E-06
    1525   9.587039147E-06
    1526   9.931308148E-06
    1527   9.918309054E-06
    1528   9.905335465E-06
    1529   9.892387314E-06
    1530   9.879464535E-06
    1531   9.988218255E-06
    1532   9.975187311E-06
    1533   9.962181852E-06
    1534   9.949201810E-06
    1535   9.936247120E-06
    1536   9.981233027E-06
    1537   9.968253530E-06
    1538   9.955299334E-06
    1539   9.942370374E-06
    1540   9.929466584E-06
    1541   9.935193722E-06
    1542   9.922315959E-06
    1543   9.909463218E-06
    1544   9.896635434E-06
    1545   9.883832542E-06
    1546   1.028919085E-05
    1547   1.027589732E-05
    1548   1.026262954E-05
    1549   1.024938744E-05
    1550   1.023617095E-05
    1551   9.796373502E-06
    1552   9.783757438E-06
    1553   9.771165729E-06
    1554   9.758598314E-06
    1555   9.746055128E-06
    1556   9.969507269E-06
    1557   9.956709442E-06
    1558   9.943936242E-06
    1559   9.931187605E-06
    1560   9.918463470E-06
    1561   9.706201979E-06
    1562   9.693782015E-06
    1563   9.681385874E-06
    1564   9.669013496E-06
    1565   9.656664820E-06
    1566   9.753679304E-06
    1567   9.741238387E-06
    1568   9.728821257E-06
    1569   9.716427854E-06
    1570   9.704058118E-06
    1571   9.891303678E-06
    1572   9.878727323E-06
    1573   9.866174937E-06
    1574   9.853646461E-06
    1575   9.841141834E-06
    1576   9.971931760E-06
    1577   9.959293064E-06
    1578   9.946678380E-06
    1579   9.934087647E-06
    1580   9.921520807E-06
    1581   1.008853412E-05
    1582   1.007578802E-05
    1583   1.006306607E-05
    1584   1.005036819E-05
    1585   1.003769434E-05
    1586   1.011200375E-05
    1587   1.009926823E-05
    1588   1.008655675E-05
    1589   1.007386926E-05
    1590   1.006120569E-05
    1591   1.003078562E-05
    1592   1.001819204E-05
    1593   1.000562216E-05
    1594   9.993075924E-06
    1595   9.980553273E-06
    1596   9.622446631E-06
    1597   9.610403519E-06
    1598   9.598383001E-06
    1599   9.586385023E-06
    1600   9.574409526E-06
    1601   9.618297936E-06
    1602   9.606297564E-06
    1603   9.594319637E-06
    1604   9.582364099E-06
    1605   9.570430893E-06
    1606   9.934544297E-06
    1607   9.922187899E-06
    1608   9.909854539E-06
    1609   9.897544161E-06
    1610   9.885256707E-06
    1611   1.049576774E-05
    1612   1.048275377E-05
    1613   1.046976398E-05
    1614   1.045679833E-05
    1615   1.044385675E-05
    1616   1.096885236E-05
    1617   1.095529382E-05
    1618   1.094176042E-05
    1619   1.092825207E-05
    1620   1.091476872E-05
    1621   1.120416861E-05
    1622   1.119036188E-05
    1623   1.117658064E-05
    1624   1.116282485E-05
    1625   1.114909444E-05
    1626   1.160906879E-05
    1627   1.159480703E-05
    1628   1.158057154E-05
    1629   1.156636225E-05
    1630   1.155217910E-05
    1631   1.180635307E-05
    1632   1.179189336E-05
    1633   1.177746020E-05
    1634   1.176305352E-05
    1635   1.174867326E-05
    1636   1.150716438E-05
    1637   1.149311412E-05
    1638   1.147908958E-05
    1639   1.146509069E-05
    1640   1.145111739E-05
    1641   1.165898149E-05
    1642   1.164478918E-05
    1643   1.163062277E-05
    1644   1.161648219E-05
    1645   1.160236739E-05
    1646   1.140671197E-05
    1647   1.139286887E-05
    1648   1.137905096E-05
    1649   1.136525817E-05
    1650   1.135149044E-05
    1651   1.117270870E-05
    1652   1.115919060E-05
    1653   1.114569702E-05
    1654   1.113222790E-05
    1655   1.111878318E-05
    1656   1.047477116E-05
    1657   1.046213573E-05
    1658   1.044952315E-05
    1659   1.043693336E-05
    1660   1.042436631E-05
    1661   9.880691036E-06
    1662   9.868808064E-06
    1663   9.856946516E-06
    1664   9.845106340E-06
    1665   9.833287485E-06
    1666   1.000790844E-05
    1667   9.995908547E-06
    1668   9.983930227E-06
    1669   9.971973424E-06
    1670   9.960038088E-06
    1671   1.078911847E-05
    1672   1.077622054E-05
    1673   1.076334573E-05
    1674   1.075049397E-05
    1675   1.073766522E-05
    1676   1.254784153E-05
    1677   1.253288581E-05
    1678   1.251795683E-05
    1679   1.250305450E-05
    1680   1.248817876E-05
    1681   1.453959993E-05
    1682   1.452232174E-05
    1683   1.450507433E-05
    1684   1.448785762E-05
    1685   1.447067155E-05
    1686   1.603774205E-05
    1687   1.601873999E-05
    1688   1.599977167E-05
    1689   1.598083703E-05
    1690   1.596193598E-05
    1691   1.711725726E-05
    1692   1.709703605E-05
    1693   1.707685064E-05
    1694   1.705670097E-05
    1695   1.703658693E-05
    1696   1.690469406E-05
    1697   1.688478276E-05
    1698   1.686490662E-05
    1699   1.684506555E-05
    1700   1.682525948E-05
    1701   1.720353591E-05
    1702   1.718333211E-05
    1703   1.716316388E-05
    1704   1.714303113E-05
    1705   1.712293379E-05
    1706   1.755900063E-05
    1707   1.753843974E-05
    1708   1.751791494E-05
    1709   1.749742615E-05
    1710   1.747697329E-05
    1711   1.924880486E-05
    1712   1.922633106E-05
    1713   1.920389660E-05
    1714   1.918150139E-05
    1715   1.915914533E-05
    1716   2.197698925E-05
    1717   2.195140486E-05
    1718   2.192586513E-05
    1719   2.190036993E-05
    1720   2.187491918E-05
    1721   2.274820194E-05
    1722   2.272179660E-05
    1723   2.269543720E-05
    1724   2.266912365E-05
    1725   2.264285584E-05
    1726   2.295879062E-05
    1727   2.293221794E-05
    1728   2.290569137E-05
    1729   2.287921081E-05
    1730   2.285277613E-05
    1731   1.940472581E-05
    1732   1.938233144E-05
    1733   1.935997581E-05
    1734   1.933765883E-05
    1735   1.931538042E-05
    1736   1.469372499E-05
    1737   1.467681621E-05
    1738   1.465993661E-05
    1739   1.464308611E-05
    1740   1.462626464E-05
    1741   8.366646361E-06
    1742   8.357046078E-06
    1743   8.347462309E-06
    1744   8.337895017E-06
    1745   8.328344164E-06
    1746   4.518400394E-07
    1747   4.513230599E-07
    1748   4.508069672E-07
    1749   4.502917593E-07
    1750   4.497774340E-07
    1751  -8.275443764E-06
    1752  -8.266002300E-06
    1753  -8.256576984E-06
    1754  -8.247167779E-06
    1755  -8.237774649E-06
    1756  -1.602556714E-05
    1757  -1.600733555E-05
    1758  -1.598913506E-05
    1759  -1.597096559E-05
    1760  -1.595282707E-05
    1761  -2.268058382E-05
    1762  -2.265485429E-05
    1763  -2.262916851E-05
    1764  -2.260352640E-05
    1765  -2.257792784E-05
    1766  -2.531118707E-05
    1767  -2.528255450E-05
    1768  -2.525397050E-05
    1769  -2.522543494E-05
    1770  -2.519694772E-05
    1771  -2.306007674E-05
    1772  -2.303406424E-05
    1773  -2.300809574E-05
    1774  -2.298217112E-05
    1775  -2.295629030E-05
    1776  -1.064818289E-05
    1777  -1.063620518E-05
    1778  -1.062424767E-05
    1779  -1.061231031E-05
    1780  -1.060039306E-05
    1781   1.579540524E-05
    1782   1.577768746E-05
    1783   1.575999947E-05
    1784   1.574234121E-05
    1785   1.572471261E-05
    1786   5.720538183E-05
    1787   5.714139371E-05
    1788   5.707751289E-05
    1789   5.701373913E-05
    1790   5.695007219E-05
    1791   1.108941073E-04
    1792   1.107704106E-04
    1793   1.106469207E-04
    1794   1.105236372E-04
    1795   1.104005597E-04
    1796   1.797259898E-04
    1797   1.795260721E-04
    1798   1.793264878E-04
    1799   1.791272362E-04
    1800   1.789283164E-04
    1801   2.511336567E-04
    1802   2.508550836E-04
    1803   2.505769738E-04
    1804   2.502993261E-04
    1805   2.500221397E-04
    1806   3.090275915E-04
    1807   3.086857469E-04
    1808   3.083444691E-04
    1809   3.080037570E-04
    1810   3.076636093E-04
    1811   3.597716854E-04
    1812   3.593748055E-04
    1813   3.589785819E-04
    1814   3.585830132E-04
    1815   3.581880980E-04
    1816   3.827647615E-04
    1817   3.823436781E-04
    1818   3.819232893E-04
    1819   3.815035933E-04
    1820   3.810845888E-04
    1821   3.911225164E-04
    1822   3.906934188E-04
    1823   3.902650269E-04
    1824   3.898373392E-04
    1825   3.894103541E-04
    1826   3.230128698E-04
    1827   3.226594640E-04
    1828   3.223066379E-04
    1829   3.219543902E-04
    1830   3.216027197E-04
    1831   1.689321970E-04
    1832   1.687478738E-04
    1833   1.685638521E-04
    1834   1.683801313E-04
    1835   1.681967107E-04
    1836  -1.168437656E-04
    1837  -1.167166233E-04
    1838  -1.165896884E-04
    1839  -1.164629605E-04
    1840  -1.163364391E-04
    1841  -5.692035799E-04
    1842  -5.685858874E-04
    1843  -5.679691999E-04
    1844  -5.673535152E-04
    1845  -5.667388310E-04
    1846  -1.174275985E-03
    1847  -1.173005123E-03
    1848  -1.171736324E-03
    1849  -1.170469582E-03
    1850  -1.169204893E-03
    1851  -1.789005699E-03
    1852  -1.787074770E-03
    1853  -1.785146965E-03
    1854  -1.783222279E-03
    1855  -1.781300703E-03
    1856  -2.280606062E-03
    1857  -2.278151158E-03
    1858  -2.275700215E-03
    1859  -2.273253226E-03
    1860  -2.270810181E-03
    1861  -2.585106311E-03
    1862  -2.582331103E-03
    1863  -2.579560361E-03
    1864  -2.576794077E-03
    1865  -2.574032240E-03
    1866  -2.624063620E-03
    1867  -2.621254130E-03
    1868  -2.618449150E-03
    1869  -2.615648669E-03
    1870  -2.612852679E-03
    1871  -2.457740935E-03
    1872  -2.455116545E-03
    1873  -2.452496357E-03
    1874  -2.449880360E-03
    1875  -2.447268548E-03
    1876  -1.822112574E-03
    1877  -1.820172092E-03
    1878  -1.818234708E-03
    1879  -1.816300416E-03
    1880  -1.814369209E-03
    1881  -6.936713312E-04
    1882  -6.929345587E-04
    1883  -6.921989593E-04
    1884  -6.914645307E-04
    1885  -6.907312704E-04
    1886   1.394469477E-03
    1887   1.392992285E-03
    1888   1.391517438E-03
    1889   1.390044933E-03
    1890   1.388574764E-03
    1891   4.743064165E-03
    1892   4.738053004E-03
    1893   4.733049780E-03
    1894   4.728054476E-03
    1895   4.723067077E-03
    1896   9.551370112E-03
    1897   9.541305444E-03
    1898   9.531256676E-03
    1899   9.521223774E-03
    1900   9.511206705E-03
    1901   1.417698697E-02
    1902   1.416208735E-02
    1903   1.414721120E-02
    1904   1.413235849E-02
    1905   1.411752915E-02
    1906   1.895294180E-02
    1907   1.893307498E-02
    1908   1.891323939E-02
    1909   1.889343495E-02
    1910   1.887366160E-02
    1911   2.166206110E-02
    1912   2.163941388E-02
    1913   2.161680216E-02
    1914   2.159422587E-02
    1915   2.157168492E-02
    1916   2.330453178E-02
    1917   2.328023091E-02
    1918   2.325596803E-02
    1919   2.323174307E-02
    1920   2.320755593E-02
    1921   2.376883262E-02
    1922   2.374411204E-02
    1923   2.371943001E-02
    1924   2.369478645E-02
    1925   2.367018127E-02
    1926   2.363561546E-02
    1927   2.361109719E-02
    1928   2.358661705E-02
    1929   2.356217496E-02
    1930   2.353777084E-02
    1931   2.318381524E-02
    1932   2.315982785E-02
    1933   2.313587766E-02
    1934   2.311196461E-02
    1935   2.308808862E-02
    1936   2.077568187E-02
    1937   2.075424154E-02
    1938   2.073283438E-02
    1939   2.071146032E-02
    1940   2.069011930E-02
    1941   1.753765479E-02
    1942   1.751960265E-02
    1943   1.750157837E-02
    1944   1.748358189E-02
    1945   1.746561315E-02
    1946   1.331825158E-02
    1947   1.330457781E-02
    1948   1.329092508E-02
    1949   1.327729337E-02
    1950   1.326368261E-02
    1951   8.130993413E-03
    1952   8.122666743E-03
    1953   8.114352857E-03
    1954   8.106051729E-03
    1955   8.097763332E-03
    1956   3.983326572E-03
    1957   3.979257801E-03
    1958   3.975195261E-03
    1959   3.971138939E-03
    1960   3.967088823E-03
    1961   8.201874702E-04
    1962   8.193518233E-04
    1963   8.185174528E-04
    1964   8.176843561E-04
    1965   8.168525307E-04
    1966  -1.000071007E-03
    1967  -9.990546746E-04
    1968  -9.980398908E-04
    1969  -9.970266524E-04
    1970  -9.960149561E-04
    1971  -1.993934304E-03
    1972  -1.991913083E-03
    1973  -1.989894934E-03
    1974  -1.987879851E-03
    1975  -1.985867827E-03
    1976  -2.405712096E-03
    1977  -2.403279627E-03
    1978  -2.400850845E-03
    1979  -2.398425743E-03
    1980  -2.396004314E-03
    1981  -2.560572592E-03
    1982  -2.557990068E-03
    1983  -2.555411449E-03
    1984  -2.552836727E-03
    1985  -2.550265895E-03
    1986  -2.390742417E-03
    1987  -2.388337244E-03
    1988  -2.385935698E-03
    1989  -2.383537773E-03
    1990  -2.381143460E-03
    1991  -2.167367239E-03
    1992  -2.165192259E-03
    1993  -2.163020552E-03
    1994  -2.160852110E-03
    1995  -2.158686927E-03
    1996  -1.645926861E-03
    1997  -1.644279286E-03
    1998  -1.642634184E-03
    1999  -1.640991550E-03
    2000  -1.639351379E-03
    2001  -1.039460012E-03
    2002  -1.038422109E-03
    2003  -1.037385759E-03
    2004  -1.036350960E-03
    2005  -1.035317709E-03
    2006  -5.232076738E-04
    2007  -5.226865506E-04
    2008  -5.221662056E-04
    2009  -5.216466373E-04
    2010  -5.211278440E-04
    2011  -1.352554658E-04
    2012  -1.351210839E-04
    2013  -1.349869020E-04
    2014  -1.348529200E-04
    2015  -1.347191373E-04
    2016   1.023185565E-04
    2017   1.022171506E-04
    2018   1.021158954E-04
    2019   1.020147905E-04
    2020   1.019138357E-04
    2021   2.238211518E-04
    2022   2.235998753E-04
    2023   2.233789268E-04
    2024   2.231583056E-04
    2025   2.229380111E-04
    2026   2.681203021E-04
    2027   2.678558836E-04
    2028   2.675918562E-04
    2029   2.673282189E-04
    2030   2.670649710E-04
    2031   2.737566450E-04
    2032   2.734873321E-04
    2033   2.732184163E-04
    2034   2.729498970E-04
    2035   2.726817733E-04
    2036   2.418643135E-04
    2037   2.416269589E-04
    2038   2.413899535E-04
    2039   2.411532967E-04
    2040   2.409169877E-04
    2041   2.093438852E-04
    2042   2.091389475E-04
    2043   2.089343105E-04
    2044   2.087299738E-04
    2045   2.085259367E-04
    2046   1.531997176E-04
    2047   1.530501085E-04
    2048   1.529007184E-04
    2049   1.527515470E-04
    2050   1.526025938E-04
    2051   9.633604559E-05
    2052   9.624219655E-05
    2053   9.614848457E-05
    2054   9.605490941E-05
    2055   9.596147078E-05
    2056   4.373500682E-05
    2057   4.369250438E-05
    2058   4.365006387E-05
    2059   4.360768517E-05
    2060   4.356536815E-05
    2061   2.168663979E-06
    2062   2.166561541E-06
    2063   2.164462160E-06
    2064   2.162365829E-06
    2065   2.160272541E-06
    2066  -2.673857352E-05
    2067  -2.671271417E-05
    2068  -2.668689231E-05
    2069  -2.666110787E-05
    2070  -2.663536079E-05
    2071  -4.318327908E-05
    2072  -4.314161649E-05
    2073  -4.310001416E-05
    2074  -4.305847198E-05
    2075  -4.301698983E-05
    2076  -5.170698248E-05
    2077  -5.165721637E-05
    2078  -5.160752208E-05
    2079  -5.155789946E-05
    2080  -5.150834838E-05
    2081  -5.206932476E-05
    2082  -5.201933021E-05
    2083  -5.196940762E-05
    2084  -5.191955687E-05
    2085  -5.186977782E-05
    2086  -4.849370672E-05
    2087  -4.844725681E-05
    2088  -4.840087360E-05
    2089  -4.835455698E-05
    2090  -4.830830680E-05
    2091  -4.128664436E-05
    2092  -4.124719224E-05
    2093  -4.120779664E-05
    2094  -4.116845746E-05
    2095  -4.112917458E-05
    2096  -3.360873667E-05
    2097  -3.357669783E-05
    2098  -3.354470479E-05
    2099  -3.351275745E-05
    2100  -3.348085573E-05
    2101  -2.474541118E-05
    2102  -2.472187774E-05
    2103  -2.469837786E-05
    2104  -2.467491147E-05
    2105  -2.465147850E-05
    2106  -1.617762907E-05
    2107  -1.616228028E-05
    2108  -1.614695332E-05
    2109  -1.613164815E-05
    2110  -1.611636473E-05
    2111  -1.046579714E-05
    2112  -1.045589104E-05
    2113  -1.044599900E-05
    2114  -1.043612098E-05
    2115  -1.042625697E-05
    2116  -6.359886844E-06
    2117  -6.353881285E-06
    2118  -6.347884229E-06
    2119  -6.341895659E-06
    2120  -6.335915559E-06
    2121  -4.076952926E-06
    2122  -4.073112179E-06
    2123  -4.069276857E-06
    2124  -4.065446949E-06
    2125  -4.061622446E-06
    2126  -3.279430551E-06
    2127  -3.276348379E-06
    2128  -3.273270551E-06
    2129  -3.270197057E-06
    2130  -3.267127891E-06
    2131  -3.595850705E-06
    2132  -3.592479068E-06
    2133  -3.589112171E-06
    2134  -3.585750005E-06
    2135  -3.582392562E-06
    2136  -4.332209672E-06
    2137  -4.328157090E-06
    2138  -4.324110192E-06
    2139  -4.320068968E-06
    2140  -4.316033406E-06
    2141  -4.775328818E-06
    2142  -4.770872141E-06
    2143  -4.766421701E-06
    2144  -4.761977485E-06
    2145  -4.757539482E-06
    2146  -4.850403056E-06
    2147  -4.845886852E-06
    2148  -4.841376953E-06
    2149  -4.836873346E-06
    2150  -4.832376021E-06
    2151  -4.570744141E-06
    2152  -4.566498211E-06
    2153  -4.562258194E-06
    2154  -4.558024080E-06
    2155  -4.553795857E-06
    2156  -4.424825866E-06
    2157  -4.420725008E-06
    2158  -4.416629848E-06
    2159  -4.412540376E-06
    2160  -4.408456581E-06
    2161  -4.788170654E-06
    2162  -4.783743312E-06
    2163  -4.779322107E-06
    2164  -4.774907029E-06
    2165  -4.770498066E-06
    2166  -5.190709052E-06
    2167  -5.185920575E-06
    2168  -5.181138721E-06
    2169  -5.176363478E-06
    2170  -5.171594834E-06
    2171  -5.846892080E-06
    2172  -5.841510679E-06
    2173  -5.836136705E-06
    2174  -5.830770142E-06
    2175  -5.825410978E-06
    2176  -6.232184458E-06
    2177  -6.226461608E-06
    2178  -6.220746636E-06
    2179  -6.215039529E-06
    2180  -6.209340272E-06
    2181  -6.478482401E-06
    2182  -6.472547007E-06
    2183  -6.466619766E-06
    2184  -6.460700663E-06
    2185  -6.454789684E-06
    2186  -6.287742312E-06
    2187  -6.281994833E-06
    2188  -6.276255230E-06
    2189  -6.270523490E-06
    2190  -6.264799598E-06
    2191  -5.756558145E-06
    2192  -5.751308206E-06
    2193  -5.746065445E-06
    2194  -5.740829850E-06
    2195  -5.735601408E-06
    2196  -5.358768590E-06
    2197  -5.353892549E-06
    2198  -5.349023161E-06
    2199  -5.344160412E-06
    2200  -5.339304292E-06
    2201  -4.705857331E-06
    2202  -4.701585104E-06
    2203  -4.697318693E-06
    2204  -4.693058087E-06
    2205  -4.688803274E-06
    2206  -4.337703225E-06
    2207  -4.333774146E-06
    2208  -4.329850402E-06
    2209  -4.325931986E-06
    2210  -4.322018886E-06
    2211  -3.992628896E-06
    2212  -3.989020556E-06
    2213  -3.985417105E-06
    2214  -3.981818534E-06
    2215  -3.978224835E-06
    2216  -3.763349174E-06
    2217  -3.759955712E-06
    2218  -3.756566838E-06
    2219  -3.753182543E-06
    2220  -3.749802820E-06
    2221  -3.778643220E-06
    2222  -3.775243631E-06
    2223  -3.771848628E-06
    2224  -3.768458202E-06
    2225  -3.765072346E-06
    2226  -3.660527367E-06
    2227  -3.657241436E-06
    2228  -3.653959927E-06
    2229  -3.650682833E-06
    2230  -3.647410145E-06
    2231  -3.772636447E-06
    2232  -3.769257463E-06
    2233  -3.765883016E-06
    2234  -3.762513098E-06
    2235  -3.759147701E-06
    2236  -3.782934621E-06
    2237  -3.779553982E-06
    2238  -3.776177873E-06
    2239  -3.772806286E-06
    2240  -3.769439212E-06
    2241  -3.679117290E-06
    2242  -3.675836757E-06
    2243  -3.672560610E-06
    2244  -3.669288841E-06
    2245  -3.666021442E-06
    2246  -3.663374416E-06
    2247  -3.660115186E-06
    2248  -3.656860304E-06
    2249  -3.653609761E-06
    2250  -3.650363551E-06
    2251  -3.335310117E-06
    2252  -3.332349345E-06
    2253  -3.329392513E-06
    2254  -3.326439615E-06
    2255  -3.323490644E-06
    2256  -3.156057214E-06
    2257  -3.153261769E-06
    2258  -3.150470037E-06
    2259  -3.147682010E-06
    2260  -3.144897683E-06
    2261  -2.956755871E-06
    2262  -2.954142742E-06
    2263  -2.951533075E-06
    2264  -2.948926865E-06
    2265  -2.946324105E-06
    2266  -2.899663196E-06
    2267  -2.897106174E-06
    2268  -2.894552532E-06
    2269  -2.892002266E-06
    2270  -2.889455368E-06
    2271  -2.926027767E-06
    2272  -2.923453171E-06
    2273  -2.920881972E-06
    2274  -2.918314164E-06
    2275  -2.915749740E-06
    2276  -2.851801929E-06
    2277  -2.849298152E-06
    2278  -2.846797671E-06
    2279  -2.844300480E-06
    2280  -2.841806574E-06
    2281  -2.912979832E-06
    2282  -2.910427944E-06
    2283  -2.907879408E-06
    2284  -2.905334218E-06
    2285  -2.902792369E-06
    2286  -2.850357360E-06
    2287  -2.847865789E-06
    2288  -2.845377483E-06
    2289  -2.842892438E-06
    2290  -2.840410646E-06
    2291  -2.773510214E-06
    2292  -2.771091103E-06
    2293  -2.768675156E-06
    2294  -2.766262368E-06
    2295  -2.763852731E-06
    2296  -2.662815209E-06
    2297  -2.660497702E-06
    2298  -2.658183219E-06
    2299  -2.655871756E-06
    2300  -2.653563306E-06
    2301  -2.511515470E-06
    2302  -2.509334389E-06
    2303  -2.507156147E-06
    2304  -2.504980740E-06
    2305  -2.502808164E-06
    2306  -2.518326903E-06
    2307  -2.516144644E-06
    2308  -2.513965220E-06
    2309  -2.511788627E-06
    2310  -2.509614859E-06
    2311  -2.437572828E-06
    2312  -2.435465113E-06
    2313  -2.433360130E-06
    2314  -2.431257875E-06
    2315  -2.429158343E-06
    2316  -2.441660116E-06
    2317  -2.439553420E-06
    2318  -2.437449450E-06
    2319  -2.435348201E-06
    2320  -2.433249667E-06
    2321  -2.418368693E-06
    2322  -2.416286585E-06
    2323  -2.414207165E-06
    2324  -2.412130427E-06
    2325  -2.410056369E-06
    2326  -2.414905280E-06
    2327  -2.412830619E-06
    2328  -2.410758630E-06
    2329  -2.408689309E-06
    2330  -2.406622652E-06
    2331  -2.447158460E-06
    2332  -2.445060596E-06
    2333  -2.442965428E-06
    2334  -2.440872953E-06
    2335  -2.438783164E-06
    2336  -2.378332356E-06
    2337  -2.376297854E-06
    2338  -2.374265962E-06
    2339  -2.372236675E-06
    2340  -2.370209989E-06
    2341  -2.344044264E-06
    2342  -2.342043372E-06
    2343  -2.340045042E-06
    2344  -2.338049268E-06
    2345  -2.336056046E-06
    2346  -2.233265023E-06
    2347  -2.231362753E-06
    2348  -2.229462912E-06
    2349  -2.227565497E-06
    2350  -2.225670503E-06
    2351  -2.150062372E-06
    2352  -2.148234864E-06
    2353  -2.146409686E-06
    2354  -2.144586833E-06
    2355  -2.142766301E-06
    2356  -2.017104606E-06
    2357  -2.015393746E-06
    2358  -2.013685061E-06
    2359  -2.011978548E-06
    2360  -2.010274204E-06
    2361  -1.955216356E-06
    2362  -1.953561496E-06
    2363  -1.951908737E-06
    2364  -1.950258074E-06
    2365  -1.948609504E-06
    2366  -1.953736348E-06
    2367  -1.952086233E-06
    2368  -1.950438207E-06
    2369  -1.948792268E-06
    2370  -1.947148411E-06
    2371  -1.924714386E-06
    2372  -1.923092208E-06
    2373  -1.921472080E-06
    2374  -1.919853998E-06
    2375  -1.918237959E-06
    2376  -1.920064286E-06
    2377  -1.918449430E-06
    2378  -1.916836610E-06
    2379  -1.915225823E-06
    2380  -1.913617065E-06
    2381  -1.923940241E-06
    2382  -1.922325520E-06
    2383  -1.920712830E-06
    2384  -1.919102170E-06
    2385  -1.917493534E-06
    2386  -1.882009468E-06
    2387  -1.880433245E-06
    2388  -1.878859002E-06
    2389  -1.877286735E-06
    2390  -1.875716441E-06
    2391  -1.871164287E-06
    2392  -1.869600422E-06
    2393  -1.868038517E-06
    2394  -1.866478568E-06
    2395  -1.864920573E-06
    2396  -1.765735199E-06
    2397  -1.764262526E-06
    2398  -1.762791694E-06
    2399  -1.761322701E-06
    2400  -1.759855543E-06
    2401  -1.720655784E-06
    2402  -1.719223694E-06
    2403  -1.717793392E-06
    2404  -1.716364873E-06
    2405  -1.714938136E-06
    2406  -1.643012161E-06
    2407  -1.641647533E-06
    2408  -1.640284604E-06
    2409  -1.638923372E-06
    2410  -1.637563834E-06
    2411  -1.614157890E-06
    2412  -1.612820005E-06
    2413  -1.611483783E-06
    2414  -1.610149221E-06
    2415  -1.608816316E-06
    2416  -1.598105181E-06
    2417  -1.596783340E-06
    2418  -1.595463139E-06
    2419  -1.594144574E-06
    2420  -1.592827644E-06
    2421  -1.553150204E-06
    2422  -1.551868198E-06
    2423  -1.550587779E-06
    2424  -1.549308944E-06
    2425  -1.548031690E-06
    2426  -1.578966636E-06
    2427  -1.577666004E-06
    2428  -1.576366979E-06
    2429  -1.575069558E-06
    2430  -1.573773737E-06
    2431  -1.535429895E-06
    2432  -1.534167725E-06
    2433  -1.532907111E-06
    2434  -1.531648049E-06
    2435  -1.530390539E-06
    2436  -1.539971033E-06
    2437  -1.538707726E-06
    2438  -1.537445973E-06
    2439  -1.536185771E-06
    2440  -1.534927118E-06
    2441  -1.483144833E-06
    2442  -1.481930633E-06
    2443  -1.480717924E-06
    2444  -1.479506703E-06
    2445  -1.478296967E-06
    2446  -1.403818179E-06
    2447  -1.402671268E-06
    2448  -1.401525763E-06
    2449  -1.400381660E-06
    2450  -1.399238958E-06
    2451  -1.359883548E-06
    2452  -1.358774797E-06
    2453  -1.357667401E-06
    2454  -1.356561358E-06
    2455  -1.355456667E-06
    2456  -1.295372862E-06
    2457  -1.294318856E-06
    2458  -1.293266137E-06
    2459  -1.292214701E-06
    2460  -1.291164547E-06
    2461  -1.266420813E-06
    2462  -1.265392457E-06
    2463  -1.264365353E-06
    2464  -1.263339498E-06
    2465  -1.262314892E-06
    2466  -1.239598913E-06
    2467  -1.238594376E-06
    2468  -1.237591059E-06
    2469  -1.236588961E-06
    2470  -1.235588080E-06
    2471  -1.219219267E-06
    2472  -1.218233242E-06
    2473  -1.217248414E-06
    2474  -1.216264779E-06
    2475  -1.215282335E-06
    2476  -1.229208284E-06
    2477  -1.228216187E-06
    2478  -1.227225291E-06
    2479  -1.226235593E-06
    2480  -1.225247092E-06
    2481  -1.193886419E-06
    2482  -1.192924770E-06
    2483  -1.191964284E-06
    2484  -1.191004956E-06
    2485  -1.190046786E-06
    2486  -1.188291440E-06
    2487  -1.187336222E-06
    2488  -1.186382155E-06
    2489  -1.185429237E-06
    2490  -1.184477467E-06
    2491  -1.139607906E-06
    2492  -1.138693659E-06
    2493  -1.137780513E-06
    2494  -1.136868464E-06
    2495  -1.135957512E-06
    2496  -1.084769905E-06
    2497  -1.083901394E-06
    2498  -1.083033926E-06
    2499  -1.082167499E-06
    2500  -1.081302111E-06
    2501  -1.019888131E-06
    2502  -1.019073199E-06
    2503  -1.018259242E-06
    2504  -1.017446261E-06
    2505  -1.016634253E-06
    2506  -9.454408869E-07
    2507  -9.446869468E-07
    2508  -9.439339082E-07
    2509  -9.431817696E-07
    2510  -9.424305297E-07
    2511  -9.352341003E-07
    2512  -9.344897834E-07
    2513  -9.337463548E-07
    2514  -9.330038130E-07
    2515  -9.322621565E-07
    2516  -9.002739961E-07
    2517  -8.995589254E-07
    2518  -8.988447063E-07
    2519  -8.981313375E-07
    2520  -8.974188176E-07
    2521  -8.991516525E-07
    2522  -8.984388886E-07
    2523  -8.977269719E-07
    2524  -8.970159010E-07
    2525  -8.963056746E-07
    2526  -8.712159216E-07
    2527  -8.705266685E-07
    2528  -8.698382330E-07
    2529  -8.691506139E-07
    2530  -8.684638098E-07
    2531  -8.590482326E-07
    2532  -8.583699474E-07
    2533  -8.576924652E-07
    2534  -8.570157848E-07
    2535  -8.563399048E-07
    2536  -8.535781362E-07
    2537  -8.529054978E-07
    2538  -8.522336542E-07
    2539  -8.515626040E-07
    2540  -8.508923462E-07
    2541  -8.166007213E-07
    2542  -8.159584872E-07
    2543  -8.153170104E-07
    2544  -8.146762898E-07
    2545  -8.140363241E-07
    2546  -7.820973678E-07
    2547  -7.814834767E-07
    2548  -7.808703080E-07
    2549  -7.802578607E-07
    2550  -7.796461336E-07
    2551  -7.316754509E-07
    2552  -7.311022621E-07
    2553  -7.305297467E-07
    2554  -7.299579034E-07
    2555  -7.293867313E-07
    2556  -7.012352682E-07
    2557  -7.006869998E-07
    2558  -7.001393742E-07
    2559  -6.995923903E-07
    2560  -6.990460471E-07
    2561  -6.711770834E-07
    2562  -6.706533400E-07
    2563  -6.701302095E-07
    2564  -6.696076908E-07
    2565  -6.690857831E-07
    2566  -6.542694138E-07
    2567  -6.537598582E-07
    2568  -6.532508976E-07
    2569  -6.527425311E-07
    2570  -6.522347579E-07
    2571  -6.527995689E-07
    2572  -6.522921460E-07
    2573  -6.517853145E-07
    2574  -6.512790735E-07
    2575  -6.507734221E-07
    2576  -6.360235070E-07
    2577  -6.355300830E-07
    2578  -6.350372330E-07
    2579  -6.345449560E-07
    2580  -6.340532513E-07
    2581  -6.376409558E-07
    2582  -6.371472345E-07
    2583  -6.366540865E-07
    2584  -6.361615108E-07
    2585  -6.356695066E-07
    2586  -6.201147661E-07
    2587  -6.196355429E-07
    2588  -6.191568751E-07
    2589  -6.186787617E-07
    2590  -6.182012018E-07
    2591  -5.915707525E-07
    2592  -5.911144696E-07
    2593  -5.906587144E-07
    2594  -5.902034861E-07
    2595  -5.897487839E-07
    2596  -5.612562216E-07
    2597  -5.608241537E-07
    2598  -5.603925845E-07
    2599  -5.599615133E-07
    2600  -5.595309393E-07
    2601  -5.106173314E-07
    2602  -5.102250016E-07
    2603  -5.098331237E-07
    2604  -5.094416971E-07
    2605  -5.090507211E-07
    2606  -4.876840545E-07
    2607  -4.873100637E-07
    2608  -4.869365029E-07
    2609  -4.865633715E-07
    2610  -4.861906688E-07
    2611  -4.538622333E-07
    2612  -4.535148455E-07
    2613  -4.531678563E-07
    2614  -4.528212652E-07
    2615  -4.524750716E-07
    2616  -4.462532795E-07
    2617  -4.459123679E-07
    2618  -4.455718468E-07
    2619  -4.452317156E-07
    2620  -4.448919738E-07
    2621  -4.313851105E-07
    2622  -4.310561855E-07
    2623  -4.307276366E-07
    2624  -4.303994632E-07
    2625  -4.300716646E-07
    2626  -4.288208420E-07
    2627  -4.284944943E-07
    2628  -4.281685191E-07
    2629  -4.278429156E-07
    2630  -4.275176835E-07
    2631  -4.231254535E-07
    2632  -4.228040517E-07
    2633  -4.224830160E-07
    2634  -4.221623458E-07
    2635  -4.218420405E-07
    2636  -4.062129842E-07
    2637  -4.059050138E-07
    2638  -4.055973935E-07
    2639  -4.052901228E-07
    2640  -4.049832010E-07
    2641  -3.938118930E-07
    2642  -3.935138893E-07
    2643  -3.932162238E-07
    2644  -3.929188958E-07
    2645  -3.926219050E-07
    2646  -3.677499866E-07
    2647  -3.674722298E-07
    2648  -3.671947876E-07
    2649  -3.669176595E-07
    2650  -3.666408449E-07
    2651  -3.406296598E-07
    2652  -3.403728715E-07
    2653  -3.401163735E-07
    2654  -3.398601653E-07
    2655  -3.396042465E-07
    2656  -3.239106826E-07
    2657  -3.236669575E-07
    2658  -3.234235074E-07
    2659  -3.231803318E-07
    2660  -3.229374304E-07
    2661  -3.016932917E-07
    2662  -3.014667102E-07
    2663  -3.012403838E-07
    2664  -3.010143122E-07
    2665  -3.007884950E-07
    2666  -3.022981400E-07
    2667  -3.020715297E-07
    2668  -3.018451741E-07
    2669  -3.016190729E-07
    2670  -3.013932256E-07
    2671  -2.940788734E-07
    2672  -2.938588368E-07
    2673  -2.936390471E-07
    2674  -2.934195039E-07
    2675  -2.932002068E-07
    2676  -2.854962000E-07
    2677  -2.852829840E-07
    2678  -2.850700068E-07
    2679  -2.848572680E-07
    2680  -2.846447672E-07
    2681  -2.830505904E-07
    2682  -2.828395948E-07
    2683  -2.826288350E-07
    2684  -2.824183107E-07
    2685  -2.822080216E-07
    2686  -2.690044940E-07
    2687  -2.688043418E-07
    2688  -2.686044130E-07
    2689  -2.684047071E-07
    2690  -2.682052238E-07
    2691  -2.618980999E-07
    2692  -2.617035971E-07
    2693  -2.615093108E-07
    2694  -2.613152408E-07
    2695  -2.611213868E-07
    2696  -2.375378999E-07
    2697  -2.373618155E-07
    2698  -2.371859268E-07
    2699  -2.370102335E-07
    2700  -2.368347354E-07
