      50   0.000000000E+00
      51   0.000000000E+00
      52   0.000000000E+00
      53   0.000000000E+00
      54   0.000000000E+00
      55   0.000000000E+00
      56   0.000000000E+00
      57   0.000000000E+00
      58   0.000000000E+00
      59   0.000000000E+00
      60   0.000000000E+00
      61   0.000000000E+00
      62   0.000000000E+00
      63   0.000000000E+00
      64   0.000000000E+00
      65   0.000000000E+00
      66   0.000000000E+00
      67   0.000000000E+00
      68   0.000000000E+00
      69   0.000000000E+00
      70   0.000000000E+00
      71   3.251399303E-11
      72   3.162319870E-11
      73   3.076851765E-11
      74   2.994802385E-11
      75   2.915991796E-11
      76   4.652423558E-11
      77   4.533130646E-11
      78   4.418367845E-11
      79   4.307908649E-11
      80   4.201540534E-11
      81   1.422366061E-10
      82   1.388092180E-10
      83   1.355042366E-10
      84   1.323159016E-10
      85   1.292387876E-10
      86   0.000000000E+00
      87   0.000000000E+00
      88   0.000000000E+00
      89   0.000000000E+00
      90   0.000000000E+00
      91   0.000000000E+00
      92   0.000000000E+00
      93   0.000000000E+00
      94   0.000000000E+00
      95   0.000000000E+00
      96   0.000000000E+00
      97   0.000000000E+00
      98   0.000000000E+00
      99   0.000000000E+00
     100   0.000000000E+00
     101   0.000000000E+00
     102   0.000000000E+00
     103   0.000000000E+00
     104   0.000000000E+00
     105   0.000000000E+00
     106   0.000000000E+00
     107   0.000000000E+00
     108   0.000000000E+00
     109   0.000000000E+00
     110   0.000000000E+00
     111   1.030760800E-10
     112   1.012517246E-10
     113   9.947537855E-11
     114   9.774537197E-11
     115   9.606010693E-11
     116   1.014384482E-10
     117   9.971915242E-11
     118   9.804320028E-11
     119   9.640914694E-11
     120   9.481560732E-11
     121   0.000000000E+00
     122   0.000000000E+00
     123   0.000000000E+00
     124   0.000000000E+00
     125   0.000000000E+00
     126   0.000000000E+00
     127   0.000000000E+00
     128   0.000000000E+00
     129   0.000000000E+00
     130   0.000000000E+00
     131   0.000000000E+00
     132   0.000000000E+00
     133   0.000000000E+00
     134   0.000000000E+00
     135   0.000000000E+00
     136   0.000000000E+00
     137   0.000000000E+00
     138   0.000000000E+00
     139   0.000000000E+00
     140   0.000000000E+00
     141   0.000000000E+00
     142   0.000000000E+00
     143   0.000000000E+00
     144   0.000000000E+00
     145   0.000000000E+00
     146   0.000000000E+00
     147   0.000000000E+00
     148   0.000000000E+00
     149   0.000000000E+00
     150   0.000000000E+00
     151   0.000000000E+00
     152   0.000000000E+00
     153   0.000000000E+00
     154   0.000000000E+00
     155   0.000000000E+00
     156   0.000000000E+00
     157   0.000000000E+00
     158   0.000000000E+00
     159   0.000000000E+00
     160   0.000000000E+00
     161   2.034360010E-10
     162   2.009398537E-10
     163   1.984893677E-10
     164   1.960834360E-10
     165   1.937209850E-10
     166   0.000000000E+00
     167   0.000000000E+00
     168   0.000000000E+00
     169   0.000000000E+00
     170   0.000000000E+00
     171   1.208572355E-11
     172   1.194600420E-11
     173   1.180869381E-11
     174   1.167373731E-11
     175   1.154108120E-11
     176   7.239540037E-10
     177   7.158196891E-10
     178   7.078217037E-10
     179   6.999570181E-10
     180   6.922226864E-10
     181   5.238303610E-10
     182   5.181054391E-10
     183   5.124738582E-10
     184   5.069336003E-10
     185   5.014827014E-10
     186   1.321592263E-09
     187   1.307532771E-09
     188   1.293696445E-09
     189   1.280078588E-09
     190   1.266674624E-09
     191   1.007020506E-09
     192   9.965850599E-10
     193   9.863109871E-10
     194   9.761949770E-10
     195   9.662338037E-10
     196   1.660265837E-09
     197   1.643495475E-09
     198   1.626977933E-09
     199   1.610708154E-09
     200   1.594681207E-09
     201   1.712478862E-09
     202   1.695607149E-09
     203   1.678983550E-09
     204   1.662603223E-09
     205   1.646461444E-09
     206   0.000000000E+00
     207   0.000000000E+00
     208   0.000000000E+00
     209   0.000000000E+00
     210   0.000000000E+00
     211   0.000000000E+00
     212   0.000000000E+00
     213   0.000000000E+00
     214   0.000000000E+00
     215   0.000000000E+00
     216   0.000000000E+00
     217   0.000000000E+00
     218   0.000000000E+00
     219   0.000000000E+00
     220   0.000000000E+00
     221   0.000000000E+00
     222   0.000000000E+00
     223   0.000000000E+00
     224   0.000000000E+00
     225   0.000000000E+00
     226   0.000000000E+00
     227   0.000000000E+00
     228   0.000000000E+00
     229   0.000000000E+00
     230   0.000000000E+00
     231   0.000000000E+00
     232   0.000000000E+00
     233   0.000000000E+00
     234   0.000000000E+00
     235   0.000000000E+00
     236   0.000000000E+00
     237   0.000000000E+00
     238   0.000000000E+00
     239   0.000000000E+00
     240   0.000000000E+00
     241   0.000000000E+00
     242   0.000000000E+00
     243   0.000000000E+00
     244   0.000000000E+00
     245   0.000000000E+00
     246   0.000000000E+00
     247   0.000000000E+00
     248   0.000000000E+00
     249   0.000000000E+00
     250   0.000000000E+00
     251   5.336002880E-09
     252   5.293821039E-09
     253   5.252137408E-09
     254   5.210944174E-09
     255   5.170233672E-09
     256   6.053982610E-09
     257   6.007052512E-09
     258   5.960666006E-09
     259   5.914814730E-09
     260   5.869490479E-09
     261   1.331616315E-08
     262   1.321489955E-08
     263   1.311478668E-08
     264   1.301580716E-08
     265   1.291794395E-08
     266   1.414722000E-08
     267   1.404164373E-08
     268   1.393724489E-08
     269   1.383400604E-08
     270   1.373191006E-08
     271   2.675254131E-08
     272   2.655655200E-08
     273   2.636270856E-08
     274   2.617097977E-08
     275   2.598133499E-08
     276   2.861869344E-08
     277   2.841280356E-08
     278   2.820912754E-08
     279   2.800763378E-08
     280   2.780829119E-08
     281   1.773620199E-07
     282   1.761085780E-07
     283   1.748683768E-07
     284   1.736412303E-07
     285   1.724269559E-07
     286   2.903764969E-07
     287   2.883599934E-07
     288   2.863644225E-07
     289   2.843894955E-07
     290   2.824349285E-07
     291   4.235429585E-07
     292   4.206518803E-07
     293   4.177903029E-07
     294   4.149578263E-07
     295   4.121540572E-07
     296   5.258802840E-07
     297   5.223508861E-07
     298   5.188569003E-07
     299   5.153978543E-07
     300   5.119732838E-07
     301   6.514641645E-07
     302   6.471640710E-07
     303   6.429064127E-07
     304   6.386906329E-07
     305   6.345161843E-07
     306   1.025299365E-06
     307   1.018641577E-06
     308   1.012048427E-06
     309   1.005519083E-06
     310   9.990527220E-07
     311   9.685057967E-07
     312   9.623172613E-07
     313   9.561878520E-07
     314   9.501168180E-07
     315   9.441034204E-07
     316   1.092016688E-06
     317   1.085148659E-06
     318   1.078345219E-06
     319   1.071605561E-06
     320   1.064928891E-06
     321   1.324574448E-06
     322   1.316372749E-06
     323   1.308246991E-06
     324   1.300196241E-06
     325   1.292219576E-06
     326   1.365837050E-06
     327   1.357508775E-06
     328   1.349256442E-06
     329   1.341079131E-06
     330   1.332975933E-06
     331   1.658881116E-06
     332   1.648917866E-06
     333   1.639044106E-06
     334   1.629258768E-06
     335   1.619560799E-06
     336   1.627892401E-06
     337   1.618259902E-06
     338   1.608712646E-06
     339   1.599249630E-06
     340   1.589869867E-06
     341   2.003724707E-06
     342   1.992041181E-06
     343   1.980459546E-06
     344   1.968978621E-06
     345   1.957597242E-06
     346   2.232032966E-06
     347   2.219205190E-06
     348   2.206487682E-06
     349   2.193879181E-06
     350   2.181378445E-06
     351   2.043020828E-06
     352   2.031445640E-06
     353   2.019968546E-06
     354   2.008588441E-06
     355   1.997304236E-06
     356   2.558940960E-06
     357   2.544645200E-06
     358   2.530468904E-06
     359   2.516410743E-06
     360   2.502469409E-06
     361   2.291945632E-06
     362   2.279317832E-06
     363   2.266794108E-06
     364   2.254373318E-06
     365   2.242054338E-06
     366   3.027108809E-06
     367   3.010657130E-06
     368   2.994339205E-06
     369   2.978153588E-06
     370   2.962098852E-06
     371   2.781997193E-06
     372   2.767080318E-06
     373   2.752283097E-06
     374   2.737604253E-06
     375   2.723042529E-06
     376   2.973167812E-06
     377   2.957436765E-06
     378   2.941830239E-06
     379   2.926346921E-06
     380   2.910985520E-06
     381   3.325910745E-06
     382   3.308543065E-06
     383   3.291311070E-06
     384   3.274213350E-06
     385   3.257248514E-06
     386   3.049217011E-06
     387   3.033499398E-06
     388   3.017903000E-06
     389   3.002426574E-06
     390   2.987068894E-06
     391   3.583902500E-06
     392   3.565663810E-06
     393   3.547563994E-06
     394   3.529601645E-06
     395   3.511775374E-06
     396   3.447008484E-06
     397   3.429686834E-06
     398   3.412495421E-06
     399   3.395432944E-06
     400   3.378498116E-06
     401   3.788932375E-06
     402   3.770128741E-06
     403   3.751464737E-06
     404   3.732938985E-06
     405   3.714550123E-06
     406   3.979524937E-06
     407   3.960017462E-06
     408   3.940653073E-06
     409   3.921430375E-06
     410   3.902347989E-06
     411   3.952357743E-06
     412   3.933217996E-06
     413   3.914216943E-06
     414   3.895353247E-06
     415   3.876625587E-06
     416   4.166477322E-06
     417   4.146542023E-06
     418   4.126749460E-06
     419   4.107098272E-06
     420   4.087587116E-06
     421   4.286485475E-06
     422   4.266218405E-06
     423   4.246094733E-06
     424   4.226113111E-06
     425   4.206272204E-06
     426   4.373819086E-06
     427   4.353380679E-06
     428   4.333085198E-06
     429   4.312931314E-06
     430   4.292917711E-06
     431   4.475175639E-06
     432   4.454505082E-06
     433   4.433977409E-06
     434   4.413591306E-06
     435   4.393345474E-06
     436   4.847902646E-06
     437   4.825766104E-06
     438   4.803780837E-06
     439   4.781945470E-06
     440   4.760258642E-06
     441   4.672731953E-06
     442   4.651636097E-06
     443   4.630682782E-06
     444   4.609870724E-06
     445   4.589198658E-06
     446   5.066219642E-06
     447   5.043602590E-06
     448   5.021136654E-06
     449   4.998820491E-06
     450   4.976652773E-06
     451   4.958774994E-06
     452   4.936881948E-06
     453   4.915133570E-06
     454   4.893528587E-06
     455   4.872065742E-06
     456   5.165288114E-06
     457   5.142732271E-06
     458   5.120323852E-06
     459   5.098061574E-06
     460   5.075944170E-06
     461   5.391994054E-06
     462   5.368702503E-06
     463   5.345561544E-06
     464   5.322569882E-06
     465   5.299726234E-06
     466   5.066831429E-06
     467   5.045178303E-06
     468   5.023663683E-06
     469   5.002286391E-06
     470   4.981045260E-06
     471   6.098828055E-06
     472   6.073040199E-06
     473   6.047415556E-06
     474   6.021952754E-06
     475   5.996650432E-06
     476   5.639234968E-06
     477   5.615639842E-06
     478   5.592192495E-06
     479   5.568891692E-06
     480   5.545736218E-06
     481   6.273410729E-06
     482   6.247433873E-06
     483   6.221618030E-06
     484   6.195961873E-06
     485   6.170464088E-06
     486   5.995416999E-06
     487   5.970845618E-06
     488   5.946424981E-06
     489   5.922153859E-06
     490   5.898031032E-06
     491   5.938627586E-06
     492   5.914535790E-06
     493   5.890590301E-06
     494   5.866789936E-06
     495   5.843133525E-06
     496   6.958570459E-06
     497   6.930624392E-06
     498   6.902846339E-06
     499   6.875234953E-06
     500   6.847788906E-06
     501   6.192392065E-06
     502   6.167770227E-06
     503   6.143294949E-06
     504   6.118965068E-06
     505   6.094779435E-06
     506   7.030703546E-06
     507   7.003023611E-06
     508   6.975506819E-06
     509   6.948151890E-06
     510   6.920957558E-06
     511   6.814289999E-06
     512   6.787723567E-06
     513   6.761312191E-06
     514   6.735054668E-06
     515   6.708949805E-06
     516   6.993668031E-06
     517   6.966665452E-06
     518   6.939818957E-06
     519   6.913127346E-06
     520   6.886589429E-06
     521   7.757043953E-06
     522   7.727380305E-06
     523   7.697886487E-06
     524   7.668561205E-06
     525   7.639403178E-06
     526   6.658861765E-06
     527   6.633638803E-06
     528   6.608558883E-06
     529   6.583620925E-06
     530   6.558823860E-06
     531   7.996309693E-06
     532   7.966304779E-06
     533   7.936468431E-06
     534   7.906799390E-06
     535   7.877296407E-06
     536   7.605611189E-06
     537   7.577337541E-06
     538   7.549221261E-06
     539   7.521261182E-06
     540   7.493456150E-06
     541   8.473644521E-06
     542   8.442434044E-06
     543   8.411395684E-06
     544   8.380528177E-06
     545   8.349830271E-06
     546   8.537050204E-06
     547   8.505893087E-06
     548   8.474906227E-06
     549   8.444088386E-06
     550   8.413438337E-06
     551   7.505785343E-06
     552   7.478639646E-06
     553   7.451640947E-06
     554   7.424788186E-06
     555   7.398080315E-06
     556   8.885873040E-06
     557   8.854024033E-06
     558   8.822345951E-06
     559   8.790837572E-06
     560   8.759497688E-06
     561   8.204961384E-06
     562   8.175814097E-06
     563   8.146821848E-06
     564   8.117983541E-06
     565   8.089298086E-06
     566   8.987966215E-06
     567   8.956318446E-06
     568   8.924837538E-06
     569   8.893522319E-06
     570   8.862371627E-06
     571   8.714541750E-06
     572   8.684124502E-06
     573   8.653866228E-06
     574   8.623765824E-06
     575   8.593822193E-06
     576   8.820590266E-06
     577   8.790069193E-06
     578   8.759706259E-06
     579   8.729500376E-06
     580   8.699450460E-06
     581   9.500927918E-06
     582   9.468334683E-06
     583   9.435908880E-06
     584   9.403649362E-06
     585   9.371554996E-06
     586   8.939406923E-06
     587   8.909000777E-06
     588   8.878749501E-06
     589   8.848652045E-06
     590   8.818707368E-06
     591   9.804965989E-06
     592   9.771896964E-06
     593   9.738994954E-06
     594   9.706258837E-06
     595   9.673687498E-06
     596   9.809967739E-06
     597   9.777158482E-06
     598   9.744513545E-06
     599   9.712031834E-06
     600   9.679712260E-06
     601   1.007965640E-05
     602   1.004622471E-05
     603   1.001295906E-05
     604   9.979858371E-06
     605   9.946921545E-06
     606   1.034279004E-05
     607   1.030876770E-05
     608   1.027491296E-05
     609   1.024122472E-05
     610   1.020770189E-05
     611   1.009172307E-05
     612   1.005879738E-05
     613   1.002603257E-05
     614   9.993427587E-06
     615   9.960981393E-06
     616   1.202273392E-05
     617   1.198382540E-05
     618   1.194510544E-05
     619   1.190657284E-05
     620   1.186822639E-05
     621   1.176462164E-05
     622   1.172685400E-05
     623   1.168926793E-05
     624   1.165186227E-05
     625   1.161463587E-05
     626   1.243029545E-05
     627   1.239070853E-05
     628   1.235131041E-05
     629   1.231209990E-05
     630   1.227307581E-05
     631   1.199587268E-05
     632   1.195797103E-05
     633   1.192024872E-05
     634   1.188270463E-05
     635   1.184533763E-05
     636   1.264776664E-05
     637   1.260811847E-05
     638   1.256865644E-05
     639   1.252937939E-05
     640   1.249028616E-05
     641   1.329171181E-05
     642   1.325036901E-05
     643   1.320921879E-05
     644   1.316825997E-05
     645   1.312749137E-05
     646   1.243895589E-05
     647   1.240056405E-05
     648   1.236234968E-05
     649   1.232431168E-05
     650   1.228644897E-05
     651   1.352334166E-05
     652   1.348192254E-05
     653   1.344069342E-05
     654   1.339965313E-05
     655   1.335880053E-05
     656   1.279815414E-05
     657   1.275925398E-05
     658   1.272053090E-05
     659   1.268198384E-05
     660   1.264361172E-05
     661   1.306629225E-05
     662   1.302687659E-05
     663   1.298763901E-05
     664   1.294857844E-05
     665   1.290969382E-05
     666   1.352802688E-05
     667   1.348752381E-05
     668   1.344720236E-05
     669   1.340706146E-05
     670   1.336710003E-05
     671   1.343525957E-05
     672   1.339533310E-05
     673   1.335558433E-05
     674   1.331601223E-05
     675   1.327661575E-05
     676   1.582576762E-05
     677   1.577908394E-05
     678   1.573260652E-05
     679   1.568633414E-05
     680   1.564026562E-05
     681   1.643562075E-05
     682   1.638749301E-05
     683   1.633957637E-05
     684   1.629186958E-05
     685   1.624437141E-05
     686   1.929170546E-05
     687   1.923562492E-05
     688   1.917978857E-05
     689   1.912419498E-05
     690   1.906884275E-05
     691   1.928664214E-05
     692   1.923098083E-05
     693   1.917556014E-05
     694   1.912037867E-05
     695   1.906543505E-05
     696   1.934617037E-05
     697   1.929073722E-05
     698   1.923554198E-05
     699   1.918058329E-05
     700   1.912585980E-05
     701   2.184417006E-05
     702   2.178202448E-05
     703   2.172014373E-05
     704   2.165852630E-05
     705   2.159717071E-05
     706   2.028903584E-05
     707   2.023172217E-05
     708   2.017465103E-05
     709   2.011782102E-05
     710   2.006123081E-05
     711   2.423212458E-05
     712   2.416415228E-05
     713   2.409646558E-05
     714   2.402906287E-05
     715   2.396194259E-05
     716   2.469908779E-05
     717   2.463028810E-05
     718   2.456177548E-05
     719   2.449354833E-05
     720   2.442560506E-05
     721   2.720812522E-05
     722   2.713286070E-05
     723   2.705790804E-05
     724   2.698326554E-05
     725   2.690893147E-05
     726   2.762699277E-05
     727   2.755109444E-05
     728   2.747550844E-05
     729   2.740023308E-05
     730   2.732526664E-05
     731   2.402564655E-05
     732   2.396009226E-05
     733   2.389480591E-05
     734   2.382978603E-05
     735   2.376503117E-05
     736   2.334577620E-05
     737   2.328250851E-05
     738   2.321949766E-05
     739   2.315674226E-05
     740   2.309424093E-05
     741   1.895660403E-05
     742   1.890557683E-05
     743   1.885475539E-05
     744   1.880413859E-05
     745   1.875372535E-05
     746   1.539148491E-05
     747   1.535033121E-05
     748   1.530934234E-05
     749   1.526851742E-05
     750   1.522785559E-05
     751   1.031515100E-05
     752   1.028775352E-05
     753   1.026046505E-05
     754   1.023328501E-05
     755   1.020621283E-05
     756   5.282082359E-06
     757   5.268145466E-06
     758   5.254263660E-06
     759   5.240436650E-06
     760   5.226664149E-06
     761   1.851436126E-06
     762   1.846583082E-06
     763   1.841749095E-06
     764   1.836934065E-06
     765   1.832137892E-06
     766  -6.913045664E-07
     767  -6.895042941E-07
     768  -6.877110450E-07
     769  -6.859247825E-07
     770  -6.841454705E-07
     771   1.137792788E-06
     772   1.134848951E-06
     773   1.131916525E-06
     774   1.128995450E-06
     775   1.126085668E-06
     776   1.068261589E-05
     777   1.065515415E-05
     778   1.062779817E-05
     779   1.060054741E-05
     780   1.057340132E-05
     781   3.196822342E-05
     782   3.188656768E-05
     783   3.180522440E-05
     784   3.172419198E-05
     785   3.164346884E-05
     786   6.467789728E-05
     787   6.451374018E-05
     788   6.435020725E-05
     789   6.418729533E-05
     790   6.402500129E-05
     791   1.074434034E-04
     792   1.071724238E-04
     793   1.069024681E-04
     794   1.066335310E-04
     795   1.063656076E-04
     796   1.663691454E-04
     797   1.659521801E-04
     798   1.655367804E-04
     799   1.651229385E-04
     800   1.647106465E-04
     801   2.244825744E-04
     802   2.239234646E-04
     803   2.233664411E-04
     804   2.228114934E-04
     805   2.222586113E-04
     806   2.781140763E-04
     807   2.774256751E-04
     808   2.767398267E-04
     809   2.760565185E-04
     810   2.753757379E-04
     811   3.160956957E-04
     812   3.153180925E-04
     813   3.145433552E-04
     814   3.137714697E-04
     815   3.130024219E-04
     816   3.377057494E-04
     817   3.368800630E-04
     818   3.360574010E-04
     819   3.352377488E-04
     820   3.344210917E-04
     821   3.613398849E-04
     822   3.604617807E-04
     823   3.595868735E-04
     824   3.587151477E-04
     825   3.578465881E-04
     826   3.075668474E-04
     827   3.068239323E-04
     828   3.060837056E-04
     829   3.053461545E-04
     830   3.046112661E-04
     831   1.911045661E-04
     832   1.906457316E-04
     833   1.901885476E-04
     834   1.897330062E-04
     835   1.892790995E-04
     836  -5.454904295E-05
     837  -5.441885431E-05
     838  -5.428913117E-05
     839  -5.415987134E-05
     840  -5.403107260E-05
     841  -4.264425989E-04
     842  -4.254308727E-04
     843  -4.244227427E-04
     844  -4.234181918E-04
     845  -4.224172032E-04
     846  -9.866683619E-04
     847  -9.843413138E-04
     848  -9.820224886E-04
     849  -9.797118474E-04
     850  -9.774093519E-04
     851  -1.478168878E-03
     852  -1.474703066E-03
     853  -1.471249429E-03
     854  -1.467807910E-03
     855  -1.464378452E-03
     856  -1.991429560E-03
     857  -1.986787533E-03
     858  -1.982161718E-03
     859  -1.977552040E-03
     860  -1.972958423E-03
     861  -2.121268922E-03
     862  -2.116352888E-03
     863  -2.111453923E-03
     864  -2.106571948E-03
     865  -2.101706886E-03
     866  -2.294265766E-03
     867  -2.288979439E-03
     868  -2.283711362E-03
     869  -2.278461451E-03
     870  -2.273229622E-03
     871  -2.194085362E-03
     872  -2.189058821E-03
     873  -2.184049533E-03
     874  -2.179057419E-03
     875  -2.174082402E-03
     876  -1.591388313E-03
     877  -1.587763283E-03
     878  -1.584150625E-03
     879  -1.580550282E-03
     880  -1.576962200E-03
     881  -5.800544356E-04
     882  -5.787406090E-04
     883  -5.774312411E-04
     884  -5.761263118E-04
     885  -5.748258009E-04
     886   1.373254102E-03
     887   1.370161188E-03
     888   1.367078710E-03
     889   1.364006623E-03
     890   1.360944880E-03
     891   4.640871540E-03
     892   4.630477651E-03
     893   4.620118641E-03
     894   4.609794353E-03
     895   4.599504634E-03
     896   9.011299492E-03
     897   8.991229782E-03
     898   8.971227046E-03
     899   8.951290986E-03
     900   8.931421306E-03
     901   1.353165229E-02
     902   1.350168186E-02
     903   1.347181088E-02
     904   1.344203892E-02
     905   1.341236554E-02
     906   1.880980771E-02
     907   1.876837642E-02
     908   1.872708186E-02
     909   1.868592344E-02
     910   1.864490055E-02
     911   2.084678045E-02
     912   2.080111390E-02
     913   2.075559724E-02
     914   2.071022982E-02
     915   2.066501097E-02
     916   2.367353117E-02
     917   2.362195484E-02
     918   2.357054689E-02
     919   2.351930657E-02
     920   2.346823316E-02
     921   2.346340891E-02
     922   2.341256728E-02
     923   2.336189073E-02
     924   2.331137853E-02
     925   2.326102998E-02
     926   2.324906521E-02
     927   2.319895947E-02
     928   2.314901553E-02
     929   2.309923270E-02
     930   2.304961029E-02
     931   2.427574690E-02
     932   2.422370886E-02
     933   2.417183796E-02
     934   2.412013350E-02
     935   2.406859475E-02
     936   2.038950145E-02
     937   2.034602703E-02
     938   2.030269151E-02
     939   2.025949430E-02
     940   2.021643480E-02
     941   1.866728325E-02
     942   1.862769198E-02
     943   1.858822653E-02
     944   1.854888637E-02
     945   1.850967096E-02
     946   1.368105065E-02
     947   1.365218767E-02
     948   1.362341594E-02
     949   1.359473506E-02
     950   1.356614466E-02
     951   8.769204672E-03
     952   8.750801304E-03
     953   8.732455809E-03
     954   8.714167943E-03
     955   8.695937466E-03
     956   4.127208906E-03
     957   4.118592604E-03
     958   4.110003255E-03
     959   4.101440749E-03
     960   4.092904972E-03
     961   7.685505979E-04
     962   7.669544388E-04
     963   7.653632470E-04
     964   7.637770020E-04
     965   7.621956831E-04
     966  -1.251149611E-03
     967  -1.248564591E-03
     968  -1.245987575E-03
     969  -1.243418528E-03
     970  -1.240857419E-03
     971  -2.182419480E-03
     972  -2.177933520E-03
     973  -2.173461378E-03
     974  -2.169002995E-03
     975  -2.164558317E-03
     976  -2.868924211E-03
     977  -2.863057290E-03
     978  -2.857208348E-03
     979  -2.851377310E-03
     980  -2.845564105E-03
     981  -2.908638100E-03
     982  -2.902720220E-03
     983  -2.896820382E-03
     984  -2.890938513E-03
     985  -2.885074541E-03
     986  -2.725679766E-03
     987  -2.720162195E-03
     988  -2.714661362E-03
     989  -2.709177197E-03
     990  -2.703709635E-03
     991  -2.557462591E-03
     992  -2.552311609E-03
     993  -2.547176173E-03
     994  -2.542056221E-03
     995  -2.536951691E-03
     996  -1.953076635E-03
     997  -1.949162654E-03
     998  -1.945260426E-03
     999  -1.941369906E-03
    1000  -1.937491045E-03
    1001  -1.266738145E-03
    1002  -1.264212246E-03
    1003  -1.261693895E-03
    1004  -1.259183061E-03
    1005  -1.256679715E-03
    1006  -6.374300117E-04
    1007  -6.361652696E-04
    1008  -6.349042879E-04
    1009  -6.336470517E-04
    1010  -6.323935461E-04
    1011  -1.960636212E-04
    1012  -1.956765262E-04
    1013  -1.952905764E-04
    1014  -1.949057674E-04
    1015  -1.945220947E-04
    1016   8.190836816E-05
    1017   8.174744799E-05
    1018   8.158700157E-05
    1019   8.142702706E-05
    1020   8.126752260E-05
    1021   2.242973723E-04
    1022   2.238588633E-04
    1023   2.234216389E-04
    1024   2.229856943E-04
    1025   2.225510243E-04
    1026   2.848848587E-04
    1027   2.843306080E-04
    1028   2.837779732E-04
    1029   2.832269480E-04
    1030   2.826775262E-04
    1031   2.879102678E-04
    1032   2.873528423E-04
    1033   2.867970341E-04
    1034   2.862428369E-04
    1035   2.856902446E-04
    1036   2.666293245E-04
    1037   2.661155878E-04
    1038   2.656033345E-04
    1039   2.650925589E-04
    1040   2.645832552E-04
    1041   2.284398210E-04
    1042   2.280017773E-04
    1043   2.275649923E-04
    1044   2.271294612E-04
    1045   2.266951792E-04
    1046   1.611255553E-04
    1047   1.608180638E-04
    1048   1.605114517E-04
    1049   1.602057156E-04
    1050   1.599008522E-04
    1051   9.393704024E-05
    1052   9.375862231E-05
    1053   9.358071221E-05
    1054   9.340330802E-05
    1055   9.322640781E-05
    1056   2.982871081E-05
    1057   2.977232384E-05
    1058   2.971609660E-05
    1059   2.966002849E-05
    1060   2.960411892E-05
    1061  -1.895730347E-05
    1062  -1.892163591E-05
    1063  -1.888606893E-05
    1064  -1.885060213E-05
    1065  -1.881523515E-05
    1066  -5.445679659E-05
    1067  -5.435481757E-05
    1068  -5.425312474E-05
    1069  -5.415171703E-05
    1070  -5.405059337E-05
    1071  -7.532229468E-05
    1072  -7.518189898E-05
    1073  -7.504189544E-05
    1074  -7.490228262E-05
    1075  -7.476305904E-05
    1076  -8.317095637E-05
    1077  -8.301665032E-05
    1078  -8.286277331E-05
    1079  -8.270932373E-05
    1080  -8.255630000E-05
    1081  -8.830762389E-05
    1082  -8.814454425E-05
    1083  -8.798191594E-05
    1084  -8.781973729E-05
    1085  -8.765800665E-05
    1086  -8.212712620E-05
    1087  -8.197615722E-05
    1088  -8.182560413E-05
    1089  -8.167546541E-05
    1090  -8.152573953E-05
    1091  -7.210059123E-05
    1092  -7.196865968E-05
    1093  -7.183708992E-05
    1094  -7.170588062E-05
    1095  -7.157503047E-05
    1096  -6.074063624E-05
    1097  -6.062999756E-05
    1098  -6.051966090E-05
    1099  -6.040962515E-05
    1100  -6.029988923E-05
    1101  -4.845043107E-05
    1102  -4.836257897E-05
    1103  -4.827496560E-05
    1104  -4.818759010E-05
    1105  -4.810045160E-05
    1106  -3.524150369E-05
    1107  -3.517789087E-05
    1108  -3.511445013E-05
    1109  -3.505118085E-05
    1110  -3.498808241E-05
    1111  -2.755193772E-05
    1112  -2.750242840E-05
    1113  -2.745305241E-05
    1114  -2.740380926E-05
    1115  -2.735469849E-05
    1116  -2.130492298E-05
    1117  -2.126681042E-05
    1118  -2.122880003E-05
    1119  -2.119089146E-05
    1120  -2.115308434E-05
    1121  -1.880053096E-05
    1122  -1.876704827E-05
    1123  -1.873365495E-05
    1124  -1.870035067E-05
    1125  -1.866713513E-05
    1126  -1.696034541E-05
    1127  -1.693027388E-05
    1128  -1.690028225E-05
    1129  -1.687037024E-05
    1130  -1.684053758E-05
    1131  -1.724881717E-05
    1132  -1.721836912E-05
    1133  -1.718800163E-05
    1134  -1.715771440E-05
    1135  -1.712750716E-05
    1136  -1.788187729E-05
    1137  -1.785045044E-05
    1138  -1.781910636E-05
    1139  -1.778784477E-05
    1140  -1.775666538E-05
    1141  -1.808196348E-05
    1142  -1.805032399E-05
    1143  -1.801876748E-05
    1144  -1.798729365E-05
    1145  -1.795590222E-05
    1146  -1.832611041E-05
    1147  -1.829418339E-05
    1148  -1.826233973E-05
    1149  -1.823057914E-05
    1150  -1.819890133E-05
    1151  -1.657783987E-05
    1152  -1.654908386E-05
    1153  -1.652040261E-05
    1154  -1.649179585E-05
    1155  -1.646326333E-05
    1156  -1.653906129E-05
    1157  -1.651049641E-05
    1158  -1.648200548E-05
    1159  -1.645358823E-05
    1160  -1.642524441E-05
    1161  -1.606520788E-05
    1162  -1.603758070E-05
    1163  -1.601002472E-05
    1164  -1.598253970E-05
    1165  -1.595512539E-05
    1166  -1.695039002E-05
    1167  -1.692136538E-05
    1168  -1.689241522E-05
    1169  -1.686353930E-05
    1170  -1.683473735E-05
    1171  -1.806349008E-05
    1172  -1.803269129E-05
    1173  -1.800197120E-05
    1174  -1.797132955E-05
    1175  -1.794076606E-05
    1176  -1.750773913E-05
    1177  -1.747801461E-05
    1178  -1.744836573E-05
    1179  -1.741879223E-05
    1180  -1.738929385E-05
    1181  -1.818804885E-05
    1182  -1.815729982E-05
    1183  -1.812662871E-05
    1184  -1.809603524E-05
    1185  -1.806551916E-05
    1186  -1.812575273E-05
    1187  -1.809523799E-05
    1188  -1.806480025E-05
    1189  -1.803443924E-05
    1190  -1.800415471E-05
    1191  -1.676677561E-05
    1192  -1.673866702E-05
    1193  -1.671062905E-05
    1194  -1.668266147E-05
    1195  -1.665476404E-05
    1196  -1.639674105E-05
    1197  -1.636936752E-05
    1198  -1.634206249E-05
    1199  -1.631482572E-05
    1200  -1.628765698E-05
    1201  -1.465877371E-05
    1202  -1.463440335E-05
    1203  -1.461009371E-05
    1204  -1.458584459E-05
    1205  -1.456165579E-05
    1206  -1.443311617E-05
    1207  -1.440922028E-05
    1208  -1.438538369E-05
    1209  -1.436160620E-05
    1210  -1.433788761E-05
    1211  -1.321757672E-05
    1212  -1.319578352E-05
    1213  -1.317404417E-05
    1214  -1.315235850E-05
    1215  -1.313072633E-05
    1216  -1.303137691E-05
    1217  -1.300997892E-05
    1218  -1.298863359E-05
    1219  -1.296734075E-05
    1220  -1.294610022E-05
    1221  -1.305523818E-05
    1222  -1.303388865E-05
    1223  -1.301259145E-05
    1224  -1.299134640E-05
    1225  -1.297015334E-05
    1226  -1.244069419E-05
    1227  -1.242043247E-05
    1228  -1.240022021E-05
    1229  -1.238005725E-05
    1230  -1.235994343E-05
    1231  -1.329723534E-05
    1232  -1.327566642E-05
    1233  -1.325414995E-05
    1234  -1.323268573E-05
    1235  -1.321127362E-05
    1236  -1.267463414E-05
    1237  -1.265415816E-05
    1238  -1.263373175E-05
    1239  -1.261335477E-05
    1240  -1.259302704E-05
    1241  -1.243569266E-05
    1242  -1.241568350E-05
    1243  -1.239572260E-05
    1244  -1.237580979E-05
    1245  -1.235594493E-05
    1246  -1.239198717E-05
    1247  -1.237212821E-05
    1248  -1.235231696E-05
    1249  -1.233255325E-05
    1250  -1.231283694E-05
    1251  -1.133879524E-05
    1252  -1.132069660E-05
    1253  -1.130264126E-05
    1254  -1.128462909E-05
    1255  -1.126665993E-05
    1256  -1.149120676E-05
    1257  -1.147293775E-05
    1258  -1.145471227E-05
    1259  -1.143653019E-05
    1260  -1.141839136E-05
    1261  -1.047069352E-05
    1262  -1.045411285E-05
    1263  -1.043757154E-05
    1264  -1.042106945E-05
    1265  -1.040460646E-05
    1266  -1.065538253E-05
    1267  -1.063857593E-05
    1268  -1.062180906E-05
    1269  -1.060508181E-05
    1270  -1.058839403E-05
    1271  -1.065451180E-05
    1272  -1.063777258E-05
    1273  -1.062107279E-05
    1274  -1.060441228E-05
    1275  -1.058779094E-05
    1276  -1.042427904E-05
    1277  -1.040796561E-05
    1278  -1.039169045E-05
    1279  -1.037545343E-05
    1280  -1.035925444E-05
    1281  -1.049872781E-05
    1282  -1.048236190E-05
    1283  -1.046603424E-05
    1284  -1.044974469E-05
    1285  -1.043349314E-05
    1286  -1.019178102E-05
    1287  -1.017595527E-05
    1288  -1.016016636E-05
    1289  -1.014441416E-05
    1290  -1.012869857E-05
    1291  -1.050895228E-05
    1292  -1.049269713E-05
    1293  -1.047647967E-05
    1294  -1.046029978E-05
    1295  -1.044415734E-05
    1296  -9.971123423E-06
    1297  -9.955759596E-06
    1298  -9.940431252E-06
    1299  -9.925138281E-06
    1300  -9.909880574E-06
    1301  -9.777109477E-06
    1302  -9.762102402E-06
    1303  -9.747129852E-06
    1304  -9.732191722E-06
    1305  -9.717287906E-06
    1306  -9.564925943E-06
    1307  -9.550300674E-06
    1308  -9.535708924E-06
    1309  -9.521150589E-06
    1310  -9.506625569E-06
    1311  -9.454248342E-06
    1312  -9.439847355E-06
    1313  -9.425479246E-06
    1314  -9.411143917E-06
    1315  -9.396841266E-06
    1316  -9.619477526E-06
    1317  -9.604880443E-06
    1318  -9.590316561E-06
    1319  -9.575785778E-06
    1320  -9.561287995E-06
    1321  -9.283325374E-06
    1322  -9.269291624E-06
    1323  -9.255289673E-06
    1324  -9.241319424E-06
    1325  -9.227380783E-06
    1326  -9.458013232E-06
    1327  -9.443769236E-06
    1328  -9.429557394E-06
    1329  -9.415377608E-06
    1330  -9.401229783E-06
    1331  -9.331188758E-06
    1332  -9.317188475E-06
    1333  -9.303219677E-06
    1334  -9.289282269E-06
    1335  -9.275376158E-06
    1336  -9.263958408E-06
    1337  -9.250110937E-06
    1338  -9.236294490E-06
    1339  -9.222508976E-06
    1340  -9.208754302E-06
    1341  -9.056430101E-06
    1342  -9.042943235E-06
    1343  -9.029486474E-06
    1344  -9.016059729E-06
    1345  -9.002662909E-06
    1346  -8.779510907E-06
    1347  -8.766484927E-06
    1348  -8.753487914E-06
    1349  -8.740519784E-06
    1350  -8.727580450E-06
    1351  -8.599676080E-06
    1352  -8.586964068E-06
    1353  -8.574280221E-06
    1354  -8.561624457E-06
    1355  -8.548996692E-06
    1356  -8.465680542E-06
    1357  -8.453212676E-06
    1358  -8.440772334E-06
    1359  -8.428359433E-06
    1360  -8.415973894E-06
    1361  -8.196793242E-06
    1362  -8.184765665E-06
    1363  -8.172764543E-06
    1364  -8.160789796E-06
    1365  -8.148841348E-06
    1366  -7.931630127E-06
    1367  -7.920034176E-06
    1368  -7.908463637E-06
    1369  -7.896918435E-06
    1370  -7.885398495E-06
    1371  -7.896576903E-06
    1372  -7.885074242E-06
    1373  -7.873596695E-06
    1374  -7.862144191E-06
    1375  -7.850716656E-06
    1376  -8.195127818E-06
    1377  -8.183233583E-06
    1378  -8.171365224E-06
    1379  -8.159522666E-06
    1380  -8.147705833E-06
    1381  -7.885800596E-06
    1382  -7.874396691E-06
    1383  -7.863017505E-06
    1384  -7.851662967E-06
    1385  -7.840333006E-06
    1386  -8.011477918E-06
    1387  -7.999934002E-06
    1388  -7.988415018E-06
    1389  -7.976920896E-06
    1390  -7.965451563E-06
    1391  -7.594842207E-06
    1392  -7.583937911E-06
    1393  -7.573057082E-06
    1394  -7.562199653E-06
    1395  -7.551365556E-06
    1396  -7.685152610E-06
    1397  -7.674158114E-06
    1398  -7.663187195E-06
    1399  -7.652239784E-06
    1400  -7.641315816E-06
    1401  -7.516928985E-06
    1402  -7.506213476E-06
    1403  -7.495520865E-06
    1404  -7.484851084E-06
    1405  -7.474204070E-06
    1406  -7.083128221E-06
    1407  -7.073066959E-06
    1408  -7.063027120E-06
    1409  -7.053008642E-06
    1410  -7.043011464E-06
    1411  -7.130218447E-06
    1412  -7.120126135E-06
    1413  -7.110055235E-06
    1414  -7.100005687E-06
    1415  -7.089977431E-06
    1416  -6.955204611E-06
    1417  -6.945394732E-06
    1418  -6.935605592E-06
    1419  -6.925837133E-06
    1420  -6.916089298E-06
    1421  -7.031056206E-06
    1422  -7.021174188E-06
    1423  -7.011312988E-06
    1424  -7.001472549E-06
    1425  -6.991652812E-06
    1426  -7.093955678E-06
    1427  -7.084020165E-06
    1428  -7.074105512E-06
    1429  -7.064211658E-06
    1430  -7.054338546E-06
    1431  -6.834703248E-06
    1432  -6.825164235E-06
    1433  -6.815645177E-06
    1434  -6.806146020E-06
    1435  -6.796666708E-06
    1436  -6.890743353E-06
    1437  -6.881159565E-06
    1438  -6.871595758E-06
    1439  -6.862051875E-06
    1440  -6.852527861E-06
    1441  -6.655092036E-06
    1442  -6.645868069E-06
    1443  -6.636663266E-06
    1444  -6.627477573E-06
    1445  -6.618310937E-06
    1446  -6.505143129E-06
    1447  -6.496158124E-06
    1448  -6.487191723E-06
    1449  -6.478243872E-06
    1450  -6.469314521E-06
    1451  -6.386897832E-06
    1452  -6.378106507E-06
    1453  -6.369333320E-06
    1454  -6.360578223E-06
    1455  -6.351841165E-06
    1456  -5.964477183E-06
    1457  -5.956295458E-06
    1458  -5.948130557E-06
    1459  -5.939982433E-06
    1460  -5.931851040E-06
    1461  -6.171710626E-06
    1462  -6.163273564E-06
    1463  -6.154853792E-06
    1464  -6.146451261E-06
    1465  -6.138065925E-06
    1466  -5.817167709E-06
    1467  -5.809242413E-06
    1468  -5.801333301E-06
    1469  -5.793440331E-06
    1470  -5.785563458E-06
    1471  -5.902192023E-06
    1472  -5.894178185E-06
    1473  -5.886180657E-06
    1474  -5.878199395E-06
    1475  -5.870234355E-06
    1476  -5.731974684E-06
    1477  -5.724218291E-06
    1478  -5.716477630E-06
    1479  -5.708752661E-06
    1480  -5.701043339E-06
    1481  -5.785599115E-06
    1482  -5.777796554E-06
    1483  -5.770009766E-06
    1484  -5.762238709E-06
    1485  -5.754483341E-06
    1486  -5.813626952E-06
    1487  -5.805812937E-06
    1488  -5.798014666E-06
    1489  -5.790232096E-06
    1490  -5.782465185E-06
    1491  -5.471631522E-06
    1492  -5.464301808E-06
    1493  -5.456986812E-06
    1494  -5.449686496E-06
    1495  -5.442400818E-06
    1496  -5.281282242E-06
    1497  -5.274231131E-06
    1498  -5.267194132E-06
    1499  -5.260171206E-06
    1500  -5.253162317E-06
    1501  -5.065084246E-06
    1502  -5.058344281E-06
    1503  -5.051617759E-06
    1504  -5.044904646E-06
    1505  -5.038204905E-06
    1506  -4.859226109E-06
    1507  -4.852781512E-06
    1508  -4.846349727E-06
    1509  -4.839930721E-06
    1510  -4.833524459E-06
    1511  -4.756000713E-06
    1512  -4.749713864E-06
    1513  -4.743439474E-06
    1514  -4.737177507E-06
    1515  -4.730927933E-06
    1516  -4.554619877E-06
    1517  -4.548619060E-06
    1518  -4.542630095E-06
    1519  -4.536652950E-06
    1520  -4.530687595E-06
    1521  -4.543228052E-06
    1522  -4.537261895E-06
    1523  -4.531307483E-06
    1524  -4.525364785E-06
    1525  -4.519433770E-06
    1526  -4.590542974E-06
    1527  -4.584534410E-06
    1528  -4.578537635E-06
    1529  -4.572552618E-06
    1530  -4.566579330E-06
    1531  -4.515596157E-06
    1532  -4.509704968E-06
    1533  -4.503825300E-06
    1534  -4.497957124E-06
    1535  -4.492100409E-06
    1536  -4.389662336E-06
    1537  -4.383954062E-06
    1538  -4.378256916E-06
    1539  -4.372570868E-06
    1540  -4.366895890E-06
    1541  -4.222547697E-06
    1542  -4.217074531E-06
    1543  -4.211611999E-06
    1544  -4.206160074E-06
    1545  -4.200718729E-06
    1546  -4.216171604E-06
    1547  -4.210724353E-06
    1548  -4.205287653E-06
    1549  -4.199861476E-06
    1550  -4.194445794E-06
    1551  -3.885346007E-06
    1552  -3.880342341E-06
    1553  -3.875348336E-06
    1554  -3.870363965E-06
    1555  -3.865389204E-06
    1556  -3.857865996E-06
    1557  -3.852913665E-06
    1558  -3.847970864E-06
    1559  -3.843037568E-06
    1560  -3.838113753E-06
    1561  -3.692535074E-06
    1562  -3.687810141E-06
    1563  -3.683094271E-06
    1564  -3.678387442E-06
    1565  -3.673689629E-06
    1566  -3.648755897E-06
    1567  -3.644101872E-06
    1568  -3.639456745E-06
    1569  -3.634820494E-06
    1570  -3.630193097E-06
    1571  -3.619066706E-06
    1572  -3.614465223E-06
    1573  -3.609872510E-06
    1574  -3.605288544E-06
    1575  -3.600713305E-06
    1576  -3.551188042E-06
    1577  -3.546687170E-06
    1578  -3.542194849E-06
    1579  -3.537711058E-06
    1580  -3.533235775E-06
    1581  -3.500908259E-06
    1582  -3.496485128E-06
    1583  -3.492070374E-06
    1584  -3.487663976E-06
    1585  -3.483265913E-06
    1586  -3.439104284E-06
    1587  -3.434772919E-06
    1588  -3.430449731E-06
    1589  -3.426134700E-06
    1590  -3.421827805E-06
    1591  -3.352929471E-06
    1592  -3.348719892E-06
    1593  -3.344518236E-06
    1594  -3.340324482E-06
    1595  -3.336138612E-06
    1596  -3.130368604E-06
    1597  -3.126450746E-06
    1598  -3.122540239E-06
    1599  -3.118637063E-06
    1600  -3.114741202E-06
    1601  -2.972355533E-06
    1602  -2.968647042E-06
    1603  -2.964945487E-06
    1604  -2.961250851E-06
    1605  -2.957563116E-06
    1606  -2.838254269E-06
    1607  -2.834724102E-06
    1608  -2.831200517E-06
    1609  -2.827683498E-06
    1610  -2.824173028E-06
    1611  -2.734535337E-06
    1612  -2.731144717E-06
    1613  -2.727760399E-06
    1614  -2.724382367E-06
    1615  -2.721010607E-06
    1616  -2.627662518E-06
    1617  -2.624414481E-06
    1618  -2.621172462E-06
    1619  -2.617936446E-06
    1620  -2.614706420E-06
    1621  -2.529636864E-06
    1622  -2.526519628E-06
    1623  -2.523408150E-06
    1624  -2.520302417E-06
    1625  -2.517202414E-06
    1626  -2.539374062E-06
    1627  -2.536254437E-06
    1628  -2.533140558E-06
    1629  -2.530032410E-06
    1630  -2.526929980E-06
    1631  -2.537370714E-06
    1632  -2.534263096E-06
    1633  -2.531161182E-06
    1634  -2.528064961E-06
    1635  -2.524974417E-06
    1636  -2.423188884E-06
    1637  -2.420230168E-06
    1638  -2.417276867E-06
    1639  -2.414328968E-06
    1640  -2.411386459E-06
    1641  -2.380359161E-06
    1642  -2.377461585E-06
    1643  -2.374569296E-06
    1644  -2.371682281E-06
    1645  -2.368800529E-06
    1646  -2.255111317E-06
    1647  -2.252374531E-06
    1648  -2.249642725E-06
    1649  -2.246915885E-06
    1650  -2.244194000E-06
    1651  -2.167344411E-06
    1652  -2.164722095E-06
    1653  -2.162104535E-06
    1654  -2.159491720E-06
    1655  -2.156883638E-06
    1656  -2.033270386E-06
    1657  -2.030817708E-06
    1658  -2.028369465E-06
    1659  -2.025925646E-06
    1660  -2.023486241E-06
    1661  -1.931164983E-06
    1662  -1.928842476E-06
    1663  -1.926524156E-06
    1664  -1.924210012E-06
    1665  -1.921900036E-06
    1666  -1.909148241E-06
    1667  -1.906859095E-06
    1668  -1.904574063E-06
    1669  -1.902293136E-06
    1670  -1.900016304E-06
    1671  -1.873149561E-06
    1672  -1.870910291E-06
    1673  -1.868675033E-06
    1674  -1.866443780E-06
    1675  -1.864216520E-06
    1676  -1.858500565E-06
    1677  -1.856285427E-06
    1678  -1.854074247E-06
    1679  -1.851867016E-06
    1680  -1.849663724E-06
    1681  -1.810630574E-06
    1682  -1.808478904E-06
    1683  -1.806331067E-06
    1684  -1.804187054E-06
    1685  -1.802046855E-06
    1686  -1.735347619E-06
    1687  -1.733291520E-06
    1688  -1.731239073E-06
    1689  -1.729190269E-06
    1690  -1.727145100E-06
    1691  -1.684561375E-06
    1692  -1.682571344E-06
    1693  -1.680584837E-06
    1694  -1.678601846E-06
    1695  -1.676622362E-06
    1696  -1.556819658E-06
    1697  -1.554985948E-06
    1698  -1.553155476E-06
    1699  -1.551328234E-06
    1700  -1.549504215E-06
    1701  -1.478210468E-06
    1702  -1.476474461E-06
    1703  -1.474741510E-06
    1704  -1.473011608E-06
    1705  -1.471284748E-06
    1706  -1.351121373E-06
    1707  -1.349539264E-06
    1708  -1.347959932E-06
    1709  -1.346383370E-06
    1710  -1.344809573E-06
    1711  -1.275860118E-06
    1712  -1.274370497E-06
    1713  -1.272883484E-06
    1714  -1.271399072E-06
    1715  -1.269917255E-06
    1716  -1.261886118E-06
    1717  -1.260417100E-06
    1718  -1.258950646E-06
    1719  -1.257486750E-06
    1720  -1.256025406E-06
    1721  -1.199986987E-06
    1722  -1.198594083E-06
    1723  -1.197203603E-06
    1724  -1.195815541E-06
    1725  -1.194429891E-06
    1726  -1.218762393E-06
    1727  -1.217351788E-06
    1728  -1.215943631E-06
    1729  -1.214537916E-06
    1730  -1.213134637E-06
    1731  -1.161126217E-06
    1732  -1.159786198E-06
    1733  -1.158448498E-06
    1734  -1.157113110E-06
    1735  -1.155780031E-06
    1736  -1.140248408E-06
    1737  -1.138936270E-06
    1738  -1.137626395E-06
    1739  -1.136318778E-06
    1740  -1.135013415E-06
    1741  -1.098324979E-06
    1742  -1.097064710E-06
    1743  -1.095806608E-06
    1744  -1.094550669E-06
    1745  -1.093296888E-06
    1746  -1.008559269E-06
    1747  -1.007405311E-06
    1748  -1.006253333E-06
    1749  -1.005103329E-06
    1750  -1.003955295E-06
    1751  -9.626134484E-07
    1752  -9.615152014E-07
    1753  -9.604188329E-07
    1754  -9.593243385E-07
    1755  -9.582317140E-07
    1756  -8.822292783E-07
    1757  -8.812256045E-07
    1758  -8.802236424E-07
    1759  -8.792233883E-07
    1760  -8.782248382E-07
    1761  -8.563822623E-07
    1762  -8.554107566E-07
    1763  -8.544409032E-07
    1764  -8.534726982E-07
    1765  -8.525061379E-07
    1766  -7.971930373E-07
    1767  -7.962912352E-07
    1768  -7.953909625E-07
    1769  -7.944922156E-07
    1770  -7.935949912E-07
    1771  -7.825527871E-07
    1772  -7.816700429E-07
    1773  -7.807887914E-07
    1774  -7.799090294E-07
    1775  -7.790307534E-07
    1776  -7.804853784E-07
    1777  -7.796074421E-07
    1778  -7.787309862E-07
    1779  -7.778560076E-07
    1780  -7.769825028E-07
    1781  -7.537621467E-07
    1782  -7.529166480E-07
    1783  -7.520725710E-07
    1784  -7.512299127E-07
    1785  -7.503886698E-07
    1786  -7.339712465E-07
    1787  -7.331502496E-07
    1788  -7.323306294E-07
    1789  -7.315123829E-07
    1790  -7.306955070E-07
    1791  -6.854957769E-07
    1792  -6.847311413E-07
    1793  -6.839677844E-07
    1794  -6.832057033E-07
    1795  -6.824448952E-07
    1796  -6.445573984E-07
    1797  -6.438404269E-07
    1798  -6.431246510E-07
    1799  -6.424100680E-07
    1800  -6.416966754E-07
    1801  -5.894360193E-07
    1802  -5.887821801E-07
    1803  -5.881294283E-07
    1804  -5.874777613E-07
    1805  -5.868271769E-07
    1806  -5.324276541E-07
    1807  -5.318386854E-07
    1808  -5.312506935E-07
    1809  -5.306636762E-07
    1810  -5.300776313E-07
    1811  -5.031708990E-07
    1812  -5.026158291E-07
    1813  -5.020616771E-07
    1814  -5.015084411E-07
    1815  -5.009561191E-07
    1816  -4.721689108E-07
    1817  -4.716494731E-07
    1818  -4.711308920E-07
    1819  -4.706131658E-07
    1820  -4.700962925E-07
    1821  -4.698178245E-07
    1822  -4.693023907E-07
    1823  -4.687878048E-07
    1824  -4.682740647E-07
    1825  -4.677611687E-07
    1826  -4.483055002E-07
    1827  -4.478150127E-07
    1828  -4.473253298E-07
    1829  -4.468364497E-07
    1830  -4.463483706E-07
    1831  -4.343350301E-07
    1832  -4.338611239E-07
    1833  -4.333879929E-07
    1834  -4.329156355E-07
    1835  -4.324440498E-07
    1836  -4.258093233E-07
    1837  -4.253459835E-07
    1838  -4.248833995E-07
    1839  -4.244215697E-07
    1840  -4.239604925E-07
    1841  -4.068920349E-07
    1842  -4.064504809E-07
    1843  -4.060096452E-07
    1844  -4.055695264E-07
    1845  -4.051301228E-07
    1846  -3.805966535E-07
    1847  -3.801847523E-07
    1848  -3.797735195E-07
    1849  -3.793629535E-07
    1850  -3.789530530E-07
    1851  -3.446008267E-07
    1852  -3.442288884E-07
    1853  -3.438575520E-07
    1854  -3.434868161E-07
    1855  -3.431166794E-07
    1856  -3.165332397E-07
    1857  -3.161925150E-07
    1858  -3.158523402E-07
    1859  -3.155127140E-07
    1860  -3.151736353E-07
    1861  -3.009696249E-07
    1862  -3.006465228E-07
    1863  -3.003239407E-07
    1864  -3.000018775E-07
    1865  -2.996803321E-07
    1866  -2.878110607E-07
    1867  -2.875029118E-07
    1868  -2.871952575E-07
    1869  -2.868880968E-07
    1870  -2.865814286E-07
    1871  -2.842631114E-07
    1872  -2.839595737E-07
    1873  -2.836565218E-07
    1874  -2.833539549E-07
    1875  -2.830518718E-07
    1876  -2.697298635E-07
    1877  -2.694426113E-07
    1878  -2.691558177E-07
    1879  -2.688694817E-07
    1880  -2.685836024E-07
    1881  -2.685093964E-07
    1882  -2.682242032E-07
    1883  -2.679394641E-07
    1884  -2.676551782E-07
    1885  -2.673713445E-07
    1886  -2.545418602E-07
    1887  -2.542722184E-07
    1888  -2.540030049E-07
    1889  -2.537342186E-07
    1890  -2.534658588E-07
    1891  -2.404497386E-07
    1892  -2.401956977E-07
    1893  -2.399420591E-07
    1894  -2.396888221E-07
    1895  -2.394359858E-07
    1896  -2.264165445E-07
    1897  -2.261779601E-07
    1898  -2.259397527E-07
    1899  -2.257019214E-07
    1900  -2.254644654E-07
    1901  -1.967701270E-07
    1902  -1.965633271E-07
    1903  -1.963568530E-07
    1904  -1.961507041E-07
    1905  -1.959448796E-07
    1906  -1.831105974E-07
    1907  -1.829186575E-07
    1908  -1.827270194E-07
    1909  -1.825356822E-07
    1910  -1.823446453E-07
    1911  -1.673392586E-07
    1912  -1.671643090E-07
    1913  -1.669896336E-07
    1914  -1.668152319E-07
    1915  -1.666411033E-07
    1916  -1.589545329E-07
    1917  -1.587887826E-07
    1918  -1.586232914E-07
    1919  -1.584580588E-07
    1920  -1.582930843E-07
    1921  -1.525939582E-07
    1922  -1.524352541E-07
    1923  -1.522767975E-07
    1924  -1.521185878E-07
    1925  -1.519606246E-07
    1926  -1.488380825E-07
    1927  -1.486836861E-07
    1928  -1.485295299E-07
    1929  -1.483756133E-07
    1930  -1.482219358E-07
    1931  -1.481877063E-07
    1932  -1.480343822E-07
    1933  -1.478812960E-07
    1934  -1.477284471E-07
    1935  -1.475758351E-07
    1936  -1.403443517E-07
    1937  -1.401995175E-07
    1938  -1.400549074E-07
    1939  -1.399105209E-07
    1940  -1.397663575E-07
    1941  -1.333320292E-07
    1942  -1.331947857E-07
    1943  -1.330577541E-07
    1944  -1.329209337E-07
    1945  -1.327843244E-07
    1946  -1.268138193E-07
    1947  -1.266836203E-07
    1948  -1.265536217E-07
    1949  -1.264238231E-07
    1950  -1.262942241E-07
    1951  -1.149151476E-07
    1952  -1.147974669E-07
    1953  -1.146799670E-07
    1954  -1.145626473E-07
    1955  -1.144455076E-07
    1956  -1.107952660E-07
    1957  -1.106820942E-07
    1958  -1.105690956E-07
    1959  -1.104562700E-07
    1960  -1.103436170E-07
    1961  -1.003823779E-07
    1962  -1.002801035E-07
    1963  -1.001779853E-07
    1964  -1.000760229E-07
    1965  -9.997421620E-08
    1966  -9.878763740E-08
    1967  -9.868724346E-08
    1968  -9.858700248E-08
    1969  -9.848691415E-08
    1970  -9.838697816E-08
    1971  -9.716912599E-08
    1972  -9.707062712E-08
    1973  -9.697227796E-08
    1974  -9.687407818E-08
    1975  -9.677602750E-08
    1976  -9.366515420E-08
    1977  -9.357044727E-08
    1978  -9.347588390E-08
    1979  -9.338146382E-08
    1980  -9.328718672E-08
    1981  -9.310740907E-08
    1982  -9.301350346E-08
    1983  -9.291973985E-08
    1984  -9.282611795E-08
    1985  -9.273263747E-08
    1986  -8.872847012E-08
    1987  -8.863920607E-08
    1988  -8.855007665E-08
    1989  -8.846108160E-08
    1990  -8.837222064E-08
    1991  -8.951764176E-08
    1992  -8.942780971E-08
    1993  -8.933811281E-08
    1994  -8.924855079E-08
    1995  -8.915912339E-08
    1996  -8.549474965E-08
    1997  -8.540916932E-08
    1998  -8.532371742E-08
    1999  -8.523839371E-08
    2000  -8.515319791E-08
    2001  -8.103670268E-08
    2002  -8.095578735E-08
    2003  -8.087499315E-08
    2004  -8.079431984E-08
    2005  -8.071376718E-08
    2006  -7.946821640E-08
    2007  -7.938906479E-08
    2008  -7.931003137E-08
    2009  -7.923111592E-08
    2010  -7.915231819E-08
    2011  -7.629125624E-08
    2012  -7.621545768E-08
    2013  -7.613977202E-08
    2014  -7.606419904E-08
    2015  -7.598873853E-08
    2016  -7.617933926E-08
    2017  -7.610383942E-08
    2018  -7.602845176E-08
    2019  -7.595317607E-08
    2020  -7.587801211E-08
    2021  -7.414903243E-08
    2022  -7.407572642E-08
    2023  -7.400252906E-08
    2024  -7.392944015E-08
    2025  -7.385645945E-08
    2026  -7.271555078E-08
    2027  -7.264383919E-08
    2028  -7.257223363E-08
    2029  -7.250073389E-08
    2030  -7.242933977E-08
    2031  -7.348465029E-08
    2032  -7.341235845E-08
    2033  -7.334017324E-08
    2034  -7.326809445E-08
    2035  -7.319612186E-08
    2036  -7.082595227E-08
    2037  -7.075644692E-08
    2038  -7.068704383E-08
    2039  -7.061774281E-08
    2040  -7.054854365E-08
    2041  -7.257809435E-08
    2042  -7.250704384E-08
    2043  -7.243609761E-08
    2044  -7.236525546E-08
    2045  -7.229451719E-08
    2046  -7.081235478E-08
    2047  -7.074320209E-08
    2048  -7.067415065E-08
    2049  -7.060520025E-08
    2050  -7.053635072E-08
    2051  -7.108023151E-08
    2052  -7.101098628E-08
    2053  -7.094184218E-08
    2054  -7.087279902E-08
    2055  -7.080385661E-08
    2056  -7.146053484E-08
    2057  -7.139108825E-08
    2058  -7.132174286E-08
    2059  -7.125249844E-08
    2060  -7.118335483E-08
    2061  -7.070589385E-08
    2062  -7.063734718E-08
    2063  -7.056890013E-08
    2064  -7.050055253E-08
    2065  -7.043230417E-08
    2066  -7.062907581E-08
    2067  -7.056076916E-08
    2068  -7.049256155E-08
    2069  -7.042445280E-08
    2070  -7.035644270E-08
    2071  -6.879576065E-08
    2072  -6.872938751E-08
    2073  -6.866311038E-08
    2074  -6.859692907E-08
    2075  -6.853084339E-08
    2076  -7.000921795E-08
    2077  -6.994183661E-08
    2078  -6.987455249E-08
    2079  -6.980736542E-08
    2080  -6.974027521E-08
    2081  -6.965810862E-08
    2082  -6.959122613E-08
    2083  -6.952443992E-08
    2084  -6.945774981E-08
    2085  -6.939115562E-08
    2086  -7.007470178E-08
    2087  -7.000758041E-08
    2088  -6.994055544E-08
    2089  -6.987362668E-08
    2090  -6.980679395E-08
    2091  -6.918348321E-08
    2092  -6.911737382E-08
    2093  -6.905135913E-08
    2094  -6.898543898E-08
    2095  -6.891961318E-08
    2096  -7.127533334E-08
    2097  -7.120738736E-08
    2098  -7.113953849E-08
    2099  -7.107178655E-08
    2100  -7.100413135E-08
    2101  -7.315822210E-08
    2102  -7.308864700E-08
    2103  -7.301917110E-08
    2104  -7.294979421E-08
    2105  -7.288051616E-08
    2106  -7.212400307E-08
    2107  -7.205557422E-08
    2108  -7.198724271E-08
    2109  -7.191900836E-08
    2110  -7.185087098E-08
    2111  -7.403750532E-08
    2112  -7.396742723E-08
    2113  -7.389744858E-08
    2114  -7.382756920E-08
    2115  -7.375778889E-08
    2116  -7.407503427E-08
    2117  -7.400508617E-08
    2118  -7.393523711E-08
    2119  -7.386548688E-08
    2120  -7.379583532E-08
    2121  -7.437685465E-08
    2122  -7.430678696E-08
    2123  -7.423681823E-08
    2124  -7.416694828E-08
    2125  -7.409717693E-08
    2126  -7.344775867E-08
    2127  -7.337872882E-08
    2128  -7.330979624E-08
    2129  -7.324096075E-08
    2130  -7.317222217E-08
    2131  -7.368548772E-08
    2132  -7.361639678E-08
    2133  -7.354740297E-08
    2134  -7.347850611E-08
    2135  -7.340970601E-08
    2136  -7.486759643E-08
    2137  -7.479756127E-08
    2138  -7.472762432E-08
    2139  -7.465778542E-08
    2140  -7.458804438E-08
    2141  -7.492653443E-08
    2142  -7.485660766E-08
    2143  -7.478677873E-08
    2144  -7.471704747E-08
    2145  -7.464741369E-08
    2146  -7.652877441E-08
    2147  -7.645751856E-08
    2148  -7.638636219E-08
    2149  -7.631530511E-08
    2150  -7.624434714E-08
    2151  -7.698534877E-08
    2152  -7.691383428E-08
    2153  -7.684241940E-08
    2154  -7.677110392E-08
    2155  -7.669988769E-08
    2156  -7.804621229E-08
    2157  -7.797388031E-08
    2158  -7.790164883E-08
    2159  -7.782951767E-08
    2160  -7.775748665E-08
    2161  -8.141974647E-08
    2162  -8.134446238E-08
    2163  -8.126928265E-08
    2164  -8.119420710E-08
    2165  -8.111923553E-08
    2166  -7.930986420E-08
    2167  -7.923670012E-08
    2168  -7.916363723E-08
    2169  -7.909067535E-08
    2170  -7.901781430E-08
    2171  -7.950367667E-08
    2172  -7.943050255E-08
    2173  -7.935742941E-08
    2174  -7.928445706E-08
    2175  -7.921158532E-08
    2176  -7.834786878E-08
    2177  -7.827592400E-08
    2178  -7.820407826E-08
    2179  -7.813233140E-08
    2180  -7.806068323E-08
    2181  -7.964100695E-08
    2182  -7.956804221E-08
    2183  -7.949517771E-08
    2184  -7.942241324E-08
    2185  -7.934974864E-08
    2186  -7.972654451E-08
    2187  -7.965366833E-08
    2188  -7.958089202E-08
    2189  -7.950821541E-08
    2190  -7.943563831E-08
    2191  -7.875296167E-08
    2192  -7.868113954E-08
    2193  -7.860941562E-08
    2194  -7.853778973E-08
    2195  -7.846626169E-08
    2196  -8.165485675E-08
    2197  -8.158055752E-08
    2198  -8.150635965E-08
    2199  -8.143226296E-08
    2200  -8.135826726E-08
    2201  -8.089425511E-08
    2202  -8.082081502E-08
    2203  -8.074747490E-08
    2204  -8.067423456E-08
    2205  -8.060109382E-08
    2206  -8.271021149E-08
    2207  -8.263529282E-08
    2208  -8.256047590E-08
    2209  -8.248576053E-08
    2210  -8.241114655E-08
    2211  -8.191103616E-08
    2212  -8.183700902E-08
    2213  -8.176308218E-08
    2214  -8.168925547E-08
    2215  -8.161552871E-08
    2216  -8.083712649E-08
    2217  -8.076423458E-08
    2218  -8.069144122E-08
    2219  -8.061874623E-08
    2220  -8.054614943E-08
    2221  -8.307864270E-08
    2222  -8.300389808E-08
    2223  -8.292925429E-08
    2224  -8.285471114E-08
    2225  -8.278026845E-08
    2226  -8.069105271E-08
    2227  -8.061861909E-08
    2228  -8.054628296E-08
    2229  -8.047404414E-08
    2230  -8.040190246E-08
    2231  -8.196978243E-08
    2232  -8.189636569E-08
    2233  -8.182304755E-08
    2234  -8.174982782E-08
    2235  -8.167670633E-08
    2236  -8.105398371E-08
    2237  -8.098154941E-08
    2238  -8.090921216E-08
    2239  -8.083697179E-08
    2240  -8.076482813E-08
    2241  -7.941422844E-08
    2242  -7.934341772E-08
    2243  -7.927270166E-08
    2244  -7.920208010E-08
    2245  -7.913155287E-08
    2246  -8.237095755E-08
    2247  -8.229767378E-08
    2248  -8.222448777E-08
    2249  -8.215139933E-08
    2250  -8.207840831E-08
    2251  -8.023311543E-08
    2252  -8.016189207E-08
    2253  -8.009076351E-08
    2254  -8.001972957E-08
    2255  -7.994879010E-08
    2256  -8.149673149E-08
    2257  -8.142454661E-08
    2258  -8.135245759E-08
    2259  -8.128046426E-08
    2260  -8.120856646E-08
    2261  -8.029811902E-08
    2262  -8.022715294E-08
    2263  -8.015628090E-08
    2264  -8.008550272E-08
    2265  -8.001481825E-08
    2266  -8.046791636E-08
    2267  -8.039695700E-08
    2268  -8.032609146E-08
    2269  -8.025531957E-08
    2270  -8.018464117E-08
    2271  -8.118744571E-08
    2272  -8.111600933E-08
    2273  -8.104466720E-08
    2274  -8.097341914E-08
    2275  -8.090226499E-08
    2276  -7.847860956E-08
    2277  -7.840970823E-08
    2278  -7.834089761E-08
    2279  -7.827217752E-08
    2280  -7.820354782E-08
    2281  -7.981736830E-08
    2282  -7.974744507E-08
    2283  -7.967761368E-08
    2284  -7.960787397E-08
    2285  -7.953822579E-08
    2286  -7.858347026E-08
    2287  -7.851477841E-08
    2288  -7.844617660E-08
    2289  -7.837766465E-08
    2290  -7.830924242E-08
    2291  -7.796770918E-08
    2292  -7.789970420E-08
    2293  -7.783178816E-08
    2294  -7.776396089E-08
    2295  -7.769622225E-08
    2296  -7.707141411E-08
    2297  -7.700433716E-08
    2298  -7.693734774E-08
    2299  -7.687044570E-08
    2300  -7.680363089E-08
    2301  -7.492139939E-08
    2302  -7.485633522E-08
    2303  -7.479135576E-08
    2304  -7.472646087E-08
    2305  -7.466165041E-08
    2306  -7.665667761E-08
    2307  -7.659025068E-08
    2308  -7.652391006E-08
    2309  -7.645765559E-08
    2310  -7.639148713E-08
    2311  -7.468643540E-08
    2312  -7.462185569E-08
    2313  -7.455735970E-08
    2314  -7.449294730E-08
    2315  -7.442861833E-08
    2316  -7.451023261E-08
    2317  -7.444594423E-08
    2318  -7.438173901E-08
    2319  -7.431761683E-08
    2320  -7.425357752E-08
    2321  -7.318941900E-08
    2322  -7.312640616E-08
    2323  -7.306347465E-08
    2324  -7.300062435E-08
    2325  -7.293785511E-08
    2326  -7.249554144E-08
    2327  -7.243326005E-08
    2328  -7.237105888E-08
    2329  -7.230893780E-08
    2330  -7.224689667E-08
    2331  -7.307773403E-08
    2332  -7.301508702E-08
    2333  -7.295252053E-08
    2334  -7.289003444E-08
    2335  -7.282762858E-08
    2336  -7.115783293E-08
    2337  -7.109696225E-08
    2338  -7.103616963E-08
    2339  -7.097545496E-08
    2340  -7.091481809E-08
    2341  -7.108387355E-08
    2342  -7.102319590E-08
    2343  -7.096259590E-08
    2344  -7.090207343E-08
    2345  -7.084162836E-08
    2346  -6.962758158E-08
    2347  -6.956827359E-08
    2348  -6.950904134E-08
    2349  -6.944988471E-08
    2350  -6.939080357E-08
    2351  -6.954629985E-08
    2352  -6.948718697E-08
    2353  -6.942814943E-08
    2354  -6.936918709E-08
    2355  -6.931029984E-08
    2356  -6.749814705E-08
    2357  -6.744089672E-08
    2358  -6.738371919E-08
    2359  -6.732661434E-08
    2360  -6.726958205E-08
    2361  -6.677103224E-08
    2362  -6.671451846E-08
    2363  -6.665807640E-08
    2364  -6.660170593E-08
    2365  -6.654540694E-08
    2366  -6.707961547E-08
    2367  -6.702296039E-08
    2368  -6.696637706E-08
    2369  -6.690986534E-08
    2370  -6.685342514E-08
    2371  -6.574883456E-08
    2372  -6.569342046E-08
    2373  -6.563807638E-08
    2374  -6.558280221E-08
    2375  -6.552759783E-08
    2376  -6.495983294E-08
    2377  -6.490519893E-08
    2378  -6.485063382E-08
    2379  -6.479613749E-08
    2380  -6.474170982E-08
    2381  -6.451508130E-08
    2382  -6.446093520E-08
    2383  -6.440685724E-08
    2384  -6.435284729E-08
    2385  -6.429890526E-08
    2386  -6.294288943E-08
    2387  -6.289017344E-08
    2388  -6.283752365E-08
    2389  -6.278493995E-08
    2390  -6.273242223E-08
    2391  -6.300931767E-08
    2392  -6.295665631E-08
    2393  -6.290406094E-08
    2394  -6.285153145E-08
    2395  -6.279906774E-08
    2396  -6.048820357E-08
    2397  -6.043775469E-08
    2398  -6.038736890E-08
    2399  -6.033704609E-08
    2400  -6.028678616E-08
    2401  -6.022709973E-08
    2402  -6.017697314E-08
    2403  -6.012690910E-08
    2404  -6.007690751E-08
    2405  -6.002696827E-08
    2406  -5.852946159E-08
    2407  -5.848084908E-08
    2408  -5.843229711E-08
    2409  -5.838380558E-08
    2410  -5.833537438E-08
    2411  -5.797063306E-08
    2412  -5.792258446E-08
    2413  -5.787459558E-08
    2414  -5.782666630E-08
    2415  -5.777879655E-08
    2416  -5.733982540E-08
    2417  -5.729239792E-08
    2418  -5.724502926E-08
    2419  -5.719771932E-08
    2420  -5.715046800E-08
    2421  -5.538758915E-08
    2422  -5.534187096E-08
    2423  -5.529620935E-08
    2424  -5.525060423E-08
    2425  -5.520505551E-08
    2426  -5.589591520E-08
    2427  -5.584987244E-08
    2428  -5.580388654E-08
    2429  -5.575795742E-08
    2430  -5.571208497E-08
    2431  -5.404521989E-08
    2432  -5.400079308E-08
    2433  -5.395642102E-08
    2434  -5.391210363E-08
    2435  -5.386784082E-08
    2436  -5.413856161E-08
    2437  -5.409414933E-08
    2438  -5.404979169E-08
    2439  -5.400548858E-08
    2440  -5.396123992E-08
    2441  -5.247298722E-08
    2442  -5.243002939E-08
    2443  -5.238712430E-08
    2444  -5.234427184E-08
    2445  -5.230147195E-08
    2446  -5.041690221E-08
    2447  -5.037571193E-08
    2448  -5.033457211E-08
    2449  -5.029348267E-08
    2450  -5.025244351E-08
    2451  -4.981067056E-08
    2452  -4.977005851E-08
    2453  -4.972949612E-08
    2454  -4.968898329E-08
    2455  -4.964851995E-08
    2456  -4.823300912E-08
    2457  -4.819376338E-08
    2458  -4.815456553E-08
    2459  -4.811541547E-08
    2460  -4.807631314E-08
    2461  -4.749127577E-08
    2462  -4.745271201E-08
    2463  -4.741419520E-08
    2464  -4.737572526E-08
    2465  -4.733730213E-08
    2466  -4.642471595E-08
    2467  -4.638709462E-08
    2468  -4.634951901E-08
    2469  -4.631198903E-08
    2470  -4.627450462E-08
    2471  -4.537601325E-08
    2472  -4.533931611E-08
    2473  -4.530266347E-08
    2474  -4.526605526E-08
    2475  -4.522949140E-08
    2476  -4.538347194E-08
    2477  -4.534684283E-08
    2478  -4.531025804E-08
    2479  -4.527371751E-08
    2480  -4.523722116E-08
    2481  -4.381816298E-08
    2482  -4.378286845E-08
    2483  -4.374761654E-08
    2484  -4.371240719E-08
    2485  -4.367724033E-08
    2486  -4.360561265E-08
    2487  -4.357055990E-08
    2488  -4.353554941E-08
    2489  -4.350058110E-08
    2490  -4.346565490E-08
    2491  -4.225407746E-08
    2492  -4.222017929E-08
    2493  -4.218632189E-08
    2494  -4.215250520E-08
    2495  -4.211872915E-08
    2496  -4.111841728E-08
    2497  -4.108549621E-08
    2498  -4.105261466E-08
    2499  -4.101977256E-08
    2500  -4.098696987E-08
    2501  -3.977667569E-08
    2502  -3.974489249E-08
    2503  -3.971314737E-08
    2504  -3.968144027E-08
    2505  -3.964977112E-08
    2506  -3.784228081E-08
    2507  -3.781210356E-08
    2508  -3.778196238E-08
    2509  -3.775185723E-08
    2510  -3.772178805E-08
    2511  -3.799051462E-08
    2512  -3.796027943E-08
    2513  -3.793008032E-08
    2514  -3.789991724E-08
    2515  -3.786979012E-08
    2516  -3.668880154E-08
    2517  -3.665966032E-08
    2518  -3.663055380E-08
    2519  -3.660148193E-08
    2520  -3.657244466E-08
    2521  -3.649497597E-08
    2522  -3.646604614E-08
    2523  -3.643715070E-08
    2524  -3.640828959E-08
    2525  -3.637946276E-08
    2526  -3.513316155E-08
    2527  -3.510536633E-08
    2528  -3.507760408E-08
    2529  -3.504987475E-08
    2530  -3.502217828E-08
    2531  -3.446904302E-08
    2532  -3.444182704E-08
    2533  -3.441464327E-08
    2534  -3.438749168E-08
    2535  -3.436037221E-08
    2536  -3.422100934E-08
    2537  -3.419404243E-08
    2538  -3.416710739E-08
    2539  -3.414020415E-08
    2540  -3.411333268E-08
    2541  -3.293156072E-08
    2542  -3.290566095E-08
    2543  -3.287979172E-08
    2544  -3.285395299E-08
    2545  -3.282814470E-08
    2546  -3.195079727E-08
    2547  -3.192571815E-08
    2548  -3.190066855E-08
    2549  -3.187564842E-08
    2550  -3.185065771E-08
    2551  -3.039547734E-08
    2552  -3.037166576E-08
    2553  -3.034788216E-08
    2554  -3.032412647E-08
    2555  -3.030039868E-08
    2556  -2.954400171E-08
    2557  -2.952090242E-08
    2558  -2.949783020E-08
    2559  -2.947478502E-08
    2560  -2.945176684E-08
    2561  -2.846859953E-08
    2562  -2.844638447E-08
    2563  -2.842419540E-08
    2564  -2.840203228E-08
    2565  -2.837989508E-08
    2566  -2.773021182E-08
    2567  -2.770861508E-08
    2568  -2.768704356E-08
    2569  -2.766549723E-08
    2570  -2.764397603E-08
    2571  -2.752002306E-08
    2572  -2.749863167E-08
    2573  -2.747726521E-08
    2574  -2.745592364E-08
    2575  -2.743460693E-08
    2576  -2.660857629E-08
    2577  -2.658793348E-08
    2578  -2.656731469E-08
    2579  -2.654671987E-08
    2580  -2.652614899E-08
    2581  -2.650140273E-08
    2582  -2.648088286E-08
    2583  -2.646038682E-08
    2584  -2.643991457E-08
    2585  -2.641946607E-08
    2586  -2.574299435E-08
    2587  -2.572310022E-08
    2588  -2.570322915E-08
    2589  -2.568338110E-08
    2590  -2.566355603E-08
    2591  -2.475638236E-08
    2592  -2.473728758E-08
    2593  -2.471821488E-08
    2594  -2.469916423E-08
    2595  -2.468013560E-08
    2596  -2.395617322E-08
    2597  -2.393773120E-08
    2598  -2.391931048E-08
    2599  -2.390091101E-08
    2600  -2.388253276E-08
    2601  -2.239606744E-08
    2602  -2.237885955E-08
    2603  -2.236167149E-08
    2604  -2.234450322E-08
    2605  -2.232735471E-08
    2606  -2.193302061E-08
    2607  -2.191620081E-08
    2608  -2.189940035E-08
    2609  -2.188261920E-08
    2610  -2.186585733E-08
    2611  -2.074674941E-08
    2612  -2.073086977E-08
    2613  -2.071500836E-08
    2614  -2.069916514E-08
    2615  -2.068334009E-08
    2616  -2.050933681E-08
    2617  -2.049366887E-08
    2618  -2.047801887E-08
    2619  -2.046238680E-08
    2620  -2.044677262E-08
    2621  -1.979083856E-08
    2622  -1.977574832E-08
    2623  -1.976067535E-08
    2624  -1.974561959E-08
    2625  -1.973058104E-08
    2626  -1.958301085E-08
    2627  -1.956810749E-08
    2628  -1.955322114E-08
    2629  -1.953835177E-08
    2630  -1.952349936E-08
    2631  -1.926041468E-08
    2632  -1.924578466E-08
    2633  -1.923117131E-08
    2634  -1.921657459E-08
    2635  -1.920199449E-08
    2636  -1.851437848E-08
    2637  -1.850034180E-08
    2638  -1.848632108E-08
    2639  -1.847231629E-08
    2640  -1.845832741E-08
    2641  -1.810442270E-08
    2642  -1.809072280E-08
    2643  -1.807703844E-08
    2644  -1.806336960E-08
    2645  -1.804971626E-08
    2646  -1.719673177E-08
    2647  -1.718374330E-08
    2648  -1.717076954E-08
    2649  -1.715781047E-08
    2650  -1.714486606E-08
    2651  -1.627200476E-08
    2652  -1.625973789E-08
    2653  -1.624748488E-08
    2654  -1.623524572E-08
    2655  -1.622302038E-08
    2656  -1.576655729E-08
    2657  -1.575469381E-08
    2658  -1.574284372E-08
    2659  -1.573100700E-08
    2660  -1.571918362E-08
    2661  -1.483483994E-08
    2662  -1.482369849E-08
    2663  -1.481256958E-08
    2664  -1.480145321E-08
    2665  -1.479034934E-08
    2666  -1.489094932E-08
    2667  -1.487978669E-08
    2668  -1.486863661E-08
    2669  -1.485749905E-08
    2670  -1.484637401E-08
    2671  -1.443445285E-08
    2672  -1.442365266E-08
    2673  -1.441286459E-08
    2674  -1.440208862E-08
    2675  -1.439132473E-08
    2676  -1.394726091E-08
    2677  -1.393684473E-08
    2678  -1.392644022E-08
    2679  -1.391604735E-08
    2680  -1.390566612E-08
    2681  -1.378804361E-08
    2682  -1.377776553E-08
    2683  -1.376749894E-08
    2684  -1.375724382E-08
    2685  -1.374700015E-08
    2686  -1.314983790E-08
    2687  -1.314005379E-08
    2688  -1.313028060E-08
    2689  -1.312051831E-08
    2690  -1.311076691E-08
    2691  -1.298091032E-08
    2692  -1.297126984E-08
    2693  -1.296164009E-08
    2694  -1.295202106E-08
    2695  -1.294241274E-08
    2696  -1.209216546E-08
    2697  -1.208320166E-08
    2698  -1.207424782E-08
    2699  -1.206530393E-08
    2700  -1.205636998E-08
