      50   2.862031166E-08
      51   3.248452728E-08
      52   3.125869607E-08
      53   3.010096658E-08
      54   2.900638598E-08
      55   2.797044362E-08
      56   3.347220395E-08
      57   3.231799002E-08
      58   3.122246493E-08
      59   3.018171610E-08
      60   2.919215164E-08
      61   2.847687608E-08
      62   2.757284827E-08
      63   2.671119676E-08
      64   2.588931379E-08
      65   2.510478912E-08
      66   2.333609576E-08
      67   2.264974000E-08
      68   2.199322580E-08
      69   2.136484792E-08
      70   2.076302121E-08
      71   2.849193297E-08
      72   2.771133207E-08
      73   2.696237715E-08
      74   2.624338042E-08
      75   2.555276515E-08
      76   4.091508516E-08
      77   3.986598041E-08
      78   3.885671508E-08
      79   3.788529721E-08
      80   3.694985777E-08
      81   3.309277018E-08
      82   3.229535403E-08
      83   3.152641703E-08
      84   3.078461899E-08
      85   3.006869761E-08
      86   3.669947878E-08
      87   3.586539972E-08
      88   3.505943568E-08
      89   3.428033711E-08
      90   3.352692311E-08
      91   9.884850836E-08
      92   9.672273399E-08
      93   9.466480348E-08
      94   9.267186025E-08
      95   9.074119649E-08
      96   1.159681817E-07
      97   1.136014841E-07
      98   1.113065046E-07
      99   1.090803745E-07
     100   1.069203671E-07
     101   2.242253449E-07
     102   2.198714547E-07
     103   2.156431575E-07
     104   2.115356688E-07
     105   2.075444297E-07
     106   4.460425072E-07
     107   4.377824608E-07
     108   4.297497551E-07
     109   4.219361232E-07
     110   4.143336705E-07
     111   1.200250049E-06
     112   1.179006685E-06
     113   1.158322357E-06
     114   1.138177621E-06
     115   1.118553869E-06
     116   1.374538376E-06
     117   1.351241116E-06
     118   1.328531181E-06
     119   1.306388995E-06
     120   1.284795788E-06
     121   1.260034769E-06
     122   1.239546399E-06
     123   1.219553715E-06
     124   1.200040856E-06
     125   1.180992588E-06
     126   3.596841054E-06
     127   3.540640413E-06
     128   3.485746763E-06
     129   3.432119890E-06
     130   3.379721113E-06
     131   3.125319202E-06
     132   3.078321921E-06
     133   3.032376818E-06
     134   2.987452717E-06
     135   2.943519588E-06
     136   3.597029515E-06
     137   3.544898652E-06
     138   3.493892916E-06
     139   3.443980160E-06
     140   3.395129378E-06
     141   4.035857049E-06
     142   3.979411496E-06
     143   3.924141892E-06
     144   3.870015797E-06
     145   3.817001882E-06
     146   3.698717229E-06
     147   3.648734563E-06
     148   3.599758260E-06
     149   3.551761484E-06
     150   3.504718285E-06
     151   4.485460088E-06
     152   4.426826623E-06
     153   4.369335368E-06
     154   4.312956847E-06
     155   4.257662529E-06
     156   4.413383961E-06
     157   4.357518341E-06
     158   4.302706790E-06
     159   4.248922955E-06
     160   4.196141303E-06
     161   4.604904679E-06
     162   4.548402781E-06
     163   4.492934454E-06
     164   4.438474643E-06
     165   4.384999045E-06
     166   4.995551684E-06
     167   4.936080831E-06
     168   4.877665673E-06
     169   4.820281371E-06
     170   4.763903811E-06
     171   5.312641050E-06
     172   5.251223234E-06
     173   5.190864346E-06
     174   5.131540182E-06
     175   5.073227226E-06
     176   5.124977790E-06
     177   5.067393770E-06
     178   5.010774845E-06
     179   4.955099569E-06
     180   4.900347088E-06
     181   6.048269966E-06
     182   5.982168655E-06
     183   5.917145082E-06
     184   5.853175946E-06
     185   5.790238571E-06
     186   5.682060720E-06
     187   5.621613265E-06
     188   5.562125294E-06
     189   5.503576607E-06
     190   5.445947532E-06
     191   6.289352203E-06
     192   6.224177568E-06
     193   6.160010789E-06
     194   6.096831191E-06
     195   6.034618628E-06
     196   6.021035296E-06
     197   5.960216758E-06
     198   5.900315082E-06
     199   5.841311931E-06
     200   5.783189424E-06
     201   5.660124017E-06
     202   5.604359248E-06
     203   5.549414550E-06
     204   5.495273920E-06
     205   5.441921746E-06
     206   7.299248069E-06
     207   7.229062992E-06
     208   7.159885355E-06
     209   7.091695971E-06
     210   7.024476104E-06
     211   6.364898817E-06
     212   6.305134509E-06
     213   6.246208019E-06
     214   6.188103758E-06
     215   6.130806501E-06
     216   7.825484133E-06
     217   7.753690701E-06
     218   7.682880740E-06
     219   7.613036370E-06
     220   7.544140113E-06
     221   7.605975667E-06
     222   7.537760638E-06
     223   7.470459204E-06
     224   7.404055122E-06
     225   7.338532510E-06
     226   7.113341166E-06
     227   7.050943436E-06
     228   6.989363144E-06
     229   6.928586073E-06
     230   6.868598315E-06
     231   8.086877177E-06
     232   8.017461922E-06
     233   7.948936607E-06
     234   7.881286083E-06
     235   7.814495523E-06
     236   7.213576322E-06
     237   7.152958033E-06
     238   7.093100644E-06
     239   7.033991472E-06
     240   6.975618099E-06
     241   8.934390145E-06
     242   8.860856070E-06
     243   8.788226102E-06
     244   8.716485481E-06
     245   8.645619745E-06
     246   8.488931622E-06
     247   8.420472496E-06
     248   8.352838179E-06
     249   8.286015473E-06
     250   8.219991446E-06
     251   8.030353015E-06
     252   7.966871964E-06
     253   7.904140688E-06
     254   7.842147428E-06
     255   7.780880651E-06
     256   8.969032211E-06
     257   8.899504829E-06
     258   8.830782784E-06
     259   8.762853686E-06
     260   8.695705382E-06
     261   8.405182058E-06
     262   8.341264324E-06
     263   8.278072927E-06
     264   8.215596905E-06
     265   8.153825500E-06
     266   9.712833326E-06
     267   9.640349495E-06
     268   9.568674034E-06
     269   9.497794967E-06
     270   9.427700539E-06
     271   9.118207604E-06
     272   9.051407548E-06
     273   8.985338880E-06
     274   8.919990961E-06
     275   8.855353345E-06
     276   9.645911253E-06
     277   9.576516208E-06
     278   9.507867346E-06
     279   9.439954008E-06
     280   9.372765723E-06
     281   9.381508196E-06
     282   9.315207784E-06
     283   9.249607730E-06
     284   9.184698202E-06
     285   9.120469543E-06
     286   9.417332201E-06
     287   9.351934061E-06
     288   9.287214794E-06
     289   9.223165037E-06
     290   9.159775587E-06
     291   1.032457545E-05
     292   1.025410054E-05
     293   1.018434475E-05
     294   1.011529835E-05
     295   1.004695174E-05
     296   1.051132663E-05
     297   1.044078081E-05
     298   1.037094281E-05
     299   1.030180319E-05
     300   1.023335267E-05
     301   1.087112817E-05
     302   1.079937154E-05
     303   1.072832305E-05
     304   1.065797339E-05
     305   1.058831343E-05
     306   9.977057708E-06
     307   9.912271619E-06
     308   9.848114522E-06
     309   9.784578299E-06
     310   9.721654966E-06
     311   1.104782433E-05
     312   1.097723120E-05
     313   1.090731253E-05
     314   1.083805975E-05
     315   1.076946444E-05
     316   1.142362798E-05
     317   1.135178126E-05
     318   1.128061022E-05
     319   1.121010641E-05
     320   1.114026151E-05
     321   1.126642873E-05
     322   1.119666756E-05
     323   1.112755233E-05
     324   1.105907508E-05
     325   1.099122799E-05
     326   1.189701080E-05
     327   1.182446805E-05
     328   1.175258678E-05
     329   1.168135898E-05
     330   1.161077675E-05
     331   1.158700225E-05
     332   1.151741064E-05
     333   1.144844411E-05
     334   1.138009519E-05
     335   1.131235653E-05
     336   1.240392832E-05
     337   1.233053229E-05
     338   1.225778579E-05
     339   1.218568117E-05
     340   1.211421090E-05
     341   1.250368336E-05
     342   1.243077558E-05
     343   1.235850363E-05
     344   1.228686013E-05
     345   1.221583782E-05
     346   1.214251442E-05
     347   1.207272985E-05
     348   1.200354515E-05
     349   1.193495346E-05
     350   1.186694803E-05
     351   1.294369901E-05
     352   1.287036361E-05
     353   1.279764969E-05
     354   1.272555025E-05
     355   1.265405840E-05
     356   1.234032792E-05
     357   1.227138754E-05
     358   1.220302326E-05
     359   1.213522869E-05
     360   1.206799750E-05
     361   1.366850994E-05
     362   1.359320135E-05
     363   1.351851343E-05
     364   1.344443938E-05
     365   1.337097250E-05
     366   1.231721699E-05
     367   1.225027559E-05
     368   1.218387843E-05
     369   1.211801963E-05
     370   1.205269338E-05
     371   1.308588864E-05
     372   1.301572302E-05
     373   1.294612022E-05
     374   1.287707425E-05
     375   1.280857917E-05
     376   1.280563128E-05
     377   1.273787662E-05
     378   1.267065827E-05
     379   1.260397059E-05
     380   1.253780802E-05
     381   1.354295361E-05
     382   1.347223323E-05
     383   1.340206535E-05
     384   1.333244423E-05
     385   1.326336421E-05
     386   1.422776593E-05
     387   1.415442693E-05
     388   1.408165353E-05
     389   1.400943992E-05
     390   1.393778038E-05
     391   1.280385210E-05
     392   1.273869255E-05
     393   1.267402914E-05
     394   1.260985684E-05
     395   1.254617069E-05
     396   1.383054370E-05
     397   1.376104348E-05
     398   1.369206582E-05
     399   1.362360549E-05
     400   1.355565734E-05
     401   1.439950095E-05
     402   1.432803940E-05
     403   1.425710851E-05
     404   1.418670304E-05
     405   1.411681780E-05
     406   1.381325012E-05
     407   1.374553811E-05
     408   1.367832276E-05
     409   1.361159924E-05
     410   1.354536274E-05
     411   1.465250275E-05
     412   1.458154632E-05
     413   1.451110406E-05
     414   1.444117103E-05
     415   1.437174233E-05
     416   1.420370449E-05
     417   1.413574418E-05
     418   1.406827046E-05
     419   1.400127869E-05
     420   1.393476431E-05
     421   1.547135564E-05
     422   1.539820502E-05
     423   1.532557198E-05
     424   1.525345164E-05
     425   1.518183919E-05
     426   1.534512523E-05
     427   1.527341904E-05
     428   1.520221429E-05
     429   1.513150632E-05
     430   1.506129051E-05
     431   1.492989384E-05
     432   1.486093359E-05
     433   1.479245003E-05
     434   1.472443876E-05
     435   1.465689546E-05
     436   1.583328852E-05
     437   1.576099040E-05
     438   1.568918634E-05
     439   1.561787186E-05
     440   1.554704251E-05
     441   1.476918692E-05
     442   1.470250888E-05
     443   1.463628136E-05
     444   1.457050032E-05
     445   1.450516175E-05
     446   1.646086434E-05
     447   1.638737834E-05
     448   1.631438334E-05
     449   1.624187497E-05
     450   1.616984891E-05
     451   1.525937148E-05
     452   1.519200119E-05
     453   1.512507607E-05
     454   1.505859222E-05
     455   1.499254577E-05
     456   1.538155939E-05
     457   1.531439101E-05
     458   1.524766163E-05
     459   1.518136745E-05
     460   1.511550469E-05
     461   1.581306710E-05
     462   1.574476012E-05
     463   1.567689477E-05
     464   1.560946727E-05
     465   1.554247384E-05
     466   1.550242733E-05
     467   1.543617764E-05
     468   1.537035172E-05
     469   1.530494597E-05
     470   1.523995682E-05
     471   1.668264552E-05
     472   1.661210579E-05
     473   1.654201252E-05
     474   1.647236194E-05
     475   1.640315033E-05
     476   1.561181712E-05
     477   1.554649571E-05
     478   1.548158341E-05
     479   1.541707682E-05
     480   1.535297255E-05
     481   1.622325756E-05
     482   1.615608051E-05
     483   1.608931984E-05
     484   1.602297213E-05
     485   1.595703397E-05
     486   1.669467977E-05
     487   1.662625895E-05
     488   1.655825789E-05
     489   1.649067317E-05
     490   1.642350138E-05
     491   1.606178432E-05
     492   1.599662495E-05
     493   1.593186128E-05
     494   1.586749013E-05
     495   1.580350831E-05
     496   1.804121281E-05
     497   1.796875814E-05
     498   1.789673907E-05
     499   1.782515211E-05
     500   1.775399382E-05
     501   1.605027922E-05
     502   1.598646101E-05
     503   1.592302267E-05
     504   1.585996120E-05
     505   1.579727360E-05
     506   1.749088022E-05
     507   1.742201848E-05
     508   1.735356262E-05
     509   1.728550943E-05
     510   1.721785577E-05
     511   1.748926757E-05
     512   1.742108330E-05
     513   1.735329698E-05
     514   1.728590553E-05
     515   1.721890590E-05
     516   1.706473689E-05
     517   1.699884987E-05
     518   1.693334371E-05
     519   1.686821546E-05
     520   1.680346224E-05
     521   1.806716243E-05
     522   1.799807195E-05
     523   1.792937701E-05
     524   1.786107463E-05
     525   1.779316179E-05
     526   1.718523518E-05
     527   1.712013959E-05
     528   1.705541317E-05
     529   1.699105312E-05
     530   1.692705669E-05
     531   1.846262151E-05
     532   1.839334338E-05
     533   1.832445446E-05
     534   1.825595182E-05
     535   1.818783260E-05
     536   1.785168707E-05
     537   1.778532392E-05
     538   1.771933014E-05
     539   1.765370299E-05
     540   1.758843976E-05
     541   1.806671271E-05
     542   1.800016864E-05
     543   1.793399155E-05
     544   1.786817874E-05
     545   1.780272754E-05
     546   1.832016988E-05
     547   1.825330795E-05
     548   1.818681138E-05
     549   1.812067752E-05
     550   1.805490374E-05
     551   1.804158833E-05
     552   1.797633846E-05
     553   1.791144193E-05
     554   1.784689619E-05
     555   1.778269873E-05
     556   1.826153238E-05
     557   1.819607886E-05
     558   1.813097661E-05
     559   1.806622312E-05
     560   1.800181591E-05
     561   1.798893908E-05
     562   1.792503521E-05
     563   1.786147126E-05
     564   1.779824481E-05
     565   1.773535349E-05
     566   1.798998105E-05
     567   1.792663605E-05
     568   1.786362503E-05
     569   1.780094564E-05
     570   1.773859557E-05
     571   1.860344745E-05
     572   1.853851396E-05
     573   1.847391983E-05
     574   1.840966272E-05
     575   1.834574028E-05
     576   1.844964426E-05
     577   1.838580466E-05
     578   1.832229583E-05
     579   1.825911550E-05
     580   1.819626141E-05
     581   1.821030125E-05
     582   1.814783023E-05
     583   1.808568013E-05
     584   1.802384874E-05
     585   1.796233390E-05
     586   1.781673826E-05
     587   1.775613711E-05
     588   1.769584462E-05
     589   1.763585871E-05
     590   1.757617729E-05
     591   1.855719759E-05
     592   1.849461008E-05
     593   1.843233866E-05
     594   1.837038122E-05
     595   1.830873565E-05
     596   1.869538837E-05
     597   1.863286199E-05
     598   1.857064876E-05
     599   1.850874659E-05
     600   1.844715343E-05
     601   1.863473155E-05
     602   1.857292481E-05
     603   1.851142506E-05
     604   1.845023027E-05
     605   1.838933842E-05
     606   1.776314143E-05
     607   1.770471005E-05
     608   1.764656650E-05
     609   1.758870890E-05
     610   1.753113539E-05
     611   1.768313017E-05
     612   1.762543643E-05
     613   1.756802459E-05
     614   1.751089280E-05
     615   1.745403925E-05
     616   1.874493205E-05
     617   1.868426884E-05
     618   1.862389963E-05
     619   1.856382254E-05
     620   1.850403567E-05
     621   1.806134850E-05
     622   1.800336664E-05
     623   1.794566354E-05
     624   1.788823742E-05
     625   1.783108650E-05
     626   1.836775548E-05
     627   1.830925944E-05
     628   1.825104240E-05
     629   1.819310259E-05
     630   1.813543824E-05
     631   1.792603509E-05
     632   1.786939675E-05
     633   1.781302642E-05
     634   1.775692240E-05
     635   1.770108302E-05
     636   1.917559119E-05
     637   1.911547962E-05
     638   1.905565027E-05
     639   1.899610136E-05
     640   1.893683115E-05
     641   1.877734804E-05
     642   1.871894261E-05
     643   1.866080924E-05
     644   1.860294627E-05
     645   1.854535201E-05
     646   1.841684427E-05
     647   1.836000215E-05
     648   1.830342279E-05
     649   1.824710457E-05
     650   1.819104588E-05
     651   1.830817083E-05
     652   1.825209680E-05
     653   1.819627999E-05
     654   1.814071883E-05
     655   1.808541176E-05
     656   1.805673049E-05
     657   1.800184681E-05
     658   1.794721298E-05
     659   1.789282748E-05
     660   1.783868882E-05
     661   1.849145064E-05
     662   1.843566949E-05
     663   1.838014036E-05
     664   1.832486174E-05
     665   1.826983213E-05
     666   1.853906961E-05
     667   1.848356341E-05
     668   1.842830612E-05
     669   1.837329625E-05
     670   1.831853233E-05
     671   1.786233680E-05
     672   1.780925407E-05
     673   1.775640762E-05
     674   1.770379604E-05
     675   1.765141795E-05
     676   1.936044672E-05
     677   1.930333626E-05
     678   1.924647813E-05
     679   1.918987084E-05
     680   1.913351292E-05
     681   1.869411676E-05
     682   1.863937557E-05
     683   1.858487447E-05
     684   1.853061206E-05
     685   1.847658695E-05
     686   1.922905856E-05
     687   1.917316014E-05
     688   1.911750510E-05
     689   1.906209204E-05
     690   1.900691956E-05
     691   1.871520823E-05
     692   1.866119609E-05
     693   1.860741742E-05
     694   1.855387090E-05
     695   1.850055518E-05
     696   1.870590322E-05
     697   1.865230464E-05
     698   1.859893610E-05
     699   1.854579629E-05
     700   1.849288389E-05
     701   1.953693574E-05
     702   1.948135413E-05
     703   1.942600937E-05
     704   1.937090013E-05
     705   1.931602505E-05
     706   1.822798457E-05
     707   1.817649309E-05
     708   1.812521948E-05
     709   1.807416252E-05
     710   1.802332100E-05
     711   1.876124533E-05
     712   1.870861911E-05
     713   1.865621402E-05
     714   1.860402880E-05
     715   1.855206224E-05
     716   1.844858704E-05
     717   1.839719821E-05
     718   1.834602381E-05
     719   1.829506263E-05
     720   1.824431350E-05
     721   1.844676576E-05
     722   1.839573736E-05
     723   1.834492041E-05
     724   1.829431373E-05
     725   1.824391617E-05
     726   1.869719605E-05
     727   1.864583013E-05
     728   1.859467559E-05
     729   1.854373127E-05
     730   1.849299603E-05
     731   1.837340171E-05
     732   1.832326964E-05
     733   1.827334248E-05
     734   1.822361910E-05
     735   1.817409839E-05
     736   1.884203290E-05
     737   1.879097048E-05
     738   1.874011535E-05
     739   1.868946639E-05
     740   1.863902248E-05
     741   1.889466867E-05
     742   1.884380818E-05
     743   1.879315279E-05
     744   1.874270137E-05
     745   1.869245284E-05
     746   1.859100068E-05
     747   1.854129212E-05
     748   1.849178266E-05
     749   1.844247124E-05
     750   1.839335681E-05
     751   1.839683497E-05
     752   1.834797220E-05
     753   1.829930384E-05
     754   1.825082886E-05
     755   1.820254625E-05
     756   1.822885349E-05
     757   1.818075625E-05
     758   1.813284912E-05
     759   1.808513110E-05
     760   1.803760118E-05
     761   2.013657069E-05
     762   2.008378807E-05
     763   2.003121270E-05
     764   1.997884352E-05
     765   1.992667944E-05
     766   2.046169720E-05
     767   2.040841153E-05
     768   2.035533373E-05
     769   2.030246274E-05
     770   2.024979746E-05
     771   2.137572145E-05
     772   2.132041557E-05
     773   2.126532406E-05
     774   2.121044580E-05
     775   2.115577971E-05
     776   2.084326992E-05
     777   2.078968825E-05
     778   2.073631293E-05
     779   2.068314290E-05
     780   2.063017710E-05
     781   2.119529515E-05
     782   2.114115647E-05
     783   2.108722495E-05
     784   2.103349953E-05
     785   2.097997918E-05
     786   2.126867721E-05
     787   2.121469579E-05
     788   2.116091963E-05
     789   2.110734768E-05
     790   2.105397891E-05
     791   2.124606215E-05
     792   2.119247813E-05
     793   2.113909658E-05
     794   2.108591646E-05
     795   2.103293677E-05
     796   2.133420755E-05
     797   2.128073835E-05
     798   2.122746992E-05
     799   2.117440125E-05
     800   2.112153133E-05
     801   2.159136481E-05
     802   2.153758806E-05
     803   2.148401197E-05
     804   2.143063554E-05
     805   2.137745778E-05
     806   2.114229841E-05
     807   2.108996598E-05
     808   2.103782763E-05
     809   2.098588237E-05
     810   2.093412927E-05
     811   2.037674260E-05
     812   2.032661531E-05
     813   2.027667276E-05
     814   2.022691406E-05
     815   2.017733829E-05
     816   2.031352674E-05
     817   2.026386041E-05
     818   2.021437602E-05
     819   2.016507266E-05
     820   2.011594946E-05
     821   2.146423978E-05
     822   2.141207881E-05
     823   2.136010775E-05
     824   2.130832567E-05
     825   2.125673166E-05
     826   2.315718571E-05
     827   2.310125048E-05
     828   2.304551767E-05
     829   2.298998630E-05
     830   2.293465541E-05
     831   2.608589791E-05
     832   2.602326670E-05
     833   2.596086078E-05
     834   2.589867908E-05
     835   2.583672052E-05
     836   2.745481411E-05
     837   2.738928949E-05
     838   2.732399917E-05
     839   2.725894203E-05
     840   2.719411696E-05
     841   2.855527360E-05
     842   2.848752681E-05
     843   2.842002082E-05
     844   2.835275450E-05
     845   2.828572671E-05
     846   2.905323894E-05
     847   2.898471715E-05
     848   2.891643749E-05
     849   2.884839881E-05
     850   2.878059999E-05
     851   2.874601311E-05
     852   2.867861332E-05
     853   2.861145029E-05
     854   2.854452292E-05
     855   2.847783011E-05
     856   3.001065845E-05
     857   2.994070354E-05
     858   2.987099294E-05
     859   2.980152551E-05
     860   2.973230013E-05
     861   3.148100552E-05
     862   3.140804838E-05
     863   3.133534456E-05
     864   3.126289290E-05
     865   3.119069222E-05
     866   3.460858284E-05
     867   3.452883956E-05
     868   3.444937158E-05
     869   3.437017762E-05
     870   3.429125643E-05
     871   3.699867442E-05
     872   3.691391228E-05
     873   3.682944108E-05
     874   3.674525950E-05
     875   3.666136622E-05
     876   3.580155732E-05
     877   3.572000479E-05
     878   3.563873061E-05
     879   3.555773349E-05
     880   3.547701219E-05
     881   3.326868263E-05
     882   3.319332888E-05
     883   3.311823085E-05
     884   3.304338739E-05
     885   3.296879735E-05
     886   2.918800534E-05
     887   2.912226659E-05
     888   2.905674968E-05
     889   2.899145362E-05
     890   2.892637740E-05
     891   2.437293246E-05
     892   2.431834583E-05
     893   2.426394237E-05
     894   2.420972127E-05
     895   2.415568171E-05
     896   1.870183806E-05
     897   1.866018586E-05
     898   1.861867265E-05
     899   1.857729782E-05
     900   1.853606076E-05
     901   1.175596699E-05
     902   1.172992941E-05
     903   1.170397824E-05
     904   1.167811309E-05
     905   1.165233359E-05
     906   5.569340215E-06
     907   5.557072946E-06
     908   5.544846163E-06
     909   5.532659687E-06
     910   5.520513343E-06
     911   3.462791256E-07
     912   3.455205733E-07
     913   3.447645108E-07
     914   3.440109271E-07
     915   3.432598116E-07
     916  -2.664548107E-06
     917  -2.658742992E-06
     918  -2.652956826E-06
     919  -2.647189529E-06
     920  -2.641441017E-06
     921  -3.123221171E-07
     922  -3.116453628E-07
     923  -3.109708058E-07
     924  -3.102984364E-07
     925  -3.096282454E-07
     926   1.206409860E-05
     927   1.203809839E-05
     928   1.201218214E-05
     929   1.198634949E-05
     930   1.196060008E-05
     931   3.911161180E-05
     932   3.902777126E-05
     933   3.894420001E-05
     934   3.886089691E-05
     935   3.877786081E-05
     936   7.712581473E-05
     937   7.696136736E-05
     938   7.679744539E-05
     939   7.663404657E-05
     940   7.647116868E-05
     941   1.312221210E-04
     942   1.309438132E-04
     943   1.306663899E-04
     944   1.303898473E-04
     945   1.301141816E-04
     946   1.944160423E-04
     947   1.940058819E-04
     948   1.935970180E-04
     949   1.931894454E-04
     950   1.927831584E-04
     951   2.650938520E-04
     952   2.645375165E-04
     953   2.639829305E-04
     954   2.634300867E-04
     955   2.628789777E-04
     956   3.219591878E-04
     957   3.212870392E-04
     958   3.206169932E-04
     959   3.199490411E-04
     960   3.192831743E-04
     961   3.622879279E-04
     962   3.615355127E-04
     963   3.607854390E-04
     964   3.600376971E-04
     965   3.592922775E-04
     966   4.101819701E-04
     967   4.093344867E-04
     968   4.084896271E-04
     969   4.076473804E-04
     970   4.068077360E-04
     971   3.938433806E-04
     972   3.930338362E-04
     973   3.922267852E-04
     974   3.914222174E-04
     975   3.906201227E-04
     976   3.480382729E-04
     977   3.473265382E-04
     978   3.466169845E-04
     979   3.459096029E-04
     980   3.452043846E-04
     981   1.914386983E-04
     982   1.910491994E-04
     983   1.906608881E-04
     984   1.902737594E-04
     985   1.898878085E-04
     986  -8.543985166E-05
     987  -8.526689649E-05
     988  -8.509446597E-05
     989  -8.492255795E-05
     990  -8.475117035E-05
     991  -5.189064966E-04
     992  -5.178613677E-04
     993  -5.168193931E-04
     994  -5.157805602E-04
     995  -5.147448563E-04
     996  -1.093256423E-03
     997  -1.091065528E-03
     998  -1.088881213E-03
     999  -1.086703450E-03
    1000  -1.084532215E-03
    1001  -1.695096644E-03
    1002  -1.691716591E-03
    1003  -1.688346638E-03
    1004  -1.684986744E-03
    1005  -1.681636870E-03
    1006  -2.150948651E-03
    1007  -2.146680895E-03
    1008  -2.142425829E-03
    1009  -2.138183402E-03
    1010  -2.133953563E-03
    1011  -2.386240723E-03
    1012  -2.381529488E-03
    1013  -2.376832191E-03
    1014  -2.372148778E-03
    1015  -2.367479194E-03
    1016  -2.506660106E-03
    1017  -2.501735430E-03
    1018  -2.496825253E-03
    1019  -2.491929517E-03
    1020  -2.487048166E-03
    1021  -2.269117721E-03
    1022  -2.264681518E-03
    1023  -2.260258312E-03
    1024  -2.255848052E-03
    1025  -2.251450687E-03
    1026  -1.684157535E-03
    1027  -1.680880964E-03
    1028  -1.677613945E-03
    1029  -1.674356443E-03
    1030  -1.671108418E-03
    1031  -5.201208625E-04
    1032  -5.191138521E-04
    1033  -5.181097634E-04
    1034  -5.171085851E-04
    1035  -5.161103060E-04
    1036   1.547988689E-03
    1037   1.545006052E-03
    1038   1.542032027E-03
    1039   1.539066581E-03
    1040   1.536109681E-03
    1041   4.906584355E-03
    1042   4.897175756E-03
    1043   4.887794193E-03
    1044   4.878439563E-03
    1045   4.869111763E-03
    1046   9.324627334E-03
    1047   9.306832244E-03
    1048   9.289088045E-03
    1049   9.271394544E-03
    1050   9.253751548E-03
    1051   1.451003856E-02
    1052   1.448247913E-02
    1053   1.445499814E-02
    1054   1.442759530E-02
    1055   1.440027031E-02
    1056   1.868967677E-02
    1057   1.865434656E-02
    1058   1.861911645E-02
    1059   1.858398604E-02
    1060   1.854895496E-02
    1061   2.171635767E-02
    1062   2.167549905E-02
    1063   2.163475563E-02
    1064   2.159412698E-02
    1065   2.155361267E-02
    1066   2.343031880E-02
    1067   2.338644179E-02
    1068   2.334268793E-02
    1069   2.329905674E-02
    1070   2.325554776E-02
    1071   2.412079284E-02
    1072   2.407583331E-02
    1073   2.403099935E-02
    1074   2.398629052E-02
    1075   2.394170633E-02
    1076   2.347805656E-02
    1077   2.343449801E-02
    1078   2.339106058E-02
    1079   2.334774380E-02
    1080   2.330454723E-02
    1081   2.306813940E-02
    1082   2.302553896E-02
    1083   2.298305641E-02
    1084   2.294069133E-02
    1085   2.289844328E-02
    1086   2.085407101E-02
    1087   2.081573632E-02
    1088   2.077750723E-02
    1089   2.073938337E-02
    1090   2.070136433E-02
    1091   1.760109202E-02
    1092   1.756888508E-02
    1093   1.753676646E-02
    1094   1.750473584E-02
    1095   1.747279289E-02
    1096   1.308109896E-02
    1097   1.305727182E-02
    1098   1.303350972E-02
    1099   1.300981243E-02
    1100   1.298617971E-02
    1101   8.202134100E-03
    1102   8.187261690E-03
    1103   8.172429695E-03
    1104   8.157637967E-03
    1105   8.142886361E-03
    1106   3.762185894E-03
    1107   3.755394944E-03
    1108   3.748622366E-03
    1109   3.741868091E-03
    1110   3.735132055E-03
    1111   7.271418847E-04
    1112   7.258352506E-04
    1113   7.245321352E-04
    1114   7.232325260E-04
    1115   7.219364104E-04
    1116  -1.106368487E-03
    1117  -1.104389294E-03
    1118  -1.102415408E-03
    1119  -1.100446809E-03
    1120  -1.098483479E-03
    1121  -2.103065150E-03
    1122  -2.099319709E-03
    1123  -2.095584265E-03
    1124  -2.091858781E-03
    1125  -2.088143224E-03
    1126  -2.531289837E-03
    1127  -2.526801735E-03
    1128  -2.522325558E-03
    1129  -2.517861265E-03
    1130  -2.513408814E-03
    1131  -2.656045255E-03
    1132  -2.651356737E-03
    1133  -2.646680623E-03
    1134  -2.642016869E-03
    1135  -2.637365431E-03
    1136  -2.536245857E-03
    1137  -2.531788483E-03
    1138  -2.527342849E-03
    1139  -2.522908914E-03
    1140  -2.518486638E-03
    1141  -2.231027792E-03
    1142  -2.227123981E-03
    1143  -2.223230408E-03
    1144  -2.219347036E-03
    1145  -2.215473830E-03
    1146  -1.730409440E-03
    1147  -1.727394790E-03
    1148  -1.724388010E-03
    1149  -1.721389075E-03
    1150  -1.718397956E-03
    1151  -1.088895105E-03
    1152  -1.087006302E-03
    1153  -1.085122409E-03
    1154  -1.083243409E-03
    1155  -1.081369285E-03
    1156  -5.545606715E-04
    1157  -5.536028811E-04
    1158  -5.526475698E-04
    1159  -5.516947292E-04
    1160  -5.507443507E-04
    1161  -1.550979370E-04
    1162  -1.548312165E-04
    1163  -1.545651835E-04
    1164  -1.542998355E-04
    1165  -1.540351703E-04
    1166   8.542543072E-05
    1167   8.527915429E-05
    1168   8.513325326E-05
    1169   8.498772633E-05
    1170   8.484257223E-05
    1171   2.134253893E-04
    1172   2.130614927E-04
    1173   2.126985259E-04
    1174   2.123364858E-04
    1175   2.119753694E-04
    1176   2.558967319E-04
    1177   2.554622723E-04
    1178   2.550289181E-04
    1179   2.545966657E-04
    1180   2.541655114E-04
    1181   2.613371862E-04
    1182   2.608953651E-04
    1183   2.604546635E-04
    1184   2.600150776E-04
    1185   2.595766036E-04
    1186   2.375483177E-04
    1187   2.371484047E-04
    1188   2.367495007E-04
    1189   2.363516024E-04
    1190   2.359547063E-04
    1191   1.964120130E-04
    1192   1.960827388E-04
    1193   1.957542920E-04
    1194   1.954266698E-04
    1195   1.950998693E-04
    1196   1.447278403E-04
    1197   1.444862246E-04
    1198   1.442452134E-04
    1199   1.440048047E-04
    1200   1.437649965E-04
    1201   8.478555465E-05
    1202   8.464459778E-05
    1203   8.450399214E-05
    1204   8.436373655E-05
    1205   8.422382985E-05
    1206   3.117165578E-05
    1207   3.112004708E-05
    1208   3.106856644E-05
    1209   3.101721344E-05
    1210   3.096598765E-05
    1211  -1.043270213E-05
    1212  -1.041550064E-05
    1213  -1.039834166E-05
    1214  -1.038122505E-05
    1215  -1.036415067E-05
    1216  -3.920067439E-05
    1217  -3.913630547E-05
    1218  -3.907209496E-05
    1219  -3.900804235E-05
    1220  -3.894414711E-05
    1221  -5.679303067E-05
    1222  -5.670015572E-05
    1223  -5.660750841E-05
    1224  -5.651508799E-05
    1225  -5.642289372E-05
    1226  -6.322007679E-05
    1227  -6.311711250E-05
    1228  -6.301439954E-05
    1229  -6.291193710E-05
    1230  -6.280972437E-05
    1231  -6.562394270E-05
    1232  -6.551749672E-05
    1233  -6.541130953E-05
    1234  -6.530538029E-05
    1235  -6.519970815E-05
    1236  -6.002600565E-05
    1237  -5.992903311E-05
    1238  -5.983229536E-05
    1239  -5.973579166E-05
    1240  -5.963952125E-05
    1241  -5.252244644E-05
    1242  -5.243793727E-05
    1243  -5.235363190E-05
    1244  -5.226952968E-05
    1245  -5.218562996E-05
    1246  -4.383384750E-05
    1247  -4.376360095E-05
    1248  -4.369352312E-05
    1249  -4.362361349E-05
    1250  -4.355387150E-05
    1251  -3.297759680E-05
    1252  -3.292495898E-05
    1253  -3.287244708E-05
    1254  -3.282006071E-05
    1255  -3.276779947E-05
    1256  -2.453613119E-05
    1257  -2.449712303E-05
    1258  -2.445820783E-05
    1259  -2.441938527E-05
    1260  -2.438065508E-05
    1261  -1.736010137E-05
    1262  -1.733261111E-05
    1263  -1.730518609E-05
    1264  -1.727782611E-05
    1265  -1.725053097E-05
    1266  -1.310448136E-05
    1267  -1.308381183E-05
    1268  -1.306319117E-05
    1269  -1.304261921E-05
    1270  -1.302209581E-05
    1271  -1.046954239E-05
    1272  -1.045309378E-05
    1273  -1.043668390E-05
    1274  -1.042031263E-05
    1275  -1.040397985E-05
    1276  -9.426596193E-06
    1277  -9.411844086E-06
    1278  -9.397126582E-06
    1279  -9.382443572E-06
    1280  -9.367794948E-06
    1281  -9.519148333E-06
    1282  -9.504309443E-06
    1283  -9.489505222E-06
    1284  -9.474735564E-06
    1285  -9.460000361E-06
    1286  -9.947430158E-06
    1287  -9.931983838E-06
    1288  -9.916573467E-06
    1289  -9.901198935E-06
    1290  -9.885860129E-06
    1291  -1.038341658E-05
    1292  -1.036735561E-05
    1293  -1.035133188E-05
    1294  -1.033534527E-05
    1295  -1.031939566E-05
    1296  -9.993914503E-06
    1297  -9.978515559E-06
    1298  -9.963152179E-06
    1299  -9.947824252E-06
    1300  -9.932531671E-06
    1301  -9.556958693E-06
    1302  -9.542289532E-06
    1303  -9.527654118E-06
    1304  -9.513052350E-06
    1305  -9.498484123E-06
    1306  -9.194899194E-06
    1307  -9.180839716E-06
    1308  -9.166812459E-06
    1309  -9.152817325E-06
    1310  -9.138854217E-06
    1311  -9.199637892E-06
    1312  -9.185624734E-06
    1313  -9.171643570E-06
    1314  -9.157694302E-06
    1315  -9.143776834E-06
    1316  -9.726883807E-06
    1317  -9.712123740E-06
    1318  -9.697397245E-06
    1319  -9.682704219E-06
    1320  -9.668044560E-06
    1321  -1.000516629E-05
    1322  -9.990041320E-06
    1323  -9.974950623E-06
    1324  -9.959894094E-06
    1325  -9.944871629E-06
    1326  -1.041062931E-05
    1327  -1.039495065E-05
    1328  -1.037930738E-05
    1329  -1.036369940E-05
    1330  -1.034812660E-05
    1331  -1.040597760E-05
    1332  -1.039036473E-05
    1333  -1.037478697E-05
    1334  -1.035924422E-05
    1335  -1.034373637E-05
    1336  -1.008646315E-05
    1337  -1.007138623E-05
    1338  -1.005634308E-05
    1339  -1.004133361E-05
    1340  -1.002635773E-05
    1341  -9.531401066E-06
    1342  -9.517206872E-06
    1343  -9.503044362E-06
    1344  -9.488913441E-06
    1345  -9.474814015E-06
    1346  -8.881883776E-06
    1347  -8.868705907E-06
    1348  -8.855557344E-06
    1349  -8.842438000E-06
    1350  -8.829347788E-06
    1351  -8.165693301E-06
    1352  -8.153622801E-06
    1353  -8.141579045E-06
    1354  -8.129561954E-06
    1355  -8.117571449E-06
    1356  -7.747570618E-06
    1357  -7.736160352E-06
    1358  -7.724775274E-06
    1359  -7.713415311E-06
    1360  -7.702080387E-06
    1361  -7.246178128E-06
    1362  -7.235545438E-06
    1363  -7.224936134E-06
    1364  -7.214350147E-06
    1365  -7.203787409E-06
    1366  -6.866579848E-06
    1367  -6.856540988E-06
    1368  -6.846524128E-06
    1369  -6.836529202E-06
    1370  -6.826556147E-06
    1371  -6.668935767E-06
    1372  -6.659221367E-06
    1373  -6.649528177E-06
    1374  -6.639856136E-06
    1375  -6.630205182E-06
    1376  -6.687587182E-06
    1377  -6.677880960E-06
    1378  -6.668195853E-06
    1379  -6.658531801E-06
    1380  -6.648888743E-06
    1381  -6.598878130E-06
    1382  -6.589335284E-06
    1383  -6.579813123E-06
    1384  -6.570311588E-06
    1385  -6.560830619E-06
    1386  -6.688245042E-06
    1387  -6.678607802E-06
    1388  -6.668991376E-06
    1389  -6.659395705E-06
    1390  -6.649820729E-06
    1391  -6.408201202E-06
    1392  -6.399000626E-06
    1393  -6.389819850E-06
    1394  -6.380658818E-06
    1395  -6.371517473E-06
    1396  -6.247317392E-06
    1397  -6.238379885E-06
    1398  -6.229461543E-06
    1399  -6.220562313E-06
    1400  -6.211682138E-06
    1401  -5.865266913E-06
    1402  -5.856905877E-06
    1403  -5.848562706E-06
    1404  -5.840237350E-06
    1405  -5.831929757E-06
    1406  -5.497789222E-06
    1407  -5.489979862E-06
    1408  -5.482187130E-06
    1409  -5.474410978E-06
    1410  -5.466651359E-06
    1411  -5.308467878E-06
    1412  -5.300954123E-06
    1413  -5.293456310E-06
    1414  -5.285974393E-06
    1415  -5.278508327E-06
    1416  -5.182959858E-06
    1417  -5.175649618E-06
    1418  -5.168354834E-06
    1419  -5.161075461E-06
    1420  -5.153811456E-06
    1421  -5.123503164E-06
    1422  -5.116302176E-06
    1423  -5.109116358E-06
    1424  -5.101945668E-06
    1425  -5.094790064E-06
    1426  -5.182016748E-06
    1427  -5.174759022E-06
    1428  -5.167516532E-06
    1429  -5.160289236E-06
    1430  -5.153077092E-06
    1431  -5.094383692E-06
    1432  -5.087273596E-06
    1433  -5.080178375E-06
    1434  -5.073097987E-06
    1435  -5.066032391E-06
    1436  -4.989436827E-06
    1437  -4.982497416E-06
    1438  -4.975572471E-06
    1439  -4.968661954E-06
    1440  -4.961765824E-06
    1441  -4.832996998E-06
    1442  -4.826298457E-06
    1443  -4.819613833E-06
    1444  -4.812943087E-06
    1445  -4.806286181E-06
    1446  -4.719656935E-06
    1447  -4.713138072E-06
    1448  -4.706632706E-06
    1449  -4.700140798E-06
    1450  -4.693662314E-06
    1451  -4.604023659E-06
    1452  -4.597686393E-06
    1453  -4.591362203E-06
    1454  -4.585051052E-06
    1455  -4.578752905E-06
    1456  -4.389271675E-06
    1457  -4.383250726E-06
    1458  -4.377242157E-06
    1459  -4.371245935E-06
    1460  -4.365262026E-06
    1461  -4.388919491E-06
    1462  -4.382919601E-06
    1463  -4.376932006E-06
    1464  -4.370956672E-06
    1465  -4.364993566E-06
    1466  -4.253317427E-06
    1467  -4.247522717E-06
    1468  -4.241739841E-06
    1469  -4.235968766E-06
    1470  -4.230209461E-06
    1471  -4.292047327E-06
    1472  -4.286219700E-06
    1473  -4.280403934E-06
    1474  -4.274599996E-06
    1475  -4.268807855E-06
    1476  -4.234949773E-06
    1477  -4.229219124E-06
    1478  -4.223500099E-06
    1479  -4.217792666E-06
    1480  -4.212096795E-06
    1481  -4.224290556E-06
    1482  -4.218593603E-06
    1483  -4.212908167E-06
    1484  -4.207234216E-06
    1485  -4.201571721E-06
    1486  -4.194425915E-06
    1487  -4.188788245E-06
    1488  -4.183161935E-06
    1489  -4.177546952E-06
    1490  -4.171943268E-06
    1491  -4.034110633E-06
    1492  -4.028706600E-06
    1493  -4.023313419E-06
    1494  -4.017931060E-06
    1495  -4.012559494E-06
    1496  -3.887195365E-06
    1497  -3.882005518E-06
    1498  -3.876826058E-06
    1499  -3.871656956E-06
    1500  -3.866498186E-06
    1501  -3.777480536E-06
    1502  -3.772453948E-06
    1503  -3.767437387E-06
    1504  -3.762430826E-06
    1505  -3.757434238E-06
    1506  -3.609666098E-06
    1507  -3.604878742E-06
    1508  -3.600100904E-06
    1509  -3.595332559E-06
    1510  -3.590573680E-06
    1511  -3.494676283E-06
    1512  -3.490056750E-06
    1513  -3.485446371E-06
    1514  -3.480845122E-06
    1515  -3.476252978E-06
    1516  -3.451028226E-06
    1517  -3.446481417E-06
    1518  -3.441943587E-06
    1519  -3.437414714E-06
    1520  -3.432894774E-06
    1521  -3.399884209E-06
    1522  -3.395419489E-06
    1523  -3.390963558E-06
    1524  -3.386516393E-06
    1525  -3.382077970E-06
    1526  -3.416572176E-06
    1527  -3.412100223E-06
    1528  -3.407637044E-06
    1529  -3.403182617E-06
    1530  -3.398736918E-06
    1531  -3.380366676E-06
    1532  -3.375956544E-06
    1533  -3.371555036E-06
    1534  -3.367162130E-06
    1535  -3.362777805E-06
    1536  -3.292909987E-06
    1537  -3.288627919E-06
    1538  -3.284354199E-06
    1539  -3.280088804E-06
    1540  -3.275831712E-06
    1541  -3.198018892E-06
    1542  -3.193873696E-06
    1543  -3.189736554E-06
    1544  -3.185607445E-06
    1545  -3.181486349E-06
    1546  -3.127316521E-06
    1547  -3.123276061E-06
    1548  -3.119243425E-06
    1549  -3.115218595E-06
    1550  -3.111201550E-06
    1551  -2.981109715E-06
    1552  -2.977270552E-06
    1553  -2.973438801E-06
    1554  -2.969614443E-06
    1555  -2.965797457E-06
    1556  -2.935350812E-06
    1557  -2.931582711E-06
    1558  -2.927821861E-06
    1559  -2.924068243E-06
    1560  -2.920321839E-06
    1561  -2.848003748E-06
    1562  -2.844359469E-06
    1563  -2.840722181E-06
    1564  -2.837091865E-06
    1565  -2.833468504E-06
    1566  -2.785029042E-06
    1567  -2.781476709E-06
    1568  -2.777931168E-06
    1569  -2.774392402E-06
    1570  -2.770860394E-06
    1571  -2.765333861E-06
    1572  -2.761817861E-06
    1573  -2.758308563E-06
    1574  -2.754805949E-06
    1575  -2.751310002E-06
    1576  -2.732785647E-06
    1577  -2.729322041E-06
    1578  -2.725865015E-06
    1579  -2.722414553E-06
    1580  -2.718970638E-06
    1581  -2.724760055E-06
    1582  -2.721317528E-06
    1583  -2.717881521E-06
    1584  -2.714452017E-06
    1585  -2.711029001E-06
    1586  -2.674862282E-06
    1587  -2.671493438E-06
    1588  -2.668130954E-06
    1589  -2.664774815E-06
    1590  -2.661425003E-06
    1591  -2.602467324E-06
    1592  -2.599199945E-06
    1593  -2.595938716E-06
    1594  -2.592683620E-06
    1595  -2.589434643E-06
    1596  -2.461948308E-06
    1597  -2.458867021E-06
    1598  -2.455791515E-06
    1599  -2.452721776E-06
    1600  -2.449657789E-06
    1601  -2.365636159E-06
    1602  -2.362684648E-06
    1603  -2.359738657E-06
    1604  -2.356798173E-06
    1605  -2.353863181E-06
    1606  -2.283950089E-06
    1607  -2.281109355E-06
    1608  -2.278273918E-06
    1609  -2.275443764E-06
    1610  -2.272618880E-06
    1611  -2.223147844E-06
    1612  -2.220391306E-06
    1613  -2.217639892E-06
    1614  -2.214893588E-06
    1615  -2.212152383E-06
    1616  -2.161967258E-06
    1617  -2.159294863E-06
    1618  -2.156627420E-06
    1619  -2.153964917E-06
    1620  -2.151307342E-06
    1621  -2.110063241E-06
    1622  -2.107463039E-06
    1623  -2.104867642E-06
    1624  -2.102277035E-06
    1625  -2.099691209E-06
    1626  -2.101282661E-06
    1627  -2.098701232E-06
    1628  -2.096124558E-06
    1629  -2.093552626E-06
    1630  -2.090985425E-06
    1631  -2.081622285E-06
    1632  -2.079072840E-06
    1633  -2.076528075E-06
    1634  -2.073987979E-06
    1635  -2.071452542E-06
    1636  -2.011134453E-06
    1637  -2.008678856E-06
    1638  -2.006227753E-06
    1639  -2.003781133E-06
    1640  -2.001338987E-06
    1641  -1.949871784E-06
    1642  -1.947498234E-06
    1643  -1.945129015E-06
    1644  -1.942764116E-06
    1645  -1.940403528E-06
    1646  -1.867868973E-06
    1647  -1.865602142E-06
    1648  -1.863339435E-06
    1649  -1.861080841E-06
    1650  -1.858826352E-06
    1651  -1.767234357E-06
    1652  -1.765096142E-06
    1653  -1.762961806E-06
    1654  -1.760831338E-06
    1655  -1.758704730E-06
    1656  -1.662690571E-06
    1657  -1.660684913E-06
    1658  -1.658682881E-06
    1659  -1.656684468E-06
    1660  -1.654689665E-06
    1661  -1.572827216E-06
    1662  -1.570935662E-06
    1663  -1.569047519E-06
    1664  -1.567162777E-06
    1665  -1.565281429E-06
    1666  -1.559581979E-06
    1667  -1.557711977E-06
    1668  -1.555845336E-06
    1669  -1.553982048E-06
    1670  -1.552122105E-06
    1671  -1.540907635E-06
    1672  -1.539065545E-06
    1673  -1.537226757E-06
    1674  -1.535391263E-06
    1675  -1.533559054E-06
    1676  -1.520582816E-06
    1677  -1.518770440E-06
    1678  -1.516961303E-06
    1679  -1.515155397E-06
    1680  -1.513352714E-06
    1681  -1.488939526E-06
    1682  -1.487170139E-06
    1683  -1.485403904E-06
    1684  -1.483640813E-06
    1685  -1.481880859E-06
    1686  -1.444167619E-06
    1687  -1.442456520E-06
    1688  -1.440748460E-06
    1689  -1.439043432E-06
    1690  -1.437341429E-06
    1691  -1.390732238E-06
    1692  -1.389089318E-06
    1693  -1.387449307E-06
    1694  -1.385812199E-06
    1695  -1.384177986E-06
    1696  -1.320187648E-06
    1697  -1.318632657E-06
    1698  -1.317080411E-06
    1699  -1.315530905E-06
    1700  -1.313984131E-06
    1701  -1.267926462E-06
    1702  -1.266437411E-06
    1703  -1.264950983E-06
    1704  -1.263467169E-06
    1705  -1.261985965E-06
    1706  -1.202056550E-06
    1707  -1.200648990E-06
    1708  -1.199243900E-06
    1709  -1.197841276E-06
    1710  -1.196441110E-06
    1711  -1.164042806E-06
    1712  -1.162683737E-06
    1713  -1.161327047E-06
    1714  -1.159972729E-06
    1715  -1.158620780E-06
    1716  -1.148496466E-06
    1717  -1.147159450E-06
    1718  -1.145824768E-06
    1719  -1.144492413E-06
    1720  -1.143162381E-06
    1721  -1.106958775E-06
    1722  -1.105673855E-06
    1723  -1.104391171E-06
    1724  -1.103110717E-06
    1725  -1.101832489E-06
    1726  -1.099100636E-06
    1727  -1.097828529E-06
    1728  -1.096558629E-06
    1729  -1.095290931E-06
    1730  -1.094025430E-06
    1731  -1.065024947E-06
    1732  -1.063795836E-06
    1733  -1.062568851E-06
    1734  -1.061343988E-06
    1735  -1.060121241E-06
    1736  -1.043896593E-06
    1737  -1.042695331E-06
    1738  -1.041496141E-06
    1739  -1.040299019E-06
    1740  -1.039103960E-06
    1741  -1.005781252E-06
    1742  -1.004627172E-06
    1743  -1.003475076E-06
    1744  -1.002324962E-06
    1745  -1.001176823E-06
    1746  -9.414640623E-07
    1747  -9.403868723E-07
    1748  -9.393115299E-07
    1749  -9.382380310E-07
    1750  -9.371663714E-07
    1751  -8.838445871E-07
    1752  -8.828362077E-07
    1753  -8.818295530E-07
    1754  -8.808246190E-07
    1755  -8.798214019E-07
    1756  -8.228359897E-07
    1757  -8.218998850E-07
    1758  -8.209653769E-07
    1759  -8.200324617E-07
    1760  -8.191011358E-07
    1761  -7.890661697E-07
    1762  -7.881710294E-07
    1763  -7.872774114E-07
    1764  -7.863853124E-07
    1765  -7.854947288E-07
    1766  -7.463209373E-07
    1767  -7.454766828E-07
    1768  -7.446338601E-07
    1769  -7.437924659E-07
    1770  -7.429524970E-07
    1771  -7.353240878E-07
    1772  -7.344946190E-07
    1773  -7.336665529E-07
    1774  -7.328398864E-07
    1775  -7.320146163E-07
    1776  -7.285455410E-07
    1777  -7.277260297E-07
    1778  -7.269079003E-07
    1779  -7.260911499E-07
    1780  -7.252757752E-07
    1781  -7.109787624E-07
    1782  -7.101812539E-07
    1783  -7.093850866E-07
    1784  -7.085902574E-07
    1785  -7.077967632E-07
    1786  -6.916521111E-07
    1787  -6.908784511E-07
    1788  -6.901060883E-07
    1789  -6.893350201E-07
    1790  -6.885652434E-07
    1791  -6.524185867E-07
    1792  -6.516908471E-07
    1793  -6.509643244E-07
    1794  -6.502390160E-07
    1795  -6.495149191E-07
    1796  -6.260904896E-07
    1797  -6.253940597E-07
    1798  -6.246987911E-07
    1799  -6.240046814E-07
    1800  -6.233117278E-07
    1801  -5.802986187E-07
    1802  -5.796549153E-07
    1803  -5.790122824E-07
    1804  -5.783707175E-07
    1805  -5.777302184E-07
    1806  -5.500982482E-07
    1807  -5.494897325E-07
    1808  -5.488822258E-07
    1809  -5.482757262E-07
    1810  -5.476702311E-07
    1811  -5.262961520E-07
    1812  -5.257155716E-07
    1813  -5.251359513E-07
    1814  -5.245572891E-07
    1815  -5.239795828E-07
    1816  -5.048908972E-07
    1817  -5.043354617E-07
    1818  -5.037809422E-07
    1819  -5.032273368E-07
    1820  -5.026746434E-07
    1821  -4.947026774E-07
    1822  -4.941599427E-07
    1823  -4.936181006E-07
    1824  -4.930771493E-07
    1825  -4.925370867E-07
    1826  -4.742411740E-07
    1827  -4.737223106E-07
    1828  -4.732042982E-07
    1829  -4.726871351E-07
    1830  -4.721708192E-07
    1831  -4.594306810E-07
    1832  -4.589293927E-07
    1833  -4.584289245E-07
    1834  -4.579292744E-07
    1835  -4.574304408E-07
    1836  -4.494740738E-07
    1837  -4.489849834E-07
    1838  -4.484966909E-07
    1839  -4.480091945E-07
    1840  -4.475224925E-07
    1841  -4.311370887E-07
    1842  -4.306692242E-07
    1843  -4.302021210E-07
    1844  -4.297357772E-07
    1845  -4.292701913E-07
    1846  -4.025835533E-07
    1847  -4.021478569E-07
    1848  -4.017128673E-07
    1849  -4.012785831E-07
    1850  -4.008450028E-07
    1851  -3.663164557E-07
    1852  -3.659210790E-07
    1853  -3.655263422E-07
    1854  -3.651322437E-07
    1855  -3.647387822E-07
    1856  -3.384240420E-07
    1857  -3.380597535E-07
    1858  -3.376960528E-07
    1859  -3.373329388E-07
    1860  -3.369704101E-07
    1861  -3.183280743E-07
    1862  -3.179863373E-07
    1863  -3.176451502E-07
    1864  -3.173045120E-07
    1865  -3.169644214E-07
    1866  -3.042973969E-07
    1867  -3.039715967E-07
    1868  -3.036463195E-07
    1869  -3.033215640E-07
    1870  -3.029973293E-07
    1871  -2.976295785E-07
    1872  -2.973117679E-07
    1873  -2.969944661E-07
    1874  -2.966776721E-07
    1875  -2.963613846E-07
    1876  -2.854879498E-07
    1877  -2.851839158E-07
    1878  -2.848803672E-07
    1879  -2.845773030E-07
    1880  -2.842747221E-07
    1881  -2.804745498E-07
    1882  -2.801766480E-07
    1883  -2.798792205E-07
    1884  -2.795822665E-07
    1885  -2.792857847E-07
    1886  -2.678099060E-07
    1887  -2.675262091E-07
    1888  -2.672429627E-07
    1889  -2.669601659E-07
    1890  -2.666778178E-07
    1891  -2.540040711E-07
    1892  -2.537357097E-07
    1893  -2.534677733E-07
    1894  -2.532002612E-07
    1895  -2.529331723E-07
    1896  -2.388868580E-07
    1897  -2.386351332E-07
    1898  -2.383838060E-07
    1899  -2.381328757E-07
    1900  -2.378823414E-07
    1901  -2.142788889E-07
    1902  -2.140536878E-07
    1903  -2.138288415E-07
    1904  -2.136043493E-07
    1905  -2.133802104E-07
    1906  -2.011650490E-07
    1907  -2.009541841E-07
    1908  -2.007436507E-07
    1909  -2.005334479E-07
    1910  -2.003235751E-07
    1911  -1.886347952E-07
    1912  -1.884375816E-07
    1913  -1.882406772E-07
    1914  -1.880440812E-07
    1915  -1.878477930E-07
    1916  -1.801573868E-07
    1917  -1.799695272E-07
    1918  -1.797819612E-07
    1919  -1.795946884E-07
    1920  -1.794077080E-07
    1921  -1.745861396E-07
    1922  -1.744045627E-07
    1923  -1.742232690E-07
    1924  -1.740422578E-07
    1925  -1.738615286E-07
    1926  -1.691349139E-07
    1927  -1.689594628E-07
    1928  -1.687842845E-07
    1929  -1.686093785E-07
    1930  -1.684347442E-07
    1931  -1.662953415E-07
    1932  -1.661232821E-07
    1933  -1.659514897E-07
    1934  -1.657799636E-07
    1935  -1.656087033E-07
    1936  -1.579358326E-07
    1937  -1.577728442E-07
    1938  -1.576101079E-07
    1939  -1.574476232E-07
    1940  -1.572853897E-07
    1941  -1.474630496E-07
    1942  -1.473112605E-07
    1943  -1.471597058E-07
    1944  -1.470083847E-07
    1945  -1.468572970E-07
    1946  -1.374804224E-07
    1947  -1.373392720E-07
    1948  -1.371983390E-07
    1949  -1.370576227E-07
    1950  -1.369171228E-07
    1951  -1.215481955E-07
    1952  -1.214237222E-07
    1953  -1.212994400E-07
    1954  -1.211753485E-07
    1955  -1.210514473E-07
    1956  -1.128731672E-07
    1957  -1.127578729E-07
    1958  -1.126427551E-07
    1959  -1.125278135E-07
    1960  -1.124130477E-07
    1961  -1.012000569E-07
    1962  -1.010969493E-07
    1963  -1.009939993E-07
    1964  -1.008912064E-07
    1965  -1.007885704E-07
    1966  -9.650537219E-08
    1967  -9.640729763E-08
    1968  -9.630937249E-08
    1969  -9.621159648E-08
    1970  -9.611396929E-08
    1971  -9.334218386E-08
    1972  -9.324756431E-08
    1973  -9.315308856E-08
    1974  -9.305875632E-08
    1975  -9.296456729E-08
    1976  -9.017436956E-08
    1977  -9.008319224E-08
    1978  -8.999215314E-08
    1979  -8.990125197E-08
    1980  -8.981048847E-08
    1981  -8.766384948E-08
    1982  -8.757543410E-08
    1983  -8.748715241E-08
    1984  -8.739900415E-08
    1985  -8.731098904E-08
    1986  -8.315071927E-08
    1987  -8.306706663E-08
    1988  -8.298354017E-08
    1989  -8.290013963E-08
    1990  -8.281686475E-08
    1991  -7.986989804E-08
    1992  -7.978974762E-08
    1993  -7.970971778E-08
    1994  -7.962980829E-08
    1995  -7.955001890E-08
    1996  -7.361603158E-08
    1997  -7.354234186E-08
    1998  -7.346876273E-08
    1999  -7.339529397E-08
    2000  -7.332193535E-08
    2001  -6.630369084E-08
    2002  -6.623748646E-08
    2003  -6.617138118E-08
    2004  -6.610537482E-08
    2005  -6.603946717E-08
    2006  -6.067409186E-08
    2007  -6.061365950E-08
    2008  -6.055331738E-08
    2009  -6.049306532E-08
    2010  -6.043290315E-08
    2011  -5.628694262E-08
    2012  -5.623101918E-08
    2013  -5.617517904E-08
    2014  -5.611942204E-08
    2015  -5.606374801E-08
    2016  -5.372974846E-08
    2017  -5.367649797E-08
    2018  -5.362332660E-08
    2019  -5.357023420E-08
    2020  -5.351722061E-08
    2021  -5.125615003E-08
    2022  -5.120547663E-08
    2023  -5.115487833E-08
    2024  -5.110435499E-08
    2025  -5.105390647E-08
    2026  -4.920034233E-08
    2027  -4.915182129E-08
    2028  -4.910337198E-08
    2029  -4.905499427E-08
    2030  -4.900668803E-08
    2031  -4.811794338E-08
    2032  -4.807060650E-08
    2033  -4.802333943E-08
    2034  -4.797614204E-08
    2035  -4.792901420E-08
    2036  -4.514310550E-08
    2037  -4.509880413E-08
    2038  -4.505456793E-08
    2039  -4.501039678E-08
    2040  -4.496629056E-08
    2041  -4.288607854E-08
    2042  -4.284409511E-08
    2043  -4.280217329E-08
    2044  -4.276031298E-08
    2045  -4.271851404E-08
    2046  -3.840219091E-08
    2047  -3.836468877E-08
    2048  -3.832724154E-08
    2049  -3.828984911E-08
    2050  -3.825251137E-08
    2051  -3.476081175E-08
    2052  -3.472694832E-08
    2053  -3.469313435E-08
    2054  -3.465936974E-08
    2055  -3.462565440E-08
    2056  -3.125659513E-08
    2057  -3.122621943E-08
    2058  -3.119588799E-08
    2059  -3.116560072E-08
    2060  -3.113535753E-08
    2061  -2.846005778E-08
    2062  -2.843246683E-08
    2063  -2.840491599E-08
    2064  -2.837740518E-08
    2065  -2.834993431E-08
    2066  -2.659873077E-08
    2067  -2.657300666E-08
    2068  -2.654731985E-08
    2069  -2.652167026E-08
    2070  -2.649605783E-08
    2071  -2.494541639E-08
    2072  -2.492134941E-08
    2073  -2.489731726E-08
    2074  -2.487331984E-08
    2075  -2.484935711E-08
    2076  -2.441909352E-08
    2077  -2.439559103E-08
    2078  -2.437212245E-08
    2079  -2.434868771E-08
    2080  -2.432528676E-08
    2081  -2.383087192E-08
    2082  -2.380799062E-08
    2083  -2.378514226E-08
    2084  -2.376232677E-08
    2085  -2.373954410E-08
    2086  -2.296049271E-08
    2087  -2.293849990E-08
    2088  -2.291653867E-08
    2089  -2.289460897E-08
    2090  -2.287271073E-08
    2091  -2.138828288E-08
    2092  -2.136784496E-08
    2093  -2.134743632E-08
    2094  -2.132705690E-08
    2095  -2.130670666E-08
    2096  -1.974698260E-08
    2097  -1.972815802E-08
    2098  -1.970936035E-08
    2099  -1.969058953E-08
    2100  -1.967184551E-08
    2101  -1.835868573E-08
    2102  -1.834122621E-08
    2103  -1.832379159E-08
    2104  -1.830638181E-08
    2105  -1.828899683E-08
    2106  -1.670873314E-08
    2107  -1.669288045E-08
    2108  -1.667705032E-08
    2109  -1.666124269E-08
    2110  -1.664545752E-08
    2111  -1.577224709E-08
    2112  -1.575731832E-08
    2113  -1.574241074E-08
    2114  -1.572752430E-08
    2115  -1.571265896E-08
    2116  -1.504047607E-08
    2117  -1.502627355E-08
    2118  -1.501209113E-08
    2119  -1.499792878E-08
    2120  -1.498378646E-08
    2121  -1.446877432E-08
    2122  -1.445514382E-08
    2123  -1.444153257E-08
    2124  -1.442794054E-08
    2125  -1.441436769E-08
    2126  -1.391634169E-08
    2127  -1.390326242E-08
    2128  -1.389020158E-08
    2129  -1.387715914E-08
    2130  -1.386413506E-08
    2131  -1.361883921E-08
    2132  -1.360606955E-08
    2133  -1.359331785E-08
    2134  -1.358058406E-08
    2135  -1.356786816E-08
    2136  -1.319672854E-08
    2137  -1.318438361E-08
    2138  -1.317205600E-08
    2139  -1.315974566E-08
    2140  -1.314745258E-08
    2141  -1.263820328E-08
    2142  -1.262640841E-08
    2143  -1.261463004E-08
    2144  -1.260286815E-08
    2145  -1.259112270E-08
    2146  -1.220441699E-08
    2147  -1.219305347E-08
    2148  -1.218170582E-08
    2149  -1.217037400E-08
    2150  -1.215905798E-08
    2151  -1.155280578E-08
    2152  -1.154207395E-08
    2153  -1.153135708E-08
    2154  -1.152065512E-08
    2155  -1.150996806E-08
    2156  -1.106821229E-08
    2157  -1.105795445E-08
    2158  -1.104771086E-08
    2159  -1.103748150E-08
    2160  -1.102726633E-08
    2161  -1.079301039E-08
    2162  -1.078303073E-08
    2163  -1.077306489E-08
    2164  -1.076311287E-08
    2165  -1.075317463E-08
    2166  -1.033707429E-08
    2167  -1.032753824E-08
    2168  -1.031801538E-08
    2169  -1.030850569E-08
    2170  -1.029900914E-08
    2171  -1.005552360E-08
    2172  -1.004626863E-08
    2173  -1.003702643E-08
    2174  -1.002779698E-08
    2175  -1.001858025E-08
    2176  -9.820845497E-09
    2177  -9.811827273E-09
    2178  -9.802821466E-09
    2179  -9.793828052E-09
    2180  -9.784847008E-09
    2181  -9.749508011E-09
    2182  -9.740575801E-09
    2183  -9.731655859E-09
    2184  -9.722748165E-09
    2185  -9.713852696E-09
    2186  -9.613270421E-09
    2187  -9.604483154E-09
    2188  -9.595707929E-09
    2189  -9.586944726E-09
    2190  -9.578193521E-09
    2191  -9.329048961E-09
    2192  -9.320540936E-09
    2193  -9.312044545E-09
    2194  -9.303559767E-09
    2195  -9.295086579E-09
    2196  -9.351471377E-09
    2197  -9.342962304E-09
    2198  -9.334464839E-09
    2199  -9.325978962E-09
    2200  -9.317504651E-09
    2201  -9.059827697E-09
    2202  -9.051602706E-09
    2203  -9.043388911E-09
    2204  -9.035186290E-09
    2205  -9.026994825E-09
    2206  -9.047713526E-09
    2207  -9.039518134E-09
    2208  -9.031333871E-09
    2209  -9.023160718E-09
    2210  -9.014998655E-09
    2211  -8.795848485E-09
    2212  -8.787899232E-09
    2213  -8.779960750E-09
    2214  -8.772033020E-09
    2215  -8.764116023E-09
    2216  -8.585413598E-09
    2217  -8.577672017E-09
    2218  -8.569940902E-09
    2219  -8.562220235E-09
    2220  -8.554509996E-09
    2221  -8.560064741E-09
    2222  -8.552363378E-09
    2223  -8.544672404E-09
    2224  -8.536991800E-09
    2225  -8.529321546E-09
    2226  -8.438571688E-09
    2227  -8.430996668E-09
    2228  -8.423431844E-09
    2229  -8.415877196E-09
    2230  -8.408332708E-09
    2231  -8.389359239E-09
    2232  -8.381845259E-09
    2233  -8.374341369E-09
    2234  -8.366847551E-09
    2235  -8.359363787E-09
    2236  -8.260886291E-09
    2237  -8.253503909E-09
    2238  -8.246131417E-09
    2239  -8.238768800E-09
    2240  -8.231416039E-09
    2241  -8.226649971E-09
    2242  -8.219314572E-09
    2243  -8.211988980E-09
    2244  -8.204673177E-09
    2245  -8.197367145E-09
    2246  -8.388524727E-09
    2247  -8.381061627E-09
    2248  -8.373608482E-09
    2249  -8.366165275E-09
    2250  -8.358731987E-09
    2251  -8.302047321E-09
    2252  -8.294677550E-09
    2253  -8.287317588E-09
    2254  -8.279967417E-09
    2255  -8.272627020E-09
    2256  -8.472897719E-09
    2257  -8.465392938E-09
    2258  -8.457898124E-09
    2259  -8.450413258E-09
    2260  -8.442938324E-09
    2261  -8.342738517E-09
    2262  -8.335365350E-09
    2263  -8.328001953E-09
    2264  -8.320648309E-09
    2265  -8.313304401E-09
    2266  -8.278521318E-09
    2267  -8.271221035E-09
    2268  -8.263930404E-09
    2269  -8.256649408E-09
    2270  -8.249378030E-09
    2271  -8.204244942E-09
    2272  -8.197026073E-09
    2273  -8.189816727E-09
    2274  -8.182616888E-09
    2275  -8.175426540E-09
    2276  -8.033980356E-09
    2277  -8.026926817E-09
    2278  -8.019882564E-09
    2279  -8.012847579E-09
    2280  -8.005821847E-09
    2281  -8.033991702E-09
    2282  -8.026953601E-09
    2283  -8.019924745E-09
    2284  -8.012905117E-09
    2285  -8.005894702E-09
    2286  -7.908392801E-09
    2287  -7.901479871E-09
    2288  -7.894576000E-09
    2289  -7.887681174E-09
    2290  -7.880795376E-09
    2291  -7.948094505E-09
    2292  -7.941162020E-09
    2293  -7.934238600E-09
    2294  -7.927324231E-09
    2295  -7.920418896E-09
    2296  -7.933086359E-09
    2297  -7.926182019E-09
    2298  -7.919286689E-09
    2299  -7.912400353E-09
    2300  -7.905522995E-09
    2301  -7.901554389E-09
    2302  -7.894692423E-09
    2303  -7.887839391E-09
    2304  -7.880995279E-09
    2305  -7.874160070E-09
    2306  -8.108195106E-09
    2307  -8.101168940E-09
    2308  -8.094151903E-09
    2309  -8.087143980E-09
    2310  -8.080145153E-09
    2311  -7.982762498E-09
    2312  -7.975859980E-09
    2313  -7.968966410E-09
    2314  -7.962081774E-09
    2315  -7.955206056E-09
    2316  -7.935371380E-09
    2317  -7.928524640E-09
    2318  -7.921686758E-09
    2319  -7.914857718E-09
    2320  -7.908037504E-09
    2321  -7.805718646E-09
    2322  -7.798998268E-09
    2323  -7.792286565E-09
    2324  -7.785583523E-09
    2325  -7.778889126E-09
    2326  -7.719801398E-09
    2327  -7.713169266E-09
    2328  -7.706545677E-09
    2329  -7.699930617E-09
    2330  -7.693324069E-09
    2331  -7.707885527E-09
    2332  -7.701277824E-09
    2333  -7.694678614E-09
    2334  -7.688087883E-09
    2335  -7.681505616E-09
    2336  -7.597609814E-09
    2337  -7.591110575E-09
    2338  -7.584619672E-09
    2339  -7.578137092E-09
    2340  -7.571662818E-09
    2341  -7.583906846E-09
    2342  -7.577433174E-09
    2343  -7.570967787E-09
    2344  -7.564510672E-09
    2345  -7.558061814E-09
    2346  -7.552247178E-09
    2347  -7.545814259E-09
    2348  -7.539389555E-09
    2349  -7.532973054E-09
    2350  -7.526564740E-09
    2351  -7.551553449E-09
    2352  -7.545134789E-09
    2353  -7.538724309E-09
    2354  -7.532321996E-09
    2355  -7.525927834E-09
    2356  -7.495175840E-09
    2357  -7.488818609E-09
    2358  -7.482469462E-09
    2359  -7.476128386E-09
    2360  -7.469795368E-09
    2361  -7.491719235E-09
    2362  -7.485378381E-09
    2363  -7.479045574E-09
    2364  -7.472720799E-09
    2365  -7.466404045E-09
    2366  -7.496020074E-09
    2367  -7.489688976E-09
    2368  -7.483365895E-09
    2369  -7.477050818E-09
    2370  -7.470743732E-09
    2371  -7.272887713E-09
    2372  -7.266758014E-09
    2373  -7.260636061E-09
    2374  -7.254521841E-09
    2375  -7.248415341E-09
    2376  -7.186701595E-09
    2377  -7.180657271E-09
    2378  -7.174620568E-09
    2379  -7.168591476E-09
    2380  -7.162569979E-09
    2381  -7.127363514E-09
    2382  -7.121381673E-09
    2383  -7.115407359E-09
    2384  -7.109440561E-09
    2385  -7.103481264E-09
    2386  -6.965141799E-09
    2387  -6.959308347E-09
    2388  -6.953482220E-09
    2389  -6.947663406E-09
    2390  -6.941851894E-09
    2391  -6.906661669E-09
    2392  -6.900889281E-09
    2393  -6.895124127E-09
    2394  -6.889366195E-09
    2395  -6.883615472E-09
    2396  -6.761677023E-09
    2397  -6.756037592E-09
    2398  -6.750405214E-09
    2399  -6.744779877E-09
    2400  -6.739161568E-09
    2401  -6.789509410E-09
    2402  -6.783858549E-09
    2403  -6.778214740E-09
    2404  -6.772577971E-09
    2405  -6.766948230E-09
    2406  -6.618676008E-09
    2407  -6.613178769E-09
    2408  -6.607688375E-09
    2409  -6.602204817E-09
    2410  -6.596728081E-09
    2411  -6.538356739E-09
    2412  -6.532937463E-09
    2413  -6.527524921E-09
    2414  -6.522119104E-09
    2415  -6.516719998E-09
    2416  -6.481575512E-09
    2417  -6.476214407E-09
    2418  -6.470859951E-09
    2419  -6.465512133E-09
    2420  -6.460170942E-09
    2421  -6.344683486E-09
    2422  -6.339446438E-09
    2423  -6.334215872E-09
    2424  -6.328991777E-09
    2425  -6.323774141E-09
    2426  -6.276383261E-09
    2427  -6.271213258E-09
    2428  -6.266049641E-09
    2429  -6.260892399E-09
    2430  -6.255741520E-09
    2431  -6.087585057E-09
    2432  -6.082580877E-09
    2433  -6.077582865E-09
    2434  -6.072591010E-09
    2435  -6.067605304E-09
    2436  -5.996478344E-09
    2437  -5.991559166E-09
    2438  -5.986646038E-09
    2439  -5.981738951E-09
    2440  -5.976837895E-09
    2441  -5.854998420E-09
    2442  -5.850205134E-09
    2443  -5.845417732E-09
    2444  -5.840636204E-09
    2445  -5.835860541E-09
    2446  -5.680087767E-09
    2447  -5.675447172E-09
    2448  -5.670812262E-09
    2449  -5.666183028E-09
    2450  -5.661559459E-09
    2451  -5.668904784E-09
    2452  -5.664282766E-09
    2453  -5.659666399E-09
    2454  -5.655055673E-09
    2455  -5.650450579E-09
    2456  -5.549487041E-09
    2457  -5.544971591E-09
    2458  -5.540461651E-09
    2459  -5.535957211E-09
    2460  -5.531458261E-09
    2461  -5.472999798E-09
    2462  -5.468555624E-09
    2463  -5.464116862E-09
    2464  -5.459683501E-09
    2465  -5.455255534E-09
    2466  -5.355371379E-09
    2467  -5.351031532E-09
    2468  -5.346696958E-09
    2469  -5.342367648E-09
    2470  -5.338043595E-09
    2471  -5.232246552E-09
    2472  -5.228015055E-09
    2473  -5.223788689E-09
    2474  -5.219567445E-09
    2475  -5.215351316E-09
    2476  -5.124990527E-09
    2477  -5.120854134E-09
    2478  -5.116722747E-09
    2479  -5.112596358E-09
    2480  -5.108474958E-09
    2481  -4.939173538E-09
    2482  -4.935195146E-09
    2483  -4.931221559E-09
    2484  -4.927252769E-09
    2485  -4.923288769E-09
    2486  -4.848944336E-09
    2487  -4.845046470E-09
    2488  -4.841153303E-09
    2489  -4.837264827E-09
    2490  -4.833381033E-09
    2491  -4.731381470E-09
    2492  -4.727585737E-09
    2493  -4.723794569E-09
    2494  -4.720007961E-09
    2495  -4.716225903E-09
    2496  -4.630254155E-09
    2497  -4.626546985E-09
    2498  -4.622844267E-09
    2499  -4.619145991E-09
    2500  -4.615452152E-09
    2501  -4.524354166E-09
    2502  -4.520739020E-09
    2503  -4.517128206E-09
    2504  -4.513521717E-09
    2505  -4.509919545E-09
    2506  -4.357755644E-09
    2507  -4.354280560E-09
    2508  -4.350809631E-09
    2509  -4.347342850E-09
    2510  -4.343880212E-09
    2511  -4.334249449E-09
    2512  -4.330799987E-09
    2513  -4.327354641E-09
    2514  -4.323913404E-09
    2515  -4.320476271E-09
    2516  -4.223006097E-09
    2517  -4.219651842E-09
    2518  -4.216301583E-09
    2519  -4.212955312E-09
    2520  -4.209613023E-09
    2521  -4.137850596E-09
    2522  -4.134570493E-09
    2523  -4.131294288E-09
    2524  -4.128021976E-09
    2525  -4.124753550E-09
    2526  -4.026544279E-09
    2527  -4.023358722E-09
    2528  -4.020176944E-09
    2529  -4.016998938E-09
    2530  -4.013824699E-09
    2531  -3.924661569E-09
    2532  -3.921562744E-09
    2533  -3.918467588E-09
    2534  -3.915376095E-09
    2535  -3.912288259E-09
    2536  -3.880915163E-09
    2537  -3.877856916E-09
    2538  -3.874802283E-09
    2539  -3.871751258E-09
    2540  -3.868703834E-09
    2541  -3.698817449E-09
    2542  -3.695908431E-09
    2543  -3.693002842E-09
    2544  -3.690100679E-09
    2545  -3.687201935E-09
    2546  -3.594486723E-09
    2547  -3.591665304E-09
    2548  -3.588847207E-09
    2549  -3.586032425E-09
    2550  -3.583220953E-09
    2551  -3.464243271E-09
    2552  -3.461529410E-09
    2553  -3.458818737E-09
    2554  -3.456111247E-09
    2555  -3.453406935E-09
    2556  -3.350984915E-09
    2557  -3.348364911E-09
    2558  -3.345747979E-09
    2559  -3.343134113E-09
    2560  -3.340523309E-09
    2561  -3.241378711E-09
    2562  -3.238849348E-09
    2563  -3.236322944E-09
    2564  -3.233799495E-09
    2565  -3.231278997E-09
    2566  -3.175693665E-09
    2567  -3.173220384E-09
    2568  -3.170749990E-09
    2569  -3.168282481E-09
    2570  -3.165817850E-09
    2571  -3.114316123E-09
    2572  -3.111895357E-09
    2573  -3.109477412E-09
    2574  -3.107062284E-09
    2575  -3.104649968E-09
    2576  -2.990155361E-09
    2577  -2.987835613E-09
    2578  -2.985518563E-09
    2579  -2.983204208E-09
    2580  -2.980892542E-09
    2581  -2.939761597E-09
    2582  -2.937485359E-09
    2583  -2.935211764E-09
    2584  -2.932940807E-09
    2585  -2.930672484E-09
    2586  -2.842334159E-09
    2587  -2.840137610E-09
    2588  -2.837943607E-09
    2589  -2.835752144E-09
    2590  -2.833563220E-09
    2591  -2.750670954E-09
    2592  -2.748549342E-09
    2593  -2.746430183E-09
    2594  -2.744313473E-09
    2595  -2.742199210E-09
    2596  -2.665889981E-09
    2597  -2.663837718E-09
    2598  -2.661787824E-09
    2599  -2.659740295E-09
    2600  -2.657695127E-09
    2601  -2.521975843E-09
    2602  -2.520038097E-09
    2603  -2.518102584E-09
    2604  -2.516169300E-09
    2605  -2.514238241E-09
    2606  -2.458290125E-09
    2607  -2.456404933E-09
    2608  -2.454521909E-09
    2609  -2.452641049E-09
    2610  -2.450762350E-09
    2611  -2.324337777E-09
    2612  -2.322558720E-09
    2613  -2.320781705E-09
    2614  -2.319006729E-09
    2615  -2.317233788E-09
    2616  -2.283424612E-09
    2617  -2.281680208E-09
    2618  -2.279937802E-09
    2619  -2.278197392E-09
    2620  -2.276458973E-09
    2621  -2.189132000E-09
    2622  -2.187462818E-09
    2623  -2.185795545E-09
    2624  -2.184130177E-09
    2625  -2.182466711E-09
    2626  -2.158108862E-09
    2627  -2.156466465E-09
    2628  -2.154825943E-09
    2629  -2.153187292E-09
    2630  -2.151550510E-09
    2631  -2.109106065E-09
    2632  -2.107504009E-09
    2633  -2.105903778E-09
    2634  -2.104305369E-09
    2635  -2.102708779E-09
    2636  -2.022764046E-09
    2637  -2.021230487E-09
    2638  -2.019698672E-09
    2639  -2.018168597E-09
    2640  -2.016640260E-09
    2641  -1.957804272E-09
    2642  -1.956322771E-09
    2643  -1.954842950E-09
    2644  -1.953364808E-09
    2645  -1.951888342E-09
    2646  -1.859582536E-09
    2647  -1.858178018E-09
    2648  -1.856775090E-09
    2649  -1.855373750E-09
    2650  -1.853973996E-09
    2651  -1.762291506E-09
    2652  -1.760962979E-09
    2653  -1.759635953E-09
    2654  -1.758310427E-09
    2655  -1.756986398E-09
    2656  -1.705417757E-09
    2657  -1.704134523E-09
    2658  -1.702852737E-09
    2659  -1.701572397E-09
    2660  -1.700293500E-09
    2661  -1.620548181E-09
    2662  -1.619331097E-09
    2663  -1.618115383E-09
    2664  -1.616901037E-09
    2665  -1.615688058E-09
    2666  -1.604666267E-09
    2667  -1.603463369E-09
    2668  -1.602261823E-09
    2669  -1.601061627E-09
    2670  -1.599862779E-09
    2671  -1.551549817E-09
    2672  -1.550388912E-09
    2673  -1.549229309E-09
    2674  -1.548071007E-09
    2675  -1.546914003E-09
    2676  -1.480049547E-09
    2677  -1.478944207E-09
    2678  -1.477840105E-09
    2679  -1.476737240E-09
    2680  -1.475635608E-09
    2681  -1.445685915E-09
    2682  -1.444608252E-09
    2683  -1.443531792E-09
    2684  -1.442456536E-09
    2685  -1.441382480E-09
    2686  -1.389080172E-09
    2687  -1.388046631E-09
    2688  -1.387014242E-09
    2689  -1.385983004E-09
    2690  -1.384952917E-09
    2691  -1.347183353E-09
    2692  -1.346182845E-09
    2693  -1.345183452E-09
    2694  -1.344185171E-09
    2695  -1.343188001E-09
    2696  -1.289031105E-09
    2697  -1.288075560E-09
    2698  -1.287121076E-09
    2699  -1.286167653E-09
    2700  -1.285215289E-09
