      50   1.323063680E-07
      51   1.380762105E-07
      52   1.328657875E-07
      53   1.279448324E-07
      54   1.232922930E-07
      55   1.188889968E-07
      56   1.326637044E-07
      57   1.280890939E-07
      58   1.237470907E-07
      59   1.196221877E-07
      60   1.157001488E-07
      61   1.103737542E-07
      62   1.068698255E-07
      63   1.035301435E-07
      64   1.003446006E-07
      65   9.730385510E-08
      66   8.918670511E-08
      67   8.656356673E-08
      68   8.405447784E-08
      69   8.165292133E-08
      70   7.935283904E-08
      71   1.081382100E-07
      72   1.051755193E-07
      73   1.023329377E-07
      74   9.960405933E-08
      75   9.698289987E-08
      76   1.493703718E-07
      77   1.455403623E-07
      78   1.418557961E-07
      79   1.383094012E-07
      80   1.348943543E-07
      81   1.196728313E-07
      82   1.167891486E-07
      83   1.140084546E-07
      84   1.113259028E-07
      85   1.087369283E-07
      86   1.274364166E-07
      87   1.245401344E-07
      88   1.217414797E-07
      89   1.190361134E-07
      90   1.164199351E-07
      91   3.175189377E-07
      92   3.106905735E-07
      93   3.040801358E-07
      94   2.976784487E-07
      95   2.914768143E-07
      96   3.433026234E-07
      97   3.362964474E-07
      98   3.295025797E-07
      99   3.229125282E-07
     100   3.165182207E-07
     101   6.224721882E-07
     102   6.103853496E-07
     103   5.986471698E-07
     104   5.872443666E-07
     105   5.761642842E-07
     106   1.128330495E-06
     107   1.107435486E-06
     108   1.087115569E-06
     109   1.067349831E-06
     110   1.048118303E-06
     111   2.863455541E-06
     112   2.812774912E-06
     113   2.763427984E-06
     114   2.715368366E-06
     115   2.668551671E-06
     116   3.145518337E-06
     117   3.092204466E-06
     118   3.040234643E-06
     119   2.989564066E-06
     120   2.940149784E-06
     121   2.773992254E-06
     122   2.728886689E-06
     123   2.684872387E-06
     124   2.641914429E-06
     125   2.599979279E-06
     126   7.630931280E-06
     127   7.511697978E-06
     128   7.395237545E-06
     129   7.281464659E-06
     130   7.170297260E-06
     131   6.416020630E-06
     132   6.319539116E-06
     133   6.225217637E-06
     134   6.132992191E-06
     135   6.042801129E-06
     136   7.116142471E-06
     137   7.013009971E-06
     138   6.912103353E-06
     139   6.813359019E-06
     140   6.716715629E-06
     141   7.735457411E-06
     142   7.627269196E-06
     143   7.521334901E-06
     144   7.417592351E-06
     145   7.315981497E-06
     146   6.909366522E-06
     147   6.815996704E-06
     148   6.724506815E-06
     149   6.634846725E-06
     150   6.546967960E-06
     151   8.161764178E-06
     152   8.055074450E-06
     153   7.950463093E-06
     154   7.847876473E-06
     155   7.747262672E-06
     156   7.789385385E-06
     157   7.690785570E-06
     158   7.594046129E-06
     159   7.499120552E-06
     160   7.405963775E-06
     161   7.887387064E-06
     162   7.790609309E-06
     163   7.695601878E-06
     164   7.602321855E-06
     165   7.510727616E-06
     166   8.317357111E-06
     167   8.218340955E-06
     168   8.121082482E-06
     169   8.025540335E-06
     170   7.931674367E-06
     171   8.573852750E-06
     172   8.474733065E-06
     173   8.377322340E-06
     174   8.281581514E-06
     175   8.187472633E-06
     176   7.989436430E-06
     177   7.899667481E-06
     178   7.811403040E-06
     179   7.724609673E-06
     180   7.639254870E-06
     181   9.067667534E-06
     182   8.968567343E-06
     183   8.871082915E-06
     184   8.775179316E-06
     185   8.680822549E-06
     186   8.210861428E-06
     187   8.123511838E-06
     188   8.037548750E-06
     189   7.952942974E-06
     190   7.869666084E-06
     191   8.743671650E-06
     192   8.653063653E-06
     193   8.563856812E-06
     194   8.476022383E-06
     195   8.389532358E-06
     196   8.069539505E-06
     197   7.988029005E-06
     198   7.907747306E-06
     199   7.828669833E-06
     200   7.750772621E-06
     201   7.308264439E-06
     202   7.236261834E-06
     203   7.165318091E-06
     204   7.095412548E-06
     205   7.026525048E-06
     206   9.065164463E-06
     207   8.977999420E-06
     208   8.892085550E-06
     209   8.807399021E-06
     210   8.723916565E-06
     211   7.648999753E-06
     212   7.577178159E-06
     213   7.506363410E-06
     214   7.436536774E-06
     215   7.367679952E-06
     216   9.102636595E-06
     217   9.019126167E-06
     218   8.936759718E-06
     219   8.855516448E-06
     220   8.775376028E-06
     221   8.581086535E-06
     222   8.504126118E-06
     223   8.428196420E-06
     224   8.353279119E-06
     225   8.279356295E-06
     226   7.787746421E-06
     227   7.719432855E-06
     228   7.652014228E-06
     229   7.585474974E-06
     230   7.519799866E-06
     231   8.599722931E-06
     232   8.525905567E-06
     233   8.453034579E-06
     234   8.381093859E-06
     235   8.310067640E-06
     236   7.478085486E-06
     237   7.415244431E-06
     238   7.353192176E-06
     239   7.291915575E-06
     240   7.231401753E-06
     241   9.051139839E-06
     242   8.976644861E-06
     243   8.903065805E-06
     244   8.830387717E-06
     245   8.758595947E-06
     246   8.404132520E-06
     247   8.336357258E-06
     248   8.269398565E-06
     249   8.203243377E-06
     250   8.137878888E-06
     251   7.773518822E-06
     252   7.712068080E-06
     253   7.651343135E-06
     254   7.591332600E-06
     255   7.532025314E-06
     256   8.470240310E-06
     257   8.404579533E-06
     258   8.339679305E-06
     259   8.275527925E-06
     260   8.212113918E-06
     261   7.747303106E-06
     262   7.688388253E-06
     263   7.630142888E-06
     264   7.572556904E-06
     265   7.515620386E-06
     266   8.748562055E-06
     267   8.683274279E-06
     268   8.618714619E-06
     269   8.554872288E-06
     270   8.491736699E-06
     271   8.027615749E-06
     272   7.968805377E-06
     273   7.910638915E-06
     274   7.853106995E-06
     275   7.796200423E-06
     276   8.316724117E-06
     277   8.256891569E-06
     278   8.197702382E-06
     279   8.139147365E-06
     280   8.081217491E-06
     281   7.906853007E-06
     282   7.850974187E-06
     283   7.795685637E-06
     284   7.740979071E-06
     285   7.686846350E-06
     286   7.757877332E-06
     287   7.704003184E-06
     288   7.650688283E-06
     289   7.597924915E-06
     290   7.545705500E-06
     291   8.306462282E-06
     292   8.249762881E-06
     293   8.193642045E-06
     294   8.138091930E-06
     295   8.083104822E-06
     296   8.243163223E-06
     297   8.187839980E-06
     298   8.133071820E-06
     299   8.078851341E-06
     300   8.025171266E-06
     301   8.301512049E-06
     302   8.246716589E-06
     303   8.192461875E-06
     304   8.138740814E-06
     305   8.085546429E-06
     306   7.407267800E-06
     307   7.359168658E-06
     308   7.311536498E-06
     309   7.264365295E-06
     310   7.217649120E-06
     311   7.980773003E-06
     312   7.929777648E-06
     313   7.879269510E-06
     314   7.829242402E-06
     315   7.779690235E-06
     316   8.045274138E-06
     317   7.994674930E-06
     318   7.944551576E-06
     319   7.894898129E-06
     320   7.845708732E-06
     321   7.742580624E-06
     322   7.694638948E-06
     323   7.647141177E-06
     324   7.600081847E-06
     325   7.553455578E-06
     326   7.982775071E-06
     327   7.934099614E-06
     328   7.885868005E-06
     329   7.838074865E-06
     330   7.790714897E-06
     331   7.597836314E-06
     332   7.552203664E-06
     333   7.506980887E-06
     334   7.462163091E-06
     335   7.417745453E-06
     336   7.943486193E-06
     337   7.896483316E-06
     338   7.849896393E-06
     339   7.803720532E-06
     340   7.757950910E-06
     341   7.842642358E-06
     342   7.796912665E-06
     343   7.751581778E-06
     344   7.706645072E-06
     345   7.662097990E-06
     346   7.474603406E-06
     347   7.431645915E-06
     348   7.389057687E-06
     349   7.346834500E-06
     350   7.304972195E-06
     351   7.846009556E-06
     352   7.801556244E-06
     353   7.757479655E-06
     354   7.713775545E-06
     355   7.670439727E-06
     356   7.373062683E-06
     357   7.331872388E-06
     358   7.291026303E-06
     359   7.250520601E-06
     360   7.210351512E-06
     361   8.045629333E-06
     362   8.001300797E-06
     363   7.957337606E-06
     364   7.913735756E-06
     365   7.870491298E-06
     366   7.145919383E-06
     367   7.107082865E-06
     368   7.068562091E-06
     369   7.030353647E-06
     370   6.992454166E-06
     371   7.464425265E-06
     372   7.424401538E-06
     373   7.384698855E-06
     374   7.345313795E-06
     375   7.306242977E-06
     376   7.175076308E-06
     377   7.137112941E-06
     378   7.099450076E-06
     379   7.062084549E-06
     380   7.025013239E-06
     381   7.439273032E-06
     382   7.400425653E-06
     383   7.361881769E-06
     384   7.323638228E-06
     385   7.285691916E-06
     386   7.663283670E-06
     387   7.623782207E-06
     388   7.584585384E-06
     389   7.545690074E-06
     390   7.507093194E-06
     391   6.763629412E-06
     392   6.729208906E-06
     393   6.695050485E-06
     394   6.661151495E-06
     395   6.627509316E-06
     396   7.160278472E-06
     397   7.124297173E-06
     398   7.088586410E-06
     399   7.053143478E-06
     400   7.017965705E-06
     401   7.307789753E-06
     402   7.271522806E-06
     403   7.235525168E-06
     404   7.199794180E-06
     405   7.164327213E-06
     406   6.853730483E-06
     407   6.820133765E-06
     408   6.786783477E-06
     409   6.753677217E-06
     410   6.720812607E-06
     411   7.096716919E-06
     412   7.062350251E-06
     413   7.028232617E-06
     414   6.994361616E-06
     415   6.960734878E-06
     416   6.713014233E-06
     417   6.680894547E-06
     418   6.649004836E-06
     419   6.617342908E-06
     420   6.585906600E-06
     421   7.144783974E-06
     422   7.111002489E-06
     423   7.077460025E-06
     424   7.044154330E-06
     425   7.011083183E-06
     426   6.951452015E-06
     427   6.918968595E-06
     428   6.886712331E-06
     429   6.854681111E-06
     430   6.822872846E-06
     431   6.648687336E-06
     432   6.617977464E-06
     433   6.587479872E-06
     434   6.557192608E-06
     435   6.527113743E-06
     436   6.933714092E-06
     437   6.902053297E-06
     438   6.870608863E-06
     439   6.839378822E-06
     440   6.808361231E-06
     441   6.368900109E-06
     442   6.340146609E-06
     443   6.311587390E-06
     444   6.283220705E-06
     445   6.255044828E-06
     446   7.000496417E-06
     447   6.969244201E-06
     448   6.938200797E-06
     449   6.907364349E-06
     450   6.876733022E-06
     451   6.405951654E-06
     452   6.377669307E-06
     453   6.349573848E-06
     454   6.321663633E-06
     455   6.293937038E-06
     456   6.370970915E-06
     457   6.343150081E-06
     458   6.315511083E-06
     459   6.288052339E-06
     460   6.260772285E-06
     461   6.457783662E-06
     462   6.429888268E-06
     463   6.402173232E-06
     464   6.374637003E-06
     465   6.347278046E-06
     466   6.238839369E-06
     467   6.212177662E-06
     468   6.185686500E-06
     469   6.159364429E-06
     470   6.133210016E-06
     471   6.593291709E-06
     472   6.565413097E-06
     473   6.537710932E-06
     474   6.510183728E-06
     475   6.482830015E-06
     476   6.052760310E-06
     477   6.027434953E-06
     478   6.002268210E-06
     479   5.977258760E-06
     480   5.952405293E-06
     481   6.151131316E-06
     482   6.125660793E-06
     483   6.100348145E-06
     484   6.075192070E-06
     485   6.050191280E-06
     486   6.185433794E-06
     487   6.160083655E-06
     488   6.134889039E-06
     489   6.109848676E-06
     490   6.084961308E-06
     491   5.815130162E-06
     492   5.791539371E-06
     493   5.768091843E-06
     494   5.744786421E-06
     495   5.721621960E-06
     496   6.391456432E-06
     497   6.365787933E-06
     498   6.340273752E-06
     499   6.314912657E-06
     500   6.289703425E-06
     501   5.565417464E-06
     502   5.543288567E-06
     503   5.521291391E-06
     504   5.499424890E-06
     505   5.477688033E-06
     506   5.935104432E-06
     507   5.911737879E-06
     508   5.888509047E-06
     509   5.865416855E-06
     510   5.842460233E-06
     511   5.800008919E-06
     512   5.777396799E-06
     513   5.754916656E-06
     514   5.732567465E-06
     515   5.710348211E-06
     516   5.531078258E-06
     517   5.509722744E-06
     518   5.488490672E-06
     519   5.467381092E-06
     520   5.446393065E-06
     521   5.719536495E-06
     522   5.697664463E-06
     523   5.675917652E-06
     524   5.654295108E-06
     525   5.632795888E-06
     526   5.330437652E-06
     527   5.310246600E-06
     528   5.290170054E-06
     529   5.270207148E-06
     530   5.250357027E-06
     531   5.614210752E-06
     532   5.593144295E-06
     533   5.572196189E-06
     534   5.551365549E-06
     535   5.530651499E-06
     536   5.336149159E-06
     537   5.316312173E-06
     538   5.296585598E-06
     539   5.276968614E-06
     540   5.257460412E-06
     541   5.304973223E-06
     542   5.285433727E-06
     543   5.266001985E-06
     544   5.246677207E-06
     545   5.227458609E-06
     546   5.295710080E-06
     547   5.276382671E-06
     548   5.257160876E-06
     549   5.238043927E-06
     550   5.219031064E-06
     551   5.140980283E-06
     552   5.122387226E-06
     553   5.103894853E-06
     554   5.085502439E-06
     555   5.067209265E-06
     556   5.127347692E-06
     557   5.108970102E-06
     558   5.090691139E-06
     559   5.072510099E-06
     560   5.054426284E-06
     561   4.973490070E-06
     562   4.955822255E-06
     563   4.938248417E-06
     564   4.920767892E-06
     565   4.903380019E-06
     566   4.891191581E-06
     567   4.873969076E-06
     568   4.856837374E-06
     569   4.839795839E-06
     570   4.822843840E-06
     571   4.971772164E-06
     572   4.954418684E-06
     573   4.937155901E-06
     574   4.919983185E-06
     575   4.902899910E-06
     576   4.841030017E-06
     577   4.824279048E-06
     578   4.807614871E-06
     579   4.791036889E-06
     580   4.774544507E-06
     581   4.692728147E-06
     582   4.676629594E-06
     583   4.660613739E-06
     584   4.644680017E-06
     585   4.628827867E-06
     586   4.510258098E-06
     587   4.494917084E-06
     588   4.479654208E-06
     589   4.464468939E-06
     590   4.449360753E-06
     591   4.618293689E-06
     592   4.602717657E-06
     593   4.587220291E-06
     594   4.571801063E-06
     595   4.556459449E-06
     596   4.578743283E-06
     597   4.563429760E-06
     598   4.548192933E-06
     599   4.533032290E-06
     600   4.517947324E-06
     601   4.492601248E-06
     602   4.477700415E-06
     603   4.462873592E-06
     604   4.448120291E-06
     605   4.433440026E-06
     606   4.212661893E-06
     607   4.198804453E-06
     608   4.185015275E-06
     609   4.171293914E-06
     610   4.157639924E-06
     611   4.116764829E-06
     612   4.103333296E-06
     613   4.089967390E-06
     614   4.076666683E-06
     615   4.063430752E-06
     616   4.260131858E-06
     617   4.246345024E-06
     618   4.232625007E-06
     619   4.218971378E-06
     620   4.205383709E-06
     621   3.997213218E-06
     622   3.984381073E-06
     623   3.971610620E-06
     624   3.958901466E-06
     625   3.946253219E-06
     626   3.954386186E-06
     627   3.941792600E-06
     628   3.929259078E-06
     629   3.916785240E-06
     630   3.904370706E-06
     631   3.754710743E-06
     632   3.742847517E-06
     633   3.731040428E-06
     634   3.719289119E-06
     635   3.707593241E-06
     636   3.914301667E-06
     637   3.902031129E-06
     638   3.889818199E-06
     639   3.877662517E-06
     640   3.865563726E-06
     641   3.746569215E-06
     642   3.734915811E-06
     643   3.723316694E-06
     644   3.711771526E-06
     645   3.700279973E-06
     646   3.602017440E-06
     647   3.590900102E-06
     648   3.579834154E-06
     649   3.568819280E-06
     650   3.557855166E-06
     651   3.505080355E-06
     652   3.494345040E-06
     653   3.483658970E-06
     654   3.473021843E-06
     655   3.462433362E-06
     656   3.368253345E-06
     657   3.358015493E-06
     658   3.347824247E-06
     659   3.337679325E-06
     660   3.327580446E-06
     661   3.354774340E-06
     662   3.344654357E-06
     663   3.334580097E-06
     664   3.324551285E-06
     665   3.314567647E-06
     666   3.271857078E-06
     667   3.262061098E-06
     668   3.252309047E-06
     669   3.242600662E-06
     670   3.232935682E-06
     671   3.066843107E-06
     672   3.057729160E-06
     673   3.048655780E-06
     674   3.039622725E-06
     675   3.030629759E-06
     676   3.233751672E-06
     677   3.224212581E-06
     678   3.214715637E-06
     679   3.205260591E-06
     680   3.195847197E-06
     681   3.031533519E-06
     682   3.022656408E-06
     683   3.013818231E-06
     684   3.005018762E-06
     685   2.996257774E-06
     686   3.023744689E-06
     687   3.014954734E-06
     688   3.006203051E-06
     689   2.997489419E-06
     690   2.988813617E-06
     691   2.853226378E-06
     692   2.844991958E-06
     693   2.836793134E-06
     694   2.828629701E-06
     695   2.820501454E-06
     696   2.773494842E-06
     697   2.765547865E-06
     698   2.757634996E-06
     699   2.749756038E-06
     700   2.741910800E-06
     701   2.836066331E-06
     702   2.827997864E-06
     703   2.819963779E-06
     704   2.811963882E-06
     705   2.803997978E-06
     706   2.599866300E-06
     707   2.592522045E-06
     708   2.585208866E-06
     709   2.577926587E-06
     710   2.570675036E-06
     711   2.628224697E-06
     712   2.620852398E-06
     713   2.613511074E-06
     714   2.606200554E-06
     715   2.598920664E-06
     716   2.525160518E-06
     717   2.518126644E-06
     718   2.511122120E-06
     719   2.504146780E-06
     720   2.497200465E-06
     721   2.451936922E-06
     722   2.445154247E-06
     723   2.438399677E-06
     724   2.431673057E-06
     725   2.424974233E-06
     726   2.405385812E-06
     727   2.398777609E-06
     728   2.392196601E-06
     729   2.385642638E-06
     730   2.379115572E-06
     731   2.292307449E-06
     732   2.286052858E-06
     733   2.279823831E-06
     734   2.273620229E-06
     735   2.267441913E-06
     736   2.290970757E-06
     737   2.284762164E-06
     738   2.278578776E-06
     739   2.272420455E-06
     740   2.266287066E-06
     741   2.257546711E-06
     742   2.251469869E-06
     743   2.245417531E-06
     744   2.239389565E-06
     745   2.233385839E-06
     746   2.181486349E-06
     747   2.175653497E-06
     748   2.169844009E-06
     749   2.164057758E-06
     750   2.158294622E-06
     751   2.098279913E-06
     752   2.092706793E-06
     753   2.087155846E-06
     754   2.081626957E-06
     755   2.076120007E-06
     756   1.985559109E-06
     757   1.980320167E-06
     758   1.975101932E-06
     759   1.969904295E-06
     760   1.964727148E-06
     761   2.066924364E-06
     762   2.061506475E-06
     763   2.056109862E-06
     764   2.050734411E-06
     765   2.045380013E-06
     766   1.978525473E-06
     767   1.973373063E-06
     768   1.968240753E-06
     769   1.963128440E-06
     770   1.958036018E-06
     771   1.971775881E-06
     772   1.966674262E-06
     773   1.961592416E-06
     774   1.956530242E-06
     775   1.951487639E-06
     776   1.865148448E-06
     777   1.860353722E-06
     778   1.855577460E-06
     779   1.850819569E-06
     780   1.846079955E-06
     781   1.858560862E-06
     782   1.853813580E-06
     783   1.849084464E-06
     784   1.844373421E-06
     785   1.839680359E-06
     786   1.826523611E-06
     787   1.821887764E-06
     788   1.817269544E-06
     789   1.812668862E-06
     790   1.808085628E-06
     791   1.783714384E-06
     792   1.779215735E-06
     793   1.774734083E-06
     794   1.770269344E-06
     795   1.765821431E-06
     796   1.760434590E-06
     797   1.756022473E-06
     798   1.751626922E-06
     799   1.747247855E-06
     800   1.742885189E-06
     801   1.773493125E-06
     802   1.769075957E-06
     803   1.764675270E-06
     804   1.760290984E-06
     805   1.755923016E-06
     806   1.753678347E-06
     807   1.749337559E-06
     808   1.745012868E-06
     809   1.740704195E-06
     810   1.736411459E-06
     811   1.710868488E-06
     812   1.706659709E-06
     813   1.702466442E-06
     814   1.698288610E-06
     815   1.694126138E-06
     816   1.697352041E-06
     817   1.693202036E-06
     818   1.689067233E-06
     819   1.684947556E-06
     820   1.680842934E-06
     821   1.711852949E-06
     822   1.707692918E-06
     823   1.703548032E-06
     824   1.699418219E-06
     825   1.695303405E-06
     826   1.697103475E-06
     827   1.693004191E-06
     828   1.688919742E-06
     829   1.684850056E-06
     830   1.680795062E-06
     831   1.736095406E-06
     832   1.731927110E-06
     833   1.727773808E-06
     834   1.723635427E-06
     835   1.719511898E-06
     836   1.698454220E-06
     837   1.694400630E-06
     838   1.690361534E-06
     839   1.686336864E-06
     840   1.682326550E-06
     841   1.707696044E-06
     842   1.703644570E-06
     843   1.699607498E-06
     844   1.695584758E-06
     845   1.691576283E-06
     846   1.728946263E-06
     847   1.724868560E-06
     848   1.720805265E-06
     849   1.716756312E-06
     850   1.712721632E-06
     851   1.717750687E-06
     852   1.713723136E-06
     853   1.709709733E-06
     854   1.705710412E-06
     855   1.701725107E-06
     856   1.755049645E-06
     857   1.750958620E-06
     858   1.746881883E-06
     859   1.742819367E-06
     860   1.738771006E-06
     861   1.742348617E-06
     862   1.738310729E-06
     863   1.734286861E-06
     864   1.730276950E-06
     865   1.726280929E-06
     866   1.795722771E-06
     867   1.791585160E-06
     868   1.787461834E-06
     869   1.783352727E-06
     870   1.779257772E-06
     871   1.859624978E-06
     872   1.855364669E-06
     873   1.851118983E-06
     874   1.846887854E-06
     875   1.842671215E-06
     876   1.849546525E-06
     877   1.845333435E-06
     878   1.841134724E-06
     879   1.836950327E-06
     880   1.832780178E-06
     881   1.890609698E-06
     882   1.886327457E-06
     883   1.882059747E-06
     884   1.877806505E-06
     885   1.873567664E-06
     886   1.940942339E-06
     887   1.936570848E-06
     888   1.932214108E-06
     889   1.927872054E-06
     890   1.923544619E-06
     891   2.007813654E-06
     892   2.003316871E-06
     893   1.998835178E-06
     894   1.994368507E-06
     895   1.989916791E-06
     896   2.088557342E-06
     897   2.083905767E-06
     898   2.079269714E-06
     899   2.074649114E-06
     900   2.070043900E-06
     901   2.090659411E-06
     902   2.086028936E-06
     903   2.081413827E-06
     904   2.076814018E-06
     905   2.072229439E-06
     906   2.161677291E-06
     907   2.156915888E-06
     908   2.152170198E-06
     909   2.147440154E-06
     910   2.142725686E-06
     911   2.205470206E-06
     912   2.200638946E-06
     913   2.195823544E-06
     914   2.191023929E-06
     915   2.186240034E-06
     916   2.304901677E-06
     917   2.299880104E-06
     918   2.294874925E-06
     919   2.289886066E-06
     920   2.284913458E-06
     921   2.363827046E-06
     922   2.358704994E-06
     923   2.353599572E-06
     924   2.348510708E-06
     925   2.343438330E-06
     926   2.435901055E-06
     927   2.430651268E-06
     928   2.425418435E-06
     929   2.420202481E-06
     930   2.415003335E-06
     931   2.619206928E-06
     932   2.613592337E-06
     933   2.607995779E-06
     934   2.602417179E-06
     935   2.596856458E-06
     936   2.614362144E-06
     937   2.608787811E-06
     938   2.603231287E-06
     939   2.597692497E-06
     940   2.592171365E-06
     941   2.755116180E-06
     942   2.749272880E-06
     943   2.743448149E-06
     944   2.737641910E-06
     945   2.731854083E-06
     946   2.856808017E-06
     947   2.850780996E-06
     948   2.844773028E-06
     949   2.838784032E-06
     950   2.832813929E-06
     951   3.021249844E-06
     952   3.014909340E-06
     953   3.008588776E-06
     954   3.002288066E-06
     955   2.996007129E-06
     956   3.113404205E-06
     957   3.106904405E-06
     958   3.100424938E-06
     959   3.093965719E-06
     960   3.087526665E-06
     961   3.184260887E-06
     962   3.177647676E-06
     963   3.171055046E-06
     964   3.164482911E-06
     965   3.157931187E-06
     966   3.479519195E-06
     967   3.472330105E-06
     968   3.465163273E-06
     969   3.458018607E-06
     970   3.450896015E-06
     971   3.496821219E-06
     972   3.489633508E-06
     973   3.482467936E-06
     974   3.475324412E-06
     975   3.468202846E-06
     976   3.761748332E-06
     977   3.754055595E-06
     978   3.746386431E-06
     979   3.738740745E-06
     980   3.731118439E-06
     981   3.813374800E-06
     982   3.805616154E-06
     983   3.797881161E-06
     984   3.790169728E-06
     985   3.782481757E-06
     986   3.920085302E-06
     987   3.912149907E-06
     988   3.904238582E-06
     989   3.896351232E-06
     990   3.888487758E-06
     991   4.072464598E-06
     992   4.064262253E-06
     993   4.056084663E-06
     994   4.047931729E-06
     995   4.039803352E-06
     996   4.188431863E-06
     997   4.180038212E-06
     998   4.171669767E-06
     999   4.163326428E-06
    1000   4.155008093E-06
    1001   4.293099424E-06
    1002   4.284538907E-06
    1003   4.276003969E-06
    1004   4.267494508E-06
    1005   4.259010423E-06
    1006   4.364750708E-06
    1007   4.356090488E-06
    1008   4.347456018E-06
    1009   4.338847194E-06
    1010   4.330263915E-06
    1011   4.449194737E-06
    1012   4.440410543E-06
    1013   4.431652336E-06
    1014   4.422920016E-06
    1015   4.414213481E-06
    1016   4.732404292E-06
    1017   4.723106838E-06
    1018   4.713836756E-06
    1019   4.704593938E-06
    1020   4.695378279E-06
    1021   4.837135803E-06
    1022   4.827679037E-06
    1023   4.818249977E-06
    1024   4.808848513E-06
    1025   4.799474540E-06
    1026   4.994101300E-06
    1027   4.984385150E-06
    1028   4.974697327E-06
    1029   4.965037720E-06
    1030   4.955406221E-06
    1031   5.141952258E-06
    1032   5.131996881E-06
    1033   5.122070388E-06
    1034   5.112172667E-06
    1035   5.102303608E-06
    1036   5.319750976E-06
    1037   5.309500974E-06
    1038   5.299280568E-06
    1039   5.289089643E-06
    1040   5.278928088E-06
    1041   5.560551659E-06
    1042   5.549889048E-06
    1043   5.539257077E-06
    1044   5.528655628E-06
    1045   5.518084584E-06
    1046   5.672436709E-06
    1047   5.661611448E-06
    1048   5.650817146E-06
    1049   5.640053685E-06
    1050   5.629320947E-06
    1051   5.972679089E-06
    1052   5.961334969E-06
    1053   5.950023138E-06
    1054   5.938743474E-06
    1055   5.927495853E-06
    1056   6.117915467E-06
    1057   6.106350409E-06
    1058   6.094818114E-06
    1059   6.083318457E-06
    1060   6.071851315E-06
    1061   6.379003603E-06
    1062   6.367001715E-06
    1063   6.355033667E-06
    1064   6.343099331E-06
    1065   6.331198582E-06
    1066   6.658288315E-06
    1067   6.645819610E-06
    1068   6.633385897E-06
    1069   6.620987045E-06
    1070   6.608622923E-06
    1071   6.927435039E-06
    1072   6.914522765E-06
    1073   6.901646559E-06
    1074   6.888806286E-06
    1075   6.876001814E-06
    1076   7.025699830E-06
    1077   7.012665136E-06
    1078   6.999666684E-06
    1079   6.986704338E-06
    1080   6.973777966E-06
    1081   7.422345222E-06
    1082   7.408638214E-06
    1083   7.394969140E-06
    1084   7.381337860E-06
    1085   7.367744236E-06
    1086   7.540260588E-06
    1087   7.526399815E-06
    1088   7.512577226E-06
    1089   7.498792680E-06
    1090   7.485046039E-06
    1091   7.712636756E-06
    1092   7.698523971E-06
    1093   7.684449887E-06
    1094   7.670414362E-06
    1095   7.656417256E-06
    1096   7.845780283E-06
    1097   7.831489244E-06
    1098   7.817237217E-06
    1099   7.803024058E-06
    1100   7.788849627E-06
    1101   8.090157544E-06
    1102   8.075488174E-06
    1103   8.060858667E-06
    1104   8.046268877E-06
    1105   8.031718662E-06
    1106   8.134139186E-06
    1107   8.119456624E-06
    1108   8.104813781E-06
    1109   8.090210513E-06
    1110   8.075646677E-06
    1111   8.405894332E-06
    1112   8.390789401E-06
    1113   8.375725147E-06
    1114   8.360701425E-06
    1115   8.345718089E-06
    1116   8.556703755E-06
    1117   8.541396592E-06
    1118   8.526130468E-06
    1119   8.510905235E-06
    1120   8.495720748E-06
    1121   8.925486014E-06
    1122   8.909590224E-06
    1123   8.893736861E-06
    1124   8.877925773E-06
    1125   8.862156811E-06
    1126   9.085602929E-06
    1127   9.069493704E-06
    1128   9.053427285E-06
    1129   9.037403520E-06
    1130   9.021422258E-06
    1131   9.342507552E-06
    1132   9.326015924E-06
    1133   9.309567924E-06
    1134   9.293163399E-06
    1135   9.276802196E-06
    1136   9.570951300E-06
    1137   9.554130647E-06
    1138   9.537354298E-06
    1139   9.520622098E-06
    1140   9.503933891E-06
    1141   9.871814630E-06
    1142   9.854541114E-06
    1143   9.837312895E-06
    1144   9.820129816E-06
    1145   9.802991718E-06
    1146   1.019403466E-05
    1147   1.017627501E-05
    1148   1.015856174E-05
    1149   1.014089468E-05
    1150   1.012327366E-05
    1151   1.017693108E-05
    1152   1.015927812E-05
    1153   1.014167106E-05
    1154   1.012410972E-05
    1155   1.010659396E-05
    1156   1.056109289E-05
    1157   1.054285266E-05
    1158   1.052465964E-05
    1159   1.050651368E-05
    1160   1.048841460E-05
    1161   1.063439423E-05
    1162   1.061610636E-05
    1163   1.059786563E-05
    1164   1.057967187E-05
    1165   1.056152492E-05
    1166   1.104739918E-05
    1167   1.102848240E-05
    1168   1.100961417E-05
    1169   1.099079432E-05
    1170   1.097202268E-05
    1171   1.143903587E-05
    1172   1.141953197E-05
    1173   1.140007791E-05
    1174   1.138067352E-05
    1175   1.136131864E-05
    1176   1.149681588E-05
    1177   1.147729667E-05
    1178   1.145782712E-05
    1179   1.143840708E-05
    1180   1.141903636E-05
    1181   1.194463182E-05
    1182   1.192443802E-05
    1183   1.190429539E-05
    1184   1.188420375E-05
    1185   1.186416294E-05
    1186   1.217438700E-05
    1187   1.215389140E-05
    1188   1.213344751E-05
    1189   1.211305516E-05
    1190   1.209271418E-05
    1191   1.229850735E-05
    1192   1.227788957E-05
    1193   1.225732359E-05
    1194   1.223680924E-05
    1195   1.221634635E-05
    1196   1.257108051E-05
    1197   1.255009373E-05
    1198   1.252915946E-05
    1199   1.250827753E-05
    1200   1.248744776E-05
    1201   1.261735261E-05
    1202   1.259637613E-05
    1203   1.257545191E-05
    1204   1.255457979E-05
    1205   1.253375960E-05
    1206   1.282261782E-05
    1207   1.280138832E-05
    1208   1.278021150E-05
    1209   1.275908718E-05
    1210   1.273801519E-05
    1211   1.253319941E-05
    1212   1.251253462E-05
    1213   1.249192088E-05
    1214   1.247135805E-05
    1215   1.245084595E-05
    1216   1.289040780E-05
    1217   1.286924128E-05
    1218   1.284812686E-05
    1219   1.282706436E-05
    1220   1.280605360E-05
    1221   1.328522424E-05
    1222   1.326349861E-05
    1223   1.324182623E-05
    1224   1.322020692E-05
    1225   1.319864051E-05
    1226   1.332070653E-05
    1227   1.329901157E-05
    1228   1.327736957E-05
    1229   1.325578035E-05
    1230   1.323424374E-05
    1231   1.403031386E-05
    1232   1.400755585E-05
    1233   1.398485316E-05
    1234   1.396220563E-05
    1235   1.393961306E-05
    1236   1.395442665E-05
    1237   1.393188315E-05
    1238   1.390939424E-05
    1239   1.388695973E-05
    1240   1.386457946E-05
    1241   1.399481231E-05
    1242   1.397229451E-05
    1243   1.394983101E-05
    1244   1.392742165E-05
    1245   1.390506623E-05
    1246   1.434128340E-05
    1247   1.431830057E-05
    1248   1.429537295E-05
    1249   1.427250035E-05
    1250   1.424968260E-05
    1251   1.426351411E-05
    1252   1.424074713E-05
    1253   1.421803461E-05
    1254   1.419537639E-05
    1255   1.417277229E-05
    1256   1.478925245E-05
    1257   1.476574012E-05
    1258   1.474228383E-05
    1259   1.471888338E-05
    1260   1.469553860E-05
    1261   1.473022789E-05
    1262   1.470690212E-05
    1263   1.468363170E-05
    1264   1.466041647E-05
    1265   1.463725626E-05
    1266   1.532665086E-05
    1267   1.530247633E-05
    1268   1.527835895E-05
    1269   1.525429854E-05
    1270   1.523029492E-05
    1271   1.556093632E-05
    1272   1.553648866E-05
    1273   1.551209856E-05
    1274   1.548776586E-05
    1275   1.546349036E-05
    1276   1.572682025E-05
    1277   1.570220864E-05
    1278   1.567765476E-05
    1279   1.565315842E-05
    1280   1.562871945E-05
    1281   1.597247859E-05
    1282   1.594757995E-05
    1283   1.592273948E-05
    1284   1.589795701E-05
    1285   1.587323235E-05
    1286   1.606492225E-05
    1287   1.603997672E-05
    1288   1.601508924E-05
    1289   1.599025965E-05
    1290   1.596548775E-05
    1291   1.648005779E-05
    1292   1.645456660E-05
    1293   1.642913450E-05
    1294   1.640376132E-05
    1295   1.637844687E-05
    1296   1.618315669E-05
    1297   1.615822116E-05
    1298   1.613334322E-05
    1299   1.610852270E-05
    1300   1.608375940E-05
    1301   1.615358512E-05
    1302   1.612879067E-05
    1303   1.610405326E-05
    1304   1.607937272E-05
    1305   1.605474887E-05
    1306   1.605510166E-05
    1307   1.603055257E-05
    1308   1.600605975E-05
    1309   1.598162302E-05
    1310   1.595724220E-05
    1311   1.602406231E-05
    1312   1.599965399E-05
    1313   1.597530140E-05
    1314   1.595100436E-05
    1315   1.592676272E-05
    1316   1.635747897E-05
    1317   1.633265730E-05
    1318   1.630789209E-05
    1319   1.628318316E-05
    1320   1.625853035E-05
    1321   1.617996834E-05
    1322   1.615550883E-05
    1323   1.613110474E-05
    1324   1.610675590E-05
    1325   1.608246215E-05
    1326   1.651197559E-05
    1327   1.648710816E-05
    1328   1.646229686E-05
    1329   1.643754153E-05
    1330   1.641284199E-05
    1331   1.671586282E-05
    1332   1.669078275E-05
    1333   1.666575909E-05
    1334   1.664079166E-05
    1335   1.661588030E-05
    1336   1.690447947E-05
    1337   1.687921119E-05
    1338   1.685399952E-05
    1339   1.682884430E-05
    1340   1.680374535E-05
    1341   1.700551920E-05
    1342   1.698019453E-05
    1343   1.695492638E-05
    1344   1.692971460E-05
    1345   1.690455900E-05
    1346   1.709443895E-05
    1347   1.706907628E-05
    1348   1.704377002E-05
    1349   1.701851999E-05
    1350   1.699332603E-05
    1351   1.708152539E-05
    1352   1.705627554E-05
    1353   1.703108163E-05
    1354   1.700594350E-05
    1355   1.698086099E-05
    1356   1.751930951E-05
    1357   1.749350788E-05
    1358   1.746776320E-05
    1359   1.744207531E-05
    1360   1.741644405E-05
    1361   1.747253582E-05
    1362   1.744689747E-05
    1363   1.742131551E-05
    1364   1.739578978E-05
    1365   1.737032010E-05
    1366   1.742240338E-05
    1367   1.739693203E-05
    1368   1.737151650E-05
    1369   1.734615662E-05
    1370   1.732085223E-05
    1371   1.756188046E-05
    1372   1.753629870E-05
    1373   1.751077279E-05
    1374   1.748530257E-05
    1375   1.745988789E-05
    1376   1.804232896E-05
    1377   1.801614271E-05
    1378   1.799001342E-05
    1379   1.796394094E-05
    1380   1.793792509E-05
    1381   1.804172981E-05
    1382   1.801563909E-05
    1383   1.798960493E-05
    1384   1.796362716E-05
    1385   1.793770562E-05
    1386   1.849249168E-05
    1387   1.846584544E-05
    1388   1.843925675E-05
    1389   1.841272544E-05
    1390   1.838625136E-05
    1391   1.807814740E-05
    1392   1.805219169E-05
    1393   1.802629185E-05
    1394   1.800044770E-05
    1395   1.797465910E-05
    1396   1.827329027E-05
    1397   1.824714823E-05
    1398   1.822106224E-05
    1399   1.819503215E-05
    1400   1.816905780E-05
    1401   1.799547639E-05
    1402   1.796982354E-05
    1403   1.794422550E-05
    1404   1.791868212E-05
    1405   1.789319324E-05
    1406   1.768491298E-05
    1407   1.765979236E-05
    1408   1.763472523E-05
    1409   1.760971144E-05
    1410   1.758475083E-05
    1411   1.774852548E-05
    1412   1.772340371E-05
    1413   1.769833525E-05
    1414   1.767331994E-05
    1415   1.764835762E-05
    1416   1.776629443E-05
    1417   1.774123619E-05
    1418   1.771623092E-05
    1419   1.769127849E-05
    1420   1.766637873E-05
    1421   1.782592277E-05
    1422   1.780086877E-05
    1423   1.777586755E-05
    1424   1.775091896E-05
    1425   1.772602286E-05
    1426   1.822723851E-05
    1427   1.820171016E-05
    1428   1.817623541E-05
    1429   1.815081410E-05
    1430   1.812544609E-05
    1431   1.813142510E-05
    1432   1.810611955E-05
    1433   1.808086695E-05
    1434   1.805566713E-05
    1435   1.803051996E-05
    1436   1.801714551E-05
    1437   1.799208690E-05
    1438   1.796708052E-05
    1439   1.794212624E-05
    1440   1.791722392E-05
    1441   1.776915925E-05
    1442   1.774453117E-05
    1443   1.771995426E-05
    1444   1.769542837E-05
    1445   1.767095337E-05
    1446   1.767051101E-05
    1447   1.764610422E-05
    1448   1.762174797E-05
    1449   1.759744211E-05
    1450   1.757318651E-05
    1451   1.754126443E-05
    1452   1.751711953E-05
    1453   1.749302446E-05
    1454   1.746897906E-05
    1455   1.744498321E-05
    1456   1.696472118E-05
    1457   1.694144996E-05
    1458   1.691822659E-05
    1459   1.689505094E-05
    1460   1.687192287E-05
    1461   1.718431098E-05
    1462   1.716081909E-05
    1463   1.713737535E-05
    1464   1.711397962E-05
    1465   1.709063176E-05
    1466   1.688030018E-05
    1467   1.685730250E-05
    1468   1.683435178E-05
    1469   1.681144790E-05
    1470   1.678859073E-05
    1471   1.729923526E-05
    1472   1.727574683E-05
    1473   1.725230619E-05
    1474   1.722891323E-05
    1475   1.720556782E-05
    1476   1.734941257E-05
    1477   1.732593570E-05
    1478   1.730250644E-05
    1479   1.727912467E-05
    1480   1.725579027E-05
    1481   1.759120919E-05
    1482   1.756748537E-05
    1483   1.754380951E-05
    1484   1.752018149E-05
    1485   1.749660116E-05
    1486   1.775738184E-05
    1487   1.773351439E-05
    1488   1.770969503E-05
    1489   1.768592363E-05
    1490   1.766220005E-05
    1491   1.738000231E-05
    1492   1.735672033E-05
    1493   1.733348509E-05
    1494   1.731029649E-05
    1495   1.728715438E-05
    1496   1.712316499E-05
    1497   1.710030362E-05
    1498   1.707748801E-05
    1499   1.705471802E-05
    1500   1.703199355E-05
    1501   1.710833549E-05
    1502   1.708556991E-05
    1503   1.706284974E-05
    1504   1.704017485E-05
    1505   1.701754514E-05
    1506   1.687229532E-05
    1507   1.684991827E-05
    1508   1.682758571E-05
    1509   1.680529752E-05
    1510   1.678305358E-05
    1511   1.680791300E-05
    1512   1.678569501E-05
    1513   1.676352104E-05
    1514   1.674139097E-05
    1515   1.671930471E-05
    1516   1.696831422E-05
    1517   1.694595807E-05
    1518   1.692364608E-05
    1519   1.690137812E-05
    1520   1.687915409E-05
    1521   1.698145932E-05
    1522   1.695915931E-05
    1523   1.693690319E-05
    1524   1.691469086E-05
    1525   1.689252220E-05
    1526   1.729683853E-05
    1527   1.727419869E-05
    1528   1.725160327E-05
    1529   1.722905215E-05
    1530   1.720654523E-05
    1531   1.738065299E-05
    1532   1.735797764E-05
    1533   1.733534664E-05
    1534   1.731275987E-05
    1535   1.729021722E-05
    1536   1.726940199E-05
    1537   1.724694503E-05
    1538   1.722453184E-05
    1539   1.720216232E-05
    1540   1.717983635E-05
    1541   1.719226026E-05
    1542   1.716997606E-05
    1543   1.714773516E-05
    1544   1.712553744E-05
    1545   1.710338280E-05
    1546   1.724285734E-05
    1547   1.722057974E-05
    1548   1.719834530E-05
    1549   1.717615388E-05
    1550   1.715400539E-05
    1551   1.677323249E-05
    1552   1.675163142E-05
    1553   1.673007205E-05
    1554   1.670855427E-05
    1555   1.668707798E-05
    1556   1.671984607E-05
    1557   1.669838285E-05
    1558   1.667696093E-05
    1559   1.665558021E-05
    1560   1.663424059E-05
    1561   1.634019345E-05
    1562   1.631928469E-05
    1563   1.629841604E-05
    1564   1.627758740E-05
    1565   1.625679865E-05
    1566   1.613506874E-05
    1567   1.611448830E-05
    1568   1.609394720E-05
    1569   1.607344536E-05
    1570   1.605298267E-05
    1571   1.627821213E-05
    1572   1.625751510E-05
    1573   1.623685752E-05
    1574   1.621623929E-05
    1575   1.619566031E-05
    1576   1.642461960E-05
    1577   1.640380259E-05
    1578   1.638302514E-05
    1579   1.636228713E-05
    1580   1.634158847E-05
    1581   1.669193539E-05
    1582   1.667084640E-05
    1583   1.664979735E-05
    1584   1.662878814E-05
    1585   1.660781868E-05
    1586   1.655933550E-05
    1587   1.653847991E-05
    1588   1.651766370E-05
    1589   1.649688676E-05
    1590   1.647614900E-05
    1591   1.617524175E-05
    1592   1.615493385E-05
    1593   1.613466418E-05
    1594   1.611443262E-05
    1595   1.609423910E-05
    1596   1.543991595E-05
    1597   1.542059190E-05
    1598   1.540130411E-05
    1599   1.538205248E-05
    1600   1.536283692E-05
    1601   1.527622863E-05
    1602   1.525716908E-05
    1603   1.523814518E-05
    1604   1.521915684E-05
    1605   1.520020397E-05
    1606   1.560556477E-05
    1607   1.558615486E-05
    1608   1.556678115E-05
    1609   1.554744353E-05
    1610   1.552814193E-05
    1611   1.633352431E-05
    1612   1.631327195E-05
    1613   1.629305724E-05
    1614   1.627288008E-05
    1615   1.625274038E-05
    1616   1.705025986E-05
    1617   1.702918414E-05
    1618   1.700814747E-05
    1619   1.698714975E-05
    1620   1.696619090E-05
    1621   1.751071574E-05
    1622   1.748913753E-05
    1623   1.746759918E-05
    1624   1.744610060E-05
    1625   1.742464168E-05
    1626   1.789656724E-05
    1627   1.787458128E-05
    1628   1.785263582E-05
    1629   1.783073074E-05
    1630   1.780886596E-05
    1631   1.793899976E-05
    1632   1.791702915E-05
    1633   1.789509889E-05
    1634   1.787320886E-05
    1635   1.785135897E-05
    1636   1.761428649E-05
    1637   1.759277943E-05
    1638   1.757131173E-05
    1639   1.754988330E-05
    1640   1.752849405E-05
    1641   1.755880413E-05
    1642   1.753743005E-05
    1643   1.751609498E-05
    1644   1.749479882E-05
    1645   1.747354147E-05
    1646   1.727770918E-05
    1647   1.725674109E-05
    1648   1.723581114E-05
    1649   1.721491925E-05
    1650   1.719406532E-05
    1651   1.658637263E-05
    1652   1.656630443E-05
    1653   1.654627262E-05
    1654   1.652627712E-05
    1655   1.650631785E-05
    1656   1.552458826E-05
    1657   1.550586137E-05
    1658   1.548716835E-05
    1659   1.546850911E-05
    1660   1.544988357E-05
    1661   1.453224741E-05
    1662   1.451477027E-05
    1663   1.449732463E-05
    1664   1.447991042E-05
    1665   1.446252758E-05
    1666   1.470879435E-05
    1667   1.469115791E-05
    1668   1.467355316E-05
    1669   1.465598004E-05
    1670   1.463843848E-05
    1671   1.585646049E-05
    1672   1.583750477E-05
    1673   1.581858302E-05
    1674   1.579969516E-05
    1675   1.578084110E-05
    1676   1.815444307E-05
    1677   1.813280488E-05
    1678   1.811120535E-05
    1679   1.808964439E-05
    1680   1.806812191E-05
    1681   2.087377943E-05
    1682   2.084897399E-05
    1683   2.082421274E-05
    1684   2.079949557E-05
    1685   2.077482239E-05
    1686   2.294094132E-05
    1687   2.291376011E-05
    1688   2.288662718E-05
    1689   2.285954241E-05
    1690   2.283250570E-05
    1691   2.376415152E-05
    1692   2.373607810E-05
    1693   2.370805440E-05
    1694   2.368008029E-05
    1695   2.365215567E-05
    1696   2.341181951E-05
    1697   2.338424375E-05
    1698   2.335671668E-05
    1699   2.332923819E-05
    1700   2.330180816E-05
    1701   2.329391345E-05
    1702   2.326655713E-05
    1703   2.323924896E-05
    1704   2.321198884E-05
    1705   2.318477667E-05
    1706   2.378311609E-05
    1707   2.375526700E-05
    1708   2.372746681E-05
    1709   2.369971538E-05
    1710   2.367201262E-05
    1711   2.597294407E-05
    1712   2.594261956E-05
    1713   2.591234812E-05
    1714   2.588212964E-05
    1715   2.585196399E-05
    1716   2.906582258E-05
    1717   2.903198576E-05
    1718   2.899820800E-05
    1719   2.896448916E-05
    1720   2.893082909E-05
    1721   3.029370095E-05
    1722   3.025853704E-05
    1723   3.022343433E-05
    1724   3.018839267E-05
    1725   3.015341191E-05
    1726   2.977208918E-05
    1727   2.973763074E-05
    1728   2.970323209E-05
    1729   2.966889309E-05
    1730   2.963461361E-05
    1731   2.565461605E-05
    1732   2.562500888E-05
    1733   2.559545293E-05
    1734   2.556594808E-05
    1735   2.553649423E-05
    1736   1.970042885E-05
    1737   1.967775862E-05
    1738   1.965512750E-05
    1739   1.963253540E-05
    1740   1.960998223E-05
    1741   1.200754546E-05
    1742   1.199376744E-05
    1743   1.198001312E-05
    1744   1.196628245E-05
    1745   1.195257537E-05
    1746   2.577911990E-06
    1747   2.574962434E-06
    1748   2.572017937E-06
    1749   2.569078488E-06
    1750   2.566144075E-06
    1751  -7.636371074E-06
    1752  -7.627658728E-06
    1753  -7.618961284E-06
    1754  -7.610278707E-06
    1755  -7.601610964E-06
    1756  -1.678605944E-05
    1757  -1.676696268E-05
    1758  -1.674789848E-05
    1759  -1.672886678E-05
    1760  -1.670986749E-05
    1761  -2.423201787E-05
    1762  -2.420452835E-05
    1763  -2.417708557E-05
    1764  -2.414968944E-05
    1765  -2.412233985E-05
    1766  -2.765104320E-05
    1767  -2.761976373E-05
    1768  -2.758853732E-05
    1769  -2.755736383E-05
    1770  -2.752624315E-05
    1771  -2.482882707E-05
    1772  -2.480081937E-05
    1773  -2.477285904E-05
    1774  -2.474494595E-05
    1775  -2.471708002E-05
    1776  -9.533634684E-06
    1777  -9.522910686E-06
    1778  -9.512204771E-06
    1779  -9.501516901E-06
    1780  -9.490847033E-06
    1781   2.202551260E-05
    1782   2.200080647E-05
    1783   2.197614189E-05
    1784   2.195151876E-05
    1785   2.192693699E-05
    1786   7.025998974E-05
    1787   7.018139914E-05
    1788   7.010294034E-05
    1789   7.002461303E-05
    1790   6.994641693E-05
    1791   1.315392651E-04
    1792   1.313925398E-04
    1793   1.312460598E-04
    1794   1.310998246E-04
    1795   1.309538337E-04
    1796   2.088586272E-04
    1797   2.086263039E-04
    1798   2.083943680E-04
    1799   2.081628187E-04
    1800   2.079316551E-04
    1801   2.841608068E-04
    1802   2.838455979E-04
    1803   2.835309132E-04
    1804   2.832167515E-04
    1805   2.829031117E-04
    1806   3.533497460E-04
    1807   3.529588723E-04
    1808   3.525686469E-04
    1809   3.521790683E-04
    1810   3.517901351E-04
    1811   4.030525906E-04
    1812   4.026079656E-04
    1813   4.021640759E-04
    1814   4.017209199E-04
    1815   4.012784960E-04
    1816   4.305086592E-04
    1817   4.300350523E-04
    1818   4.295622265E-04
    1819   4.290901801E-04
    1820   4.286189114E-04
    1821   4.283149744E-04
    1822   4.278450732E-04
    1823   4.273759448E-04
    1824   4.269075876E-04
    1825   4.264399999E-04
    1826   3.526389337E-04
    1827   3.522531143E-04
    1828   3.518679277E-04
    1829   3.514833726E-04
    1830   3.510994476E-04
    1831   1.798279861E-04
    1832   1.796317744E-04
    1833   1.794358837E-04
    1834   1.792403133E-04
    1835   1.790450624E-04
    1836  -1.361059079E-04
    1837  -1.359578058E-04
    1838  -1.358099452E-04
    1839  -1.356623257E-04
    1840  -1.355149467E-04
    1841  -6.309790360E-04
    1842  -6.302943056E-04
    1843  -6.296106892E-04
    1844  -6.289281844E-04
    1845  -6.282467888E-04
    1846  -1.281206135E-03
    1847  -1.279819549E-03
    1848  -1.278435212E-03
    1849  -1.277053120E-03
    1850  -1.275673267E-03
    1851  -1.942799178E-03
    1852  -1.940702255E-03
    1853  -1.938608725E-03
    1854  -1.936518581E-03
    1855  -1.934431815E-03
    1856  -2.469959837E-03
    1857  -2.467301107E-03
    1858  -2.464646668E-03
    1859  -2.461996511E-03
    1860  -2.459350625E-03
    1861  -2.751338084E-03
    1862  -2.748384420E-03
    1863  -2.745435510E-03
    1864  -2.742491343E-03
    1865  -2.739551909E-03
    1866  -2.773520319E-03
    1867  -2.770550811E-03
    1868  -2.767586070E-03
    1869  -2.764626085E-03
    1870  -2.761670846E-03
    1871  -2.551576857E-03
    1872  -2.548852269E-03
    1873  -2.546132042E-03
    1874  -2.543416168E-03
    1875  -2.540704637E-03
    1876  -1.879749100E-03
    1877  -1.877747237E-03
    1878  -1.875748571E-03
    1879  -1.873753094E-03
    1880  -1.871760799E-03
    1881  -6.405632642E-04
    1882  -6.398828996E-04
    1883  -6.392036184E-04
    1884  -6.385254183E-04
    1885  -6.378482970E-04
    1886   1.565682957E-03
    1887   1.564024395E-03
    1888   1.562368466E-03
    1889   1.560715166E-03
    1890   1.559064489E-03
    1891   5.065795201E-03
    1892   5.060443067E-03
    1893   5.055099410E-03
    1894   5.049764213E-03
    1895   5.044437457E-03
    1896   9.911763483E-03
    1897   9.901319054E-03
    1898   9.890891124E-03
    1899   9.880479660E-03
    1900   9.870084626E-03
    1901   1.474972833E-02
    1902   1.473422678E-02
    1903   1.471874965E-02
    1904   1.470329690E-02
    1905   1.468786846E-02
    1906   1.931316110E-02
    1907   1.929291669E-02
    1908   1.927270410E-02
    1909   1.925252326E-02
    1910   1.923237410E-02
    1911   2.209980684E-02
    1912   2.207670197E-02
    1913   2.205363332E-02
    1914   2.203060080E-02
    1915   2.200760435E-02
    1916   2.351911376E-02
    1917   2.349458913E-02
    1918   2.347010285E-02
    1919   2.344565482E-02
    1920   2.342124498E-02
    1921   2.396954880E-02
    1922   2.394461948E-02
    1923   2.391972902E-02
    1924   2.389487735E-02
    1925   2.387006440E-02
    1926   2.353974735E-02
    1927   2.351532852E-02
    1928   2.349094767E-02
    1929   2.346660472E-02
    1930   2.344229959E-02
    1931   2.271325313E-02
    1932   2.268975261E-02
    1933   2.266628854E-02
    1934   2.264286085E-02
    1935   2.261946947E-02
    1936   2.046187371E-02
    1937   2.044075723E-02
    1938   2.041967342E-02
    1939   2.039862221E-02
    1940   2.037760353E-02
    1941   1.709138960E-02
    1942   1.707379682E-02
    1943   1.705623119E-02
    1944   1.703869264E-02
    1945   1.702118114E-02
    1946   1.287405654E-02
    1947   1.286083883E-02
    1948   1.284764146E-02
    1949   1.283446439E-02
    1950   1.282130758E-02
    1951   7.778191848E-03
    1952   7.770226470E-03
    1953   7.762273321E-03
    1954   7.754332376E-03
    1955   7.746403611E-03
    1956   3.700216457E-03
    1957   3.696436869E-03
    1958   3.692663069E-03
    1959   3.688895045E-03
    1960   3.685132786E-03
    1961   7.112152897E-04
    1962   7.104906689E-04
    1963   7.097671550E-04
    1964   7.090447457E-04
    1965   7.083234387E-04
    1966  -9.997290271E-04
    1967  -9.987130423E-04
    1968  -9.976986055E-04
    1969  -9.966857135E-04
    1970  -9.956743632E-04
    1971  -1.904725130E-03
    1972  -1.902794339E-03
    1973  -1.900866483E-03
    1974  -1.898941555E-03
    1975  -1.897019549E-03
    1976  -2.293973524E-03
    1977  -2.291654036E-03
    1978  -2.289338064E-03
    1979  -2.287025602E-03
    1980  -2.284716641E-03
    1981  -2.394467935E-03
    1982  -2.392052940E-03
    1983  -2.389641596E-03
    1984  -2.387233897E-03
    1985  -2.384829835E-03
    1986  -2.249815484E-03
    1987  -2.247552088E-03
    1988  -2.245292106E-03
    1989  -2.243035531E-03
    1990  -2.240782356E-03
    1991  -1.986291254E-03
    1992  -1.984297987E-03
    1993  -1.982307718E-03
    1994  -1.980320442E-03
    1995  -1.978336153E-03
    1996  -1.511453630E-03
    1997  -1.509940664E-03
    1998  -1.508429968E-03
    1999  -1.506921538E-03
    2000  -1.505415369E-03
    2001  -9.468375720E-04
    2002  -9.458921526E-04
    2003  -9.449481484E-04
    2004  -9.440055568E-04
    2005  -9.430643748E-04
    2006  -4.602402844E-04
    2007  -4.597818778E-04
    2008  -4.593241556E-04
    2009  -4.588671167E-04
    2010  -4.584107595E-04
    2011  -1.107125517E-04
    2012  -1.106025541E-04
    2013  -1.104927204E-04
    2014  -1.103830502E-04
    2015  -1.102735432E-04
    2016   1.004566939E-04
    2017   1.003571333E-04
    2018   1.002577205E-04
    2019   1.001584555E-04
    2020   1.000593378E-04
    2021   2.058448375E-04
    2022   2.056413329E-04
    2023   2.054381300E-04
    2024   2.052352282E-04
    2025   2.050326268E-04
    2026   2.426515721E-04
    2027   2.424122707E-04
    2028   2.421733232E-04
    2029   2.419347288E-04
    2030   2.416964868E-04
    2031   2.445965994E-04
    2032   2.443559732E-04
    2033   2.441157018E-04
    2034   2.438757847E-04
    2035   2.436362210E-04
    2036   2.168720603E-04
    2037   2.166592320E-04
    2038   2.164467168E-04
    2039   2.162345141E-04
    2040   2.160226234E-04
    2041   1.841946081E-04
    2042   1.840142904E-04
    2043   1.838342372E-04
    2044   1.836544483E-04
    2045   1.834749229E-04
    2046   1.340502393E-04
    2047   1.339193308E-04
    2048   1.337886141E-04
    2049   1.336580886E-04
    2050   1.335277540E-04
    2051   8.385790931E-05
    2052   8.377621627E-05
    2053   8.369464254E-05
    2054   8.361318790E-05
    2055   8.353185212E-05
    2056   3.723553792E-05
    2057   3.719935178E-05
    2058   3.716321837E-05
    2059   3.712713757E-05
    2060   3.709110930E-05
    2061   1.407792343E-06
    2062   1.406427542E-06
    2063   1.405064724E-06
    2064   1.403703887E-06
    2065   1.402345025E-06
    2066  -2.280092044E-05
    2067  -2.277886926E-05
    2068  -2.275685006E-05
    2069  -2.273486276E-05
    2070  -2.271290732E-05
    2071  -3.614809077E-05
    2072  -3.611321562E-05
    2073  -3.607839092E-05
    2074  -3.604361656E-05
    2075  -3.600889246E-05
    2076  -4.237045316E-05
    2077  -4.232967313E-05
    2078  -4.228895195E-05
    2079  -4.224828949E-05
    2080  -4.220768566E-05
    2081  -4.277878163E-05
    2082  -4.273770743E-05
    2083  -4.269669236E-05
    2084  -4.265573630E-05
    2085  -4.261483914E-05
    2086  -3.968523251E-05
    2087  -3.964721984E-05
    2088  -3.960926175E-05
    2089  -3.957135815E-05
    2090  -3.953350893E-05
    2091  -3.369433365E-05
    2092  -3.366213648E-05
    2093  -3.362998545E-05
    2094  -3.359788045E-05
    2095  -3.356582140E-05
    2096  -2.657150042E-05
    2097  -2.654617011E-05
    2098  -2.652087600E-05
    2099  -2.649561802E-05
    2100  -2.647039611E-05
    2101  -1.935319153E-05
    2102  -1.933478622E-05
    2103  -1.931640714E-05
    2104  -1.929805426E-05
    2105  -1.927972752E-05
    2106  -1.254241442E-05
    2107  -1.253051459E-05
    2108  -1.251863170E-05
    2109  -1.250676570E-05
    2110  -1.249491656E-05
    2111  -7.711015269E-06
    2112  -7.703716627E-06
    2113  -7.696428342E-06
    2114  -7.689150396E-06
    2115  -7.681882768E-06
    2116  -4.395868529E-06
    2117  -4.391717568E-06
    2118  -4.387572483E-06
    2119  -4.383433263E-06
    2120  -4.379299899E-06
    2121  -2.539128251E-06
    2122  -2.536736232E-06
    2123  -2.534347591E-06
    2124  -2.531962323E-06
    2125  -2.529580420E-06
    2126  -1.893644265E-06
    2127  -1.891864524E-06
    2128  -1.890087291E-06
    2129  -1.888312561E-06
    2130  -1.886540329E-06
    2131  -2.116305270E-06
    2132  -2.114320923E-06
    2133  -2.112339367E-06
    2134  -2.110360595E-06
    2135  -2.108384602E-06
    2136  -2.614063630E-06
    2137  -2.611618295E-06
    2138  -2.609176389E-06
    2139  -2.606737906E-06
    2140  -2.604302841E-06
    2141  -2.975942499E-06
    2142  -2.973165137E-06
    2143  -2.970391663E-06
    2144  -2.967622067E-06
    2145  -2.964856342E-06
    2146  -3.100415177E-06
    2147  -3.097528384E-06
    2148  -3.094645622E-06
    2149  -3.091766881E-06
    2150  -3.088892156E-06
    2151  -2.996350809E-06
    2152  -2.993567389E-06
    2153  -2.990787847E-06
    2154  -2.988012174E-06
    2155  -2.985240363E-06
    2156  -2.960530701E-06
    2157  -2.957786928E-06
    2158  -2.955046968E-06
    2159  -2.952310813E-06
    2160  -2.949578457E-06
    2161  -3.168168250E-06
    2162  -3.165238830E-06
    2163  -3.162313470E-06
    2164  -3.159392165E-06
    2165  -3.156474905E-06
    2166  -3.497447437E-06
    2167  -3.494221010E-06
    2168  -3.490999045E-06
    2169  -3.487781534E-06
    2170  -3.484568470E-06
    2171  -3.900080644E-06
    2172  -3.896491062E-06
    2173  -3.892906434E-06
    2174  -3.889326749E-06
    2175  -3.885752001E-06
    2176  -4.163783750E-06
    2177  -4.159960257E-06
    2178  -4.156142028E-06
    2179  -4.152329054E-06
    2180  -4.148521324E-06
    2181  -4.261380106E-06
    2182  -4.257475956E-06
    2183  -4.253577168E-06
    2184  -4.249683734E-06
    2185  -4.245795642E-06
    2186  -4.102664748E-06
    2187  -4.098914598E-06
    2188  -4.095169586E-06
    2189  -4.091429706E-06
    2190  -4.087694945E-06
    2191  -3.728048925E-06
    2192  -3.724648972E-06
    2193  -3.721253667E-06
    2194  -3.717863003E-06
    2195  -3.714476971E-06
    2196  -3.403600253E-06
    2197  -3.400503255E-06
    2198  -3.397410483E-06
    2199  -3.394321928E-06
    2200  -3.391237583E-06
    2201  -2.965588870E-06
    2202  -2.962896551E-06
    2203  -2.960207897E-06
    2204  -2.957522901E-06
    2205  -2.954841557E-06
    2206  -2.697184744E-06
    2207  -2.694741642E-06
    2208  -2.692301858E-06
    2209  -2.689865386E-06
    2210  -2.687432219E-06
    2211  -2.452394361E-06
    2212  -2.450178008E-06
    2213  -2.447964658E-06
    2214  -2.445754306E-06
    2215  -2.443546947E-06
    2216  -2.292783988E-06
    2217  -2.290716554E-06
    2218  -2.288651915E-06
    2219  -2.286590067E-06
    2220  -2.284531003E-06
    2221  -2.235769633E-06
    2222  -2.233758144E-06
    2223  -2.231749369E-06
    2224  -2.229743302E-06
    2225  -2.227739939E-06
    2226  -2.198020613E-06
    2227  -2.196047524E-06
    2228  -2.194077091E-06
    2229  -2.192109309E-06
    2230  -2.190144173E-06
    2231  -2.214467814E-06
    2232  -2.212484412E-06
    2233  -2.210503674E-06
    2234  -2.208525595E-06
    2235  -2.206550169E-06
    2236  -2.201473604E-06
    2237  -2.199506246E-06
    2238  -2.197541524E-06
    2239  -2.195579433E-06
    2240  -2.193619969E-06
    2241  -2.159801407E-06
    2242  -2.157875592E-06
    2243  -2.155952352E-06
    2244  -2.154031682E-06
    2245  -2.152113577E-06
    2246  -2.088547752E-06
    2247  -2.086689614E-06
    2248  -2.084833954E-06
    2249  -2.082980768E-06
    2250  -2.081130052E-06
    2251  -1.905846450E-06
    2252  -1.904154620E-06
    2253  -1.902465042E-06
    2254  -1.900777712E-06
    2255  -1.899092625E-06
    2256  -1.790901054E-06
    2257  -1.789314782E-06
    2258  -1.787730616E-06
    2259  -1.786148554E-06
    2260  -1.784568591E-06
    2261  -1.662777449E-06
    2262  -1.661307915E-06
    2263  -1.659840329E-06
    2264  -1.658374686E-06
    2265  -1.656910984E-06
    2266  -1.607194558E-06
    2267  -1.605777279E-06
    2268  -1.604361873E-06
    2269  -1.602948339E-06
    2270  -1.601536671E-06
    2271  -1.588056982E-06
    2272  -1.586659660E-06
    2273  -1.585264181E-06
    2274  -1.583870542E-06
    2275  -1.582478740E-06
    2276  -1.562330334E-06
    2277  -1.560958665E-06
    2278  -1.559588802E-06
    2279  -1.558220742E-06
    2280  -1.556854481E-06
    2281  -1.560125830E-06
    2282  -1.558759097E-06
    2283  -1.557394159E-06
    2284  -1.556031013E-06
    2285  -1.554669656E-06
    2286  -1.510674409E-06
    2287  -1.509353889E-06
    2288  -1.508035100E-06
    2289  -1.506718039E-06
    2290  -1.505402703E-06
    2291  -1.463555139E-06
    2292  -1.462278598E-06
    2293  -1.461003725E-06
    2294  -1.459730519E-06
    2295  -1.458458977E-06
    2296  -1.384312160E-06
    2297  -1.383107362E-06
    2298  -1.381904137E-06
    2299  -1.380702481E-06
    2300  -1.379502392E-06
    2301  -1.303567692E-06
    2302  -1.302435631E-06
    2303  -1.301305045E-06
    2304  -1.300175930E-06
    2305  -1.299048283E-06
    2306  -1.281379019E-06
    2307  -1.280268639E-06
    2308  -1.279159701E-06
    2309  -1.278052203E-06
    2310  -1.276946143E-06
    2311  -1.234177525E-06
    2312  -1.233110359E-06
    2313  -1.232044577E-06
    2314  -1.230980175E-06
    2315  -1.229917153E-06
    2316  -1.219504070E-06
    2317  -1.218451866E-06
    2318  -1.217401024E-06
    2319  -1.216351540E-06
    2320  -1.215303413E-06
    2321  -1.201912943E-06
    2322  -1.200878150E-06
    2323  -1.199844692E-06
    2324  -1.198812567E-06
    2325  -1.197781774E-06
    2326  -1.191998472E-06
    2327  -1.190974418E-06
    2328  -1.189951684E-06
    2329  -1.188930266E-06
    2330  -1.187910163E-06
    2331  -1.189298312E-06
    2332  -1.188278767E-06
    2333  -1.187260534E-06
    2334  -1.186243608E-06
    2335  -1.185227989E-06
    2336  -1.158651962E-06
    2337  -1.157660814E-06
    2338  -1.156670937E-06
    2339  -1.155682329E-06
    2340  -1.154694988E-06
    2341  -1.122382918E-06
    2342  -1.121424844E-06
    2343  -1.120467997E-06
    2344  -1.119512374E-06
    2345  -1.118557973E-06
    2346  -1.063662263E-06
    2347  -1.062756247E-06
    2348  -1.061851389E-06
    2349  -1.060947685E-06
    2350  -1.060045135E-06
    2351  -1.000784130E-06
    2352  -9.999334845E-07
    2353  -9.990839233E-07
    2354  -9.982354444E-07
    2355  -9.973880459E-07
    2356  -9.401142961E-07
    2357  -9.393169133E-07
    2358  -9.385205446E-07
    2359  -9.377251882E-07
    2360  -9.369308424E-07
    2361  -9.076111889E-07
    2362  -9.068430034E-07
    2363  -9.060757927E-07
    2364  -9.053095552E-07
    2365  -9.045442893E-07
    2366  -8.946066740E-07
    2367  -8.938510940E-07
    2368  -8.930964709E-07
    2369  -8.923428030E-07
    2370  -8.915900887E-07
    2371  -8.668144044E-07
    2372  -8.660838402E-07
    2373  -8.653541993E-07
    2374  -8.646254799E-07
    2375  -8.638976807E-07
    2376  -8.602868038E-07
    2377  -8.595632657E-07
    2378  -8.588406400E-07
    2379  -8.581189252E-07
    2380  -8.573981197E-07
    2381  -8.554738441E-07
    2382  -8.547558636E-07
    2383  -8.540387865E-07
    2384  -8.533226114E-07
    2385  -8.526073368E-07
    2386  -8.301431545E-07
    2387  -8.294478922E-07
    2388  -8.287535030E-07
    2389  -8.280599855E-07
    2390  -8.273673380E-07
    2391  -8.057603190E-07
    2392  -8.050868878E-07
    2393  -8.044143006E-07
    2394  -8.037425559E-07
    2395  -8.030716523E-07
    2396  -7.607040227E-07
    2397  -7.600695739E-07
    2398  -7.594359186E-07
    2399  -7.588030553E-07
    2400  -7.581709828E-07
    2401  -7.316185768E-07
    2402  -7.310096558E-07
    2403  -7.304014947E-07
    2404  -7.297940922E-07
    2405  -7.291874471E-07
    2406  -6.871364660E-07
    2407  -6.865657547E-07
    2408  -6.859957541E-07
    2409  -6.854264630E-07
    2410  -6.848578803E-07
    2411  -6.637018662E-07
    2412  -6.631517611E-07
    2413  -6.626023395E-07
    2414  -6.620536005E-07
    2415  -6.615055429E-07
    2416  -6.524608281E-07
    2417  -6.519211583E-07
    2418  -6.513821577E-07
    2419  -6.508438254E-07
    2420  -6.503061601E-07
    2421  -6.387634974E-07
    2422  -6.382362473E-07
    2423  -6.377096497E-07
    2424  -6.371837036E-07
    2425  -6.366584079E-07
    2426  -6.333424950E-07
    2427  -6.328207960E-07
    2428  -6.322997415E-07
    2429  -6.317793302E-07
    2430  -6.312595611E-07
    2431  -6.142782440E-07
    2432  -6.137732886E-07
    2433  -6.132689555E-07
    2434  -6.127652439E-07
    2435  -6.122621525E-07
    2436  -6.011604421E-07
    2437  -6.006672834E-07
    2438  -6.001747313E-07
    2439  -5.996827848E-07
    2440  -5.991914429E-07
    2441  -5.759965721E-07
    2442  -5.755250235E-07
    2443  -5.750540538E-07
    2444  -5.745836619E-07
    2445  -5.741138470E-07
    2446  -5.412845640E-07
    2447  -5.408423380E-07
    2448  -5.404006538E-07
    2449  -5.399595104E-07
    2450  -5.395189070E-07
    2451  -5.197716156E-07
    2452  -5.193478311E-07
    2453  -5.189245648E-07
    2454  -5.185018156E-07
    2455  -5.180795829E-07
    2456  -4.919391369E-07
    2457  -4.915388610E-07
    2458  -4.911390734E-07
    2459  -4.907397733E-07
    2460  -4.903409600E-07
    2461  -4.757050000E-07
    2462  -4.753187190E-07
    2463  -4.749329084E-07
    2464  -4.745475673E-07
    2465  -4.741626950E-07
    2466  -4.623414497E-07
    2467  -4.619667807E-07
    2468  -4.615925671E-07
    2469  -4.612188079E-07
    2470  -4.608455025E-07
    2471  -4.517363892E-07
    2472  -4.513710545E-07
    2473  -4.510061627E-07
    2474  -4.506417133E-07
    2475  -4.502777055E-07
    2476  -4.442112309E-07
    2477  -4.438527069E-07
    2478  -4.434946168E-07
    2479  -4.431369598E-07
    2480  -4.427797353E-07
    2481  -4.284717777E-07
    2482  -4.281266534E-07
    2483  -4.277819460E-07
    2484  -4.274376546E-07
    2485  -4.270937788E-07
    2486  -4.173752329E-07
    2487  -4.170397223E-07
    2488  -4.167046160E-07
    2489  -4.163699135E-07
    2490  -4.160356141E-07
    2491  -3.981532615E-07
    2492  -3.978338445E-07
    2493  -3.975148118E-07
    2494  -3.971961626E-07
    2495  -3.968778965E-07
    2496  -3.746564818E-07
    2497  -3.743565166E-07
    2498  -3.740569116E-07
    2499  -3.737576660E-07
    2500  -3.734587795E-07
    2501  -3.489345277E-07
    2502  -3.486557147E-07
    2503  -3.483772357E-07
    2504  -3.480990902E-07
    2505  -3.478212777E-07
    2506  -3.218572405E-07
    2507  -3.216005761E-07
    2508  -3.213442185E-07
    2509  -3.210881673E-07
    2510  -3.208324221E-07
    2511  -3.115280063E-07
    2512  -3.112800732E-07
    2513  -3.110324359E-07
    2514  -3.107850940E-07
    2515  -3.105380470E-07
    2516  -2.999915530E-07
    2517  -2.997532754E-07
    2518  -2.995152815E-07
    2519  -2.992775710E-07
    2520  -2.990401433E-07
    2521  -2.937080769E-07
    2522  -2.934752525E-07
    2523  -2.932427047E-07
    2524  -2.930104333E-07
    2525  -2.927784377E-07
    2526  -2.863760441E-07
    2527  -2.861494807E-07
    2528  -2.859231862E-07
    2529  -2.856971599E-07
    2530  -2.854714016E-07
    2531  -2.791973108E-07
    2532  -2.789768628E-07
    2533  -2.787566759E-07
    2534  -2.785367495E-07
    2535  -2.783170833E-07
    2536  -2.744208345E-07
    2537  -2.742045848E-07
    2538  -2.739885906E-07
    2539  -2.737728516E-07
    2540  -2.735573672E-07
    2541  -2.571254706E-07
    2542  -2.569232485E-07
    2543  -2.567212648E-07
    2544  -2.565195192E-07
    2545  -2.563180113E-07
    2546  -2.427829905E-07
    2547  -2.425924230E-07
    2548  -2.424020798E-07
    2549  -2.422119605E-07
    2550  -2.420220648E-07
    2551  -2.259168686E-07
    2552  -2.257398871E-07
    2553  -2.255631135E-07
    2554  -2.253865475E-07
    2555  -2.252101887E-07
    2556  -2.118236319E-07
    2557  -2.116580153E-07
    2558  -2.114925929E-07
    2559  -2.113273643E-07
    2560  -2.111623293E-07
    2561  -2.009777513E-07
    2562  -2.008209212E-07
    2563  -2.006642747E-07
    2564  -2.005078113E-07
    2565  -2.003515308E-07
    2566  -1.955420677E-07
    2567  -1.953897763E-07
    2568  -1.952376629E-07
    2569  -1.950857269E-07
    2570  -1.949339683E-07
    2571  -1.917658700E-07
    2572  -1.916168098E-07
    2573  -1.914679234E-07
    2574  -1.913192105E-07
    2575  -1.911706707E-07
    2576  -1.848832986E-07
    2577  -1.847398670E-07
    2578  -1.845966023E-07
    2579  -1.844535042E-07
    2580  -1.843105724E-07
    2581  -1.821405980E-07
    2582  -1.819995678E-07
    2583  -1.818587012E-07
    2584  -1.817179982E-07
    2585  -1.815774583E-07
    2586  -1.751926046E-07
    2587  -1.750572162E-07
    2588  -1.749219847E-07
    2589  -1.747869098E-07
    2590  -1.746519913E-07
    2591  -1.664428629E-07
    2592  -1.663144843E-07
    2593  -1.661862542E-07
    2594  -1.660581723E-07
    2595  -1.659302384E-07
    2596  -1.558877762E-07
    2597  -1.557677702E-07
    2598  -1.556479027E-07
    2599  -1.555281736E-07
    2600  -1.554085825E-07
    2601  -1.411202768E-07
    2602  -1.410118478E-07
    2603  -1.409035438E-07
    2604  -1.407953645E-07
    2605  -1.406873097E-07
    2606  -1.320898292E-07
    2607  -1.319885333E-07
    2608  -1.318873539E-07
    2609  -1.317862908E-07
    2610  -1.316853438E-07
    2611  -1.215349367E-07
    2612  -1.214419134E-07
    2613  -1.213489969E-07
    2614  -1.212561869E-07
    2615  -1.211634834E-07
    2616  -1.179028152E-07
    2617  -1.178127443E-07
    2618  -1.177227766E-07
    2619  -1.176329119E-07
    2620  -1.175431500E-07
    2621  -1.126429831E-07
    2622  -1.125570944E-07
    2623  -1.124713040E-07
    2624  -1.123856115E-07
    2625  -1.123000170E-07
    2626  -1.111153603E-07
    2627  -1.110307976E-07
    2628  -1.109463314E-07
    2629  -1.108619616E-07
    2630  -1.107776880E-07
    2631  -1.085107370E-07
    2632  -1.084283133E-07
    2633  -1.083459835E-07
    2634  -1.082637475E-07
    2635  -1.081816050E-07
    2636  -1.033951155E-07
    2637  -1.033167265E-07
    2638  -1.032384266E-07
    2639  -1.031602157E-07
    2640  -1.030820936E-07
    2641  -9.839870875E-08
    2642  -9.832424889E-08
    2643  -9.824987351E-08
    2644  -9.817558249E-08
    2645  -9.810137570E-08
    2646  -9.081172561E-08
    2647  -9.074313669E-08
    2648  -9.067462546E-08
    2649  -9.060619178E-08
    2650  -9.053783554E-08
    2651  -8.308307649E-08
    2652  -8.302044319E-08
    2653  -8.295788068E-08
    2654  -8.289538887E-08
    2655  -8.283296765E-08
    2656  -7.789700652E-08
    2657  -7.783839327E-08
    2658  -7.777984615E-08
    2659  -7.772136506E-08
    2660  -7.766294991E-08
    2661  -7.253414443E-08
    2662  -7.247966892E-08
    2663  -7.242525475E-08
    2664  -7.237090184E-08
    2665  -7.231661009E-08
    2666  -7.126665425E-08
    2667  -7.121323097E-08
    2668  -7.115986774E-08
    2669  -7.110656447E-08
    2670  -7.105332106E-08
    2671  -6.889010244E-08
    2672  -6.883855728E-08
    2673  -6.878706995E-08
    2674  -6.873564037E-08
    2675  -6.868426844E-08
    2676  -6.580930243E-08
    2677  -6.576015434E-08
    2678  -6.571106127E-08
    2679  -6.566202317E-08
    2680  -6.561303994E-08
    2681  -6.423450985E-08
    2682  -6.418662725E-08
    2683  -6.413879817E-08
    2684  -6.409102253E-08
    2685  -6.404330025E-08
    2686  -6.120108139E-08
    2687  -6.115554487E-08
    2688  -6.111005916E-08
    2689  -6.106462417E-08
    2690  -6.101923983E-08
    2691  -5.808503798E-08
    2692  -5.804190019E-08
    2693  -5.799881043E-08
    2694  -5.795576865E-08
    2695  -5.791277475E-08
    2696  -5.353357187E-08
    2697  -5.349388798E-08
    2698  -5.345424819E-08
    2699  -5.341465245E-08
    2700  -5.337510069E-08
