      50   2.556784295E-08
      51   3.141372989E-08
      52   3.022830612E-08
      53   2.910873923E-08
      54   2.805023962E-08
      55   2.704844535E-08
      56   3.311048108E-08
      57   3.196874035E-08
      58   3.088505424E-08
      59   2.985555243E-08
      60   2.887668186E-08
      61   2.412311127E-08
      62   2.335729821E-08
      63   2.262738264E-08
      64   2.193115548E-08
      65   2.126657501E-08
      66   1.761100439E-08
      67   1.709303367E-08
      68   1.659758342E-08
      69   1.612336675E-08
      70   1.566918740E-08
      71   1.999279293E-08
      72   1.944504518E-08
      73   1.891950342E-08
      74   1.841498333E-08
      75   1.793037850E-08
      76   2.959711707E-08
      77   2.883821663E-08
      78   2.810813520E-08
      79   2.740543182E-08
      80   2.672875449E-08
      81   2.473873811E-08
      82   2.414262394E-08
      83   2.356779956E-08
      84   2.301326310E-08
      85   2.247807094E-08
      86   2.927624073E-08
      87   2.861087162E-08
      88   2.796793069E-08
      89   2.734642111E-08
      90   2.674540087E-08
      91   7.930420446E-08
      92   7.759873770E-08
      93   7.594770072E-08
      94   7.434880176E-08
      95   7.279986839E-08
      96   9.915857473E-08
      97   9.713493035E-08
      98   9.517260852E-08
      99   9.326915635E-08
     100   9.142224236E-08
     101   1.907368370E-07
     102   1.870332091E-07
     103   1.834364166E-07
     104   1.799423896E-07
     105   1.765472502E-07
     106   3.380671388E-07
     107   3.318066363E-07
     108   3.257184411E-07
     109   3.197962876E-07
     110   3.140341924E-07
     111   7.838663150E-07
     112   7.699925749E-07
     113   7.564839333E-07
     114   7.433276909E-07
     115   7.305116963E-07
     116   8.908077531E-07
     117   8.757093166E-07
     118   8.609915130E-07
     119   8.466416544E-07
     120   8.326475775E-07
     121   8.013397560E-07
     122   7.883098413E-07
     123   7.755951664E-07
     124   7.631856437E-07
     125   7.510715859E-07
     126   2.153573482E-06
     127   2.119923896E-06
     128   2.087056859E-06
     129   2.054948292E-06
     130   2.023575036E-06
     131   1.829164136E-06
     132   1.801657909E-06
     133   1.774767492E-06
     134   1.748474640E-06
     135   1.722761778E-06
     136   2.061308897E-06
     137   2.031434855E-06
     138   2.002205577E-06
     139   1.973602640E-06
     140   1.945608276E-06
     141   2.269048630E-06
     142   2.237313684E-06
     143   2.206239883E-06
     144   2.175808988E-06
     145   2.146003385E-06
     146   2.078876546E-06
     147   2.050783619E-06
     148   2.023256322E-06
     149   1.996279571E-06
     150   1.969838782E-06
     151   2.463864529E-06
     152   2.431657150E-06
     153   2.400077187E-06
     154   2.369108449E-06
     155   2.338735264E-06
     156   2.431172051E-06
     157   2.400397721E-06
     158   2.370204039E-06
     159   2.340576489E-06
     160   2.311501004E-06
     161   2.496912376E-06
     162   2.466275414E-06
     163   2.436198885E-06
     164   2.406669201E-06
     165   2.377673187E-06
     166   2.692631005E-06
     167   2.660575874E-06
     168   2.629089769E-06
     169   2.598159301E-06
     170   2.567771473E-06
     171   2.828936971E-06
     172   2.796232498E-06
     173   2.764091894E-06
     174   2.732502272E-06
     175   2.701451110E-06
     176   2.663533257E-06
     177   2.633605917E-06
     178   2.604180153E-06
     179   2.575244818E-06
     180   2.546789074E-06
     181   3.103964877E-06
     182   3.070041763E-06
     183   3.036671744E-06
     184   3.003842861E-06
     185   2.971543475E-06
     186   2.865713133E-06
     187   2.835226823E-06
     188   2.805224423E-06
     189   2.775695745E-06
     190   2.746630868E-06
     191   3.126472370E-06
     192   3.094073692E-06
     193   3.062176025E-06
     194   3.030769092E-06
     195   2.999842877E-06
     196   2.946152228E-06
     197   2.916393115E-06
     198   2.887082631E-06
     199   2.858211805E-06
     200   2.829771886E-06
     201   2.715637616E-06
     202   2.688882566E-06
     203   2.662520972E-06
     204   2.636545158E-06
     205   2.610947632E-06
     206   3.448381188E-06
     207   3.415223677E-06
     208   3.382542110E-06
     209   3.350327423E-06
     210   3.318570765E-06
     211   2.947478851E-06
     212   2.919802993E-06
     213   2.892515115E-06
     214   2.865607997E-06
     215   2.839074590E-06
     216   3.567904310E-06
     217   3.535171243E-06
     218   3.502886574E-06
     219   3.471042151E-06
     220   3.439630004E-06
     221   3.418901339E-06
     222   3.388238546E-06
     223   3.357986417E-06
     224   3.328137648E-06
     225   3.298685103E-06
     226   3.154951439E-06
     227   3.127276426E-06
     228   3.099963969E-06
     229   3.073007760E-06
     230   3.046401632E-06
     231   3.561713970E-06
     232   3.531141318E-06
     233   3.500960623E-06
     234   3.471165214E-06
     235   3.441748559E-06
     236   3.163009405E-06
     237   3.136429494E-06
     238   3.110183222E-06
     239   3.084265029E-06
     240   3.058669468E-06
     241   3.897620135E-06
     242   3.865540957E-06
     243   3.833856195E-06
     244   3.802559409E-06
     245   3.771644292E-06
     246   3.690137047E-06
     247   3.660377877E-06
     248   3.630977252E-06
     249   3.601929434E-06
     250   3.573228801E-06
     251   3.471243940E-06
     252   3.443803276E-06
     253   3.416686715E-06
     254   3.389889172E-06
     255   3.363405663E-06
     256   3.870485621E-06
     257   3.840481857E-06
     258   3.810825626E-06
     259   3.781511583E-06
     260   3.752534483E-06
     261   3.607604052E-06
     262   3.580169801E-06
     263   3.553047302E-06
     264   3.526231851E-06
     265   3.499718830E-06
     266   4.144756307E-06
     267   4.113825290E-06
     268   4.083239228E-06
     269   4.052993012E-06
     270   4.023081624E-06
     271   3.870260858E-06
     272   3.841907298E-06
     273   3.813864179E-06
     274   3.786126985E-06
     275   3.758691282E-06
     276   4.079405416E-06
     277   4.050057176E-06
     278   4.021024508E-06
     279   3.992302904E-06
     280   3.963887937E-06
     281   3.934567434E-06
     282   3.906761304E-06
     283   3.879248901E-06
     284   3.852026101E-06
     285   3.825088856E-06
     286   3.925554425E-06
     287   3.898293631E-06
     288   3.871315820E-06
     289   3.844617090E-06
     290   3.818193605E-06
     291   4.272589557E-06
     292   4.243425123E-06
     293   4.214558285E-06
     294   4.185985009E-06
     295   4.157701326E-06
     296   4.332283838E-06
     297   4.303208108E-06
     298   4.274424107E-06
     299   4.245927947E-06
     300   4.217715801E-06
     301   4.432986273E-06
     302   4.403725637E-06
     303   4.374753758E-06
     304   4.346066848E-06
     305   4.317661182E-06
     306   4.028859294E-06
     307   4.002697870E-06
     308   3.976790441E-06
     309   3.951133728E-06
     310   3.925724508E-06
     311   4.419934642E-06
     312   4.391692248E-06
     313   4.363719686E-06
     314   4.336013529E-06
     315   4.308570406E-06
     316   4.540167242E-06
     317   4.511612731E-06
     318   4.483326757E-06
     319   4.455305965E-06
     320   4.427547049E-06
     321   4.449160256E-06
     322   4.421611276E-06
     323   4.394317380E-06
     324   4.367275427E-06
     325   4.340482326E-06
     326   4.671671363E-06
     327   4.643185562E-06
     328   4.614959510E-06
     329   4.586990058E-06
     330   4.559274106E-06
     331   4.530145319E-06
     332   4.502937239E-06
     333   4.475973543E-06
     334   4.449251313E-06
     335   4.422767674E-06
     336   4.833411817E-06
     337   4.804811747E-06
     338   4.776464775E-06
     339   4.748367923E-06
     340   4.720518258E-06
     341   4.874511310E-06
     342   4.846088503E-06
     343   4.817913570E-06
     344   4.789983636E-06
     345   4.762295870E-06
     346   4.749292785E-06
     347   4.721997999E-06
     348   4.694937838E-06
     349   4.668109622E-06
     350   4.641510707E-06
     351   5.092175641E-06
     352   5.063324788E-06
     353   5.034718433E-06
     354   5.006353822E-06
     355   4.978228239E-06
     356   4.888904922E-06
     357   4.861592604E-06
     358   4.834508523E-06
     359   4.807650142E-06
     360   4.781014962E-06
     361   5.456461079E-06
     362   5.426397933E-06
     363   5.396582560E-06
     364   5.367012244E-06
     365   5.337684308E-06
     366   4.963371245E-06
     367   4.936396401E-06
     368   4.909640865E-06
     369   4.883102266E-06
     370   4.856778264E-06
     371   5.292928593E-06
     372   5.264548278E-06
     373   5.236395614E-06
     374   5.208468171E-06
     375   5.180763553E-06
     376   5.206357535E-06
     377   5.178810670E-06
     378   5.151481854E-06
     379   5.124368792E-06
     380   5.097469218E-06
     381   5.511558636E-06
     382   5.482777651E-06
     383   5.454221517E-06
     384   5.425887899E-06
     385   5.397774490E-06
     386   5.786281451E-06
     387   5.756455258E-06
     388   5.726859087E-06
     389   5.697490579E-06
     390   5.668347405E-06
     391   5.208367819E-06
     392   5.181862131E-06
     393   5.155558262E-06
     394   5.129454169E-06
     395   5.103547835E-06
     396   5.606907000E-06
     397   5.578731588E-06
     398   5.550768021E-06
     399   5.523014181E-06
     400   5.495467976E-06
     401   5.826811214E-06
     402   5.797894037E-06
     403   5.769191591E-06
     404   5.740701756E-06
     405   5.712422437E-06
     406   5.563042797E-06
     407   5.535772980E-06
     408   5.508703185E-06
     409   5.481831462E-06
     410   5.455155883E-06
     411   5.873141266E-06
     412   5.844699904E-06
     413   5.816464639E-06
     414   5.788433484E-06
     415   5.760604477E-06
     416   5.662025658E-06
     417   5.634934626E-06
     418   5.608037563E-06
     419   5.581332622E-06
     420   5.554817978E-06
     421   6.137041205E-06
     422   6.108024462E-06
     423   6.079213026E-06
     424   6.050604964E-06
     425   6.022198368E-06
     426   6.094356580E-06
     427   6.065878278E-06
     428   6.037599125E-06
     429   6.009517269E-06
     430   5.981630878E-06
     431   5.955564655E-06
     432   5.928056273E-06
     433   5.900738041E-06
     434   5.873608211E-06
     435   5.846665054E-06
     436   6.347111005E-06
     437   6.318128763E-06
     438   6.289344578E-06
     439   6.260756648E-06
     440   6.232363194E-06
     441   5.975253750E-06
     442   5.948277435E-06
     443   5.921483393E-06
     444   5.894869984E-06
     445   5.868435590E-06
     446   6.731273241E-06
     447   6.701222914E-06
     448   6.671373369E-06
     449   6.641722821E-06
     450   6.612269505E-06
     451   6.322719619E-06
     452   6.294804742E-06
     453   6.267074325E-06
     454   6.239526746E-06
     455   6.212160400E-06
     456   6.451434061E-06
     457   6.423261860E-06
     458   6.395273790E-06
     459   6.367468252E-06
     460   6.339843661E-06
     461   6.709735073E-06
     462   6.680751336E-06
     463   6.651954994E-06
     464   6.623344435E-06
     465   6.594918064E-06
     466   6.649674858E-06
     467   6.621257444E-06
     468   6.593021804E-06
     469   6.564966392E-06
     470   6.537089677E-06
     471   7.188514788E-06
     472   7.158119377E-06
     473   7.127916342E-06
     474   7.097904062E-06
     475   7.068080936E-06
     476   6.763455648E-06
     477   6.735156670E-06
     478   6.707034931E-06
     479   6.679088952E-06
     480   6.651317272E-06
     481   7.040962544E-06
     482   7.011807420E-06
     483   6.982833009E-06
     484   6.954037821E-06
     485   6.925420382E-06
     486   7.259479480E-06
     487   7.229727515E-06
     488   7.200158077E-06
     489   7.170769677E-06
     490   7.141560839E-06
     491   6.992779514E-06
     492   6.964411240E-06
     493   6.936215244E-06
     494   6.908190131E-06
     495   6.880334526E-06
     496   7.857266366E-06
     497   7.825711079E-06
     498   7.794345503E-06
     499   7.763168121E-06
     500   7.732177430E-06
     501   7.002159788E-06
     502   6.974318198E-06
     503   6.946642332E-06
     504   6.919130878E-06
     505   6.891782534E-06
     506   7.634716063E-06
     507   7.604658126E-06
     508   7.574777348E-06
     509   7.545072338E-06
     510   7.515541723E-06
     511   7.635760520E-06
     512   7.605991473E-06
     513   7.576396176E-06
     514   7.546973278E-06
     515   7.517721444E-06
     516   7.464139894E-06
     517   7.435320821E-06
     518   7.406668333E-06
     519   7.378181147E-06
     520   7.349857995E-06
     521   7.908174327E-06
     522   7.877932743E-06
     523   7.847864297E-06
     524   7.817967671E-06
     525   7.788241558E-06
     526   7.557008777E-06
     527   7.528383743E-06
     528   7.499921045E-06
     529   7.471619456E-06
     530   7.443477763E-06
     531   8.156125922E-06
     532   8.125521322E-06
     533   8.095088658E-06
     534   8.064826644E-06
     535   8.034734007E-06
     536   7.943391965E-06
     537   7.913862626E-06
     538   7.884497644E-06
     539   7.855295801E-06
     540   7.826255891E-06
     541   8.092303192E-06
     542   8.062497287E-06
     543   8.032855753E-06
     544   8.003377383E-06
     545   7.974060983E-06
     546   8.278397763E-06
     547   8.248184633E-06
     548   8.218136601E-06
     549   8.188252468E-06
     550   8.158531044E-06
     551   8.242030596E-06
     552   8.212222168E-06
     553   8.182575156E-06
     554   8.153088399E-06
     555   8.123760743E-06
     556   8.427654836E-06
     557   8.397448188E-06
     558   8.367403651E-06
     559   8.337520066E-06
     560   8.307796287E-06
     561   8.370613429E-06
     562   8.340877680E-06
     563   8.311300100E-06
     564   8.281879568E-06
     565   8.252614976E-06
     566   8.429690444E-06
     567   8.400008436E-06
     568   8.370482923E-06
     569   8.341112807E-06
     570   8.311897001E-06
     571   8.764775479E-06
     572   8.734182895E-06
     573   8.703750202E-06
     574   8.673476288E-06
     575   8.643360051E-06
     576   8.725742862E-06
     577   8.695549980E-06
     578   8.665513538E-06
     579   8.635632457E-06
     580   8.605905667E-06
     581   8.654020816E-06
     582   8.624332923E-06
     583   8.594797537E-06
     584   8.565413613E-06
     585   8.536180120E-06
     586   8.519675723E-06
     587   8.490697234E-06
     588   8.461866344E-06
     589   8.433182051E-06
     590   8.404643364E-06
     591   8.943625708E-06
     592   8.913461709E-06
     593   8.883450054E-06
     594   8.853589717E-06
     595   8.823879685E-06
     596   9.111206730E-06
     597   9.080734466E-06
     598   9.050414819E-06
     599   9.020246769E-06
     600   8.990229309E-06
     601   9.192874506E-06
     602   9.162384044E-06
     603   9.132045024E-06
     604   9.101856445E-06
     605   9.071817315E-06
     606   8.867682817E-06
     607   8.838512808E-06
     608   8.809486493E-06
     609   8.780602931E-06
     610   8.751861186E-06
     611   8.915469806E-06
     612   8.886381813E-06
     613   8.857435944E-06
     614   8.828631274E-06
     615   8.799966887E-06
     616   9.495669989E-06
     617   9.464939665E-06
     618   9.434358277E-06
     619   9.403924863E-06
     620   9.373638471E-06
     621   9.169765854E-06
     622   9.140328404E-06
     623   9.111032479E-06
     624   9.081877175E-06
     625   9.052861593E-06
     626   9.340875737E-06
     627   9.311127725E-06
     628   9.281521596E-06
     629   9.252056448E-06
     630   9.222731388E-06
     631   9.134374426E-06
     632   9.105513844E-06
     633   9.076789825E-06
     634   9.048201511E-06
     635   9.019748047E-06
     636   9.813569604E-06
     637   9.782806063E-06
     638   9.752186952E-06
     639   9.721711368E-06
     640   9.691378415E-06
     641   9.682066258E-06
     642   9.651950967E-06
     643   9.621975964E-06
     644   9.592140379E-06
     645   9.562443350E-06
     646   9.585701904E-06
     647   9.556116405E-06
     648   9.526667664E-06
     649   9.497354840E-06
     650   9.468177099E-06
     651   9.606024937E-06
     652   9.576603728E-06
     653   9.547317478E-06
     654   9.518165363E-06
     655   9.489146566E-06
     656   9.499831116E-06
     657   9.470956249E-06
     658   9.442212831E-06
     659   9.413600065E-06
     660   9.385117160E-06
     661   9.749342871E-06
     662   9.719933088E-06
     663   9.690656181E-06
     664   9.661511351E-06
     665   9.632497803E-06
     666   9.800822107E-06
     667   9.771478328E-06
     668   9.742266136E-06
     669   9.713184744E-06
     670   9.684233374E-06
     671   9.478054341E-06
     672   9.449887760E-06
     673   9.421846550E-06
     674   9.393929968E-06
     675   9.366137276E-06
     676   1.031939857E-05
     677   1.028895787E-05
     678   1.025865166E-05
     679   1.022847915E-05
     680   1.019843957E-05
     681   9.983594516E-06
     682   9.954359979E-06
     683   9.925253663E-06
     684   9.896274820E-06
     685   9.867422707E-06
     686   1.027667463E-05
     687   1.024680058E-05
     688   1.021705660E-05
     689   1.018744194E-05
     690   1.015795586E-05
     691   1.000213468E-05
     692   9.973268492E-06
     693   9.944527084E-06
     694   9.915909740E-06
     695   9.887415747E-06
     696   1.001487374E-05
     697   9.986177826E-06
     698   9.957605071E-06
     699   9.929154771E-06
     700   9.900826226E-06
     701   1.055054556E-05
     702   1.052052979E-05
     703   1.049064192E-05
     704   1.046088123E-05
     705   1.043124701E-05
     706   9.947434924E-06
     707   9.919334825E-06
     708   9.891353627E-06
     709   9.863490659E-06
     710   9.835745256E-06
     711   1.034558615E-05
     712   1.031656627E-05
     713   1.028766832E-05
     714   1.025889163E-05
     715   1.023023551E-05
     716   1.021931859E-05
     717   1.019085252E-05
     718   1.016250522E-05
     719   1.013427604E-05
     720   1.010616432E-05
     721   1.020538294E-05
     722   1.017715228E-05
     723   1.014903860E-05
     724   1.012104125E-05
     725   1.009315960E-05
     726   1.027060787E-05
     727   1.024239191E-05
     728   1.021429207E-05
     729   1.018630771E-05
     730   1.015843820E-05
     731   1.005447947E-05
     732   1.002704569E-05
     733   9.999724044E-06
     734   9.972513910E-06
     735   9.945414687E-06
     736   1.032190409E-05
     737   1.029393145E-05
     738   1.026607237E-05
     739   1.023832623E-05
     740   1.021069242E-05
     741   1.043806319E-05
     742   1.040996612E-05
     743   1.038198234E-05
     744   1.035411125E-05
     745   1.032635223E-05
     746   1.034300460E-05
     747   1.031534951E-05
     748   1.028780518E-05
     749   1.026037104E-05
     750   1.023304648E-05
     751   1.019922516E-05
     752   1.017213558E-05
     753   1.014515379E-05
     754   1.011827921E-05
     755   1.009151128E-05
     756   9.895212586E-06
     757   9.869103846E-06
     758   9.843098302E-06
     759   9.817195412E-06
     760   9.791394635E-06
     761   1.055992795E-05
     762   1.053224793E-05
     763   1.050467660E-05
     764   1.047721340E-05
     765   1.044985775E-05
     766   1.033972964E-05
     767   1.031280326E-05
     768   1.028598193E-05
     769   1.025926509E-05
     770   1.023265221E-05
     771   1.050935131E-05
     772   1.048216024E-05
     773   1.045507455E-05
     774   1.042809371E-05
     775   1.040121718E-05
     776   1.012818727E-05
     777   1.010215080E-05
     778   1.007621460E-05
     779   1.005037815E-05
     780   1.002464095E-05
     781   1.025197775E-05
     782   1.022579135E-05
     783   1.019970515E-05
     784   1.017371864E-05
     785   1.014783131E-05
     786   1.023183183E-05
     787   1.020586271E-05
     788   1.017999234E-05
     789   1.015422020E-05
     790   1.012854582E-05
     791   1.013526069E-05
     792   1.010969888E-05
     793   1.008423364E-05
     794   1.005886450E-05
     795   1.003359097E-05
     796   1.013773413E-05
     797   1.011232627E-05
     798   1.008701382E-05
     799   1.006179628E-05
     800   1.003667320E-05
     801   1.032043428E-05
     802   1.029472959E-05
     803   1.026912081E-05
     804   1.024360746E-05
     805   1.021818908E-05
     806   1.028480427E-05
     807   1.025934684E-05
     808   1.023398381E-05
     809   1.020871471E-05
     810   1.018353909E-05
     811   1.008216889E-05
     812   1.005736650E-05
     813   1.003265553E-05
     814   1.000803552E-05
     815   9.983506018E-06
     816   1.001641117E-05
     817   9.991921165E-06
     818   9.967520869E-06
     819   9.943209843E-06
     820   9.918987651E-06
     821   1.011111505E-05
     822   1.008654369E-05
     823   1.006206178E-05
     824   1.003766891E-05
     825   1.001336462E-05
     826   9.998324177E-06
     827   9.974173635E-06
     828   9.950110490E-06
     829   9.926134320E-06
     830   9.902244707E-06
     831   1.020331550E-05
     832   1.017881775E-05
     833   1.015440811E-05
     834   1.013008618E-05
     835   1.010585152E-05
     836   9.916930071E-06
     837   9.893261980E-06
     838   9.869678519E-06
     839   9.846179284E-06
     840   9.822763876E-06
     841   9.881504551E-06
     842   9.858060887E-06
     843   9.834700553E-06
     844   9.811423155E-06
     845   9.788228301E-06
     846   9.902297062E-06
     847   9.878942588E-06
     848   9.855670639E-06
     849   9.832480825E-06
     850   9.809372762E-06
     851   9.698580511E-06
     852   9.675840580E-06
     853   9.653180532E-06
     854   9.630599993E-06
     855   9.608098591E-06
     856   9.755536531E-06
     857   9.732796352E-06
     858   9.710135592E-06
     859   9.687553882E-06
     860   9.665050853E-06
     861   9.496145498E-06
     862   9.474138209E-06
     863   9.452207333E-06
     864   9.430352519E-06
     865   9.408573413E-06
     866   9.587749084E-06
     867   9.565657497E-06
     868   9.543642174E-06
     869   9.521702767E-06
     870   9.499838926E-06
     871   9.701101789E-06
     872   9.678877043E-06
     873   9.656728583E-06
     874   9.634656061E-06
     875   9.612659129E-06
     876   9.397590291E-06
     877   9.376183480E-06
     878   9.354849729E-06
     879   9.333588707E-06
     880   9.312400083E-06
     881   9.336486809E-06
     882   9.315339613E-06
     883   9.294264184E-06
     884   9.273260197E-06
     885   9.252327330E-06
     886   9.269698317E-06
     887   9.248820618E-06
     888   9.228013373E-06
     889   9.207276264E-06
     890   9.186608977E-06
     891   9.267232357E-06
     892   9.246477078E-06
     893   9.225791447E-06
     894   9.205175153E-06
     895   9.184627887E-06
     896   9.315943005E-06
     897   9.295194803E-06
     898   9.274515838E-06
     899   9.253905803E-06
     900   9.233364391E-06
     901   8.984216074E-06
     902   8.964317478E-06
     903   8.944484917E-06
     904   8.924718100E-06
     905   8.905016735E-06
     906   8.927381812E-06
     907   8.907717976E-06
     908   8.888119036E-06
     909   8.868584709E-06
     910   8.849114709E-06
     911   8.718052121E-06
     912   8.698954526E-06
     913   8.679919615E-06
     914   8.660947113E-06
     915   8.642036748E-06
     916   8.718123192E-06
     917   8.699129459E-06
     918   8.680197730E-06
     919   8.661327735E-06
     920   8.642519206E-06
     921   8.534855148E-06
     922   8.516361421E-06
     923   8.497927738E-06
     924   8.479553840E-06
     925   8.461239469E-06
     926   8.388584242E-06
     927   8.370505396E-06
     928   8.352484933E-06
     929   8.334522599E-06
     930   8.316618147E-06
     931   8.599820011E-06
     932   8.581385241E-06
     933   8.563009684E-06
     934   8.544693086E-06
     935   8.526435194E-06
     936   8.180217821E-06
     937   8.162775992E-06
     938   8.145389887E-06
     939   8.128059270E-06
     940   8.110783905E-06
     941   8.204555038E-06
     942   8.187154073E-06
     943   8.169808408E-06
     944   8.152517808E-06
     945   8.135282041E-06
     946   8.096528759E-06
     947   8.079447475E-06
     948   8.062420188E-06
     949   8.045446672E-06
     950   8.028526700E-06
     951   8.127812688E-06
     952   8.110755369E-06
     953   8.093751689E-06
     954   8.076801423E-06
     955   8.059904349E-06
     956   7.931547472E-06
     957   7.914988917E-06
     958   7.898482163E-06
     959   7.882026991E-06
     960   7.865623189E-06
     961   7.671266514E-06
     962   7.655334496E-06
     963   7.639452059E-06
     964   7.623618998E-06
     965   7.607835108E-06
     966   7.919056291E-06
     967   7.902694604E-06
     968   7.886383573E-06
     969   7.870122988E-06
     970   7.853912642E-06
     971   7.521482173E-06
     972   7.506021778E-06
     973   7.490609002E-06
     974   7.475243651E-06
     975   7.459925528E-06
     976   7.648514316E-06
     977   7.632873182E-06
     978   7.617279979E-06
     979   7.601734509E-06
     980   7.586236579E-06
     981   7.342118729E-06
     982   7.327180543E-06
     983   7.312287899E-06
     984   7.297440614E-06
     985   7.282638503E-06
     986   7.168801106E-06
     987   7.154289363E-06
     988   7.139821639E-06
     989   7.125397757E-06
     990   7.111017539E-06
     991   7.096641178E-06
     992   7.082347843E-06
     993   7.068097646E-06
     994   7.053890414E-06
     995   7.039725976E-06
     996   6.978198316E-06
     997   6.964213951E-06
     998   6.950271581E-06
     999   6.936371038E-06
    1000   6.922512154E-06
    1001   6.845274835E-06
    1002   6.831625235E-06
    1003   6.818016419E-06
    1004   6.804448227E-06
    1005   6.790920497E-06
    1006   6.652873766E-06
    1007   6.639673620E-06
    1008   6.626512720E-06
    1009   6.613390913E-06
    1010   6.600308043E-06
    1011   6.460689705E-06
    1012   6.447934148E-06
    1013   6.435216329E-06
    1014   6.422536100E-06
    1015   6.409893312E-06
    1016   6.531419606E-06
    1017   6.518587741E-06
    1018   6.505793653E-06
    1019   6.493037195E-06
    1020   6.480318219E-06
    1021   6.324837017E-06
    1022   6.312471744E-06
    1023   6.300142698E-06
    1024   6.287849736E-06
    1025   6.275592719E-06
    1026   6.172869897E-06
    1027   6.160860423E-06
    1028   6.148885961E-06
    1029   6.136946377E-06
    1030   6.125041534E-06
    1031   5.994446683E-06
    1032   5.982840784E-06
    1033   5.971268558E-06
    1034   5.959729875E-06
    1035   5.948224605E-06
    1036   5.838970038E-06
    1037   5.827719614E-06
    1038   5.816501674E-06
    1039   5.805316094E-06
    1040   5.794162749E-06
    1041   5.755438595E-06
    1042   5.744402279E-06
    1043   5.733397677E-06
    1044   5.722424667E-06
    1045   5.711483129E-06
    1046   5.539884073E-06
    1047   5.529311775E-06
    1048   5.518769712E-06
    1049   5.508257770E-06
    1050   5.497775833E-06
    1051   5.516529742E-06
    1052   5.506052003E-06
    1053   5.495604086E-06
    1054   5.485185879E-06
    1055   5.474797270E-06
    1056   5.334051008E-06
    1057   5.323967736E-06
    1058   5.313913028E-06
    1059   5.303886777E-06
    1060   5.293888876E-06
    1061   5.238750952E-06
    1062   5.228894412E-06
    1063   5.219065663E-06
    1064   5.209264601E-06
    1065   5.199491121E-06
    1066   5.139174885E-06
    1067   5.129550962E-06
    1068   5.119954047E-06
    1069   5.110384039E-06
    1070   5.100840838E-06
    1071   5.024783568E-06
    1072   5.015417709E-06
    1073   5.006078011E-06
    1074   4.996764377E-06
    1075   4.987476711E-06
    1076   4.802590459E-06
    1077   4.793680273E-06
    1078   4.784794860E-06
    1079   4.775934129E-06
    1080   4.767097988E-06
    1081   4.788703067E-06
    1082   4.779859664E-06
    1083   4.771040734E-06
    1084   4.762246189E-06
    1085   4.753475938E-06
    1086   4.610979749E-06
    1087   4.602503683E-06
    1088   4.594050968E-06
    1089   4.585621516E-06
    1090   4.577215244E-06
    1091   4.485893923E-06
    1092   4.477685517E-06
    1093   4.469499620E-06
    1094   4.461336150E-06
    1095   4.453195026E-06
    1096   4.356926079E-06
    1097   4.348989966E-06
    1098   4.341075517E-06
    1099   4.333182652E-06
    1100   4.325311294E-06
    1101   4.290710298E-06
    1102   4.282930225E-06
    1103   4.275171293E-06
    1104   4.267433427E-06
    1105   4.259716549E-06
    1106   4.113944973E-06
    1107   4.106519080E-06
    1108   4.099113275E-06
    1109   4.091727485E-06
    1110   4.084361639E-06
    1111   4.040457256E-06
    1112   4.033196775E-06
    1113   4.025955848E-06
    1114   4.018734402E-06
    1115   4.011532369E-06
    1116   3.899448697E-06
    1117   3.892472939E-06
    1118   3.885515883E-06
    1119   3.878577462E-06
    1120   3.871657609E-06
    1121   3.847582319E-06
    1122   3.840729990E-06
    1123   3.833895951E-06
    1124   3.827080136E-06
    1125   3.820282481E-06
    1126   3.709278047E-06
    1127   3.702701313E-06
    1128   3.696142054E-06
    1129   3.689600210E-06
    1130   3.683075718E-06
    1131   3.619641773E-06
    1132   3.613252291E-06
    1133   3.606879712E-06
    1134   3.600523977E-06
    1135   3.594185026E-06
    1136   3.526353300E-06
    1137   3.520155842E-06
    1138   3.513974708E-06
    1139   3.507809840E-06
    1140   3.501661181E-06
    1141   3.463021899E-06
    1142   3.456962368E-06
    1143   3.450918728E-06
    1144   3.444890922E-06
    1145   3.438878896E-06
    1146   3.410225808E-06
    1147   3.404284648E-06
    1148   3.398359001E-06
    1149   3.392448811E-06
    1150   3.386554026E-06
    1151   3.249651430E-06
    1152   3.244014567E-06
    1153   3.238392358E-06
    1154   3.232784752E-06
    1155   3.227191699E-06
    1156   3.212153536E-06
    1157   3.206605775E-06
    1158   3.201072374E-06
    1159   3.195553284E-06
    1160   3.190048455E-06
    1161   3.079840729E-06
    1162   3.074544357E-06
    1163   3.069261634E-06
    1164   3.063992516E-06
    1165   3.058736954E-06
    1166   3.047645253E-06
    1167   3.042426682E-06
    1168   3.037221504E-06
    1169   3.032029672E-06
    1170   3.026851142E-06
    1171   3.007010877E-06
    1172   3.001883834E-06
    1173   2.996769892E-06
    1174   2.991669007E-06
    1175   2.986581134E-06
    1176   2.883521852E-06
    1177   2.878626229E-06
    1178   2.873743063E-06
    1179   2.868872312E-06
    1180   2.864013934E-06
    1181   2.867386663E-06
    1182   2.862539010E-06
    1183   2.857703640E-06
    1184   2.852880511E-06
    1185   2.848069583E-06
    1186   2.808473831E-06
    1187   2.803745761E-06
    1188   2.799029620E-06
    1189   2.794325368E-06
    1190   2.789632966E-06
    1191   2.743361782E-06
    1192   2.738762684E-06
    1193   2.734175142E-06
    1194   2.729599117E-06
    1195   2.725034570E-06
    1196   2.728297741E-06
    1197   2.723742987E-06
    1198   2.719199629E-06
    1199   2.714667630E-06
    1200   2.710146951E-06
    1201   2.678350291E-06
    1202   2.673897506E-06
    1203   2.669455816E-06
    1204   2.665025184E-06
    1205   2.660605573E-06
    1206   2.674323586E-06
    1207   2.669895898E-06
    1208   2.665479197E-06
    1209   2.661073446E-06
    1210   2.656678609E-06
    1211   2.568225666E-06
    1212   2.563991164E-06
    1213   2.559767126E-06
    1214   2.555553518E-06
    1215   2.551350305E-06
    1216   2.595648929E-06
    1217   2.591386779E-06
    1218   2.587135119E-06
    1219   2.582893914E-06
    1220   2.578663130E-06
    1221   2.620458073E-06
    1222   2.616172778E-06
    1223   2.611897986E-06
    1224   2.607633663E-06
    1225   2.603379774E-06
    1226   2.576729860E-06
    1227   2.572533232E-06
    1228   2.568346847E-06
    1229   2.564170673E-06
    1230   2.560004677E-06
    1231   2.666654652E-06
    1232   2.662329178E-06
    1233   2.658014220E-06
    1234   2.653709743E-06
    1235   2.649415714E-06
    1236   2.612481785E-06
    1237   2.608261297E-06
    1238   2.604051029E-06
    1239   2.599850946E-06
    1240   2.595661017E-06
    1241   2.600843438E-06
    1242   2.596658654E-06
    1243   2.592483961E-06
    1244   2.588319328E-06
    1245   2.584164723E-06
    1246   2.648493024E-06
    1247   2.644248644E-06
    1248   2.640014459E-06
    1249   2.635790435E-06
    1250   2.631576542E-06
    1251   2.622338981E-06
    1252   2.618153284E-06
    1253   2.613977601E-06
    1254   2.609811900E-06
    1255   2.605656148E-06
    1256   2.704228071E-06
    1257   2.699928821E-06
    1258   2.695639816E-06
    1259   2.691361023E-06
    1260   2.687092409E-06
    1261   2.671654022E-06
    1262   2.667423375E-06
    1263   2.663202768E-06
    1264   2.658992171E-06
    1265   2.654791551E-06
    1266   2.752769799E-06
    1267   2.748427891E-06
    1268   2.744096247E-06
    1269   2.739774836E-06
    1270   2.735463624E-06
    1271   2.781976247E-06
    1272   2.777605507E-06
    1273   2.773245058E-06
    1274   2.768894870E-06
    1275   2.764554910E-06
    1276   2.815904884E-06
    1277   2.811498147E-06
    1278   2.807101746E-06
    1279   2.802715650E-06
    1280   2.798339825E-06
    1281   2.882322442E-06
    1282   2.877829344E-06
    1283   2.873346744E-06
    1284   2.868874609E-06
    1285   2.864412907E-06
    1286   2.935995053E-06
    1287   2.931436054E-06
    1288   2.926887666E-06
    1289   2.922349856E-06
    1290   2.917822590E-06
    1291   3.067426442E-06
    1292   3.062681776E-06
    1293   3.057948111E-06
    1294   3.053225411E-06
    1295   3.048513643E-06
    1296   3.080156850E-06
    1297   3.075410846E-06
    1298   3.070675802E-06
    1299   3.065951685E-06
    1300   3.061238462E-06
    1301   3.157707341E-06
    1302   3.152860515E-06
    1303   3.148024839E-06
    1304   3.143200280E-06
    1305   3.138386803E-06
    1306   3.229549733E-06
    1307   3.224611584E-06
    1308   3.219684752E-06
    1309   3.214769202E-06
    1310   3.209864901E-06
    1311   3.324143892E-06
    1312   3.319080459E-06
    1313   3.314028586E-06
    1314   3.308988238E-06
    1315   3.303959381E-06
    1316   3.498347350E-06
    1317   3.493038780E-06
    1318   3.487742285E-06
    1319   3.482457827E-06
    1320   3.477185370E-06
    1321   3.559836922E-06
    1322   3.554455460E-06
    1323   3.549086192E-06
    1324   3.543729081E-06
    1325   3.538384090E-06
    1326   3.730107149E-06
    1327   3.724489518E-06
    1328   3.718884568E-06
    1329   3.713292260E-06
    1330   3.707712557E-06
    1331   3.867751558E-06
    1332   3.861948480E-06
    1333   3.856158452E-06
    1334   3.850381435E-06
    1335   3.844617391E-06
    1336   4.005037302E-06
    1337   3.999050699E-06
    1338   3.993077509E-06
    1339   3.987117692E-06
    1340   3.981171207E-06
    1341   4.136648357E-06
    1342   4.130488046E-06
    1343   4.124341487E-06
    1344   4.118208637E-06
    1345   4.112089456E-06
    1346   4.289209195E-06
    1347   4.282845383E-06
    1348   4.276495723E-06
    1349   4.270160174E-06
    1350   4.263838693E-06
    1351   4.435663597E-06
    1352   4.429106815E-06
    1353   4.422564559E-06
    1354   4.416036789E-06
    1355   4.409523460E-06
    1356   4.708514865E-06
    1357   4.701580381E-06
    1358   4.694661204E-06
    1359   4.687757291E-06
    1360   4.680868595E-06
    1361   4.859113077E-06
    1362   4.851983051E-06
    1363   4.844868706E-06
    1364   4.837769997E-06
    1365   4.830686879E-06
    1366   4.999000573E-06
    1367   4.991692092E-06
    1368   4.984399627E-06
    1369   4.977123132E-06
    1370   4.969862558E-06
    1371   5.197449104E-06
    1372   5.189878166E-06
    1373   5.182323758E-06
    1374   5.174785833E-06
    1375   5.167264342E-06
    1376   5.508432581E-06
    1377   5.500437759E-06
    1378   5.492460329E-06
    1379   5.484500242E-06
    1380   5.476557446E-06
    1381   5.683792620E-06
    1382   5.675573108E-06
    1383   5.667371413E-06
    1384   5.659187483E-06
    1385   5.651021268E-06
    1386   6.010406241E-06
    1387   6.001745713E-06
    1388   5.993103890E-06
    1389   5.984480719E-06
    1390   5.975876146E-06
    1391   6.046392776E-06
    1392   6.037711666E-06
    1393   6.029049239E-06
    1394   6.020405441E-06
    1395   6.011780218E-06
    1396   6.273221852E-06
    1397   6.264247286E-06
    1398   6.255291964E-06
    1399   6.246355833E-06
    1400   6.237438837E-06
    1401   6.345691760E-06
    1402   6.336645870E-06
    1403   6.327619309E-06
    1404   6.318612022E-06
    1405   6.309623953E-06
    1406   6.420498730E-06
    1407   6.411378704E-06
    1408   6.402278095E-06
    1409   6.393196850E-06
    1410   6.384134912E-06
    1411   6.633192812E-06
    1412   6.623804004E-06
    1413   6.614435116E-06
    1414   6.605086091E-06
    1415   6.595756874E-06
    1416   6.835857911E-06
    1417   6.826216362E-06
    1418   6.816595198E-06
    1419   6.806994359E-06
    1420   6.797413790E-06
    1421   7.076483294E-06
    1422   7.066537428E-06
    1423   7.056612516E-06
    1424   7.046708499E-06
    1425   7.036825317E-06
    1426   7.471704899E-06
    1427   7.461240326E-06
    1428   7.450797722E-06
    1429   7.440377026E-06
    1430   7.429978176E-06
    1431   7.690775530E-06
    1432   7.680041719E-06
    1433   7.669330364E-06
    1434   7.658641402E-06
    1435   7.647974770E-06
    1436   7.935722936E-06
    1437   7.924685770E-06
    1438   7.913671613E-06
    1439   7.902680402E-06
    1440   7.891712074E-06
    1441   8.147794173E-06
    1442   8.136501319E-06
    1443   8.125231926E-06
    1444   8.113985931E-06
    1445   8.102763267E-06
    1446   8.446033386E-06
    1447   8.434367594E-06
    1448   8.422725955E-06
    1449   8.411108402E-06
    1450   8.399514869E-06
    1451   8.748969591E-06
    1452   8.736926963E-06
    1453   8.724909182E-06
    1454   8.712916179E-06
    1455   8.700947888E-06
    1456   8.821970753E-06
    1457   8.809869284E-06
    1458   8.797792698E-06
    1459   8.785740928E-06
    1460   8.773713904E-06
    1461   9.294959476E-06
    1462   9.282252764E-06
    1463   9.269572091E-06
    1464   9.256917385E-06
    1465   9.244288575E-06
    1466   9.452758421E-06
    1467   9.439880004E-06
    1468   9.427027887E-06
    1469   9.414201998E-06
    1470   9.401402268E-06
    1471   9.975875840E-06
    1472   9.962330862E-06
    1473   9.948813453E-06
    1474   9.935323536E-06
    1475   9.921861038E-06
    1476   1.026192975E-05
    1477   1.024804351E-05
    1478   1.023418544E-05
    1479   1.022035546E-05
    1480   1.020655349E-05
    1481   1.066504462E-05
    1482   1.065066155E-05
    1483   1.063630756E-05
    1484   1.062198257E-05
    1485   1.060768650E-05
    1486   1.104895589E-05
    1487   1.103410515E-05
    1488   1.101928432E-05
    1489   1.100449333E-05
    1490   1.098973211E-05
    1491   1.111943737E-05
    1492   1.110454195E-05
    1493   1.108967643E-05
    1494   1.107484074E-05
    1495   1.106003480E-05
    1496   1.127928589E-05
    1497   1.126422676E-05
    1498   1.124919777E-05
    1499   1.123419884E-05
    1500   1.121922989E-05
    1501   1.159590892E-05
    1502   1.158047857E-05
    1503   1.156507900E-05
    1504   1.154971012E-05
    1505   1.153437186E-05
    1506   1.172707908E-05
    1507   1.171152592E-05
    1508   1.169600369E-05
    1509   1.168051229E-05
    1510   1.166505165E-05
    1511   1.193236729E-05
    1512   1.191659417E-05
    1513   1.190085230E-05
    1514   1.188514161E-05
    1515   1.186946200E-05
    1516   1.231124203E-05
    1517   1.229502169E-05
    1518   1.227883338E-05
    1519   1.226267702E-05
    1520   1.224655252E-05
    1521   1.261109289E-05
    1522   1.259453203E-05
    1523   1.257800378E-05
    1524   1.256150803E-05
    1525   1.254504472E-05
    1526   1.314210078E-05
    1527   1.312489908E-05
    1528   1.310773112E-05
    1529   1.309059683E-05
    1530   1.307349612E-05
    1531   1.346441807E-05
    1532   1.344685197E-05
    1533   1.342932022E-05
    1534   1.341182273E-05
    1535   1.339435942E-05
    1536   1.360372266E-05
    1537   1.358603251E-05
    1538   1.356837685E-05
    1539   1.355075558E-05
    1540   1.353316862E-05
    1541   1.377911523E-05
    1542   1.376125507E-05
    1543   1.374342961E-05
    1544   1.372563876E-05
    1545   1.370788243E-05
    1546   1.413820259E-05
    1547   1.411993618E-05
    1548   1.410170514E-05
    1549   1.408350939E-05
    1550   1.406534884E-05
    1551   1.420324333E-05
    1552   1.418495197E-05
    1553   1.416669592E-05
    1554   1.414847509E-05
    1555   1.413028939E-05
    1556   1.472974078E-05
    1557   1.471083226E-05
    1558   1.469196012E-05
    1559   1.467312427E-05
    1560   1.465432463E-05
    1561   1.498283804E-05
    1562   1.496366614E-05
    1563   1.494453102E-05
    1564   1.492543258E-05
    1565   1.490637072E-05
    1566   1.528507616E-05
    1567   1.526557989E-05
    1568   1.524612090E-05
    1569   1.522669909E-05
    1570   1.520731437E-05
    1571   1.576964726E-05
    1572   1.574959685E-05
    1573   1.572958465E-05
    1574   1.570961058E-05
    1575   1.568967452E-05
    1576   1.615779249E-05
    1577   1.613731367E-05
    1578   1.611687375E-05
    1579   1.609647265E-05
    1580   1.607611025E-05
    1581   1.672095278E-05
    1582   1.669982713E-05
    1583   1.667874149E-05
    1584   1.665769576E-05
    1585   1.663668984E-05
    1586   1.705695869E-05
    1587   1.703547637E-05
    1588   1.701403461E-05
    1589   1.699263331E-05
    1590   1.697127236E-05
    1591   1.729742126E-05
    1592   1.727570448E-05
    1593   1.725402856E-05
    1594   1.723239342E-05
    1595   1.721079894E-05
    1596   1.711385298E-05
    1597   1.709243389E-05
    1598   1.707105498E-05
    1599   1.704971616E-05
    1600   1.702841733E-05
    1601   1.721730252E-05
    1602   1.719582117E-05
    1603   1.717437999E-05
    1604   1.715297890E-05
    1605   1.713161778E-05
    1606   1.734093173E-05
    1607   1.731936340E-05
    1608   1.729783529E-05
    1609   1.727634730E-05
    1610   1.725489932E-05
    1611   1.748938599E-05
    1612   1.746770045E-05
    1613   1.744605522E-05
    1614   1.742445020E-05
    1615   1.740288529E-05
    1616   1.755363676E-05
    1617   1.753193882E-05
    1618   1.751028108E-05
    1619   1.748866345E-05
    1620   1.746708583E-05
    1621   1.765370490E-05
    1622   1.763195048E-05
    1623   1.761023626E-05
    1624   1.758856212E-05
    1625   1.756692798E-05
    1626   1.813421935E-05
    1627   1.811194144E-05
    1628   1.808970456E-05
    1629   1.806750860E-05
    1630   1.804535347E-05
    1631   1.855877616E-05
    1632   1.853604649E-05
    1633   1.851335855E-05
    1634   1.849071224E-05
    1635   1.846810746E-05
    1636   1.858083274E-05
    1637   1.855814552E-05
    1638   1.853549983E-05
    1639   1.851289556E-05
    1640   1.849033262E-05
    1641   1.883275519E-05
    1642   1.880983035E-05
    1643   1.878694735E-05
    1644   1.876410608E-05
    1645   1.874130643E-05
    1646   1.901096279E-05
    1647   1.898789123E-05
    1648   1.896486165E-05
    1649   1.894187394E-05
    1650   1.891892800E-05
    1651   1.910770206E-05
    1652   1.908458325E-05
    1653   1.906150636E-05
    1654   1.903847131E-05
    1655   1.901547799E-05
    1656   1.910721733E-05
    1657   1.908416882E-05
    1658   1.906116199E-05
    1659   1.903819673E-05
    1660   1.901527295E-05
    1661   1.911896893E-05
    1662   1.909597558E-05
    1663   1.907302369E-05
    1664   1.905011315E-05
    1665   1.902724386E-05
    1666   1.990104630E-05
    1667   1.987718413E-05
    1668   1.985336486E-05
    1669   1.982958837E-05
    1670   1.980585457E-05
    1671   2.046858832E-05
    1672   2.044411900E-05
    1673   2.041969353E-05
    1674   2.039531180E-05
    1675   2.037097372E-05
    1676   2.088673034E-05
    1677   2.086183555E-05
    1678   2.083698524E-05
    1679   2.081217930E-05
    1680   2.078741764E-05
    1681   2.108812489E-05
    1682   2.106306473E-05
    1683   2.103804921E-05
    1684   2.101307823E-05
    1685   2.098815169E-05
    1686   2.110619714E-05
    1687   2.108118979E-05
    1688   2.105622687E-05
    1689   2.103130826E-05
    1690   2.100643385E-05
    1691   2.106183346E-05
    1692   2.103695238E-05
    1693   2.101211536E-05
    1694   2.098732231E-05
    1695   2.096257310E-05
    1696   2.081979005E-05
    1697   2.079526733E-05
    1698   2.077078791E-05
    1699   2.074635169E-05
    1700   2.072195857E-05
    1701   2.087502001E-05
    1702   2.085050443E-05
    1703   2.082603200E-05
    1704   2.080160264E-05
    1705   2.077721623E-05
    1706   2.061392987E-05
    1707   2.058979178E-05
    1708   2.056569606E-05
    1709   2.054164262E-05
    1710   2.051763134E-05
    1711   2.064684460E-05
    1712   2.062273854E-05
    1713   2.059867467E-05
    1714   2.057465289E-05
    1715   2.055067311E-05
    1716   2.096165949E-05
    1717   2.093725709E-05
    1718   2.091289728E-05
    1719   2.088857996E-05
    1720   2.086430502E-05
    1721   2.075409582E-05
    1722   2.073000517E-05
    1723   2.070595644E-05
    1724   2.068194953E-05
    1725   2.065798435E-05
    1726   2.120703276E-05
    1727   2.118248759E-05
    1728   2.115798500E-05
    1729   2.113352490E-05
    1730   2.110910719E-05
    1731   2.123254977E-05
    1732   2.120804596E-05
    1733   2.118358454E-05
    1734   2.115916543E-05
    1735   2.113478851E-05
    1736   2.163208639E-05
    1737   2.160719331E-05
    1738   2.158234317E-05
    1739   2.155753588E-05
    1740   2.153277134E-05
    1741   2.184117951E-05
    1742   2.181611792E-05
    1743   2.179109943E-05
    1744   2.176612396E-05
    1745   2.174119140E-05
    1746   2.162652120E-05
    1747   2.160177689E-05
    1748   2.157707503E-05
    1749   2.155241552E-05
    1750   2.152779826E-05
    1751   2.163639847E-05
    1752   2.161171347E-05
    1753   2.158707070E-05
    1754   2.156247005E-05
    1755   2.153791142E-05
    1756   2.144587004E-05
    1757   2.142147200E-05
    1758   2.139711558E-05
    1759   2.137280068E-05
    1760   2.134852720E-05
    1761   2.174408559E-05
    1762   2.171941845E-05
    1763   2.169479326E-05
    1764   2.167020992E-05
    1765   2.164566835E-05
    1766   2.153198029E-05
    1767   2.150762284E-05
    1768   2.148330670E-05
    1769   2.145903178E-05
    1770   2.143479798E-05
    1771   2.202338214E-05
    1772   2.199853907E-05
    1773   2.197373801E-05
    1774   2.194897887E-05
    1775   2.192426155E-05
    1776   2.251294650E-05
    1777   2.248762260E-05
    1778   2.246234141E-05
    1779   2.243710282E-05
    1780   2.241190675E-05
    1781   2.263060719E-05
    1782   2.260522232E-05
    1783   2.257988014E-05
    1784   2.255458056E-05
    1785   2.252932347E-05
    1786   2.273471979E-05
    1787   2.270928945E-05
    1788   2.268390176E-05
    1789   2.265855662E-05
    1790   2.263325393E-05
    1791   2.230789036E-05
    1792   2.228300705E-05
    1793   2.225816535E-05
    1794   2.223336516E-05
    1795   2.220860641E-05
    1796   2.245040569E-05
    1797   2.242543305E-05
    1798   2.240050205E-05
    1799   2.237561260E-05
    1800   2.235076462E-05
    1801   2.191346167E-05
    1802   2.188915389E-05
    1803   2.186488654E-05
    1804   2.184065952E-05
    1805   2.181647274E-05
    1806   2.183155590E-05
    1807   2.180740595E-05
    1808   2.178329605E-05
    1809   2.175922611E-05
    1810   2.173519604E-05
    1811   2.176188202E-05
    1812   2.173787553E-05
    1813   2.171390875E-05
    1814   2.168998157E-05
    1815   2.166609393E-05
    1816   2.154604479E-05
    1817   2.152234177E-05
    1818   2.149867784E-05
    1819   2.147505292E-05
    1820   2.145146692E-05
    1821   2.168498774E-05
    1822   2.166119730E-05
    1823   2.163744599E-05
    1824   2.161373372E-05
    1825   2.159006041E-05
    1826   2.130803169E-05
    1827   2.128471874E-05
    1828   2.126144404E-05
    1829   2.123820749E-05
    1830   2.121500901E-05
    1831   2.119737829E-05
    1832   2.117424967E-05
    1833   2.115115889E-05
    1834   2.112810585E-05
    1835   2.110509049E-05
    1836   2.144042112E-05
    1837   2.141709096E-05
    1838   2.139379885E-05
    1839   2.137054472E-05
    1840   2.134732849E-05
    1841   2.147642629E-05
    1842   2.145312034E-05
    1843   2.142985232E-05
    1844   2.140662213E-05
    1845   2.138342969E-05
    1846   2.120305916E-05
    1847   2.118011213E-05
    1848   2.115720232E-05
    1849   2.113432967E-05
    1850   2.111149409E-05
    1851   2.054730093E-05
    1852   2.052512359E-05
    1853   2.050298214E-05
    1854   2.048087650E-05
    1855   2.045880659E-05
    1856   2.020229487E-05
    1857   2.018054859E-05
    1858   2.015883740E-05
    1859   2.013716123E-05
    1860   2.011552001E-05
    1861   2.006726061E-05
    1862   2.004571766E-05
    1863   2.002420938E-05
    1864   2.000273569E-05
    1865   1.998129653E-05
    1866   2.007818120E-05
    1867   2.005668422E-05
    1868   2.003522175E-05
    1869   2.001379370E-05
    1870   1.999240001E-05
    1871   2.043177545E-05
    1872   2.040995829E-05
    1873   2.038817605E-05
    1874   2.036642866E-05
    1875   2.034471605E-05
    1876   2.030181295E-05
    1877   2.028019228E-05
    1878   2.025860612E-05
    1879   2.023705441E-05
    1880   2.021553708E-05
    1881   2.064011563E-05
    1882   2.061819304E-05
    1883   2.059630536E-05
    1884   2.057445252E-05
    1885   2.055263443E-05
    1886   2.041542697E-05
    1887   2.039380046E-05
    1888   2.037220830E-05
    1889   2.035065040E-05
    1890   2.032912671E-05
    1891   2.018046709E-05
    1892   2.015914594E-05
    1893   2.013785857E-05
    1894   2.011660489E-05
    1895   2.009538484E-05
    1896   1.998763213E-05
    1897   1.996657034E-05
    1898   1.994554183E-05
    1899   1.992454653E-05
    1900   1.990358435E-05
    1901   1.907807937E-05
    1902   1.905802884E-05
    1903   1.903800990E-05
    1904   1.901802249E-05
    1905   1.899806653E-05
    1906   1.913845759E-05
    1907   1.911839631E-05
    1908   1.909836656E-05
    1909   1.907836827E-05
    1910   1.905840138E-05
    1911   1.901798843E-05
    1912   1.899810554E-05
    1913   1.897825381E-05
    1914   1.895843318E-05
    1915   1.893864358E-05
    1916   1.901784337E-05
    1917   1.899801246E-05
    1918   1.897821255E-05
    1919   1.895844358E-05
    1920   1.893870548E-05
    1921   1.909582075E-05
    1922   1.907596030E-05
    1923   1.905613082E-05
    1924   1.903633225E-05
    1925   1.901656451E-05
    1926   1.911789509E-05
    1927   1.909806325E-05
    1928   1.907826225E-05
    1929   1.905849203E-05
    1930   1.903875253E-05
    1931   1.950355962E-05
    1932   1.948338005E-05
    1933   1.946323178E-05
    1934   1.944311474E-05
    1935   1.942302888E-05
    1936   1.943862094E-05
    1937   1.941856044E-05
    1938   1.939853098E-05
    1939   1.937853249E-05
    1940   1.935856492E-05
    1941   1.932895106E-05
    1942   1.930905507E-05
    1943   1.928918979E-05
    1944   1.926935514E-05
    1945   1.924955108E-05
    1946   1.942797767E-05
    1947   1.940803108E-05
    1948   1.938811519E-05
    1949   1.936822995E-05
    1950   1.934837528E-05
    1951   1.859478347E-05
    1952   1.857574119E-05
    1953   1.855672815E-05
    1954   1.853774428E-05
    1955   1.851878954E-05
    1956   1.854558841E-05
    1957   1.852664501E-05
    1958   1.850773062E-05
    1959   1.848884518E-05
    1960   1.846998863E-05
    1961   1.758442621E-05
    1962   1.756651034E-05
    1963   1.754862184E-05
    1964   1.753076064E-05
    1965   1.751292670E-05
    1966   1.754805636E-05
    1967   1.753022297E-05
    1968   1.751241675E-05
    1969   1.749463765E-05
    1970   1.747688561E-05
    1971   1.770776156E-05
    1972   1.768981148E-05
    1973   1.767188867E-05
    1974   1.765399308E-05
    1975   1.763612467E-05
    1976   1.784908423E-05
    1977   1.783103662E-05
    1978   1.781301637E-05
    1979   1.779502342E-05
    1980   1.777705772E-05
    1981   1.804135669E-05
    1982   1.802316067E-05
    1983   1.800499216E-05
    1984   1.798685111E-05
    1985   1.796873746E-05
    1986   1.765115498E-05
    1987   1.763339727E-05
    1988   1.761566636E-05
    1989   1.759796217E-05
    1990   1.758028466E-05
    1991   1.744159554E-05
    1992   1.742409268E-05
    1993   1.740661616E-05
    1994   1.738916592E-05
    1995   1.737174190E-05
    1996   1.673554497E-05
    1997   1.671879267E-05
    1998   1.670206552E-05
    1999   1.668536345E-05
    2000   1.666868643E-05
    2001   1.617419596E-05
    2002   1.615804598E-05
    2003   1.614192019E-05
    2004   1.612581852E-05
    2005   1.610974094E-05
    2006   1.641425994E-05
    2007   1.639791107E-05
    2008   1.638158662E-05
    2009   1.636528654E-05
    2010   1.634901077E-05
    2011   1.714256303E-05
    2012   1.712553117E-05
    2013   1.710852469E-05
    2014   1.709154352E-05
    2015   1.707458762E-05
    2016   1.821713048E-05
    2017   1.819907584E-05
    2018   1.818104803E-05
    2019   1.816304699E-05
    2020   1.814507267E-05
    2021   1.874759845E-05
    2022   1.872906400E-05
    2023   1.871055702E-05
    2024   1.869207746E-05
    2025   1.867362526E-05
    2026   1.882994888E-05
    2027   1.881137891E-05
    2028   1.879283639E-05
    2029   1.877432128E-05
    2030   1.875583352E-05
    2031   1.899201562E-05
    2032   1.897333189E-05
    2033   1.895467571E-05
    2034   1.893604704E-05
    2035   1.891744581E-05
    2036   1.846425266E-05
    2037   1.844613269E-05
    2038   1.842803937E-05
    2039   1.840997267E-05
    2040   1.839193252E-05
    2041   1.850484182E-05
    2042   1.848672646E-05
    2043   1.846863769E-05
    2044   1.845057545E-05
    2045   1.843253970E-05
    2046   1.763349660E-05
    2047   1.761627639E-05
    2048   1.759908139E-05
    2049   1.758191156E-05
    2050   1.756476684E-05
    2051   1.684825469E-05
    2052   1.683184139E-05
    2053   1.681545206E-05
    2054   1.679908665E-05
    2055   1.678274513E-05
    2056   1.566682413E-05
    2057   1.565159884E-05
    2058   1.563639574E-05
    2059   1.562121477E-05
    2060   1.560605590E-05
    2061   1.457123346E-05
    2062   1.455710720E-05
    2063   1.454300148E-05
    2064   1.452891625E-05
    2065   1.451485147E-05
    2066   1.434004962E-05
    2067   1.432618110E-05
    2068   1.431233268E-05
    2069   1.429850434E-05
    2070   1.428469603E-05
    2071   1.526979759E-05
    2072   1.525506551E-05
    2073   1.524035474E-05
    2074   1.522566525E-05
    2075   1.521099697E-05
    2076   1.810394971E-05
    2077   1.808652531E-05
    2078   1.806912605E-05
    2079   1.805175190E-05
    2080   1.803440278E-05
    2081   2.151360178E-05
    2082   2.149294542E-05
    2083   2.147231879E-05
    2084   2.145172184E-05
    2085   2.143115451E-05
    2086   2.420773979E-05
    2087   2.418455230E-05
    2088   2.416139811E-05
    2089   2.413827715E-05
    2090   2.411518937E-05
    2091   2.478368042E-05
    2092   2.475999797E-05
    2093   2.473634945E-05
    2094   2.471273480E-05
    2095   2.468915394E-05
    2096   2.411817798E-05
    2097   2.409518639E-05
    2098   2.407222766E-05
    2099   2.404930173E-05
    2100   2.402640853E-05
    2101   2.370433918E-05
    2102   2.368179583E-05
    2103   2.365928461E-05
    2104   2.363680548E-05
    2105   2.361435837E-05
    2106   2.395872068E-05
    2107   2.393598944E-05
    2108   2.391329054E-05
    2109   2.389062392E-05
    2110   2.386798950E-05
    2111   2.646834478E-05
    2112   2.644329192E-05
    2113   2.641827462E-05
    2114   2.639329280E-05
    2115   2.636834639E-05
    2116   2.951996017E-05
    2117   2.949208486E-05
    2118   2.946424900E-05
    2119   2.943645254E-05
    2120   2.940869540E-05
    2121   3.127342438E-05
    2122   3.124396284E-05
    2123   3.121454292E-05
    2124   3.118516452E-05
    2125   3.115582759E-05
    2126   2.995910640E-05
    2127   2.993094935E-05
    2128   2.990283197E-05
    2129   2.987475419E-05
    2130   2.984671594E-05
    2131   2.567958865E-05
    2132   2.565551027E-05
    2133   2.563146575E-05
    2134   2.560745501E-05
    2135   2.558347799E-05
    2136   1.857129389E-05
    2137   1.855392131E-05
    2138   1.853657309E-05
    2139   1.851924919E-05
    2140   1.850194956E-05
    2141   9.563405430E-06
    2142   9.554480180E-06
    2143   9.545567419E-06
    2144   9.536667123E-06
    2145   9.527779269E-06
    2146  -1.167530271E-06
    2147  -1.166443185E-06
    2148  -1.165357617E-06
    2149  -1.164273563E-06
    2150  -1.163191022E-06
    2151  -1.270061225E-05
    2152  -1.268881419E-05
    2153  -1.267703257E-05
    2154  -1.266526734E-05
    2155  -1.265351848E-05
    2156  -2.313250206E-05
    2157  -2.311106322E-05
    2158  -2.308965418E-05
    2159  -2.306827487E-05
    2160  -2.304692524E-05
    2161  -3.174953208E-05
    2162  -3.172017514E-05
    2163  -3.169085890E-05
    2164  -3.166158328E-05
    2165  -3.163234820E-05
    2166  -3.582618289E-05
    2167  -3.579313290E-05
    2168  -3.576012863E-05
    2169  -3.572716999E-05
    2170  -3.569425689E-05
    2171  -3.226582338E-05
    2172  -3.223612635E-05
    2173  -3.220647030E-05
    2174  -3.217685516E-05
    2175  -3.214728084E-05
    2176  -1.487292246E-05
    2177  -1.485926505E-05
    2178  -1.484562644E-05
    2179  -1.483200660E-05
    2180  -1.481840549E-05
    2181   1.991314127E-05
    2182   1.989489744E-05
    2183   1.987667867E-05
    2184   1.985848491E-05
    2185   1.984031612E-05
    2186   7.273342053E-05
    2187   7.266693660E-05
    2188   7.260054378E-05
    2189   7.253424192E-05
    2190   7.246803083E-05
    2191   1.391347233E-04
    2192   1.390078334E-04
    2193   1.388811171E-04
    2194   1.387545739E-04
    2195   1.386282036E-04
    2196   2.229985752E-04
    2197   2.227956648E-04
    2198   2.225930312E-04
    2199   2.223906739E-04
    2200   2.221885924E-04
    2201   3.012093849E-04
    2202   3.009359311E-04
    2203   3.006628495E-04
    2204   3.003901394E-04
    2205   3.001178002E-04
    2206   3.767487694E-04
    2207   3.764075115E-04
    2208   3.760667170E-04
    2209   3.757263851E-04
    2210   3.753865150E-04
    2211   4.239738769E-04
    2212   4.235907103E-04
    2213   4.232080628E-04
    2214   4.228259337E-04
    2215   4.224443218E-04
    2216   4.503611180E-04
    2217   4.499550215E-04
    2218   4.495494739E-04
    2219   4.491444744E-04
    2220   4.487400219E-04
    2221   4.495615715E-04
    2222   4.491571076E-04
    2223   4.487531894E-04
    2224   4.483498157E-04
    2225   4.479469857E-04
    2226   3.725867609E-04
    2227   3.722523024E-04
    2228   3.719182941E-04
    2229   3.715847351E-04
    2230   3.712516246E-04
    2231   1.860613022E-04
    2232   1.858946552E-04
    2233   1.857282321E-04
    2234   1.855620323E-04
    2235   1.853960556E-04
    2236  -1.569203010E-04
    2237  -1.567800684E-04
    2238  -1.566400237E-04
    2239  -1.565001665E-04
    2240  -1.563604966E-04
    2241  -6.782486246E-04
    2242  -6.776438555E-04
    2243  -6.770398948E-04
    2244  -6.764367412E-04
    2245  -6.758343933E-04
    2246  -1.373918379E-03
    2247  -1.372696031E-03
    2248  -1.371475315E-03
    2249  -1.370256225E-03
    2250  -1.369038761E-03
    2251  -2.051671871E-03
    2252  -2.049850591E-03
    2253  -2.048031735E-03
    2254  -2.046215299E-03
    2255  -2.044401279E-03
    2256  -2.627829162E-03
    2257  -2.625501590E-03
    2258  -2.623177108E-03
    2259  -2.620855713E-03
    2260  -2.618537397E-03
    2261  -2.866506266E-03
    2262  -2.863972898E-03
    2263  -2.861442887E-03
    2264  -2.858916226E-03
    2265  -2.856392911E-03
    2266  -2.883270288E-03
    2267  -2.880727722E-03
    2268  -2.878188517E-03
    2269  -2.875652668E-03
    2270  -2.873120169E-03
    2271  -2.618870014E-03
    2272  -2.616565684E-03
    2273  -2.614264395E-03
    2274  -2.611966141E-03
    2275  -2.609670916E-03
    2276  -1.924262886E-03
    2277  -1.922573455E-03
    2278  -1.920886247E-03
    2279  -1.919201259E-03
    2280  -1.917518487E-03
    2281  -6.357914419E-04
    2282  -6.352344630E-04
    2283  -6.346782156E-04
    2284  -6.341226986E-04
    2285  -6.335679106E-04
    2286   1.648987031E-03
    2287   1.647545609E-03
    2288   1.646106076E-03
    2289   1.644668429E-03
    2290   1.643232664E-03
    2291   5.257429663E-03
    2292   5.252844029E-03
    2293   5.248264391E-03
    2294   5.243690740E-03
    2295   5.239123065E-03
    2296   1.001669577E-02
    2297   1.000797802E-02
    2298   9.999271646E-03
    2299   9.990576627E-03
    2300   9.981892945E-03
    2301   1.504827508E-02
    2302   1.503520667E-02
    2303   1.502215528E-02
    2304   1.500912087E-02
    2305   1.499610342E-02
    2306   1.977378288E-02
    2307   1.975664788E-02
    2308   1.973953515E-02
    2309   1.972244465E-02
    2310   1.970537633E-02
    2311   2.229709178E-02
    2312   2.227781198E-02
    2313   2.225855717E-02
    2314   2.223932732E-02
    2315   2.222012237E-02
    2316   2.370257820E-02
    2317   2.368212731E-02
    2318   2.366170288E-02
    2319   2.364130486E-02
    2320   2.362093321E-02
    2321   2.390008879E-02
    2322   2.387951187E-02
    2323   2.385896152E-02
    2324   2.383843768E-02
    2325   2.381794031E-02
    2326   2.349840079E-02
    2327   2.347821317E-02
    2328   2.345805154E-02
    2329   2.343791587E-02
    2330   2.341780612E-02
    2331   2.248184090E-02
    2332   2.246256800E-02
    2333   2.244331987E-02
    2334   2.242409647E-02
    2335   2.240489776E-02
    2336   2.019529342E-02
    2337   2.017801772E-02
    2338   2.016076417E-02
    2339   2.014353275E-02
    2340   2.012632341E-02
    2341   1.692275697E-02
    2342   1.690831160E-02
    2343   1.689388471E-02
    2344   1.687947628E-02
    2345   1.686508627E-02
    2346   1.246589705E-02
    2347   1.245527874E-02
    2348   1.244467399E-02
    2349   1.243408278E-02
    2350   1.242350508E-02
    2351   7.647373349E-03
    2352   7.640873244E-03
    2353   7.634381423E-03
    2354   7.627897872E-03
    2355   7.621422577E-03
    2356   3.515373546E-03
    2357   3.512391889E-03
    2358   3.509414024E-03
    2359   3.506439944E-03
    2360   3.503469644E-03
    2361   6.866048757E-04
    2362   6.860237459E-04
    2363   6.854433535E-04
    2364   6.848636974E-04
    2365   6.842847763E-04
    2366  -9.967063752E-04
    2367  -9.958645624E-04
    2368  -9.950238156E-04
    2369  -9.941841331E-04
    2370  -9.933455130E-04
    2371  -1.834507284E-03
    2372  -1.832961134E-03
    2373  -1.831416937E-03
    2374  -1.829874692E-03
    2375  -1.828334393E-03
    2376  -2.208534973E-03
    2377  -2.206677500E-03
    2378  -2.204822370E-03
    2379  -2.202969578E-03
    2380  -2.201119120E-03
    2381  -2.301030774E-03
    2382  -2.299099569E-03
    2383  -2.297170794E-03
    2384  -2.295244445E-03
    2385  -2.293320519E-03
    2386  -2.159310134E-03
    2387  -2.157501666E-03
    2388  -2.155695470E-03
    2389  -2.153891540E-03
    2390  -2.152089875E-03
    2391  -1.873804811E-03
    2392  -1.872238739E-03
    2393  -1.870674630E-03
    2394  -1.869112480E-03
    2395  -1.867552286E-03
    2396  -1.397086335E-03
    2397  -1.395921125E-03
    2398  -1.394757373E-03
    2399  -1.393595075E-03
    2400  -1.392434230E-03
    2401  -8.859110990E-04
    2402  -8.851737614E-04
    2403  -8.844373440E-04
    2404  -8.837018451E-04
    2405  -8.829672634E-04
    2406  -4.177000336E-04
    2407  -4.173531066E-04
    2408  -4.170066117E-04
    2409  -4.166605482E-04
    2410  -4.163149152E-04
    2411  -9.595875474E-05
    2412  -9.587921993E-05
    2413  -9.579978396E-05
    2414  -9.572044666E-05
    2415  -9.564120788E-05
    2416   9.944770672E-05
    2417   9.936545056E-05
    2418   9.928329640E-05
    2419   9.920124409E-05
    2420   9.911929346E-05
    2421   1.968738719E-04
    2422   1.967113676E-04
    2423   1.965490645E-04
    2424   1.963869622E-04
    2425   1.962250603E-04
    2426   2.331075967E-04
    2427   2.329155805E-04
    2428   2.327238015E-04
    2429   2.325322593E-04
    2430   2.323409535E-04
    2431   2.277080153E-04
    2432   2.275208324E-04
    2433   2.273338801E-04
    2434   2.271471583E-04
    2435   2.269606664E-04
    2436   2.058359778E-04
    2437   2.056671214E-04
    2438   2.054984726E-04
    2439   2.053300313E-04
    2440   2.051617969E-04
    2441   1.706051397E-04
    2442   1.704654711E-04
    2443   1.703259740E-04
    2444   1.701866481E-04
    2445   1.700474930E-04
    2446   1.245178861E-04
    2447   1.244161558E-04
    2448   1.243145501E-04
    2449   1.242130688E-04
    2450   1.241117118E-04
    2451   7.861263309E-05
    2452   7.854853799E-05
    2453   7.848452126E-05
    2454   7.842058275E-05
    2455   7.835672234E-05
    2456   3.568511101E-05
    2457   3.565607511E-05
    2458   3.562707465E-05
    2459   3.559810954E-05
    2460   3.556917975E-05
    2461   3.170403407E-06
    2462   3.167828983E-06
    2463   3.165257693E-06
    2464   3.162689533E-06
    2465   3.160124497E-06
    2466  -1.886147162E-05
    2467  -1.884618680E-05
    2468  -1.883092055E-05
    2469  -1.881567284E-05
    2470  -1.880044364E-05
    2471  -3.137596258E-05
    2472  -3.135058776E-05
    2473  -3.132524372E-05
    2474  -3.129993039E-05
    2475  -3.127464773E-05
    2476  -3.656773867E-05
    2477  -3.653822476E-05
    2478  -3.650874656E-05
    2479  -3.647930402E-05
    2480  -3.644989709E-05
    2481  -3.592035050E-05
    2482  -3.589141748E-05
    2483  -3.586251940E-05
    2484  -3.583365620E-05
    2485  -3.580482784E-05
    2486  -3.297956419E-05
    2487  -3.295305329E-05
    2488  -3.292657434E-05
    2489  -3.290012729E-05
    2490  -3.287371210E-05
    2491  -2.799410267E-05
    2492  -2.797164450E-05
    2493  -2.794921335E-05
    2494  -2.792680917E-05
    2495  -2.790443192E-05
    2496  -2.193141389E-05
    2497  -2.191385471E-05
    2498  -2.189631661E-05
    2499  -2.187879956E-05
    2500  -2.186130352E-05
    2501  -1.535709650E-05
    2502  -1.534482555E-05
    2503  -1.533256930E-05
    2504  -1.532032773E-05
    2505  -1.530810081E-05
    2506  -9.568608201E-06
    2507  -9.560977732E-06
    2508  -9.553356387E-06
    2509  -9.545744151E-06
    2510  -9.538141009E-06
    2511  -5.550867327E-06
    2512  -5.546449605E-06
    2513  -5.542037155E-06
    2514  -5.537629968E-06
    2515  -5.533228037E-06
    2516  -2.725961110E-06
    2517  -2.723795930E-06
    2518  -2.721633329E-06
    2519  -2.719473303E-06
    2520  -2.717315847E-06
    2521  -1.177008794E-06
    2522  -1.176075770E-06
    2523  -1.175143856E-06
    2524  -1.174213049E-06
    2525  -1.173283348E-06
    2526  -6.690171031E-07
    2527  -6.684878174E-07
    2528  -6.679591596E-07
    2529  -6.674311287E-07
    2530  -6.669037236E-07
    2531  -8.526819734E-07
    2532  -8.520087149E-07
    2533  -8.513362534E-07
    2534  -8.506645877E-07
    2535  -8.499937165E-07
    2536  -1.324520425E-06
    2537  -1.323476673E-06
    2538  -1.322434155E-06
    2539  -1.321392868E-06
    2540  -1.320352811E-06
    2541  -1.641332333E-06
    2542  -1.640041470E-06
    2543  -1.638752129E-06
    2544  -1.637464308E-06
    2545  -1.636178005E-06
    2546  -1.770347603E-06
    2547  -1.768958005E-06
    2548  -1.767570043E-06
    2549  -1.766183713E-06
    2550  -1.764799014E-06
    2551  -1.746723470E-06
    2552  -1.745355101E-06
    2553  -1.743988339E-06
    2554  -1.742623182E-06
    2555  -1.741259627E-06
    2556  -1.764799635E-06
    2557  -1.763419807E-06
    2558  -1.762041597E-06
    2559  -1.760665002E-06
    2560  -1.759290020E-06
    2561  -1.931651479E-06
    2562  -1.930144142E-06
    2563  -1.928638570E-06
    2564  -1.927134758E-06
    2565  -1.925632704E-06
    2566  -2.258153942E-06
    2567  -2.256395255E-06
    2568  -2.254638622E-06
    2569  -2.252884039E-06
    2570  -2.251131504E-06
    2571  -2.609832285E-06
    2572  -2.607803655E-06
    2573  -2.605777389E-06
    2574  -2.603753484E-06
    2575  -2.601731937E-06
    2576  -2.793825565E-06
    2577  -2.791658128E-06
    2578  -2.789493213E-06
    2579  -2.787330815E-06
    2580  -2.785170931E-06
    2581  -2.870459558E-06
    2582  -2.868236980E-06
    2583  -2.866016983E-06
    2584  -2.863799561E-06
    2585  -2.861584713E-06
    2586  -2.730438140E-06
    2587  -2.728328064E-06
    2588  -2.726220433E-06
    2589  -2.724115244E-06
    2590  -2.722012492E-06
    2591  -2.491087531E-06
    2592  -2.489166137E-06
    2593  -2.487246965E-06
    2594  -2.485330012E-06
    2595  -2.483415274E-06
    2596  -2.210814704E-06
    2597  -2.209112769E-06
    2598  -2.207412797E-06
    2599  -2.205714787E-06
    2600  -2.204018736E-06
    2601  -1.895706102E-06
    2602  -1.894249547E-06
    2603  -1.892794670E-06
    2604  -1.891341469E-06
    2605  -1.889889941E-06
    2606  -1.695560309E-06
    2607  -1.694260033E-06
    2608  -1.692961252E-06
    2609  -1.691663963E-06
    2610  -1.690368166E-06
    2611  -1.509556659E-06
    2612  -1.508401239E-06
    2613  -1.507247144E-06
    2614  -1.506094374E-06
    2615  -1.504942926E-06
    2616  -1.426012335E-06
    2617  -1.424922944E-06
    2618  -1.423834801E-06
    2619  -1.422747905E-06
    2620  -1.421662252E-06
    2621  -1.339883620E-06
    2622  -1.338861978E-06
    2623  -1.337841504E-06
    2624  -1.336822196E-06
    2625  -1.335804053E-06
    2626  -1.329938089E-06
    2627  -1.328925959E-06
    2628  -1.327914985E-06
    2629  -1.326905164E-06
    2630  -1.325896494E-06
    2631  -1.338978741E-06
    2632  -1.337961666E-06
    2633  -1.336945750E-06
    2634  -1.335930990E-06
    2635  -1.334917386E-06
    2636  -1.334511912E-06
    2637  -1.333500152E-06
    2638  -1.332489542E-06
    2639  -1.331480080E-06
    2640  -1.330471765E-06
    2641  -1.320920634E-06
    2642  -1.319921073E-06
    2643  -1.318922645E-06
    2644  -1.317925350E-06
    2645  -1.316929186E-06
    2646  -1.244328253E-06
    2647  -1.243388428E-06
    2648  -1.242449667E-06
    2649  -1.241511969E-06
    2650  -1.240575333E-06
    2651  -1.137527034E-06
    2652  -1.136669494E-06
    2653  -1.135812923E-06
    2654  -1.134957320E-06
    2655  -1.134102684E-06
    2656  -1.051692991E-06
    2657  -1.050901649E-06
    2658  -1.050111200E-06
    2659  -1.049321643E-06
    2660  -1.048532976E-06
    2661  -9.679714552E-07
    2662  -9.672444770E-07
    2663  -9.665183175E-07
    2664  -9.657929754E-07
    2665  -9.650684495E-07
    2666  -9.522214994E-07
    2667  -9.515076901E-07
    2668  -9.507946833E-07
    2669  -9.500824775E-07
    2670  -9.493710717E-07
    2671  -9.330160045E-07
    2672  -9.323179005E-07
    2673  -9.316205797E-07
    2674  -9.309240410E-07
    2675  -9.302282831E-07
    2676  -9.069477951E-07
    2677  -9.062704629E-07
    2678  -9.055938892E-07
    2679  -9.049180729E-07
    2680  -9.042430128E-07
    2681  -8.998183161E-07
    2682  -8.991475608E-07
    2683  -8.984775551E-07
    2684  -8.978082981E-07
    2685  -8.971397886E-07
    2686  -8.687836902E-07
    2687  -8.681372738E-07
    2688  -8.674915785E-07
    2689  -8.668466034E-07
    2690  -8.662023472E-07
    2691  -8.397462899E-07
    2692  -8.391226387E-07
    2693  -8.384996821E-07
    2694  -8.378774188E-07
    2695  -8.372558481E-07
    2696  -7.975801718E-07
    2697  -7.969889338E-07
    2698  -7.963983528E-07
    2699  -7.958084281E-07
    2700  -7.952191587E-07
