      50   3.275255301E-07
      51   3.513248454E-07
      52   3.380673041E-07
      53   3.255462928E-07
      54   3.137082458E-07
      55   3.025043799E-07
      56   3.362057259E-07
      57   3.246124250E-07
      58   3.136086140E-07
      59   3.031549935E-07
      60   2.932154855E-07
      61   2.810782118E-07
      62   2.721550940E-07
      63   2.636502473E-07
      64   2.555379320E-07
      65   2.477943583E-07
      66   2.298315291E-07
      67   2.230717782E-07
      68   2.166059296E-07
      69   2.104171887E-07
      70   2.044899440E-07
      71   2.810421759E-07
      72   2.733423902E-07
      73   2.659547581E-07
      74   2.588626312E-07
      75   2.520504567E-07
      76   3.760786420E-07
      77   3.664355999E-07
      78   3.571587493E-07
      79   3.482297805E-07
      80   3.396315144E-07
      81   2.835201241E-07
      82   2.766883139E-07
      83   2.701004969E-07
      84   2.637451911E-07
      85   2.576115820E-07
      86   2.800078657E-07
      87   2.736440506E-07
      88   2.674947461E-07
      89   2.615504184E-07
      90   2.558020576E-07
      91   6.997407694E-07
      92   6.846925808E-07
      93   6.701246535E-07
      94   6.560167661E-07
      95   6.423497501E-07
      96   7.718921516E-07
      97   7.561392506E-07
      98   7.408637102E-07
      99   7.260464360E-07
     100   7.116692788E-07
     101   1.465431033E-06
     102   1.436976061E-06
     103   1.409341906E-06
     104   1.382497298E-06
     105   1.356412444E-06
     106   2.748570845E-06
     107   2.697671385E-06
     108   2.648172827E-06
     109   2.600024231E-06
     110   2.553176947E-06
     111   7.329269742E-06
     112   7.199548153E-06
     113   7.073240291E-06
     114   6.950227416E-06
     115   6.830395909E-06
     116   8.013379094E-06
     117   7.877559109E-06
     118   7.745163158E-06
     119   7.616077105E-06
     120   7.490191533E-06
     121   6.989527074E-06
     122   6.875876227E-06
     123   6.764974997E-06
     124   6.656735397E-06
     125   6.551072931E-06
     126   1.963769128E-05
     127   1.933085235E-05
     128   1.903114922E-05
     129   1.873836231E-05
     130   1.845228044E-05
     131   1.653983969E-05
     132   1.629112030E-05
     133   1.604796925E-05
     134   1.581022156E-05
     135   1.557771830E-05
     136   1.844859820E-05
     137   1.818122721E-05
     138   1.791962682E-05
     139   1.766363215E-05
     140   1.741308418E-05
     141   2.016599597E-05
     142   1.988395407E-05
     143   1.960778804E-05
     144   1.933733579E-05
     145   1.907244078E-05
     146   1.804636871E-05
     147   1.780249887E-05
     148   1.756353915E-05
     149   1.732935863E-05
     150   1.709983070E-05
     151   2.156003212E-05
     152   2.127820163E-05
     153   2.100186135E-05
     154   2.073086959E-05
     155   2.046508921E-05
     156   2.065221399E-05
     157   2.039079356E-05
     158   2.013430559E-05
     159   1.988262677E-05
     160   1.963563762E-05
     161   2.111863074E-05
     162   2.085950643E-05
     163   2.060512221E-05
     164   2.035536315E-05
     165   2.011011781E-05
     166   2.247904321E-05
     167   2.221143555E-05
     168   2.194857833E-05
     169   2.169035976E-05
     170   2.143667134E-05
     171   2.339058913E-05
     172   2.312017770E-05
     173   2.285442853E-05
     174   2.259323506E-05
     175   2.233649375E-05
     176   2.200254803E-05
     177   2.175532839E-05
     178   2.151225210E-05
     179   2.127322707E-05
     180   2.103816379E-05
     181   2.508788582E-05
     182   2.481370128E-05
     183   2.454398713E-05
     184   2.427864673E-05
     185   2.401758601E-05
     186   2.275957795E-05
     187   2.251745478E-05
     188   2.227917484E-05
     189   2.204465721E-05
     190   2.181382310E-05
     191   2.427435199E-05
     192   2.402280430E-05
     193   2.377514652E-05
     194   2.353129887E-05
     195   2.329118357E-05
     196   2.242027018E-05
     197   2.219380280E-05
     198   2.197074951E-05
     199   2.175104201E-05
     200   2.153461374E-05
     201   2.034181618E-05
     202   2.014140420E-05
     203   1.994393945E-05
     204   1.974936443E-05
     205   1.955762303E-05
     206   2.517374621E-05
     207   2.493169096E-05
     208   2.469311018E-05
     209   2.445793770E-05
     210   2.422610891E-05
     211   2.123260797E-05
     212   2.103324076E-05
     213   2.083666841E-05
     214   2.064283894E-05
     215   2.045170154E-05
     216   2.516467683E-05
     217   2.493380824E-05
     218   2.470610223E-05
     219   2.448150130E-05
     220   2.425994925E-05
     221   2.372748703E-05
     222   2.351468446E-05
     223   2.330473192E-05
     224   2.309757874E-05
     225   2.289317539E-05
     226   2.160838382E-05
     227   2.141883659E-05
     228   2.123177252E-05
     229   2.104714841E-05
     230   2.086492201E-05
     231   2.399442950E-05
     232   2.378846873E-05
     233   2.358514848E-05
     234   2.338442381E-05
     235   2.318625073E-05
     236   2.099126934E-05
     237   2.081487212E-05
     238   2.064068909E-05
     239   2.046868334E-05
     240   2.029881875E-05
     241   2.556980682E-05
     242   2.535935573E-05
     243   2.515149216E-05
     244   2.494617386E-05
     245   2.474335944E-05
     246   2.387929842E-05
     247   2.368672343E-05
     248   2.349646862E-05
     249   2.330849687E-05
     250   2.312277180E-05
     251   2.226578432E-05
     252   2.208977021E-05
     253   2.191583502E-05
     254   2.174394611E-05
     255   2.157407153E-05
     256   2.442703165E-05
     257   2.423767482E-05
     258   2.405051131E-05
     259   2.386550737E-05
     260   2.368262992E-05
     261   2.251809349E-05
     262   2.234685324E-05
     263   2.217755890E-05
     264   2.201018109E-05
     265   2.184469101E-05
     266   2.560081481E-05
     267   2.540976396E-05
     268   2.522084378E-05
     269   2.503402271E-05
     270   2.484926978E-05
     271   2.358947006E-05
     272   2.341665343E-05
     273   2.324572895E-05
     274   2.307666910E-05
     275   2.290944686E-05
     276   2.453440264E-05
     277   2.435789614E-05
     278   2.418328757E-05
     279   2.401054980E-05
     280   2.383965621E-05
     281   2.336761779E-05
     282   2.320247561E-05
     283   2.303907790E-05
     284   2.287740016E-05
     285   2.271741834E-05
     286   2.295906738E-05
     287   2.279962941E-05
     288   2.264184651E-05
     289   2.248569584E-05
     290   2.233115498E-05
     291   2.465060947E-05
     292   2.448234593E-05
     293   2.431579936E-05
     294   2.415094648E-05
     295   2.398776441E-05
     296   2.448207255E-05
     297   2.431776334E-05
     298   2.415510271E-05
     299   2.399406870E-05
     300   2.383463967E-05
     301   2.471233345E-05
     302   2.454921573E-05
     303   2.438770773E-05
     304   2.422778834E-05
     305   2.406943678E-05
     306   2.210981902E-05
     307   2.196624877E-05
     308   2.182407240E-05
     309   2.168327194E-05
     310   2.154382967E-05
     311   2.385563037E-05
     312   2.370319822E-05
     313   2.355222244E-05
     314   2.340268452E-05
     315   2.325456626E-05
     316   2.409929093E-05
     317   2.394772306E-05
     318   2.379758060E-05
     319   2.364884572E-05
     320   2.350150089E-05
     321   2.325289555E-05
     322   2.310891477E-05
     323   2.296626715E-05
     324   2.282493627E-05
     325   2.268490599E-05
     326   2.406038012E-05
     327   2.391367048E-05
     328   2.376829863E-05
     329   2.362424833E-05
     330   2.348150363E-05
     331   2.295115330E-05
     332   2.281330854E-05
     333   2.267670190E-05
     334   2.254131860E-05
     335   2.240714409E-05
     336   2.403230215E-05
     337   2.389009918E-05
     338   2.374915464E-05
     339   2.360945373E-05
     340   2.347098186E-05
     341   2.374754134E-05
     342   2.360907171E-05
     343   2.347180967E-05
     344   2.333574120E-05
     345   2.320085253E-05
     346   2.263636549E-05
     347   2.250627144E-05
     348   2.237729567E-05
     349   2.224942541E-05
     350   2.212264806E-05
     351   2.374137482E-05
     352   2.360686278E-05
     353   2.347349068E-05
     354   2.334124566E-05
     355   2.321011507E-05
     356   2.228490732E-05
     357   2.216041063E-05
     358   2.203695431E-05
     359   2.191452678E-05
     360   2.179311666E-05
     361   2.437026914E-05
     362   2.423599769E-05
     363   2.410283287E-05
     364   2.397076255E-05
     365   2.383977478E-05
     366   2.176490412E-05
     367   2.164661660E-05
     368   2.152929077E-05
     369   2.141291622E-05
     370   2.129748271E-05
     371   2.289957016E-05
     372   2.277678426E-05
     373   2.265498327E-05
     374   2.253415669E-05
     375   2.241429416E-05
     376   2.218589758E-05
     377   2.206851188E-05
     378   2.195205535E-05
     379   2.183651822E-05
     380   2.172189083E-05
     381   2.319419520E-05
     382   2.307307669E-05
     383   2.295290441E-05
     384   2.283366854E-05
     385   2.271535938E-05
     386   2.405149266E-05
     387   2.392751590E-05
     388   2.380449525E-05
     389   2.368242092E-05
     390   2.356128321E-05
     391   2.131013439E-05
     392   2.120168587E-05
     393   2.109406310E-05
     394   2.098725771E-05
     395   2.088126146E-05
     396   2.265018498E-05
     397   2.253636495E-05
     398   2.242340072E-05
     399   2.231128372E-05
     400   2.220000549E-05
     401   2.325346894E-05
     402   2.313806711E-05
     403   2.302352223E-05
     404   2.290982582E-05
     405   2.279696954E-05
     406   2.197490602E-05
     407   2.186718590E-05
     408   2.176025589E-05
     409   2.165410830E-05
     410   2.154873551E-05
     411   2.292897144E-05
     412   2.281793526E-05
     413   2.270770368E-05
     414   2.259826897E-05
     415   2.248962344E-05
     416   2.186260215E-05
     417   2.175799639E-05
     418   2.165413961E-05
     419   2.155102466E-05
     420   2.144864449E-05
     421   2.344548110E-05
     422   2.333462777E-05
     423   2.322455877E-05
     424   2.311526673E-05
     425   2.300674435E-05
     426   2.297087308E-05
     427   2.286353255E-05
     428   2.275694266E-05
     429   2.265109641E-05
     430   2.254598692E-05
     431   2.215089724E-05
     432   2.204858363E-05
     433   2.194697725E-05
     434   2.184607161E-05
     435   2.174586027E-05
     436   2.335732978E-05
     437   2.325067531E-05
     438   2.314474968E-05
     439   2.303954627E-05
     440   2.293505853E-05
     441   2.171807794E-05
     442   2.162002793E-05
     443   2.152264041E-05
     444   2.142590944E-05
     445   2.132982913E-05
     446   2.410156288E-05
     447   2.399396662E-05
     448   2.388708926E-05
     449   2.378092442E-05
     450   2.367546578E-05
     451   2.218972603E-05
     452   2.209175814E-05
     453   2.199443762E-05
     454   2.189775877E-05
     455   2.180171597E-05
     456   2.215549136E-05
     457   2.205874249E-05
     458   2.196262596E-05
     459   2.186713629E-05
     460   2.177226802E-05
     461   2.253463293E-05
     462   2.243729110E-05
     463   2.234057864E-05
     464   2.224449013E-05
     465   2.214902022E-05
     466   2.190701154E-05
     467   2.181339183E-05
     468   2.172037097E-05
     469   2.162794386E-05
     470   2.153610545E-05
     471   2.342652315E-05
     472   2.332746809E-05
     473   2.322903995E-05
     474   2.313123347E-05
     475   2.303404341E-05
     476   2.184645265E-05
     477   2.175504490E-05
     478   2.166420964E-05
     479   2.157394210E-05
     480   2.148423756E-05
     481   2.255089834E-05
     482   2.245751988E-05
     483   2.236472021E-05
     484   2.227249456E-05
     485   2.218083821E-05
     486   2.292596449E-05
     487   2.283200562E-05
     488   2.273862318E-05
     489   2.264581247E-05
     490   2.255356884E-05
     491   2.170518036E-05
     492   2.161712689E-05
     493   2.152960816E-05
     494   2.144261985E-05
     495   2.135615767E-05
     496   2.409881082E-05
     497   2.400202845E-05
     498   2.390582794E-05
     499   2.381020463E-05
     500   2.371515391E-05
     501   2.143087860E-05
     502   2.134566636E-05
     503   2.126096133E-05
     504   2.117675951E-05
     505   2.109305690E-05
     506   2.364967383E-05
     507   2.355656488E-05
     508   2.346400470E-05
     509   2.337198900E-05
     510   2.328051350E-05
     511   2.420848371E-05
     512   2.411410366E-05
     513   2.402027446E-05
     514   2.392699184E-05
     515   2.383425156E-05
     516   2.414957542E-05
     517   2.405633381E-05
     518   2.396363118E-05
     519   2.387146337E-05
     520   2.377982627E-05
     521   2.581235638E-05
     522   2.571364757E-05
     523   2.561550387E-05
     524   2.551792100E-05
     525   2.542089468E-05
     526   2.459857158E-05
     527   2.450539518E-05
     528   2.441274718E-05
     529   2.432062360E-05
     530   2.422902050E-05
     531   2.635962385E-05
     532   2.626071344E-05
     533   2.616235871E-05
     534   2.606455550E-05
     535   2.596729969E-05
     536   2.554605869E-05
     537   2.545109193E-05
     538   2.535665374E-05
     539   2.526274021E-05
     540   2.516934746E-05
     541   2.596258936E-05
     542   2.586696288E-05
     543   2.577186375E-05
     544   2.567728811E-05
     545   2.558323210E-05
     546   2.650645370E-05
     547   2.640971482E-05
     548   2.631350457E-05
     549   2.621781910E-05
     550   2.612265460E-05
     551   2.614901628E-05
     552   2.605444479E-05
     553   2.596038542E-05
     554   2.586683449E-05
     555   2.577378832E-05
     556   2.616489066E-05
     557   2.607110969E-05
     558   2.597783201E-05
     559   2.588505404E-05
     560   2.579277221E-05
     561   2.541852719E-05
     562   2.532823047E-05
     563   2.523841405E-05
     564   2.514907453E-05
     565   2.506020854E-05
     566   2.535414543E-05
     567   2.526487027E-05
     568   2.517606580E-05
     569   2.508772873E-05
     570   2.499985578E-05
     571   2.710485933E-05
     572   2.701025249E-05
     573   2.691614011E-05
     574   2.682251875E-05
     575   2.672938501E-05
     576   2.876997778E-05
     577   2.867042768E-05
     578   2.857139339E-05
     579   2.847287134E-05
     580   2.837485801E-05
     581   3.074551919E-05
     582   3.064004571E-05
     583   3.053511405E-05
     584   3.043072050E-05
     585   3.032686138E-05
     586   3.210011095E-05
     587   3.199092690E-05
     588   3.188229897E-05
     589   3.177422338E-05
     590   3.166669639E-05
     591   3.453771227E-05
     592   3.442122758E-05
     593   3.430533119E-05
     594   3.419001915E-05
     595   3.407528754E-05
     596   3.513757614E-05
     597   3.502005917E-05
     598   3.490313075E-05
     599   3.478678699E-05
     600   3.467102397E-05
     601   3.539953454E-05
     602   3.528212315E-05
     603   3.516529492E-05
     604   3.504904602E-05
     605   3.493337260E-05
     606   3.500184518E-05
     607   3.488670753E-05
     608   3.477213706E-05
     609   3.465813005E-05
     610   3.454468282E-05
     611   3.719832315E-05
     612   3.707695831E-05
     613   3.695618646E-05
     614   3.683600374E-05
     615   3.671640632E-05
     616   4.191663516E-05
     617   4.178098262E-05
     618   4.164598752E-05
     619   4.151164562E-05
     620   4.137795272E-05
     621   4.200212239E-05
     622   4.186728411E-05
     623   4.173309410E-05
     624   4.159954820E-05
     625   4.146664230E-05
     626   4.226945650E-05
     627   4.213484039E-05
     628   4.200086634E-05
     629   4.186753025E-05
     630   4.173482810E-05
     631   3.887300670E-05
     632   3.875018519E-05
     633   3.862794486E-05
     634   3.850628204E-05
     635   3.838519310E-05
     636   3.781113577E-05
     637   3.769260556E-05
     638   3.757463183E-05
     639   3.745721111E-05
     640   3.734033994E-05
     641   3.303636984E-05
     642   3.293361286E-05
     643   3.283133456E-05
     644   3.272953197E-05
     645   3.262820215E-05
     646   2.807629418E-05
     647   2.798963895E-05
     648   2.790338429E-05
     649   2.781752772E-05
     650   2.773206681E-05
     651   2.306885167E-05
     652   2.299819669E-05
     653   2.292786581E-05
     654   2.285785706E-05
     655   2.278816847E-05
     656   1.791367134E-05
     657   1.785922249E-05
     658   1.780502151E-05
     659   1.775106690E-05
     660   1.769735717E-05
     661   1.380619904E-05
     662   1.376455138E-05
     663   1.372309188E-05
     664   1.368181943E-05
     665   1.364073288E-05
     666   1.100066458E-05
     667   1.096772846E-05
     668   1.093494004E-05
     669   1.090229842E-05
     670   1.086980275E-05
     671   1.285156960E-05
     672   1.281337771E-05
     673   1.277535582E-05
     674   1.273750292E-05
     675   1.269981800E-05
     676   2.638443827E-05
     677   2.630660807E-05
     678   2.622912174E-05
     679   2.615197727E-05
     680   2.607517263E-05
     681   5.011578613E-05
     682   4.996903419E-05
     683   4.982292591E-05
     684   4.967745751E-05
     685   4.953262527E-05
     686   9.017637910E-05
     687   8.991423846E-05
     688   8.965323922E-05
     689   8.939337476E-05
     690   8.913463851E-05
     691   1.370760087E-04
     692   1.366804069E-04
     693   1.362865153E-04
     694   1.358943239E-04
     695   1.355038229E-04
     696   1.972663834E-04
     697   1.967011502E-04
     698   1.961383429E-04
     699   1.955779477E-04
     700   1.950199507E-04
     701   2.720524314E-04
     702   2.712784558E-04
     703   2.705077784E-04
     704   2.697403804E-04
     705   2.689762434E-04
     706   3.115314771E-04
     707   3.106514447E-04
     708   3.097751360E-04
     709   3.089025300E-04
     710   3.080336058E-04
     711   3.676669695E-04
     712   3.666356456E-04
     713   3.656086550E-04
     714   3.645859735E-04
     715   3.635675769E-04
     716   3.931193684E-04
     717   3.920243284E-04
     718   3.909338574E-04
     719   3.898479300E-04
     720   3.887665210E-04
     721   3.962677034E-04
     722   3.951715272E-04
     723   3.940798932E-04
     724   3.929927762E-04
     725   3.919101515E-04
     726   3.484594461E-04
     727   3.475021399E-04
     728   3.465487733E-04
     729   3.455993246E-04
     730   3.446537724E-04
     731   2.033065249E-04
     732   2.027518004E-04
     733   2.021993432E-04
     734   2.016491409E-04
     735   2.011011812E-04
     736  -5.749847189E-05
     737  -5.734264948E-05
     738  -5.718745963E-05
     739  -5.703289893E-05
     740  -5.687896398E-05
     741  -4.773107628E-04
     742  -4.760259424E-04
     743  -4.747463028E-04
     744  -4.734718161E-04
     745  -4.722024546E-04
     746  -1.018141095E-03
     747  -1.015418793E-03
     748  -1.012707394E-03
     749  -1.010006841E-03
     750  -1.007317076E-03
     751  -1.576126410E-03
     752  -1.571940151E-03
     753  -1.567770549E-03
     754  -1.563617514E-03
     755  -1.559480960E-03
     756  -1.969526159E-03
     757  -1.964329520E-03
     758  -1.959153421E-03
     759  -1.953997754E-03
     760  -1.948862412E-03
     761  -2.353945852E-03
     762  -2.347775614E-03
     763  -2.341629604E-03
     764  -2.335507697E-03
     765  -2.329409765E-03
     766  -2.343527349E-03
     767  -2.337424413E-03
     768  -2.331345286E-03
     769  -2.325289843E-03
     770  -2.319257963E-03
     771  -2.180749380E-03
     772  -2.175107079E-03
     773  -2.169486648E-03
     774  -2.163887972E-03
     775  -2.158310941E-03
     776  -1.557694567E-03
     777  -1.553690210E-03
     778  -1.549701275E-03
     779  -1.545727682E-03
     780  -1.541769353E-03
     781  -4.529544573E-04
     782  -4.517974855E-04
     783  -4.506449409E-04
     784  -4.494968009E-04
     785  -4.483530431E-04
     786   1.582524213E-03
     787   1.578507654E-03
     788   1.574506367E-03
     789   1.570520275E-03
     790   1.566549301E-03
     791   4.830457771E-03
     792   4.818275027E-03
     793   4.806138314E-03
     794   4.794047400E-03
     795   4.782002055E-03
     796   9.295119674E-03
     797   9.271823635E-03
     798   9.248615065E-03
     799   9.225493527E-03
     800   9.202458587E-03
     801   1.452445881E-02
     802   1.448828332E-02
     803   1.445224281E-02
     804   1.441633662E-02
     805   1.438056407E-02
     806   1.883962678E-02
     807   1.879299404E-02
     808   1.874653423E-02
     809   1.870024649E-02
     810   1.865412997E-02
     811   2.146280858E-02
     812   2.141000955E-02
     813   2.135740510E-02
     814   2.130499429E-02
     815   2.125277617E-02
     816   2.300107486E-02
     817   2.294483751E-02
     818   2.288880616E-02
     819   2.283297981E-02
     820   2.277735745E-02
     821   2.395087289E-02
     822   2.389266907E-02
     823   2.383467716E-02
     824   2.377689612E-02
     825   2.371932494E-02
     826   2.365163757E-02
     827   2.359450801E-02
     828   2.353758519E-02
     829   2.348086812E-02
     830   2.342435580E-02
     831   2.331669457E-02
     832   2.326071211E-02
     833   2.320493102E-02
     834   2.314935035E-02
     835   2.309396913E-02
     836   2.088552319E-02
     837   2.083567707E-02
     838   2.078600919E-02
     839   2.073651869E-02
     840   2.068720473E-02
     841   1.771971942E-02
     842   1.767767976E-02
     843   1.763578952E-02
     844   1.759404801E-02
     845   1.755245451E-02
     846   1.334722467E-02
     847   1.331574536E-02
     848   1.328437729E-02
     849   1.325311994E-02
     850   1.322197277E-02
     851   8.139392399E-03
     852   8.120308244E-03
     853   8.101291128E-03
     854   8.082340740E-03
     855   8.063456766E-03
     856   3.822613312E-03
     857   3.813702792E-03
     858   3.804823391E-03
     859   3.795974964E-03
     860   3.787157369E-03
     861   6.945823244E-04
     862   6.929726318E-04
     863   6.913685285E-04
     864   6.897699886E-04
     865   6.881769863E-04
     866  -1.167497395E-03
     867  -1.164807309E-03
     868  -1.162126510E-03
     869  -1.159454955E-03
     870  -1.156792601E-03
     871  -2.211571068E-03
     872  -2.206504468E-03
     873  -2.201455258E-03
     874  -2.196423361E-03
     875  -2.191408696E-03
     876  -2.625602906E-03
     877  -2.619622034E-03
     878  -2.613661574E-03
     879  -2.607721434E-03
     880  -2.601801522E-03
     881  -2.755630703E-03
     882  -2.749389184E-03
     883  -2.743168847E-03
     884  -2.736969595E-03
     885  -2.730791334E-03
     886  -2.650392931E-03
     887  -2.644423577E-03
     888  -2.638474368E-03
     889  -2.632545212E-03
     890  -2.626636020E-03
     891  -2.341158043E-03
     892  -2.335914688E-03
     893  -2.330688928E-03
     894  -2.325480685E-03
     895  -2.320289879E-03
     896  -1.827499655E-03
     897  -1.823429500E-03
     898  -1.819372927E-03
     899  -1.815329876E-03
     900  -1.811300287E-03
     901  -1.155061840E-03
     902  -1.152503564E-03
     903  -1.149953777E-03
     904  -1.147412443E-03
     905  -1.144879523E-03
     906  -5.917465576E-04
     907  -5.904431511E-04
     908  -5.891440463E-04
     909  -5.878492242E-04
     910  -5.865586661E-04
     911  -1.788388468E-04
     912  -1.784470859E-04
     913  -1.780566109E-04
     914  -1.776674161E-04
     915  -1.772794960E-04
     916   7.352487509E-05
     917   7.336469017E-05
     918   7.320502817E-05
     919   7.304588681E-05
     920   7.288726382E-05
     921   2.034969315E-04
     922   2.030559847E-04
     923   2.026164696E-04
     924   2.021783799E-04
     925   2.017417096E-04
     926   2.527317722E-04
     927   2.521870917E-04
     928   2.516441700E-04
     929   2.511029998E-04
     930   2.505635734E-04
     931   2.663765717E-04
     932   2.658055608E-04
     933   2.652363840E-04
     934   2.646690335E-04
     935   2.641035013E-04
     936   2.333180156E-04
     937   2.328205358E-04
     938   2.323246454E-04
     939   2.318303377E-04
     940   2.313376058E-04
     941   1.962593951E-04
     942   1.958431504E-04
     943   1.954282285E-04
     944   1.950146237E-04
     945   1.946023307E-04
     946   1.407026141E-04
     947   1.404057731E-04
     948   1.401098705E-04
     949   1.398149024E-04
     950   1.395208647E-04
     951   7.991263546E-05
     952   7.974492794E-05
     953   7.957774779E-05
     954   7.941109282E-05
     955   7.924496083E-05
     956   2.231293807E-05
     957   2.226635573E-05
     958   2.221991912E-05
     959   2.217362762E-05
     960   2.212748064E-05
     961  -2.110666011E-05
     962  -2.106282489E-05
     963  -2.101912608E-05
     964  -2.097556313E-05
     965  -2.093213546E-05
     966  -5.335707979E-05
     967  -5.324683789E-05
     968  -5.313693729E-05
     969  -5.302737660E-05
     970  -5.291815440E-05
     971  -6.908167480E-05
     972  -6.893967752E-05
     973  -6.879811761E-05
     974  -6.865699326E-05
     975  -6.851630270E-05
     976  -7.906032991E-05
     977  -7.889865234E-05
     978  -7.873747021E-05
     979  -7.857678150E-05
     980  -7.841658418E-05
     981  -7.738052709E-05
     982  -7.722308960E-05
     983  -7.706613210E-05
     984  -7.690965264E-05
     985  -7.675364929E-05
     986  -7.239022947E-05
     987  -7.224369054E-05
     988  -7.209759612E-05
     989  -7.195194441E-05
     990  -7.180673363E-05
     991  -6.509241281E-05
     992  -6.496131026E-05
     993  -6.483060340E-05
     994  -6.470029063E-05
     995  -6.457037037E-05
     996  -5.453741346E-05
     997  -5.442812004E-05
     998  -5.431915484E-05
     999  -5.421051653E-05
    1000  -5.410220381E-05
    1001  -4.267232826E-05
    1002  -4.258723887E-05
    1003  -4.250240374E-05
    1004  -4.241782184E-05
    1005  -4.233349217E-05
    1006  -3.203249744E-05
    1007  -3.196894090E-05
    1008  -3.190557333E-05
    1009  -3.184239397E-05
    1010  -3.177940209E-05
    1011  -2.416440138E-05
    1012  -2.411669279E-05
    1013  -2.406912534E-05
    1014  -2.402169850E-05
    1015  -2.397441169E-05
    1016  -1.976705738E-05
    1017  -1.972822230E-05
    1018  -1.968950155E-05
    1019  -1.965089468E-05
    1020  -1.961240126E-05
    1021  -1.663196007E-05
    1022  -1.659944402E-05
    1023  -1.656702323E-05
    1024  -1.653469733E-05
    1025  -1.650246595E-05
    1026  -1.541926453E-05
    1027  -1.538926596E-05
    1028  -1.535935485E-05
    1029  -1.532953086E-05
    1030  -1.529979366E-05
    1031  -1.529269185E-05
    1032  -1.526308354E-05
    1033  -1.523356114E-05
    1034  -1.520412430E-05
    1035  -1.517477271E-05
    1036  -1.558123120E-05
    1037  -1.555120956E-05
    1038  -1.552127461E-05
    1039  -1.549142600E-05
    1040  -1.546166341E-05
    1041  -1.579545490E-05
    1042  -1.576516640E-05
    1043  -1.573496493E-05
    1044  -1.570485016E-05
    1045  -1.567482177E-05
    1046  -1.517445756E-05
    1047  -1.514549867E-05
    1048  -1.511662260E-05
    1049  -1.508782903E-05
    1050  -1.505911766E-05
    1051  -1.478629945E-05
    1052  -1.475821531E-05
    1053  -1.473021110E-05
    1054  -1.470228653E-05
    1055  -1.467444129E-05
    1056  -1.415052376E-05
    1057  -1.412377419E-05
    1058  -1.409710040E-05
    1059  -1.407050210E-05
    1060  -1.404397900E-05
    1061  -1.412148710E-05
    1062  -1.409491798E-05
    1063  -1.406842377E-05
    1064  -1.404200420E-05
    1065  -1.401565898E-05
    1066  -1.448662719E-05
    1067  -1.445949867E-05
    1068  -1.443244629E-05
    1069  -1.440546976E-05
    1070  -1.437856879E-05
    1071  -1.500782672E-05
    1072  -1.497985314E-05
    1073  -1.495195769E-05
    1074  -1.492414010E-05
    1075  -1.489640006E-05
    1076  -1.502823483E-05
    1077  -1.500035313E-05
    1078  -1.497254895E-05
    1079  -1.494482201E-05
    1080  -1.491717201E-05
    1081  -1.537383766E-05
    1082  -1.534544645E-05
    1083  -1.531713382E-05
    1084  -1.528889947E-05
    1085  -1.526074312E-05
    1086  -1.481595140E-05
    1087  -1.478871619E-05
    1088  -1.476155602E-05
    1089  -1.473447059E-05
    1090  -1.470745965E-05
    1091  -1.411621919E-05
    1092  -1.409038896E-05
    1093  -1.406462957E-05
    1094  -1.403894075E-05
    1095  -1.401332224E-05
    1096  -1.320655026E-05
    1097  -1.318249461E-05
    1098  -1.315850463E-05
    1099  -1.313458007E-05
    1100  -1.311072071E-05
    1101  -1.243656236E-05
    1102  -1.241401193E-05
    1103  -1.239152278E-05
    1104  -1.236909468E-05
    1105  -1.234672742E-05
    1106  -1.149745486E-05
    1107  -1.147670133E-05
    1108  -1.145600395E-05
    1109  -1.143536250E-05
    1110  -1.141477679E-05
    1111  -1.106646060E-05
    1112  -1.104657477E-05
    1113  -1.102674250E-05
    1114  -1.100696359E-05
    1115  -1.098723785E-05
    1116  -1.061987991E-05
    1117  -1.060088191E-05
    1118  -1.058193485E-05
    1119  -1.056303854E-05
    1120  -1.054419279E-05
    1121  -1.055175426E-05
    1122  -1.053296218E-05
    1123  -1.051422025E-05
    1124  -1.049552830E-05
    1125  -1.047688616E-05
    1126  -1.032877727E-05
    1127  -1.031046384E-05
    1128  -1.029219906E-05
    1129  -1.027398278E-05
    1130  -1.025581482E-05
    1131  -1.026992558E-05
    1132  -1.025179685E-05
    1133  -1.023371608E-05
    1134  -1.021568310E-05
    1135  -1.019769775E-05
    1136  -1.016258800E-05
    1137  -1.014472757E-05
    1138  -1.012691417E-05
    1139  -1.010914766E-05
    1140  -1.009142785E-05
    1141  -1.003220641E-05
    1142  -1.001465224E-05
    1143  -9.997144108E-06
    1144  -9.979681848E-06
    1145  -9.962265300E-06
    1146  -9.767545162E-06
    1147  -9.750528533E-06
    1148  -9.733556334E-06
    1149  -9.716628410E-06
    1150  -9.699744607E-06
    1151  -9.093417947E-06
    1152  -9.077644455E-06
    1153  -9.061911969E-06
    1154  -9.046220347E-06
    1155  -9.030569446E-06
    1156  -8.791127028E-06
    1157  -8.775943734E-06
    1158  -8.760799741E-06
    1159  -8.745694914E-06
    1160  -8.730629117E-06
    1161  -8.329053885E-06
    1162  -8.314730491E-06
    1163  -8.300444012E-06
    1164  -8.286194323E-06
    1165  -8.271981297E-06
    1166  -8.252947730E-06
    1167  -8.238815970E-06
    1168  -8.224720476E-06
    1169  -8.210661125E-06
    1170  -8.196637793E-06
    1171  -8.235378628E-06
    1172  -8.221337061E-06
    1173  -8.207331377E-06
    1174  -8.193361451E-06
    1175  -8.179427163E-06
    1176  -8.012611816E-06
    1177  -7.999008061E-06
    1178  -7.985438921E-06
    1179  -7.971904279E-06
    1180  -7.958404018E-06
    1181  -8.064323185E-06
    1182  -8.050689502E-06
    1183  -8.037090365E-06
    1184  -8.023525655E-06
    1185  -8.009995258E-06
    1186  -7.939723544E-06
    1187  -7.926357006E-06
    1188  -7.913024194E-06
    1189  -7.899724993E-06
    1190  -7.886459292E-06
    1191  -7.733619736E-06
    1192  -7.720654741E-06
    1193  -7.707722321E-06
    1194  -7.694822367E-06
    1195  -7.681954771E-06
    1196  -7.616266827E-06
    1197  -7.603551857E-06
    1198  -7.590868702E-06
    1199  -7.578217254E-06
    1200  -7.565597408E-06
    1201  -7.380548665E-06
    1202  -7.368278427E-06
    1203  -7.356038761E-06
    1204  -7.343829568E-06
    1205  -7.331650747E-06
    1206  -7.276066412E-06
    1207  -7.264019944E-06
    1208  -7.252003369E-06
    1209  -7.240016586E-06
    1210  -7.228059498E-06
    1211  -6.930463304E-06
    1212  -6.919036324E-06
    1213  -6.907637583E-06
    1214  -6.896266986E-06
    1215  -6.884924441E-06
    1216  -6.969512171E-06
    1217  -6.958067981E-06
    1218  -6.946651954E-06
    1219  -6.935264000E-06
    1220  -6.923904027E-06
    1221  -7.018553121E-06
    1222  -7.007075520E-06
    1223  -6.995626050E-06
    1224  -6.984204619E-06
    1225  -6.972811137E-06
    1226  -6.868897380E-06
    1227  -6.857710251E-06
    1228  -6.846550430E-06
    1229  -6.835417827E-06
    1230  -6.824312356E-06
    1231  -7.042998389E-06
    1232  -7.031574223E-06
    1233  -7.020177831E-06
    1234  -7.008809121E-06
    1235  -6.997468006E-06
    1236  -6.800436594E-06
    1237  -6.789450428E-06
    1238  -6.778490863E-06
    1239  -6.767557814E-06
    1240  -6.756651194E-06
    1241  -6.591447974E-06
    1242  -6.580842266E-06
    1243  -6.570262133E-06
    1244  -6.559707495E-06
    1245  -6.549178270E-06
    1246  -6.481665137E-06
    1247  -6.471277853E-06
    1248  -6.460915519E-06
    1249  -6.450578054E-06
    1250  -6.440265379E-06
    1251  -6.154519983E-06
    1252  -6.144696328E-06
    1253  -6.134896174E-06
    1254  -6.125119447E-06
    1255  -6.115366072E-06
    1256  -6.087354463E-06
    1257  -6.077676634E-06
    1258  -6.068021865E-06
    1259  -6.058390085E-06
    1260  -6.048781218E-06
    1261  -5.800204546E-06
    1262  -5.791019741E-06
    1263  -5.781856735E-06
    1264  -5.772715459E-06
    1265  -5.763595846E-06
    1266  -5.812683512E-06
    1267  -5.803515242E-06
    1268  -5.794368646E-06
    1269  -5.785243656E-06
    1270  -5.776140204E-06
    1271  -5.719945626E-06
    1272  -5.710959066E-06
    1273  -5.701993667E-06
    1274  -5.693049363E-06
    1275  -5.684126089E-06
    1276  -5.630470461E-06
    1277  -5.621659084E-06
    1278  -5.612868373E-06
    1279  -5.604098267E-06
    1280  -5.595348699E-06
    1281  -5.592004085E-06
    1282  -5.583287009E-06
    1283  -5.574590300E-06
    1284  -5.565913895E-06
    1285  -5.557257730E-06
    1286  -5.502819187E-06
    1287  -5.494274437E-06
    1288  -5.485749573E-06
    1289  -5.477244535E-06
    1290  -5.468759261E-06
    1291  -5.504661954E-06
    1292  -5.496147396E-06
    1293  -5.487652577E-06
    1294  -5.479177438E-06
    1295  -5.470721917E-06
    1296  -5.254980773E-06
    1297  -5.246883730E-06
    1298  -5.238805388E-06
    1299  -5.230745687E-06
    1300  -5.222704571E-06
    1301  -5.094708124E-06
    1302  -5.086888157E-06
    1303  -5.079086182E-06
    1304  -5.071302142E-06
    1305  -5.063535982E-06
    1306  -4.933972205E-06
    1307  -4.926427905E-06
    1308  -4.918900895E-06
    1309  -4.911391123E-06
    1310  -4.903898535E-06
    1311  -4.818079778E-06
    1312  -4.810740738E-06
    1313  -4.803418453E-06
    1314  -4.796112874E-06
    1315  -4.788823949E-06
    1316  -4.822518218E-06
    1317  -4.815200285E-06
    1318  -4.807898995E-06
    1319  -4.800614300E-06
    1320  -4.793346148E-06
    1321  -4.678504233E-06
    1322  -4.671431665E-06
    1323  -4.664375121E-06
    1324  -4.657334555E-06
    1325  -4.650309918E-06
    1326  -4.671595003E-06
    1327  -4.664559468E-06
    1328  -4.657539815E-06
    1329  -4.650535996E-06
    1330  -4.643547963E-06
    1331  -4.613408565E-06
    1332  -4.606486721E-06
    1333  -4.599580444E-06
    1334  -4.592689687E-06
    1335  -4.585814403E-06
    1336  -4.537837604E-06
    1337  -4.531054588E-06
    1338  -4.524286769E-06
    1339  -4.517534103E-06
    1340  -4.510796542E-06
    1341  -4.419172661E-06
    1342  -4.412591615E-06
    1343  -4.406025258E-06
    1344  -4.399473548E-06
    1345  -4.392936440E-06
    1346  -4.280521101E-06
    1347  -4.274170179E-06
    1348  -4.267833381E-06
    1349  -4.261510665E-06
    1350  -4.255201989E-06
    1351  -4.111291585E-06
    1352  -4.105214288E-06
    1353  -4.099150456E-06
    1354  -4.093100049E-06
    1355  -4.087063028E-06
    1356  -4.055810997E-06
    1357  -4.049837785E-06
    1358  -4.043877758E-06
    1359  -4.037930879E-06
    1360  -4.031997109E-06
    1361  -3.904796203E-06
    1362  -3.899066495E-06
    1363  -3.893349388E-06
    1364  -3.887644847E-06
    1365  -3.881952834E-06
    1366  -3.777970120E-06
    1367  -3.772446772E-06
    1368  -3.766935528E-06
    1369  -3.761436352E-06
    1370  -3.755949209E-06
    1371  -3.711950676E-06
    1372  -3.706543610E-06
    1373  -3.701148350E-06
    1374  -3.695764862E-06
    1375  -3.690393111E-06
    1376  -3.728037513E-06
    1377  -3.722626718E-06
    1378  -3.717227694E-06
    1379  -3.711840408E-06
    1380  -3.706464824E-06
    1381  -3.645029864E-06
    1382  -3.639758672E-06
    1383  -3.634498905E-06
    1384  -3.629250531E-06
    1385  -3.624013517E-06
    1386  -3.640877302E-06
    1387  -3.635631081E-06
    1388  -3.630396191E-06
    1389  -3.625172599E-06
    1390  -3.619960274E-06
    1391  -3.445159279E-06
    1392  -3.440212891E-06
    1393  -3.435277148E-06
    1394  -3.430352019E-06
    1395  -3.425437475E-06
    1396  -3.344463815E-06
    1397  -3.339679174E-06
    1398  -3.334904794E-06
    1399  -3.330140644E-06
    1400  -3.325386696E-06
    1401  -3.150862789E-06
    1402  -3.146371181E-06
    1403  -3.141889171E-06
    1404  -3.137416731E-06
    1405  -3.132953834E-06
    1406  -2.972489821E-06
    1407  -2.968267535E-06
    1408  -2.964054238E-06
    1409  -2.959849906E-06
    1410  -2.955654512E-06
    1411  -2.884604214E-06
    1412  -2.880521264E-06
    1413  -2.876446976E-06
    1414  -2.872381327E-06
    1415  -2.868324291E-06
    1416  -2.817762171E-06
    1417  -2.813787895E-06
    1418  -2.809822020E-06
    1419  -2.805864525E-06
    1420  -2.801915384E-06
    1421  -2.770695326E-06
    1422  -2.766801165E-06
    1423  -2.762915209E-06
    1424  -2.759037433E-06
    1425  -2.755167815E-06
    1426  -2.781917601E-06
    1427  -2.778021357E-06
    1428  -2.774133294E-06
    1429  -2.770253387E-06
    1430  -2.766381615E-06
    1431  -2.716275031E-06
    1432  -2.712483998E-06
    1433  -2.708700896E-06
    1434  -2.704925703E-06
    1435  -2.701158397E-06
    1436  -2.643866901E-06
    1437  -2.640189757E-06
    1438  -2.636520278E-06
    1439  -2.632858444E-06
    1440  -2.629204234E-06
    1441  -2.543184935E-06
    1442  -2.539660077E-06
    1443  -2.536142542E-06
    1444  -2.532632310E-06
    1445  -2.529129361E-06
    1446  -2.454428803E-06
    1447  -2.451038708E-06
    1448  -2.447655632E-06
    1449  -2.444279555E-06
    1450  -2.440910458E-06
    1451  -2.360085320E-06
    1452  -2.356836751E-06
    1453  -2.353594885E-06
    1454  -2.350359703E-06
    1455  -2.347131187E-06
    1456  -2.213020815E-06
    1457  -2.209985121E-06
    1458  -2.206955670E-06
    1459  -2.203932443E-06
    1460  -2.200915424E-06
    1461  -2.180795981E-06
    1462  -2.177814715E-06
    1463  -2.174839559E-06
    1464  -2.171870494E-06
    1465  -2.168907506E-06
    1466  -2.087208081E-06
    1467  -2.084364473E-06
    1468  -2.081526673E-06
    1469  -2.078694664E-06
    1470  -2.075868430E-06
    1471  -2.084660586E-06
    1472  -2.081830089E-06
    1473  -2.079005354E-06
    1474  -2.076186364E-06
    1475  -2.073373103E-06
    1476  -2.038450928E-06
    1477  -2.035692537E-06
    1478  -2.032939741E-06
    1479  -2.030192525E-06
    1480  -2.027450874E-06
    1481  -2.014667139E-06
    1482  -2.011950123E-06
    1483  -2.009238600E-06
    1484  -2.006532555E-06
    1485  -2.003831973E-06
    1486  -1.979403272E-06
    1487  -1.976742783E-06
    1488  -1.974087655E-06
    1489  -1.971437873E-06
    1490  -1.968793423E-06
    1491  -1.876542739E-06
    1492  -1.874028951E-06
    1493  -1.871520211E-06
    1494  -1.869016505E-06
    1495  -1.866517820E-06
    1496  -1.774348392E-06
    1497  -1.771979436E-06
    1498  -1.769615221E-06
    1499  -1.767255734E-06
    1500  -1.764900962E-06
    1501  -1.687537740E-06
    1502  -1.685292181E-06
    1503  -1.683051101E-06
    1504  -1.680814488E-06
    1505  -1.678582331E-06
    1506  -1.580771922E-06
    1507  -1.578675408E-06
    1508  -1.576583061E-06
    1509  -1.574494872E-06
    1510  -1.572410828E-06
    1511  -1.505194906E-06
    1512  -1.503205224E-06
    1513  -1.501219484E-06
    1514  -1.499237676E-06
    1515  -1.497259790E-06
    1516  -1.467165487E-06
    1517  -1.465232462E-06
    1518  -1.463303256E-06
    1519  -1.461377857E-06
    1520  -1.459456255E-06
    1521  -1.429782333E-06
    1522  -1.427904747E-06
    1523  -1.426030856E-06
    1524  -1.424160651E-06
    1525  -1.422294124E-06
    1526  -1.421484056E-06
    1527  -1.419623475E-06
    1528  -1.417766544E-06
    1529  -1.415913255E-06
    1530  -1.414063597E-06
    1531  -1.389595299E-06
    1532  -1.387782389E-06
    1533  -1.385973025E-06
    1534  -1.384167197E-06
    1535  -1.382364896E-06
    1536  -1.334792082E-06
    1537  -1.333056331E-06
    1538  -1.331323965E-06
    1539  -1.329594972E-06
    1540  -1.327869346E-06
    1541  -1.275136026E-06
    1542  -1.273483225E-06
    1543  -1.271833635E-06
    1544  -1.270187249E-06
    1545  -1.268544057E-06
    1546  -1.220807738E-06
    1547  -1.219230467E-06
    1548  -1.217656251E-06
    1549  -1.216085082E-06
    1550  -1.214516951E-06
    1551  -1.135660229E-06
    1552  -1.134197691E-06
    1553  -1.132737977E-06
    1554  -1.131281080E-06
    1555  -1.129826991E-06
    1556  -1.091815448E-06
    1557  -1.090413888E-06
    1558  -1.089015024E-06
    1559  -1.087618851E-06
    1560  -1.086225361E-06
    1561  -1.038639675E-06
    1562  -1.037310642E-06
    1563  -1.035984158E-06
    1564  -1.034660216E-06
    1565  -1.033338811E-06
    1566  -1.000969300E-06
    1567  -9.996925537E-07
    1568  -9.984182483E-07
    1569  -9.971463779E-07
    1570  -9.958769363E-07
    1571  -9.821811979E-07
    1572  -9.809323979E-07
    1573  -9.796859781E-07
    1574  -9.784419324E-07
    1575  -9.772002548E-07
    1576  -9.599055083E-07
    1577  -9.586888980E-07
    1578  -9.574745992E-07
    1579  -9.562626060E-07
    1580  -9.550529127E-07
    1581  -9.460655270E-07
    1582  -9.448702452E-07
    1583  -9.436772272E-07
    1584  -9.424864673E-07
    1585  -9.412979598E-07
    1586  -9.140202379E-07
    1587  -9.128690789E-07
    1588  -9.117200933E-07
    1589  -9.105732756E-07
    1590  -9.094286203E-07
    1591  -8.692917764E-07
    1592  -8.682003869E-07
    1593  -8.671110514E-07
    1594  -8.660237648E-07
    1595  -8.649385220E-07
    1596  -7.976419534E-07
    1597  -7.966436531E-07
    1598  -7.956472258E-07
    1599  -7.946526668E-07
    1600  -7.936599714E-07
    1601  -7.393692291E-07
    1602  -7.384467472E-07
    1603  -7.375259907E-07
    1604  -7.366069552E-07
    1605  -7.356896364E-07
    1606  -6.885740025E-07
    1607  -6.877175672E-07
    1608  -6.868627287E-07
    1609  -6.860094831E-07
    1610  -6.851578264E-07
    1611  -6.500417224E-07
    1612  -6.492357190E-07
    1613  -6.484312138E-07
    1614  -6.476282030E-07
    1615  -6.468266830E-07
    1616  -6.187204600E-07
    1617  -6.179556634E-07
    1618  -6.171922840E-07
    1619  -6.164303182E-07
    1620  -6.156697626E-07
    1621  -5.950056503E-07
    1622  -5.942724333E-07
    1623  -5.935405707E-07
    1624  -5.928100592E-07
    1625  -5.920808955E-07
    1626  -5.854670369E-07
    1627  -5.847477900E-07
    1628  -5.840298676E-07
    1629  -5.833132665E-07
    1630  -5.825979835E-07
    1631  -5.734500860E-07
    1632  -5.727477589E-07
    1633  -5.720467212E-07
    1634  -5.713469699E-07
    1635  -5.706485017E-07
    1636  -5.474844231E-07
    1637  -5.468159439E-07
    1638  -5.461486884E-07
    1639  -5.454826534E-07
    1640  -5.448178360E-07
    1641  -5.230898471E-07
    1642  -5.224530974E-07
    1643  -5.218175097E-07
    1644  -5.211830811E-07
    1645  -5.205498088E-07
    1646  -4.913886640E-07
    1647  -4.907923185E-07
    1648  -4.901970580E-07
    1649  -4.896028797E-07
    1650  -4.890097811E-07
    1651  -4.545498613E-07
    1652  -4.539998917E-07
    1653  -4.534509197E-07
    1654  -4.529029427E-07
    1655  -4.523559585E-07
    1656  -4.180349844E-07
    1657  -4.175307202E-07
    1658  -4.170273680E-07
    1659  -4.165249253E-07
    1660  -4.160233902E-07
    1661  -3.883234717E-07
    1662  -3.878564561E-07
    1663  -3.873902825E-07
    1664  -3.869249488E-07
    1665  -3.864604531E-07
    1666  -3.796119278E-07
    1667  -3.791567576E-07
    1668  -3.787024056E-07
    1669  -3.782488698E-07
    1670  -3.777961482E-07
    1671  -3.706508445E-07
    1672  -3.702077473E-07
    1673  -3.697654441E-07
    1674  -3.693239331E-07
    1675  -3.688832124E-07
    1676  -3.618632838E-07
    1677  -3.614319807E-07
    1678  -3.610014483E-07
    1679  -3.605716846E-07
    1680  -3.601426880E-07
    1681  -3.498048634E-07
    1682  -3.493891714E-07
    1683  -3.489742198E-07
    1684  -3.485600071E-07
    1685  -3.481465314E-07
    1686  -3.330058278E-07
    1687  -3.326112711E-07
    1688  -3.322174152E-07
    1689  -3.318242585E-07
    1690  -3.314317993E-07
    1691  -3.121470856E-07
    1692  -3.117783354E-07
    1693  -3.114102381E-07
    1694  -3.110427924E-07
    1695  -3.106759967E-07
    1696  -2.854964022E-07
    1697  -2.851601285E-07
    1698  -2.848244485E-07
    1699  -2.844893609E-07
    1700  -2.841548643E-07
    1701  -2.620858557E-07
    1702  -2.617780626E-07
    1703  -2.614708113E-07
    1704  -2.611641007E-07
    1705  -2.608579294E-07
    1706  -2.373155559E-07
    1707  -2.370376688E-07
    1708  -2.367602695E-07
    1709  -2.364833569E-07
    1710  -2.362069299E-07
    1711  -2.212316583E-07
    1712  -2.209733610E-07
    1713  -2.207155158E-07
    1714  -2.204581216E-07
    1715  -2.202011774E-07
    1716  -2.124229564E-07
    1717  -2.121756654E-07
    1718  -2.119288060E-07
    1719  -2.116823771E-07
    1720  -2.114363778E-07
    1721  -2.010737706E-07
    1722  -2.008403710E-07
    1723  -2.006073776E-07
    1724  -2.003747893E-07
    1725  -2.001426053E-07
    1726  -1.971315660E-07
    1727  -1.969034045E-07
    1728  -1.966756388E-07
    1729  -1.964482682E-07
    1730  -1.962212915E-07
    1731  -1.887968431E-07
    1732  -1.885789587E-07
    1733  -1.883614513E-07
    1734  -1.881443199E-07
    1735  -1.879275638E-07
    1736  -1.827681491E-07
    1737  -1.825578290E-07
    1738  -1.823478718E-07
    1739  -1.821382765E-07
    1740  -1.819290424E-07
    1741  -1.734962258E-07
    1742  -1.732971481E-07
    1743  -1.730984128E-07
    1744  -1.729000192E-07
    1745  -1.727019665E-07
    1746  -1.595016191E-07
    1747  -1.593191230E-07
    1748  -1.591369399E-07
    1749  -1.589550691E-07
    1750  -1.587735099E-07
    1751  -1.465646493E-07
    1752  -1.463974335E-07
    1753  -1.462305037E-07
    1754  -1.460638593E-07
    1755  -1.458974995E-07
    1756  -1.334957758E-07
    1757  -1.333439035E-07
    1758  -1.331922902E-07
    1759  -1.330409353E-07
    1760  -1.328898383E-07
    1761  -1.257899873E-07
    1762  -1.256472874E-07
    1763  -1.255048302E-07
    1764  -1.253626151E-07
    1765  -1.252206415E-07
    1766  -1.173985869E-07
    1767  -1.172657831E-07
    1768  -1.171332045E-07
    1769  -1.170008506E-07
    1770  -1.168687209E-07
    1771  -1.144183418E-07
    1772  -1.142892743E-07
    1773  -1.141604251E-07
    1774  -1.140317936E-07
    1775  -1.139033794E-07
    1776  -1.123125733E-07
    1777  -1.121862374E-07
    1778  -1.120601146E-07
    1779  -1.119342044E-07
    1780  -1.118085062E-07
    1781  -1.083393003E-07
    1782  -1.082177756E-07
    1783  -1.080964552E-07
    1784  -1.079753388E-07
    1785  -1.078544257E-07
    1786  -1.038170494E-07
    1787  -1.037009229E-07
    1788  -1.035849912E-07
    1789  -1.034692538E-07
    1790  -1.033537102E-07
    1791  -9.574522831E-08
    1792  -9.563842939E-08
    1793  -9.553180907E-08
    1794  -9.542536694E-08
    1795  -9.531910261E-08
    1796  -8.885467149E-08
    1797  -8.875583426E-08
    1798  -8.865716184E-08
    1799  -8.855865389E-08
    1800  -8.846031002E-08
    1801  -7.898343714E-08
    1802  -7.889582379E-08
    1803  -7.880835614E-08
    1804  -7.872103386E-08
    1805  -7.863385663E-08
    1806  -7.168427090E-08
    1807  -7.160497414E-08
    1808  -7.152580889E-08
    1809  -7.144677484E-08
    1810  -7.136787172E-08
    1811  -6.615582944E-08
    1812  -6.608285003E-08
    1813  -6.600999132E-08
    1814  -6.593725304E-08
    1815  -6.586463492E-08
    1816  -6.191525807E-08
    1817  -6.184714448E-08
    1818  -6.177914322E-08
    1819  -6.171125405E-08
    1820  -6.164347672E-08
    1821  -5.968141266E-08
    1822  -5.961593662E-08
    1823  -5.955056827E-08
    1824  -5.948530737E-08
    1825  -5.942015369E-08
    1826  -5.663253039E-08
    1827  -5.657056920E-08
    1828  -5.650870964E-08
    1829  -5.644695149E-08
    1830  -5.638529452E-08
    1831  -5.448781025E-08
    1832  -5.442835819E-08
    1833  -5.436900339E-08
    1834  -5.430974562E-08
    1835  -5.425058468E-08
    1836  -5.302601185E-08
    1837  -5.296831217E-08
    1838  -5.291070661E-08
    1839  -5.285319497E-08
    1840  -5.279577705E-08
    1841  -5.074137583E-08
    1842  -5.068631194E-08
    1843  -5.063133763E-08
    1844  -5.057645271E-08
    1845  -5.052165699E-08
    1846  -4.739191659E-08
    1847  -4.734062664E-08
    1848  -4.728941991E-08
    1849  -4.723829621E-08
    1850  -4.718725537E-08
    1851  -4.325360933E-08
    1852  -4.320692438E-08
    1853  -4.316031496E-08
    1854  -4.311378093E-08
    1855  -4.306732212E-08
    1856  -4.008951986E-08
    1857  -4.004636645E-08
    1858  -4.000328267E-08
    1859  -3.996026839E-08
    1860  -3.991732345E-08
    1861  -3.779556757E-08
    1862  -3.775499262E-08
    1863  -3.771448297E-08
    1864  -3.767403848E-08
    1865  -3.763365902E-08
    1866  -3.615938584E-08
    1867  -3.612067129E-08
    1868  -3.608201889E-08
    1869  -3.604342849E-08
    1870  -3.600489997E-08
    1871  -3.537788517E-08
    1872  -3.534010846E-08
    1873  -3.530239223E-08
    1874  -3.526473634E-08
    1875  -3.522714068E-08
    1876  -3.393575169E-08
    1877  -3.389961138E-08
    1878  -3.386352877E-08
    1879  -3.382750374E-08
    1880  -3.379153617E-08
    1881  -3.343498542E-08
    1882  -3.339947296E-08
    1883  -3.336401704E-08
    1884  -3.332861755E-08
    1885  -3.329327438E-08
    1886  -3.219347448E-08
    1887  -3.215937123E-08
    1888  -3.212532213E-08
    1889  -3.209132708E-08
    1890  -3.205738596E-08
    1891  -3.109344339E-08
    1892  -3.106059242E-08
    1893  -3.102779348E-08
    1894  -3.099504647E-08
    1895  -3.096235127E-08
    1896  -3.013974547E-08
    1897  -3.010798599E-08
    1898  -3.007627668E-08
    1899  -3.004461744E-08
    1900  -3.001300817E-08
    1901  -2.811388247E-08
    1902  -2.808433557E-08
    1903  -2.805483521E-08
    1904  -2.802538132E-08
    1905  -2.799597378E-08
    1906  -2.739396410E-08
    1907  -2.736524925E-08
    1908  -2.733657953E-08
    1909  -2.730795484E-08
    1910  -2.727937509E-08
    1911  -2.639492290E-08
    1912  -2.636732758E-08
    1913  -2.633977551E-08
    1914  -2.631226661E-08
    1915  -2.628480078E-08
    1916  -2.565190743E-08
    1917  -2.562515883E-08
    1918  -2.559845205E-08
    1919  -2.557178699E-08
    1920  -2.554516358E-08
    1921  -2.513114221E-08
    1922  -2.510500477E-08
    1923  -2.507890809E-08
    1924  -2.505285209E-08
    1925  -2.502683666E-08
    1926  -2.461848463E-08
    1927  -2.459294678E-08
    1928  -2.456744865E-08
    1929  -2.454199016E-08
    1930  -2.451657121E-08
    1931  -2.457441642E-08
    1932  -2.454899022E-08
    1933  -2.452360347E-08
    1934  -2.449825607E-08
    1935  -2.447294796E-08
    1936  -2.405430818E-08
    1937  -2.402948433E-08
    1938  -2.400469889E-08
    1939  -2.397995178E-08
    1940  -2.395524292E-08
    1941  -2.361906856E-08
    1942  -2.359475660E-08
    1943  -2.357048216E-08
    1944  -2.354624516E-08
    1945  -2.352204553E-08
    1946  -2.373475470E-08
    1947  -2.371038637E-08
    1948  -2.368605554E-08
    1949  -2.366176215E-08
    1950  -2.363750612E-08
    1951  -2.300384958E-08
    1952  -2.298029213E-08
    1953  -2.295677085E-08
    1954  -2.293328566E-08
    1955  -2.290983650E-08
    1956  -2.329925695E-08
    1957  -2.327545791E-08
    1958  -2.325169532E-08
    1959  -2.322796910E-08
    1960  -2.320427918E-08
    1961  -2.233243796E-08
    1962  -2.230968458E-08
    1963  -2.228696596E-08
    1964  -2.226428203E-08
    1965  -2.224163271E-08
    1966  -2.223544810E-08
    1967  -2.221285110E-08
    1968  -2.219028853E-08
    1969  -2.216776032E-08
    1970  -2.214526639E-08
    1971  -2.208618723E-08
    1972  -2.206379880E-08
    1973  -2.204144439E-08
    1974  -2.201912394E-08
    1975  -2.199683738E-08
    1976  -2.177307242E-08
    1977  -2.175105718E-08
    1978  -2.172907531E-08
    1979  -2.170712675E-08
    1980  -2.168521143E-08
    1981  -2.167587632E-08
    1982  -2.165401462E-08
    1983  -2.163218597E-08
    1984  -2.161039032E-08
    1985  -2.158862759E-08
    1986  -2.135129483E-08
    1987  -2.132981465E-08
    1988  -2.130836687E-08
    1989  -2.128695143E-08
    1990  -2.126556825E-08
    1991  -2.181584673E-08
    1992  -2.179395426E-08
    1993  -2.177209472E-08
    1994  -2.175026806E-08
    1995  -2.172847421E-08
    1996  -2.197174000E-08
    1997  -2.194974626E-08
    1998  -2.192778554E-08
    1999  -2.190585775E-08
    2000  -2.188396284E-08
    2001  -2.197146835E-08
    2002  -2.194952979E-08
    2003  -2.192762407E-08
    2004  -2.190575113E-08
    2005  -2.188391090E-08
    2006  -2.215284932E-08
    2007  -2.213078473E-08
    2008  -2.210875309E-08
    2009  -2.208675433E-08
    2010  -2.206478839E-08
    2011  -2.207563656E-08
    2012  -2.205370349E-08
    2013  -2.203180309E-08
    2014  -2.200993530E-08
    2015  -2.198810004E-08
    2016  -2.203912761E-08
    2017  -2.201728507E-08
    2018  -2.199547498E-08
    2019  -2.197369728E-08
    2020  -2.195195191E-08
    2021  -2.162583624E-08
    2022  -2.160445627E-08
    2023  -2.158310800E-08
    2024  -2.156179135E-08
    2025  -2.154050626E-08
    2026  -2.122676296E-08
    2027  -2.120582927E-08
    2028  -2.118492653E-08
    2029  -2.116405468E-08
    2030  -2.114321366E-08
    2031  -2.135422565E-08
    2032  -2.133321805E-08
    2033  -2.131224143E-08
    2034  -2.129129574E-08
    2035  -2.127038091E-08
    2036  -2.094234818E-08
    2037  -2.092179632E-08
    2038  -2.090127469E-08
    2039  -2.088078325E-08
    2040  -2.086032192E-08
    2041  -2.136589102E-08
    2042  -2.134497482E-08
    2043  -2.132408933E-08
    2044  -2.130323447E-08
    2045  -2.128241020E-08
    2046  -2.123898699E-08
    2047  -2.121824579E-08
    2048  -2.119753496E-08
    2049  -2.117685444E-08
    2050  -2.115620416E-08
    2051  -2.174734069E-08
    2052  -2.172615477E-08
    2053  -2.170499980E-08
    2054  -2.168387572E-08
    2055  -2.166278245E-08
    2056  -2.197162200E-08
    2057  -2.195026960E-08
    2058  -2.192894831E-08
    2059  -2.190765807E-08
    2060  -2.188639882E-08
    2061  -2.185580208E-08
    2062  -2.183461371E-08
    2063  -2.181345614E-08
    2064  -2.179232931E-08
    2065  -2.177123315E-08
    2066  -2.161549505E-08
    2067  -2.159459031E-08
    2068  -2.157371589E-08
    2069  -2.155287172E-08
    2070  -2.153205774E-08
    2071  -2.101028192E-08
    2072  -2.099001151E-08
    2073  -2.096977042E-08
    2074  -2.094955859E-08
    2075  -2.092937597E-08
    2076  -2.112447390E-08
    2077  -2.110414236E-08
    2078  -2.108384015E-08
    2079  -2.106356723E-08
    2080  -2.104332353E-08
    2081  -2.115299903E-08
    2082  -2.113268890E-08
    2083  -2.111240801E-08
    2084  -2.109215630E-08
    2085  -2.107193371E-08
    2086  -2.111672694E-08
    2087  -2.109650019E-08
    2088  -2.107630249E-08
    2089  -2.105613378E-08
    2090  -2.103599400E-08
    2091  -2.077913110E-08
    2092  -2.075927527E-08
    2093  -2.073944788E-08
    2094  -2.071964889E-08
    2095  -2.069987823E-08
    2096  -2.075307709E-08
    2097  -2.073329341E-08
    2098  -2.071353801E-08
    2099  -2.069381083E-08
    2100  -2.067411182E-08
    2101  -2.114601573E-08
    2102  -2.112590540E-08
    2103  -2.110582374E-08
    2104  -2.108577070E-08
    2105  -2.106574623E-08
    2106  -2.092886354E-08
    2107  -2.090900694E-08
    2108  -2.088917858E-08
    2109  -2.086937841E-08
    2110  -2.084960638E-08
    2111  -2.100708583E-08
    2112  -2.098720217E-08
    2113  -2.096734673E-08
    2114  -2.094751945E-08
    2115  -2.092772028E-08
    2116  -2.080987956E-08
    2117  -2.079022906E-08
    2118  -2.077060638E-08
    2119  -2.075101147E-08
    2120  -2.073144427E-08
    2121  -2.048646202E-08
    2122  -2.046716248E-08
    2123  -2.044789019E-08
    2124  -2.042864512E-08
    2125  -2.040942720E-08
    2126  -2.003665541E-08
    2127  -2.001782397E-08
    2128  -1.999901906E-08
    2129  -1.998024064E-08
    2130  -1.996148865E-08
    2131  -1.993765353E-08
    2132  -1.991895906E-08
    2133  -1.990029086E-08
    2134  -1.988164891E-08
    2135  -1.986303313E-08
    2136  -1.973883020E-08
    2137  -1.972036544E-08
    2138  -1.970192658E-08
    2139  -1.968351356E-08
    2140  -1.966512635E-08
    2141  -1.946425634E-08
    2142  -1.944609091E-08
    2143  -1.942795090E-08
    2144  -1.940983626E-08
    2145  -1.939174694E-08
    2146  -1.954038357E-08
    2147  -1.952218955E-08
    2148  -1.950402092E-08
    2149  -1.948587764E-08
    2150  -1.946775967E-08
    2151  -1.934308394E-08
    2152  -1.932511545E-08
    2153  -1.930717198E-08
    2154  -1.928925349E-08
    2155  -1.927135994E-08
    2156  -1.926477162E-08
    2157  -1.924691734E-08
    2158  -1.922908786E-08
    2159  -1.921128315E-08
    2160  -1.919350316E-08
    2161  -1.930600279E-08
    2162  -1.928815165E-08
    2163  -1.927032526E-08
    2164  -1.925252358E-08
    2165  -1.923474655E-08
    2166  -1.881409656E-08
    2167  -1.879674038E-08
    2168  -1.877940821E-08
    2169  -1.876210000E-08
    2170  -1.874481570E-08
    2171  -1.847061987E-08
    2172  -1.845361976E-08
    2173  -1.843664311E-08
    2174  -1.841968987E-08
    2175  -1.840276001E-08
    2176  -1.815805721E-08
    2177  -1.814138314E-08
    2178  -1.812473203E-08
    2179  -1.810810384E-08
    2180  -1.809149851E-08
    2181  -1.809069256E-08
    2182  -1.807411840E-08
    2183  -1.805756701E-08
    2184  -1.804103834E-08
    2185  -1.802453236E-08
    2186  -1.785809560E-08
    2187  -1.784177193E-08
    2188  -1.782547063E-08
    2189  -1.780919166E-08
    2190  -1.779293499E-08
    2191  -1.731089394E-08
    2192  -1.729510653E-08
    2193  -1.727934071E-08
    2194  -1.726359643E-08
    2195  -1.724787367E-08
    2196  -1.731662309E-08
    2197  -1.730086638E-08
    2198  -1.728513117E-08
    2199  -1.726941741E-08
    2200  -1.725372507E-08
    2201  -1.672756049E-08
    2202  -1.671237433E-08
    2203  -1.669720883E-08
    2204  -1.668206397E-08
    2205  -1.666693971E-08
    2206  -1.663676603E-08
    2207  -1.662169650E-08
    2208  -1.660664743E-08
    2209  -1.659161879E-08
    2210  -1.657661054E-08
    2211  -1.614009308E-08
    2212  -1.612550646E-08
    2213  -1.611093961E-08
    2214  -1.609639248E-08
    2215  -1.608186505E-08
    2216  -1.572630101E-08
    2217  -1.571212040E-08
    2218  -1.569795895E-08
    2219  -1.568381665E-08
    2220  -1.566969345E-08
    2221  -1.566046970E-08
    2222  -1.564638020E-08
    2223  -1.563230972E-08
    2224  -1.561825820E-08
    2225  -1.560422563E-08
    2226  -1.539880801E-08
    2227  -1.538498502E-08
    2228  -1.537118064E-08
    2229  -1.535739482E-08
    2230  -1.534362755E-08
    2231  -1.522770762E-08
    2232  -1.521406883E-08
    2233  -1.520044836E-08
    2234  -1.518684617E-08
    2235  -1.517326222E-08
    2236  -1.483313630E-08
    2237  -1.481988059E-08
    2238  -1.480664265E-08
    2239  -1.479342243E-08
    2240  -1.478021991E-08
    2241  -1.450679893E-08
    2242  -1.449386376E-08
    2243  -1.448094588E-08
    2244  -1.446804526E-08
    2245  -1.445516187E-08
    2246  -1.440838657E-08
    2247  -1.439556772E-08
    2248  -1.438276597E-08
    2249  -1.436998129E-08
    2250  -1.435721365E-08
    2251  -1.384834581E-08
    2252  -1.383605256E-08
    2253  -1.382377567E-08
    2254  -1.381151512E-08
    2255  -1.379927087E-08
    2256  -1.377553586E-08
    2257  -1.376333433E-08
    2258  -1.375114899E-08
    2259  -1.373897983E-08
    2260  -1.372682682E-08
    2261  -1.331746852E-08
    2262  -1.330569877E-08
    2263  -1.329394462E-08
    2264  -1.328220604E-08
    2265  -1.327048300E-08
    2266  -1.306496486E-08
    2267  -1.305344373E-08
    2268  -1.304193783E-08
    2269  -1.303044714E-08
    2270  -1.301897162E-08
    2271  -1.285292728E-08
    2272  -1.284161806E-08
    2273  -1.283032376E-08
    2274  -1.281904436E-08
    2275  -1.280777982E-08
    2276  -1.249700120E-08
    2277  -1.248602929E-08
    2278  -1.247507183E-08
    2279  -1.246412879E-08
    2280  -1.245320013E-08
    2281  -1.238145542E-08
    2282  -1.237060877E-08
    2283  -1.235977636E-08
    2284  -1.234895817E-08
    2285  -1.233815419E-08
    2286  -1.200250224E-08
    2287  -1.199201054E-08
    2288  -1.198153260E-08
    2289  -1.197106838E-08
    2290  -1.196061786E-08
    2291  -1.177016443E-08
    2292  -1.175989826E-08
    2293  -1.174964552E-08
    2294  -1.173940617E-08
    2295  -1.172918021E-08
    2296  -1.135295588E-08
    2297  -1.134307516E-08
    2298  -1.133320732E-08
    2299  -1.132335236E-08
    2300  -1.131351025E-08
    2301  -1.089288853E-08
    2302  -1.088342879E-08
    2303  -1.087398137E-08
    2304  -1.086454625E-08
    2305  -1.085512340E-08
    2306  -1.081308283E-08
    2307  -1.080371274E-08
    2308  -1.079435483E-08
    2309  -1.078500906E-08
    2310  -1.077567543E-08
    2311  -1.040051019E-08
    2312  -1.039151709E-08
    2313  -1.038253566E-08
    2314  -1.037356587E-08
    2315  -1.036460769E-08
    2316  -1.018610760E-08
    2317  -1.017731890E-08
    2318  -1.016854156E-08
    2319  -1.015977558E-08
    2320  -1.015102093E-08
    2321  -9.922232850E-09
    2322  -9.913690248E-09
    2323  -9.905158672E-09
    2324  -9.896638106E-09
    2325  -9.888128529E-09
    2326  -9.730931001E-09
    2327  -9.722571095E-09
    2328  -9.714221957E-09
    2329  -9.705883569E-09
    2330  -9.697555913E-09
    2331  -9.619100481E-09
    2332  -9.610854360E-09
    2333  -9.602618837E-09
    2334  -9.594393896E-09
    2335  -9.586179518E-09
    2336  -9.332993954E-09
    2337  -9.325010212E-09
    2338  -9.317036711E-09
    2339  -9.309073432E-09
    2340  -9.301120357E-09
    2341  -9.083702806E-09
    2342  -9.075948898E-09
    2343  -9.068204914E-09
    2344  -9.060470837E-09
    2345  -9.052746651E-09
    2346  -8.735062986E-09
    2347  -8.727622557E-09
    2348  -8.720191632E-09
    2349  -8.712770192E-09
    2350  -8.705358222E-09
    2351  -8.400060373E-09
    2352  -8.392920501E-09
    2353  -8.385789727E-09
    2354  -8.378668037E-09
    2355  -8.371555416E-09
    2356  -8.052949447E-09
    2357  -8.046119125E-09
    2358  -8.039297489E-09
    2359  -8.032484525E-09
    2360  -8.025680218E-09
    2361  -7.854453106E-09
    2362  -7.847805241E-09
    2363  -7.841165811E-09
    2364  -7.834534804E-09
    2365  -7.827912205E-09
    2366  -7.735521981E-09
    2367  -7.728988601E-09
    2368  -7.722463495E-09
    2369  -7.715946648E-09
    2370  -7.709438047E-09
    2371  -7.430619333E-09
    2372  -7.424356695E-09
    2373  -7.418101972E-09
    2374  -7.411855149E-09
    2375  -7.405616214E-09
    2376  -7.281092783E-09
    2377  -7.274969071E-09
    2378  -7.268853082E-09
    2379  -7.262744802E-09
    2380  -7.256644219E-09
    2381  -7.153426406E-09
    2382  -7.147422691E-09
    2383  -7.141426531E-09
    2384  -7.135437913E-09
    2385  -7.129456825E-09
    2386  -6.889539327E-09
    2387  -6.883769193E-09
    2388  -6.878006306E-09
    2389  -6.872250652E-09
    2390  -6.866502220E-09
    2391  -6.681832460E-09
    2392  -6.676247979E-09
    2393  -6.670670495E-09
    2394  -6.665099998E-09
    2395  -6.659536475E-09
    2396  -6.348064413E-09
    2397  -6.342769947E-09
    2398  -6.337482102E-09
    2399  -6.332200867E-09
    2400  -6.326926231E-09
    2401  -6.160779877E-09
    2402  -6.155652303E-09
    2403  -6.150531128E-09
    2404  -6.145416341E-09
    2405  -6.140307932E-09
    2406  -5.824556483E-09
    2407  -5.819718811E-09
    2408  -5.814887164E-09
    2409  -5.810061532E-09
    2410  -5.805241904E-09
    2411  -5.625168236E-09
    2412  -5.620505850E-09
    2413  -5.615849259E-09
    2414  -5.611198452E-09
    2415  -5.606553420E-09
    2416  -5.496985307E-09
    2417  -5.492438586E-09
    2418  -5.487897504E-09
    2419  -5.483362052E-09
    2420  -5.478832219E-09
    2421  -5.329914825E-09
    2422  -5.325515390E-09
    2423  -5.321121401E-09
    2424  -5.316732847E-09
    2425  -5.312349720E-09
    2426  -5.231423373E-09
    2427  -5.227114128E-09
    2428  -5.222810205E-09
    2429  -5.218511596E-09
    2430  -5.214218291E-09
    2431  -5.031144958E-09
    2432  -5.027009204E-09
    2433  -5.022878547E-09
    2434  -5.018752979E-09
    2435  -5.014632492E-09
    2436  -4.895528754E-09
    2437  -4.891512734E-09
    2438  -4.887501653E-09
    2439  -4.883495504E-09
    2440  -4.879494279E-09
    2441  -4.693084977E-09
    2442  -4.689242910E-09
    2443  -4.685405559E-09
    2444  -4.681572916E-09
    2445  -4.677744974E-09
    2446  -4.437195209E-09
    2447  -4.433570049E-09
    2448  -4.429949331E-09
    2449  -4.426333045E-09
    2450  -4.422721187E-09
    2451  -4.301491767E-09
    2452  -4.297984640E-09
    2453  -4.294481800E-09
    2454  -4.290983241E-09
    2455  -4.287488955E-09
    2456  -4.101239883E-09
    2457  -4.097902828E-09
    2458  -4.094569845E-09
    2459  -4.091240926E-09
    2460  -4.087916066E-09
    2461  -3.967190442E-09
    2462  -3.963969012E-09
    2463  -3.960751505E-09
    2464  -3.957537913E-09
    2465  -3.954328231E-09
    2466  -3.832446476E-09
    2467  -3.829340766E-09
    2468  -3.826238829E-09
    2469  -3.823140660E-09
    2470  -3.820046253E-09
    2471  -3.712096355E-09
    2472  -3.709094255E-09
    2473  -3.706095796E-09
    2474  -3.703100971E-09
    2475  -3.700109775E-09
    2476  -3.608668551E-09
    2477  -3.605755985E-09
    2478  -3.602846944E-09
    2479  -3.599941423E-09
    2480  -3.597039414E-09
    2481  -3.447594002E-09
    2482  -3.444817043E-09
    2483  -3.442043438E-09
    2484  -3.439273182E-09
    2485  -3.436506269E-09
    2486  -3.343271080E-09
    2487  -3.340583563E-09
    2488  -3.337899285E-09
    2489  -3.335218242E-09
    2490  -3.332540427E-09
    2491  -3.199963439E-09
    2492  -3.197396280E-09
    2493  -3.194832209E-09
    2494  -3.192271221E-09
    2495  -3.189713312E-09
    2496  -3.048400248E-09
    2497  -3.045959575E-09
    2498  -3.043521832E-09
    2499  -3.041087015E-09
    2500  -3.038655118E-09
    2501  -2.887408972E-09
    2502  -2.885101814E-09
    2503  -2.882797419E-09
    2504  -2.880495785E-09
    2505  -2.878196905E-09
    2506  -2.701491659E-09
    2507  -2.699337359E-09
    2508  -2.697185636E-09
    2509  -2.695036484E-09
    2510  -2.692889900E-09
    2511  -2.630294035E-09
    2512  -2.628200685E-09
    2513  -2.626109833E-09
    2514  -2.624021475E-09
    2515  -2.621935608E-09
    2516  -2.527031573E-09
    2517  -2.525024400E-09
    2518  -2.523019616E-09
    2519  -2.521017220E-09
    2520  -2.519017206E-09
    2521  -2.454913838E-09
    2522  -2.452967811E-09
    2523  -2.451024096E-09
    2524  -2.449082691E-09
    2525  -2.447143591E-09
    2526  -2.372533660E-09
    2527  -2.370656656E-09
    2528  -2.368781878E-09
    2529  -2.366909323E-09
    2530  -2.365038988E-09
    2531  -2.295779093E-09
    2532  -2.293966397E-09
    2533  -2.292155847E-09
    2534  -2.290347440E-09
    2535  -2.288541173E-09
    2536  -2.246519732E-09
    2537  -2.244749425E-09
    2538  -2.242981209E-09
    2539  -2.241215082E-09
    2540  -2.239451040E-09
    2541  -2.106911808E-09
    2542  -2.105254779E-09
    2543  -2.103599705E-09
    2544  -2.101946581E-09
    2545  -2.100295406E-09
    2546  -2.001521032E-09
    2547  -1.999949979E-09
    2548  -1.998380776E-09
    2549  -1.996813418E-09
    2550  -1.995247904E-09
    2551  -1.879428098E-09
    2552  -1.877955769E-09
    2553  -1.876485169E-09
    2554  -1.875016296E-09
    2555  -1.873549147E-09
    2556  -1.774246309E-09
    2557  -1.772859095E-09
    2558  -1.771473508E-09
    2559  -1.770089544E-09
    2560  -1.768707202E-09
    2561  -1.685340080E-09
    2562  -1.684024949E-09
    2563  -1.682711357E-09
    2564  -1.681399302E-09
    2565  -1.680088780E-09
    2566  -1.631681361E-09
    2567  -1.630410581E-09
    2568  -1.629141285E-09
    2569  -1.627873471E-09
    2570  -1.626607136E-09
    2571  -1.587525143E-09
    2572  -1.586291155E-09
    2573  -1.585058606E-09
    2574  -1.583827492E-09
    2575  -1.582597812E-09
    2576  -1.515240416E-09
    2577  -1.514064900E-09
    2578  -1.512890751E-09
    2579  -1.511717967E-09
    2580  -1.510546547E-09
    2581  -1.479910101E-09
    2582  -1.478764217E-09
    2583  -1.477619662E-09
    2584  -1.476476436E-09
    2585  -1.475334536E-09
    2586  -1.418127170E-09
    2587  -1.417031245E-09
    2588  -1.415936590E-09
    2589  -1.414843203E-09
    2590  -1.413751081E-09
    2591  -1.353407914E-09
    2592  -1.352364020E-09
    2593  -1.351321334E-09
    2594  -1.350279853E-09
    2595  -1.349239576E-09
    2596  -1.286362626E-09
    2597  -1.285372355E-09
    2598  -1.284383227E-09
    2599  -1.283395240E-09
    2600  -1.282408392E-09
    2601  -1.189502242E-09
    2602  -1.188588294E-09
    2603  -1.187675400E-09
    2604  -1.186763557E-09
    2605  -1.185852764E-09
    2606  -1.134959810E-09
    2607  -1.134089442E-09
    2608  -1.133220075E-09
    2609  -1.132351707E-09
    2610  -1.131484337E-09
    2611  -1.056017413E-09
    2612  -1.055209134E-09
    2613  -1.054401782E-09
    2614  -1.053595356E-09
    2615  -1.052789855E-09
    2616  -1.026485373E-09
    2617  -1.025701197E-09
    2618  -1.024917920E-09
    2619  -1.024135540E-09
    2620  -1.023354056E-09
    2621  -9.770121830E-10
    2622  -9.762672251E-10
    2623  -9.755231190E-10
    2624  -9.747798633E-10
    2625  -9.740374567E-10
    2626  -9.576758548E-10
    2627  -9.569470299E-10
    2628  -9.562190368E-10
    2629  -9.554918740E-10
    2630  -9.547655404E-10
    2631  -9.299774529E-10
    2632  -9.292710515E-10
    2633  -9.285654547E-10
    2634  -9.278606612E-10
    2635  -9.271566698E-10
    2636  -8.841554689E-10
    2637  -8.834851464E-10
    2638  -8.828155858E-10
    2639  -8.821467861E-10
    2640  -8.814787462E-10
    2641  -8.440548494E-10
    2642  -8.434161397E-10
    2643  -8.427781547E-10
    2644  -8.421408934E-10
    2645  -8.415043545E-10
    2646  -7.864391870E-10
    2647  -7.858451997E-10
    2648  -7.852518851E-10
    2649  -7.846592421E-10
    2650  -7.840672699E-10
    2651  -7.285508707E-10
    2652  -7.280016428E-10
    2653  -7.274530356E-10
    2654  -7.269050484E-10
    2655  -7.263576802E-10
    2656  -6.900322417E-10
    2657  -6.895130300E-10
    2658  -6.889944042E-10
    2659  -6.884763633E-10
    2660  -6.879589064E-10
    2661  -6.449604206E-10
    2662  -6.444760342E-10
    2663  -6.439921934E-10
    2664  -6.435088972E-10
    2665  -6.430261448E-10
    2666  -6.318031123E-10
    2667  -6.313294967E-10
    2668  -6.308564136E-10
    2669  -6.303838619E-10
    2670  -6.299118411E-10
    2671  -6.065784533E-10
    2672  -6.061245973E-10
    2673  -6.056712506E-10
    2674  -6.052184123E-10
    2675  -6.047660816E-10
    2676  -5.751985291E-10
    2677  -5.747689559E-10
    2678  -5.743398637E-10
    2679  -5.739112519E-10
    2680  -5.734831196E-10
    2681  -5.583930419E-10
    2682  -5.579767966E-10
    2683  -5.575610166E-10
    2684  -5.571457011E-10
    2685  -5.567308495E-10
    2686  -5.317554370E-10
    2687  -5.313597857E-10
    2688  -5.309645757E-10
    2689  -5.305698065E-10
    2690  -5.301754774E-10
    2691  -5.088226792E-10
    2692  -5.084447938E-10
    2693  -5.080673292E-10
    2694  -5.076902848E-10
    2695  -5.073136599E-10
    2696  -4.777752361E-10
    2697  -4.774210662E-10
    2698  -4.770672900E-10
    2699  -4.767139068E-10
    2700  -4.763609161E-10
