      50   1.633213228E-08
      51   2.709260560E-08
      52   2.607024312E-08
      53   2.510467856E-08
      54   2.419178116E-08
      55   2.332778898E-08
      56   3.172053540E-08
      57   3.062672383E-08
      58   2.958852980E-08
      59   2.860224548E-08
      60   2.766446694E-08
      61   1.877567513E-08
      62   1.817962195E-08
      63   1.761150876E-08
      64   1.706961619E-08
      65   1.655235509E-08
      66   1.049663540E-08
      67   1.018791083E-08
      68   9.892609063E-09
      69   9.609963090E-09
      70   9.339259904E-09
      71   9.511170340E-09
      72   9.250590330E-09
      73   9.000574375E-09
      74   8.760559059E-09
      75   8.530018031E-09
      76   1.476982165E-08
      77   1.439110827E-08
      78   1.402677642E-08
      79   1.367610701E-08
      80   1.333842535E-08
      81   1.186120277E-08
      82   1.157539066E-08
      83   1.129978612E-08
      84   1.103390880E-08
      85   1.077730627E-08
      86   1.517702498E-08
      87   1.483209259E-08
      88   1.449878714E-08
      89   1.417659187E-08
      90   1.386501842E-08
      91   4.564346313E-08
      92   4.466188328E-08
      93   4.371163044E-08
      94   4.279138559E-08
      95   4.189989839E-08
      96   8.438838830E-08
      97   8.266617630E-08
      98   8.099615253E-08
      99   7.937622948E-08
     100   7.780442296E-08
     101   1.945545393E-07
     102   1.907767812E-07
     103   1.871079970E-07
     104   1.835440351E-07
     105   1.800809401E-07
     106   3.240945794E-07
     107   3.180928279E-07
     108   3.122562623E-07
     109   3.065788757E-07
     110   3.010549320E-07
     111   6.459589093E-07
     112   6.345260083E-07
     113   6.233939730E-07
     114   6.125523387E-07
     115   6.019910915E-07
     116   7.267934904E-07
     117   7.144749567E-07
     118   7.024669742E-07
     119   6.907591913E-07
     120   6.793416840E-07
     121   6.264135597E-07
     122   6.162279733E-07
     123   6.062888125E-07
     124   5.965881915E-07
     125   5.871185376E-07
     126   1.563216608E-06
     127   1.538791348E-06
     128   1.514934118E-06
     129   1.491627439E-06
     130   1.468854501E-06
     131   1.305645228E-06
     132   1.286011465E-06
     133   1.266817264E-06
     134   1.248049601E-06
     135   1.229695930E-06
     136   1.451662882E-06
     137   1.430624289E-06
     138   1.410039767E-06
     139   1.389896342E-06
     140   1.370181500E-06
     141   1.568223527E-06
     142   1.546290330E-06
     143   1.524814076E-06
     144   1.503782158E-06
     145   1.483182402E-06
     146   1.445661306E-06
     147   1.426125342E-06
     148   1.406982720E-06
     149   1.388222950E-06
     150   1.369835891E-06
     151   1.670258006E-06
     152   1.648424568E-06
     153   1.627016457E-06
     154   1.606022696E-06
     155   1.585432662E-06
     156   1.660415799E-06
     157   1.639397877E-06
     158   1.618776520E-06
     159   1.598541814E-06
     160   1.578684151E-06
     161   1.687186196E-06
     162   1.666484525E-06
     163   1.646161543E-06
     164   1.626208069E-06
     165   1.606615201E-06
     166   1.816393433E-06
     167   1.794769702E-06
     168   1.773529824E-06
     169   1.752664767E-06
     170   1.732165764E-06
     171   1.902353167E-06
     172   1.880360645E-06
     173   1.858747304E-06
     174   1.837504478E-06
     175   1.816623745E-06
     176   1.771154591E-06
     177   1.751253978E-06
     178   1.731686894E-06
     179   1.712445929E-06
     180   1.693523874E-06
     181   2.075100833E-06
     182   2.052422135E-06
     183   2.030113199E-06
     184   2.008166029E-06
     185   1.986572846E-06
     186   1.918825728E-06
     187   1.898412688E-06
     188   1.878323665E-06
     189   1.858551837E-06
     190   1.839090561E-06
     191   2.110027150E-06
     192   2.088161583E-06
     193   2.066634144E-06
     194   2.045437897E-06
     195   2.024566081E-06
     196   2.000610095E-06
     197   1.980401913E-06
     198   1.960498376E-06
     199   1.940893392E-06
     200   1.921581020E-06
     201   1.851688761E-06
     202   1.833445522E-06
     203   1.815470566E-06
     204   1.797758658E-06
     205   1.780304691E-06
     206   2.369143782E-06
     207   2.346363553E-06
     208   2.323910313E-06
     209   2.301777834E-06
     210   2.279960035E-06
     211   2.028299357E-06
     212   2.009254292E-06
     213   1.990476215E-06
     214   1.971960157E-06
     215   1.953701267E-06
     216   2.464125448E-06
     217   2.441518792E-06
     218   2.419221817E-06
     219   2.397228891E-06
     220   2.375534512E-06
     221   2.368695604E-06
     222   2.347451697E-06
     223   2.326492307E-06
     224   2.305812376E-06
     225   2.285406956E-06
     226   2.195466460E-06
     227   2.176207982E-06
     228   2.157201799E-06
     229   2.138443522E-06
     230   2.119928860E-06
     231   2.498696325E-06
     232   2.477248288E-06
     233   2.456075225E-06
     234   2.435172457E-06
     235   2.414535403E-06
     236   2.234865775E-06
     237   2.216085390E-06
     238   2.197540742E-06
     239   2.179227903E-06
     240   2.161143024E-06
     241   2.764666587E-06
     242   2.741912129E-06
     243   2.719437440E-06
     244   2.697237950E-06
     245   2.675309187E-06
     246   2.634576304E-06
     247   2.613329720E-06
     248   2.592339120E-06
     249   2.571600407E-06
     250   2.551109567E-06
     251   2.486151708E-06
     252   2.466498335E-06
     253   2.447077088E-06
     254   2.427884326E-06
     255   2.408916480E-06
     256   2.796703134E-06
     257   2.775023264E-06
     258   2.753594513E-06
     259   2.732413017E-06
     260   2.711474986E-06
     261   2.620162242E-06
     262   2.600237054E-06
     263   2.580538288E-06
     264   2.561062527E-06
     265   2.541806418E-06
     266   3.020663742E-06
     267   2.998121475E-06
     268   2.975830609E-06
     269   2.953787420E-06
     270   2.931988250E-06
     271   2.836200643E-06
     272   2.815422616E-06
     273   2.794872086E-06
     274   2.774545744E-06
     275   2.754440340E-06
     276   3.001722092E-06
     277   2.980126969E-06
     278   2.958764052E-06
     279   2.937630023E-06
     280   2.916721624E-06
     281   2.903446098E-06
     282   2.882927044E-06
     283   2.862624741E-06
     284   2.842536146E-06
     285   2.822658271E-06
     286   2.903817214E-06
     287   2.883651817E-06
     288   2.863695749E-06
     289   2.843946123E-06
     290   2.824400102E-06
     291   3.168628961E-06
     292   3.147000094E-06
     293   3.125591930E-06
     294   3.104401477E-06
     295   3.083425791E-06
     296   3.235110285E-06
     297   3.213398136E-06
     298   3.191903834E-06
     299   3.170624475E-06
     300   3.149557203E-06
     301   3.324513169E-06
     302   3.302569188E-06
     303   3.280841759E-06
     304   3.259328042E-06
     305   3.238025245E-06
     306   3.036469189E-06
     307   3.016751856E-06
     308   2.997225954E-06
     309   2.977889013E-06
     310   2.958738601E-06
     311   3.356778141E-06
     312   3.335329080E-06
     313   3.314084945E-06
     314   3.293043136E-06
     315   3.272201091E-06
     316   3.475456148E-06
     317   3.453597933E-06
     318   3.431945281E-06
     319   3.410495623E-06
     320   3.389246429E-06
     321   3.430440605E-06
     322   3.409199487E-06
     323   3.388155046E-06
     324   3.367304861E-06
     325   3.346646549E-06
     326   3.626277575E-06
     327   3.604166126E-06
     328   3.582256302E-06
     329   3.560545657E-06
     330   3.539031786E-06
     331   3.542641815E-06
     332   3.521364687E-06
     333   3.500278671E-06
     334   3.479381485E-06
     335   3.458670881E-06
     336   3.797540510E-06
     337   3.775069856E-06
     338   3.752798058E-06
     339   3.730722775E-06
     340   3.708841703E-06
     341   3.840098688E-06
     342   3.817707442E-06
     343   3.795511469E-06
     344   3.773508504E-06
     345   3.751696316E-06
     346   3.750524372E-06
     347   3.728969634E-06
     348   3.707600180E-06
     349   3.686413894E-06
     350   3.665408686E-06
     351   4.029760856E-06
     352   4.006929350E-06
     353   3.984291331E-06
     354   3.961844620E-06
     355   3.939587066E-06
     356   3.872126759E-06
     357   3.850494766E-06
     358   3.829043541E-06
     359   3.807771077E-06
     360   3.786675393E-06
     361   4.330348178E-06
     362   4.306489510E-06
     363   4.282827480E-06
     364   4.259359932E-06
     365   4.236084741E-06
     366   3.944595602E-06
     367   3.923157583E-06
     368   3.901893856E-06
     369   3.880802538E-06
     370   3.859881769E-06
     371   4.220226974E-06
     372   4.197598411E-06
     373   4.175151360E-06
     374   4.152883887E-06
     375   4.130794079E-06
     376   4.162639507E-06
     377   4.140614959E-06
     378   4.118764749E-06
     379   4.097087039E-06
     380   4.075580021E-06
     381   4.417674285E-06
     382   4.394605489E-06
     383   4.371716919E-06
     384   4.349006701E-06
     385   4.326472988E-06
     386   4.646967387E-06
     387   4.623013947E-06
     388   4.599245238E-06
     389   4.575659365E-06
     390   4.552254457E-06
     391   4.197947669E-06
     392   4.176584067E-06
     393   4.155383133E-06
     394   4.134343218E-06
     395   4.113462697E-06
     396   4.537501349E-06
     397   4.514699835E-06
     398   4.492069761E-06
     399   4.469609412E-06
     400   4.447317095E-06
     401   4.735279546E-06
     402   4.711779399E-06
     403   4.688453759E-06
     404   4.665300901E-06
     405   4.642319123E-06
     406   4.536111577E-06
     407   4.513875736E-06
     408   4.491802994E-06
     409   4.469891760E-06
     410   4.448140462E-06
     411   4.810842166E-06
     412   4.787545109E-06
     413   4.764416872E-06
     414   4.741455827E-06
     415   4.718660366E-06
     416   4.651783858E-06
     417   4.629526519E-06
     418   4.607428540E-06
     419   4.585488405E-06
     420   4.563704612E-06
     421   5.051001713E-06
     422   5.027119908E-06
     423   5.003407078E-06
     424   4.979861633E-06
     425   4.956482001E-06
     426   5.024113404E-06
     427   5.000636239E-06
     428   4.977323249E-06
     429   4.954172908E-06
     430   4.931183707E-06
     431   4.919017813E-06
     432   4.896297176E-06
     433   4.873733595E-06
     434   4.851325624E-06
     435   4.829071837E-06
     436   5.255629240E-06
     437   5.231630933E-06
     438   5.207796623E-06
     439   5.184124821E-06
     440   5.160614051E-06
     441   4.964907834E-06
     442   4.942492900E-06
     443   4.920229418E-06
     444   4.898116028E-06
     445   4.876151382E-06
     446   5.609137546E-06
     447   5.584096754E-06
     448   5.559223272E-06
     449   5.534515613E-06
     450   5.509972306E-06
     451   5.285033685E-06
     452   5.261700203E-06
     453   5.238520907E-06
     454   5.215494441E-06
     455   5.192619466E-06
     456   5.409374125E-06
     457   5.385752404E-06
     458   5.362285073E-06
     459   5.338970791E-06
     460   5.315808227E-06
     461   5.652218121E-06
     462   5.627802492E-06
     463   5.603544723E-06
     464   5.579443455E-06
     465   5.555497346E-06
     466   5.630181245E-06
     467   5.606120642E-06
     468   5.582213944E-06
     469   5.558459842E-06
     470   5.534857040E-06
     471   6.109147458E-06
     472   6.083315968E-06
     473   6.057647968E-06
     474   6.032142082E-06
     475   6.006796947E-06
     476   5.771179935E-06
     477   5.747032739E-06
     478   5.723036777E-06
     479   5.699190791E-06
     480   5.675493532E-06
     481   6.027516120E-06
     482   6.002557461E-06
     483   5.977753504E-06
     484   5.953102974E-06
     485   5.928604608E-06
     486   6.235485249E-06
     487   6.209929982E-06
     488   6.184531495E-06
     489   6.159288509E-06
     490   6.134199758E-06
     491   6.021274630E-06
     492   5.996847552E-06
     493   5.972568817E-06
     494   5.948437226E-06
     495   5.924451592E-06
     496   6.787927727E-06
     497   6.760666973E-06
     498   6.733570111E-06
     499   6.706635831E-06
     500   6.679862833E-06
     501   6.066186229E-06
     502   6.042066204E-06
     503   6.018089751E-06
     504   5.994255732E-06
     505   5.970563022E-06
     506   6.634698482E-06
     507   6.608577622E-06
     508   6.582610716E-06
     509   6.556796556E-06
     510   6.531133947E-06
     511   6.653565688E-06
     512   6.627625861E-06
     513   6.601837433E-06
     514   6.576199230E-06
     515   6.550710086E-06
     516   6.520758901E-06
     517   6.495582226E-06
     518   6.470551081E-06
     519   6.445664346E-06
     520   6.420920913E-06
     521   6.919527376E-06
     522   6.893066468E-06
     523   6.866757054E-06
     524   6.840597980E-06
     525   6.814588102E-06
     526   6.635100899E-06
     527   6.609967941E-06
     528   6.584977514E-06
     529   6.560128542E-06
     530   6.535419960E-06
     531   7.187690619E-06
     532   7.160719923E-06
     533   7.133900747E-06
     534   7.107231959E-06
     535   7.080712437E-06
     536   7.034482210E-06
     537   7.008331719E-06
     538   6.982326777E-06
     539   6.956466308E-06
     540   6.930749242E-06
     541   7.199699017E-06
     542   7.173180788E-06
     543   7.146808800E-06
     544   7.120581979E-06
     545   7.094499261E-06
     546   7.416468081E-06
     547   7.389400680E-06
     548   7.362481187E-06
     549   7.335708528E-06
     550   7.309081637E-06
     551   7.436334389E-06
     552   7.409439870E-06
     553   7.382690990E-06
     554   7.356086698E-06
     555   7.329625955E-06
     556   7.659797454E-06
     557   7.632342982E-06
     558   7.605035852E-06
     559   7.577875010E-06
     560   7.550859412E-06
     561   7.661033234E-06
     562   7.633818195E-06
     563   7.606747918E-06
     564   7.579821377E-06
     565   7.553037556E-06
     566   7.769305950E-06
     567   7.741949239E-06
     568   7.714736763E-06
     569   7.687667512E-06
     570   7.660740480E-06
     571   8.136236999E-06
     572   8.107838266E-06
     573   8.079587958E-06
     574   8.051485044E-06
     575   8.023528498E-06
     576   8.159217899E-06
     577   8.130985311E-06
     578   8.102899006E-06
     579   8.074957975E-06
     580   8.047161217E-06
     581   8.151428403E-06
     582   8.123464670E-06
     583   8.095644585E-06
     584   8.067967168E-06
     585   8.040431444E-06
     586   8.073405878E-06
     587   8.045945314E-06
     588   8.018624616E-06
     589   7.991442838E-06
     590   7.964399038E-06
     591   8.523895934E-06
     592   8.495147549E-06
     593   8.466544359E-06
     594   8.438085386E-06
     595   8.409769664E-06
     596   8.720676333E-06
     597   8.691510191E-06
     598   8.662490124E-06
     599   8.633615157E-06
     600   8.604884324E-06
     601   8.826353895E-06
     602   8.797079089E-06
     603   8.767949689E-06
     604   8.738964731E-06
     605   8.710123263E-06
     606   8.539786327E-06
     607   8.511694925E-06
     608   8.483741904E-06
     609   8.455926357E-06
     610   8.428247383E-06
     611   8.618859542E-06
     612   8.590739282E-06
     613   8.562756418E-06
     614   8.534910056E-06
     615   8.507199309E-06
     616   9.213475007E-06
     617   9.183657936E-06
     618   9.153985374E-06
     619   9.124456389E-06
     620   9.095070056E-06
     621   8.940414041E-06
     622   8.911712873E-06
     623   8.883149690E-06
     624   8.854723611E-06
     625   8.826433760E-06
     626   9.152208692E-06
     627   9.123061531E-06
     628   9.094053386E-06
     629   9.065183375E-06
     630   9.036450623E-06
     631   8.992667372E-06
     632   8.964254521E-06
     633   8.935976115E-06
     634   8.907831308E-06
     635   8.879819260E-06
     636   9.699341264E-06
     637   9.668935806E-06
     638   9.638673096E-06
     639   9.608552243E-06
     640   9.578572360E-06
     641   9.616906270E-06
     642   9.586993653E-06
     643   9.557220381E-06
     644   9.527585589E-06
     645   9.498088420E-06
     646   9.569477710E-06
     647   9.539942285E-06
     648   9.510543387E-06
     649   9.481280177E-06
     650   9.452151820E-06
     651   9.643844173E-06
     652   9.614307131E-06
     653   9.584905580E-06
     654   9.555638693E-06
     655   9.526505648E-06
     656   9.584995869E-06
     657   9.555862143E-06
     658   9.526861044E-06
     659   9.497991768E-06
     660   9.469253518E-06
     661   9.878086207E-06
     662   9.848288059E-06
     663   9.818624540E-06
     664   9.789094842E-06
     665   9.759698161E-06
     666   9.959332118E-06
     667   9.929513759E-06
     668   9.899829114E-06
     669   9.870277385E-06
     670   9.840857780E-06
     671   9.649131719E-06
     672   9.620456736E-06
     673   9.591909387E-06
     674   9.563488914E-06
     675   9.535194568E-06
     676   1.051913991E-05
     677   1.048811000E-05
     678   1.045721718E-05
     679   1.042646066E-05
     680   1.039583963E-05
     681   1.019026345E-05
     682   1.016042373E-05
     683   1.013071489E-05
     684   1.010113616E-05
     685   1.007168678E-05
     686   1.050521352E-05
     687   1.047467511E-05
     688   1.044426966E-05
     689   1.041399642E-05
     690   1.038385461E-05
     691   1.025011350E-05
     692   1.022053165E-05
     693   1.019107766E-05
     694   1.016175082E-05
     695   1.013255039E-05
     696   1.030093875E-05
     697   1.027142316E-05
     698   1.024203425E-05
     699   1.021277130E-05
     700   1.018363358E-05
     701   1.091131423E-05
     702   1.088027208E-05
     703   1.084936222E-05
     704   1.081858389E-05
     705   1.078793634E-05
     706   1.035158438E-05
     707   1.032234261E-05
     708   1.029322458E-05
     709   1.026422958E-05
     710   1.023535692E-05
     711   1.084096090E-05
     712   1.081055147E-05
     713   1.078026982E-05
     714   1.075011522E-05
     715   1.072008696E-05
     716   1.077957457E-05
     717   1.074954790E-05
     718   1.071964652E-05
     719   1.068986972E-05
     720   1.066021683E-05
     721   1.083507882E-05
     722   1.080510626E-05
     723   1.077525790E-05
     724   1.074553305E-05
     725   1.071593103E-05
     726   1.097927670E-05
     727   1.094911385E-05
     728   1.091907513E-05
     729   1.088915986E-05
     730   1.085936736E-05
     731   1.082225599E-05
     732   1.079272732E-05
     733   1.076331934E-05
     734   1.073403140E-05
     735   1.070486284E-05
     736   1.118504179E-05
     737   1.115473003E-05
     738   1.112454131E-05
     739   1.109447499E-05
     740   1.106453038E-05
     741   1.138989181E-05
     742   1.135923262E-05
     743   1.132869704E-05
     744   1.129828444E-05
     745   1.126799413E-05
     746   1.135487647E-05
     747   1.132451584E-05
     748   1.129427681E-05
     749   1.126415874E-05
     750   1.123416098E-05
     751   1.126107193E-05
     752   1.123116205E-05
     753   1.120137116E-05
     754   1.117169866E-05
     755   1.114214390E-05
     756   1.098150149E-05
     757   1.095252655E-05
     758   1.092366614E-05
     759   1.089491965E-05
     760   1.086628648E-05
     761   1.178032086E-05
     762   1.174944191E-05
     763   1.171868421E-05
     764   1.168804712E-05
     765   1.165753003E-05
     766   1.160885644E-05
     767   1.157862504E-05
     768   1.154851158E-05
     769   1.151851545E-05
     770   1.148863603E-05
     771   1.188811398E-05
     772   1.185735560E-05
     773   1.182671644E-05
     774   1.179619588E-05
     775   1.176579331E-05
     776   1.155099421E-05
     777   1.152130014E-05
     778   1.149172042E-05
     779   1.146225447E-05
     780   1.143290171E-05
     781   1.178821029E-05
     782   1.175809992E-05
     783   1.172810477E-05
     784   1.169822425E-05
     785   1.166845777E-05
     786   1.185882566E-05
     787   1.182872711E-05
     788   1.179874302E-05
     789   1.176887278E-05
     790   1.173911583E-05
     791   1.183029630E-05
     792   1.180045949E-05
     793   1.177073541E-05
     794   1.174112350E-05
     795   1.171162319E-05
     796   1.190899021E-05
     797   1.187914312E-05
     798   1.184940809E-05
     799   1.181978457E-05
     800   1.179027200E-05
     801   1.218821699E-05
     802   1.215786029E-05
     803   1.212761685E-05
     804   1.209748613E-05
     805   1.206746755E-05
     806   1.220823709E-05
     807   1.217801868E-05
     808   1.214791233E-05
     809   1.211791749E-05
     810   1.208803360E-05
     811   1.202284790E-05
     812   1.199327139E-05
     813   1.196380390E-05
     814   1.193444487E-05
     815   1.190519378E-05
     816   1.200067550E-05
     817   1.197133400E-05
     818   1.194209997E-05
     819   1.191297290E-05
     820   1.188395226E-05
     821   1.217274192E-05
     822   1.214316053E-05
     823   1.211368684E-05
     824   1.208432033E-05
     825   1.205506047E-05
     826   1.209871052E-05
     827   1.206948658E-05
     828   1.204036840E-05
     829   1.201135546E-05
     830   1.198244727E-05
     831   1.241216099E-05
     832   1.238235988E-05
     833   1.235266597E-05
     834   1.232307875E-05
     835   1.229359770E-05
     836   1.212748673E-05
     837   1.209854285E-05
     838   1.206970246E-05
     839   1.204096507E-05
     840   1.201233020E-05
     841   1.215192368E-05
     842   1.212309349E-05
     843   1.209436578E-05
     844   1.206574006E-05
     845   1.203721586E-05
     846   1.225549283E-05
     847   1.222658837E-05
     848   1.219778604E-05
     849   1.216908537E-05
     850   1.214048587E-05
     851   1.209827986E-05
     852   1.206991343E-05
     853   1.204164666E-05
     854   1.201347906E-05
     855   1.198541019E-05
     856   1.227969899E-05
     857   1.225107498E-05
     858   1.222255094E-05
     859   1.219412640E-05
     860   1.216580091E-05
     861   1.206091200E-05
     862   1.203296087E-05
     863   1.200510679E-05
     864   1.197734932E-05
     865   1.194968800E-05
     866   1.228059865E-05
     867   1.225230234E-05
     868   1.222410372E-05
     869   1.219600233E-05
     870   1.216799773E-05
     871   1.252154327E-05
     872   1.249285703E-05
     873   1.246426925E-05
     874   1.243577950E-05
     875   1.240738731E-05
     876   1.221591635E-05
     877   1.218808966E-05
     878   1.216035794E-05
     879   1.213272076E-05
     880   1.210517770E-05
     881   1.222345400E-05
     882   1.219576781E-05
     883   1.216817558E-05
     884   1.214067688E-05
     885   1.211327128E-05
     886   1.223215930E-05
     887   1.220460939E-05
     888   1.217715245E-05
     889   1.214978806E-05
     890   1.212251581E-05
     891   1.233160864E-05
     892   1.230399025E-05
     893   1.227646455E-05
     894   1.224903111E-05
     895   1.222168952E-05
     896   1.250703448E-05
     897   1.247917917E-05
     898   1.245141682E-05
     899   1.242374700E-05
     900   1.239616932E-05
     901   1.216906945E-05
     902   1.214211692E-05
     903   1.211525383E-05
     904   1.208847978E-05
     905   1.206179440E-05
     906   1.219378227E-05
     907   1.216692372E-05
     908   1.214015381E-05
     909   1.211347216E-05
     910   1.208687836E-05
     911   1.200904613E-05
     912   1.198273935E-05
     913   1.195651891E-05
     914   1.193038444E-05
     915   1.190433557E-05
     916   1.210144059E-05
     917   1.207507579E-05
     918   1.204879707E-05
     919   1.202260403E-05
     920   1.199649631E-05
     921   1.194317456E-05
     922   1.191729552E-05
     923   1.189150051E-05
     924   1.186578916E-05
     925   1.184016111E-05
     926   1.183386879E-05
     927   1.180836476E-05
     928   1.178294309E-05
     929   1.175760343E-05
     930   1.173234542E-05
     931   1.223030533E-05
     932   1.220408817E-05
     933   1.217795522E-05
     934   1.215190612E-05
     935   1.212594051E-05
     936   1.172284408E-05
     937   1.169784868E-05
     938   1.167293313E-05
     939   1.164809711E-05
     940   1.162334026E-05
     941   1.184159817E-05
     942   1.181648343E-05
     943   1.179144851E-05
     944   1.176649306E-05
     945   1.174161676E-05
     946   1.175969554E-05
     947   1.173488605E-05
     948   1.171015500E-05
     949   1.168550204E-05
     950   1.166092685E-05
     951   1.187134085E-05
     952   1.184642723E-05
     953   1.182159195E-05
     954   1.179683469E-05
     955   1.177215512E-05
     956   1.164476189E-05
     957   1.162045132E-05
     958   1.159621681E-05
     959   1.157205802E-05
     960   1.154797465E-05
     961   1.131837138E-05
     962   1.129486490E-05
     963   1.127143157E-05
     964   1.124807109E-05
     965   1.122478316E-05
     966   1.175381711E-05
     967   1.172953237E-05
     968   1.170532280E-05
     969   1.168118812E-05
     970   1.165712800E-05
     971   1.123482880E-05
     972   1.121173563E-05
     973   1.118871358E-05
     974   1.116576237E-05
     975   1.114288171E-05
     976   1.149760246E-05
     977   1.147408998E-05
     978   1.145064955E-05
     979   1.142728088E-05
     980   1.140398367E-05
     981   1.110991000E-05
     982   1.108730591E-05
     983   1.106477073E-05
     984   1.104230419E-05
     985   1.101990601E-05
     986   1.092066338E-05
     987   1.089855677E-05
     988   1.087651722E-05
     989   1.085454446E-05
     990   1.083263822E-05
     991   1.088634798E-05
     992   1.086442180E-05
     993   1.084256179E-05
     994   1.082076770E-05
     995   1.079903925E-05
     996   1.078613684E-05
     997   1.076452134E-05
     998   1.074297074E-05
     999   1.072148480E-05
    1000   1.070006325E-05
    1001   1.066740535E-05
    1002   1.064613435E-05
    1003   1.062492691E-05
    1004   1.060378278E-05
    1005   1.058270170E-05
    1006   1.045942283E-05
    1007   1.043867001E-05
    1008   1.041797889E-05
    1009   1.039734922E-05
    1010   1.037678078E-05
    1011   1.025596946E-05
    1012   1.023572076E-05
    1013   1.021553196E-05
    1014   1.019540283E-05
    1015   1.017533314E-05
    1016   1.047296720E-05
    1017   1.045239162E-05
    1018   1.043187662E-05
    1019   1.041142196E-05
    1020   1.039102741E-05
    1021   1.024421983E-05
    1022   1.022419203E-05
    1023   1.020422290E-05
    1024   1.018431222E-05
    1025   1.016445976E-05
    1026   1.009685368E-05
    1027   1.007721000E-05
    1028   1.005762359E-05
    1029   1.003809422E-05
    1030   1.001862168E-05
    1031   9.904953718E-06
    1032   9.885776654E-06
    1033   9.866655229E-06
    1034   9.847589229E-06
    1035   9.828578439E-06
    1036   9.747023631E-06
    1037   9.728243239E-06
    1038   9.709517073E-06
    1039   9.690844925E-06
    1040   9.672226587E-06
    1041   9.705071642E-06
    1042   9.686461726E-06
    1043   9.667905286E-06
    1044   9.649402118E-06
    1045   9.630952018E-06
    1046   9.438343161E-06
    1047   9.420331055E-06
    1048   9.402370462E-06
    1049   9.384461185E-06
    1050   9.366603029E-06
    1051   9.494255811E-06
    1052   9.476223036E-06
    1053   9.458241588E-06
    1054   9.440311272E-06
    1055   9.422431895E-06
    1056   9.278029086E-06
    1057   9.260490278E-06
    1058   9.243001156E-06
    1059   9.225561531E-06
    1060   9.208171217E-06
    1061   9.210322874E-06
    1062   9.192993950E-06
    1063   9.175713886E-06
    1064   9.158482499E-06
    1065   9.141299605E-06
    1066   9.134427051E-06
    1067   9.117321382E-06
    1068   9.100263718E-06
    1069   9.083253880E-06
    1070   9.066291687E-06
    1071   9.028644752E-06
    1072   9.011815964E-06
    1073   8.995034184E-06
    1074   8.978299236E-06
    1075   8.961610948E-06
    1076   8.717434951E-06
    1077   8.701261602E-06
    1078   8.685133221E-06
    1079   8.669049641E-06
    1080   8.653010696E-06
    1081   8.779007935E-06
    1082   8.762795547E-06
    1083   8.746628028E-06
    1084   8.730505211E-06
    1085   8.714426932E-06
    1086   8.531455685E-06
    1087   8.515772862E-06
    1088   8.500133242E-06
    1089   8.484536668E-06
    1090   8.468982980E-06
    1091   8.371239751E-06
    1092   8.355921837E-06
    1093   8.340645929E-06
    1094   8.325411873E-06
    1095   8.310219515E-06
    1096   8.191675872E-06
    1097   8.176754787E-06
    1098   8.161874432E-06
    1099   8.147034661E-06
    1100   8.132235324E-06
    1101   8.123358308E-06
    1102   8.108628738E-06
    1103   8.093939193E-06
    1104   8.079289529E-06
    1105   8.064679602E-06
    1106   7.839500747E-06
    1107   7.825350023E-06
    1108   7.811237580E-06
    1109   7.797163278E-06
    1110   7.783126980E-06
    1111   7.748891662E-06
    1112   7.734967328E-06
    1113   7.721080493E-06
    1114   7.707231021E-06
    1115   7.693418779E-06
    1116   7.522431074E-06
    1117   7.508974131E-06
    1118   7.495553266E-06
    1119   7.482168349E-06
    1120   7.468819253E-06
    1121   7.466813166E-06
    1122   7.453515191E-06
    1123   7.440252708E-06
    1124   7.427025592E-06
    1125   7.413833717E-06
    1126   7.234148820E-06
    1127   7.221322315E-06
    1128   7.208529893E-06
    1129   7.195771433E-06
    1130   7.183046815E-06
    1131   7.091733271E-06
    1132   7.079214766E-06
    1133   7.066729378E-06
    1134   7.054276991E-06
    1135   7.041857490E-06
    1136   6.935011347E-06
    1137   6.922823278E-06
    1138   6.910667311E-06
    1139   6.898543333E-06
    1140   6.886451233E-06
    1141   6.832251233E-06
    1142   6.820296288E-06
    1143   6.808372693E-06
    1144   6.796480339E-06
    1145   6.784619117E-06
    1146   6.745754313E-06
    1147   6.734002128E-06
    1148   6.722280628E-06
    1149   6.710589705E-06
    1150   6.698929253E-06
    1151   6.434976366E-06
    1152   6.423814221E-06
    1153   6.412681094E-06
    1154   6.401576885E-06
    1155   6.390501492E-06
    1156   6.364602626E-06
    1157   6.353610221E-06
    1158   6.342646269E-06
    1159   6.331710672E-06
    1160   6.320803332E-06
    1161   6.095763315E-06
    1162   6.085280489E-06
    1163   6.074824681E-06
    1164   6.064395797E-06
    1165   6.053993746E-06
    1166   6.016878910E-06
    1167   6.006576035E-06
    1168   5.996299600E-06
    1169   5.986049515E-06
    1170   5.975825690E-06
    1171   5.915749160E-06
    1172   5.905662632E-06
    1173   5.895601878E-06
    1174   5.885566811E-06
    1175   5.875557343E-06
    1176   5.643415571E-06
    1177   5.633834220E-06
    1178   5.624277249E-06
    1179   5.614744576E-06
    1180   5.605236118E-06
    1181   5.576025740E-06
    1182   5.566598816E-06
    1183   5.557195778E-06
    1184   5.547816544E-06
    1185   5.538461036E-06
    1186   5.418690264E-06
    1187   5.409567890E-06
    1188   5.400468533E-06
    1189   5.391392115E-06
    1190   5.382338560E-06
    1191   5.241561688E-06
    1192   5.232774493E-06
    1193   5.224009377E-06
    1194   5.215266265E-06
    1195   5.206545084E-06
    1196   5.152254905E-06
    1197   5.143653477E-06
    1198   5.135073572E-06
    1199   5.126515116E-06
    1200   5.117978038E-06
    1201   4.989116800E-06
    1202   4.980822342E-06
    1203   4.972548550E-06
    1204   4.964295358E-06
    1205   4.956062695E-06
    1206   4.896942313E-06
    1207   4.888834792E-06
    1208   4.880747390E-06
    1209   4.872680039E-06
    1210   4.864632673E-06
    1211   4.611282406E-06
    1212   4.603679302E-06
    1213   4.596094987E-06
    1214   4.588529398E-06
    1215   4.580982475E-06
    1216   4.557712188E-06
    1217   4.550228260E-06
    1218   4.542762750E-06
    1219   4.535315598E-06
    1220   4.527886744E-06
    1221   4.495087633E-06
    1222   4.487736713E-06
    1223   4.480403810E-06
    1224   4.473088865E-06
    1225   4.465791820E-06
    1226   4.308055237E-06
    1227   4.301038861E-06
    1228   4.294039611E-06
    1229   4.287057433E-06
    1230   4.280092271E-06
    1231   4.339802163E-06
    1232   4.332762743E-06
    1233   4.325740437E-06
    1234   4.318735190E-06
    1235   4.311746945E-06
    1236   4.132536493E-06
    1237   4.125860344E-06
    1238   4.119200359E-06
    1239   4.112556488E-06
    1240   4.105928677E-06
    1241   3.990786564E-06
    1242   3.984365347E-06
    1243   3.977959615E-06
    1244   3.971569318E-06
    1245   3.965194407E-06
    1246   3.941216098E-06
    1247   3.934900046E-06
    1248   3.928599165E-06
    1249   3.922313407E-06
    1250   3.916042722E-06
    1251   3.782306775E-06
    1252   3.776269573E-06
    1253   3.770246815E-06
    1254   3.764238453E-06
    1255   3.758244443E-06
    1256   3.775548113E-06
    1257   3.769545652E-06
    1258   3.763557493E-06
    1259   3.757583593E-06
    1260   3.751623904E-06
    1261   3.604219696E-06
    1262   3.598512302E-06
    1263   3.592818453E-06
    1264   3.587138108E-06
    1265   3.581471223E-06
    1266   3.583192710E-06
    1267   3.577540987E-06
    1268   3.571902624E-06
    1269   3.566277581E-06
    1270   3.560665814E-06
    1271   3.484056262E-06
    1272   3.478582489E-06
    1273   3.473121606E-06
    1274   3.467673572E-06
    1275   3.462238347E-06
    1276   3.386683713E-06
    1277   3.381383739E-06
    1278   3.376096196E-06
    1279   3.370821045E-06
    1280   3.365558249E-06
    1281   3.324643246E-06
    1282   3.319460638E-06
    1283   3.314290139E-06
    1284   3.309131710E-06
    1285   3.303985316E-06
    1286   3.247368807E-06
    1287   3.242326309E-06
    1288   3.237295547E-06
    1289   3.232276484E-06
    1290   3.227269084E-06
    1291   3.256686423E-06
    1292   3.251649011E-06
    1293   3.246623279E-06
    1294   3.241609189E-06
    1295   3.236606705E-06
    1296   3.145756460E-06
    1297   3.140909377E-06
    1298   3.136073489E-06
    1299   3.131248761E-06
    1300   3.126435158E-06
    1301   3.104464959E-06
    1302   3.099699856E-06
    1303   3.094945715E-06
    1304   3.090202503E-06
    1305   3.085470187E-06
    1306   3.054216570E-06
    1307   3.049546515E-06
    1308   3.044887162E-06
    1309   3.040238479E-06
    1310   3.035600434E-06
    1311   3.020852889E-06
    1312   3.016251437E-06
    1313   3.011660491E-06
    1314   3.007080019E-06
    1315   3.002509989E-06
    1316   3.050804367E-06
    1317   3.046174922E-06
    1318   3.041556006E-06
    1319   3.036947588E-06
    1320   3.032349636E-06
    1321   2.980644048E-06
    1322   2.976138161E-06
    1323   2.971642484E-06
    1324   2.967156986E-06
    1325   2.962681636E-06
    1326   2.999583490E-06
    1327   2.995066045E-06
    1328   2.990558798E-06
    1329   2.986061717E-06
    1330   2.981574772E-06
    1331   2.991323497E-06
    1332   2.986835390E-06
    1333   2.982357376E-06
    1334   2.977889424E-06
    1335   2.973431506E-06
    1336   2.990938718E-06
    1337   2.986467958E-06
    1338   2.982007214E-06
    1339   2.977556457E-06
    1340   2.973115657E-06
    1341   2.992054400E-06
    1342   2.987598622E-06
    1343   2.983152791E-06
    1344   2.978716876E-06
    1345   2.974290848E-06
    1346   3.011273303E-06
    1347   3.006805539E-06
    1348   3.002347710E-06
    1349   2.997899787E-06
    1350   2.993461742E-06
    1351   3.021670649E-06
    1352   3.017204026E-06
    1353   3.012747299E-06
    1354   3.008300440E-06
    1355   3.003863419E-06
    1356   3.106340922E-06
    1357   3.101766046E-06
    1358   3.097201269E-06
    1359   3.092646561E-06
    1360   3.088101893E-06
    1361   3.103548885E-06
    1362   3.098994888E-06
    1363   3.094450907E-06
    1364   3.089916913E-06
    1365   3.085392877E-06
    1366   3.096645318E-06
    1367   3.092118058E-06
    1368   3.087600720E-06
    1369   3.083093274E-06
    1370   3.078595691E-06
    1371   3.130776079E-06
    1372   3.126215589E-06
    1373   3.121665057E-06
    1374   3.117124453E-06
    1375   3.112593749E-06
    1376   3.243454113E-06
    1377   3.238746632E-06
    1378   3.234049393E-06
    1379   3.229362365E-06
    1380   3.224685518E-06
    1381   3.285449568E-06
    1382   3.280698375E-06
    1383   3.275957482E-06
    1384   3.271226857E-06
    1385   3.266506472E-06
    1386   3.433176915E-06
    1387   3.428229974E-06
    1388   3.423293718E-06
    1389   3.418368115E-06
    1390   3.413453136E-06
    1391   3.433184309E-06
    1392   3.428255114E-06
    1393   3.423336527E-06
    1394   3.418428518E-06
    1395   3.413531056E-06
    1396   3.563284314E-06
    1397   3.558186625E-06
    1398   3.553099868E-06
    1399   3.548024011E-06
    1400   3.542959023E-06
    1401   3.615623052E-06
    1402   3.610468921E-06
    1403   3.605325803E-06
    1404   3.600193666E-06
    1405   3.595072480E-06
    1406   3.676595605E-06
    1407   3.671373168E-06
    1408   3.666161850E-06
    1409   3.660961621E-06
    1410   3.655772448E-06
    1411   3.816708446E-06
    1412   3.811306170E-06
    1413   3.805915355E-06
    1414   3.800535969E-06
    1415   3.795167981E-06
    1416   3.949310387E-06
    1417   3.943740133E-06
    1418   3.938181655E-06
    1419   3.932634920E-06
    1420   3.927099895E-06
    1421   4.100935249E-06
    1422   4.095171461E-06
    1423   4.089419815E-06
    1424   4.083680279E-06
    1425   4.077952817E-06
    1426   4.338962472E-06
    1427   4.332885494E-06
    1428   4.326821274E-06
    1429   4.320769776E-06
    1430   4.314730964E-06
    1431   4.470237186E-06
    1432   4.463998195E-06
    1433   4.457772256E-06
    1434   4.451559333E-06
    1435   4.445359390E-06
    1436   4.610831705E-06
    1437   4.604418866E-06
    1438   4.598019395E-06
    1439   4.591633257E-06
    1440   4.585260415E-06
    1441   4.735632763E-06
    1442   4.729069170E-06
    1443   4.722519212E-06
    1444   4.715982853E-06
    1445   4.709460056E-06
    1446   4.922095342E-06
    1447   4.915296868E-06
    1448   4.908512469E-06
    1449   4.901742107E-06
    1450   4.894985743E-06
    1451   5.133284675E-06
    1452   5.126218901E-06
    1453   5.119167706E-06
    1454   5.112131049E-06
    1455   5.105108891E-06
    1456   5.216375343E-06
    1457   5.209219822E-06
    1458   5.202079013E-06
    1459   5.194952877E-06
    1460   5.187841375E-06
    1461   5.535518492E-06
    1462   5.527951140E-06
    1463   5.520399294E-06
    1464   5.512862913E-06
    1465   5.505341954E-06
    1466   5.668296065E-06
    1467   5.660573591E-06
    1468   5.652866887E-06
    1469   5.645175912E-06
    1470   5.637500622E-06
    1471   6.023642443E-06
    1472   6.015463703E-06
    1473   6.007301608E-06
    1474   5.999156114E-06
    1475   5.991027177E-06
    1476   6.242111460E-06
    1477   6.233664760E-06
    1478   6.225235193E-06
    1479   6.216822713E-06
    1480   6.208427274E-06
    1481   6.539408465E-06
    1482   6.530589303E-06
    1483   6.521787970E-06
    1484   6.513004417E-06
    1485   6.504238596E-06
    1486   6.825362213E-06
    1487   6.816188339E-06
    1488   6.807032948E-06
    1489   6.797895991E-06
    1490   6.788777418E-06
    1491   6.919232003E-06
    1492   6.909963106E-06
    1493   6.900712820E-06
    1494   6.891481098E-06
    1495   6.882267887E-06
    1496   7.062703028E-06
    1497   7.053273518E-06
    1498   7.043862880E-06
    1499   7.034471063E-06
    1500   7.025098017E-06
    1501   7.297025365E-06
    1502   7.287315418E-06
    1503   7.277624839E-06
    1504   7.267953577E-06
    1505   7.258301580E-06
    1506   7.403938816E-06
    1507   7.394119268E-06
    1508   7.384319243E-06
    1509   7.374538687E-06
    1510   7.364777551E-06
    1511   7.560658797E-06
    1512   7.550664535E-06
    1513   7.540690077E-06
    1514   7.530735371E-06
    1515   7.520800364E-06
    1516   7.831761631E-06
    1517   7.821443105E-06
    1518   7.811144957E-06
    1519   7.800867135E-06
    1520   7.790609585E-06
    1521   8.070662309E-06
    1522   8.060063935E-06
    1523   8.049486423E-06
    1524   8.038929719E-06
    1525   8.028393769E-06
    1526   8.486010764E-06
    1527   8.474903420E-06
    1528   8.463817869E-06
    1529   8.452754055E-06
    1530   8.441711921E-06
    1531   8.797591272E-06
    1532   8.786113658E-06
    1533   8.774658490E-06
    1534   8.763225711E-06
    1535   8.751815261E-06
    1536   9.016713663E-06
    1537   9.004988418E-06
    1538   8.993286028E-06
    1539   8.981606436E-06
    1540   8.969949582E-06
    1541   9.261399333E-06
    1542   9.249394927E-06
    1543   9.237413846E-06
    1544   9.225456028E-06
    1545   9.213521415E-06
    1546   9.619224248E-06
    1547   9.606796310E-06
    1548   9.594392441E-06
    1549   9.582012580E-06
    1550   9.569656664E-06
    1551   9.770199841E-06
    1552   9.757617484E-06
    1553   9.745059418E-06
    1554   9.732525579E-06
    1555   9.720015906E-06
    1556   1.023484823E-05
    1557   1.022170978E-05
    1558   1.020859662E-05
    1559   1.019550867E-05
    1560   1.018244588E-05
    1561   1.052066415E-05
    1562   1.050720201E-05
    1563   1.049376569E-05
    1564   1.048035512E-05
    1565   1.046697025E-05
    1566   1.086099562E-05
    1567   1.084714231E-05
    1568   1.083331548E-05
    1569   1.081951508E-05
    1570   1.080574103E-05
    1571   1.132190683E-05
    1572   1.130751153E-05
    1573   1.129314366E-05
    1574   1.127880316E-05
    1575   1.126448996E-05
    1576   1.170560028E-05
    1577   1.169076428E-05
    1578   1.167595647E-05
    1579   1.166117678E-05
    1580   1.164642514E-05
    1581   1.220210980E-05
    1582   1.218669336E-05
    1583   1.217130612E-05
    1584   1.215594801E-05
    1585   1.214061894E-05
    1586   1.251889955E-05
    1587   1.250313267E-05
    1588   1.248739557E-05
    1589   1.247168815E-05
    1590   1.245601035E-05
    1591   1.276013964E-05
    1592   1.274411937E-05
    1593   1.272812926E-05
    1594   1.271216922E-05
    1595   1.269623919E-05
    1596   1.271526120E-05
    1597   1.269934724E-05
    1598   1.268346312E-05
    1599   1.266760880E-05
    1600   1.265178417E-05
    1601   1.291326951E-05
    1602   1.289715813E-05
    1603   1.288107689E-05
    1604   1.286502570E-05
    1605   1.284900450E-05
    1606   1.315906070E-05
    1607   1.314269371E-05
    1608   1.312635724E-05
    1609   1.311005120E-05
    1610   1.309377554E-05
    1611   1.345816778E-05
    1612   1.344148065E-05
    1613   1.342482454E-05
    1614   1.340819937E-05
    1615   1.339160507E-05
    1616   1.370122775E-05
    1617   1.368429175E-05
    1618   1.366738712E-05
    1619   1.365051381E-05
    1620   1.363367172E-05
    1621   1.394845061E-05
    1622   1.393126213E-05
    1623   1.391410540E-05
    1624   1.389698035E-05
    1625   1.387988689E-05
    1626   1.446643413E-05
    1627   1.444866209E-05
    1628   1.443092279E-05
    1629   1.441321614E-05
    1630   1.439554205E-05
    1631   1.492645780E-05
    1632   1.490817678E-05
    1633   1.488992932E-05
    1634   1.487171534E-05
    1635   1.485353475E-05
    1636   1.507002793E-05
    1637   1.505162740E-05
    1638   1.503326056E-05
    1639   1.501492732E-05
    1640   1.499662759E-05
    1641   1.542460906E-05
    1642   1.540583291E-05
    1643   1.538709102E-05
    1644   1.536838331E-05
    1645   1.534970970E-05
    1646   1.573919612E-05
    1647   1.572009516E-05
    1648   1.570102894E-05
    1649   1.568199739E-05
    1650   1.566300042E-05
    1651   1.598984353E-05
    1652   1.597049708E-05
    1653   1.595118571E-05
    1654   1.593190936E-05
    1655   1.591266792E-05
    1656   1.612472109E-05
    1657   1.610527028E-05
    1658   1.608585464E-05
    1659   1.606647410E-05
    1660   1.604712855E-05
    1661   1.622566612E-05
    1662   1.620615239E-05
    1663   1.618667384E-05
    1664   1.616723039E-05
    1665   1.614782195E-05
    1666   1.696277433E-05
    1667   1.694243527E-05
    1668   1.692213277E-05
    1669   1.690186674E-05
    1670   1.688163710E-05
    1671   1.753520191E-05
    1672   1.751423933E-05
    1673   1.749331431E-05
    1674   1.747242677E-05
    1675   1.745157662E-05
    1676   1.804935575E-05
    1677   1.802784281E-05
    1678   1.800636831E-05
    1679   1.798493215E-05
    1680   1.796353426E-05
    1681   1.841796301E-05
    1682   1.839607595E-05
    1683   1.837422788E-05
    1684   1.835241870E-05
    1685   1.833064834E-05
    1686   1.864401673E-05
    1687   1.862192666E-05
    1688   1.859987583E-05
    1689   1.857786415E-05
    1690   1.855589151E-05
    1691   1.881972670E-05
    1692   1.879749429E-05
    1693   1.877530127E-05
    1694   1.875314752E-05
    1695   1.873103296E-05
    1696   1.880481399E-05
    1697   1.878266462E-05
    1698   1.876055436E-05
    1699   1.873848312E-05
    1700   1.871645080E-05
    1701   1.903615100E-05
    1702   1.901379498E-05
    1703   1.899147832E-05
    1704   1.896920093E-05
    1705   1.894696271E-05
    1706   1.895586135E-05
    1707   1.893366479E-05
    1708   1.891150720E-05
    1709   1.888938847E-05
    1710   1.886730853E-05
    1711   1.914788241E-05
    1712   1.912552644E-05
    1713   1.910320961E-05
    1714   1.908093182E-05
    1715   1.905869297E-05
    1716   1.960104187E-05
    1717   1.957822342E-05
    1718   1.955544480E-05
    1719   1.953270591E-05
    1720   1.951000666E-05
    1721   1.954526645E-05
    1722   1.952257896E-05
    1723   1.949993096E-05
    1724   1.947732234E-05
    1725   1.945475303E-05
    1726   2.007613432E-05
    1727   2.005289805E-05
    1728   2.002970211E-05
    1729   2.000654638E-05
    1730   1.998343079E-05
    1731   2.017736237E-05
    1732   2.015407632E-05
    1733   2.013083056E-05
    1734   2.010762499E-05
    1735   2.008445952E-05
    1736   2.061207694E-05
    1737   2.058835763E-05
    1738   2.056467924E-05
    1739   2.054104168E-05
    1740   2.051744485E-05
    1741   2.087344068E-05
    1742   2.084948952E-05
    1743   2.082557955E-05
    1744   2.080171069E-05
    1745   2.077788284E-05
    1746   2.077263994E-05
    1747   2.074887262E-05
    1748   2.072514606E-05
    1749   2.070146018E-05
    1750   2.067781488E-05
    1751   2.093914456E-05
    1752   2.091525506E-05
    1753   2.089140643E-05
    1754   2.086759856E-05
    1755   2.084383136E-05
    1756   2.093499382E-05
    1757   2.091117699E-05
    1758   2.088740078E-05
    1759   2.086366510E-05
    1760   2.083996985E-05
    1761   2.143624766E-05
    1762   2.141192974E-05
    1763   2.138765317E-05
    1764   2.136341787E-05
    1765   2.133922374E-05
    1766   2.143038003E-05
    1767   2.140613752E-05
    1768   2.138193612E-05
    1769   2.135777574E-05
    1770   2.133365629E-05
    1771   2.211030842E-05
    1772   2.208536729E-05
    1773   2.206046835E-05
    1774   2.203561148E-05
    1775   2.201079660E-05
    1776   2.277170696E-05
    1777   2.274609199E-05
    1778   2.272052022E-05
    1779   2.269499154E-05
    1780   2.266950587E-05
    1781   2.302034555E-05
    1782   2.299452351E-05
    1783   2.296874490E-05
    1784   2.294300961E-05
    1785   2.291731755E-05
    1786   2.324090785E-05
    1787   2.321491130E-05
    1788   2.318895836E-05
    1789   2.316304891E-05
    1790   2.313718285E-05
    1791   2.290493704E-05
    1792   2.287938776E-05
    1793   2.285388119E-05
    1794   2.282841726E-05
    1795   2.280299586E-05
    1796   2.313164072E-05
    1797   2.310591030E-05
    1798   2.308022280E-05
    1799   2.305457811E-05
    1800   2.302897613E-05
    1801   2.266126435E-05
    1802   2.263612706E-05
    1803   2.261103158E-05
    1804   2.258597780E-05
    1805   2.256096565E-05
    1806   2.264050367E-05
    1807   2.261545887E-05
    1808   2.259045559E-05
    1809   2.256549376E-05
    1810   2.254057329E-05
    1811   2.264343118E-05
    1812   2.261845221E-05
    1813   2.259351456E-05
    1814   2.256861812E-05
    1815   2.254376282E-05
    1816   2.251396597E-05
    1817   2.248919813E-05
    1818   2.246447114E-05
    1819   2.243978491E-05
    1820   2.241513934E-05
    1821   2.280353146E-05
    1822   2.277851388E-05
    1823   2.275353743E-05
    1824   2.272860205E-05
    1825   2.270370763E-05
    1826   2.260569121E-05
    1827   2.258095851E-05
    1828   2.255626637E-05
    1829   2.253161472E-05
    1830   2.250700345E-05
    1831   2.273728876E-05
    1832   2.271247994E-05
    1833   2.268771169E-05
    1834   2.266298394E-05
    1835   2.263829659E-05
    1836   2.328895048E-05
    1837   2.326360886E-05
    1838   2.323830858E-05
    1839   2.321304955E-05
    1840   2.318783168E-05
    1841   2.362604062E-05
    1842   2.360040195E-05
    1843   2.357480498E-05
    1844   2.354924964E-05
    1845   2.352373582E-05
    1846   2.363690653E-05
    1847   2.361132547E-05
    1848   2.358578590E-05
    1849   2.356028776E-05
    1850   2.353483094E-05
    1851   2.323457852E-05
    1852   2.320950073E-05
    1853   2.318446351E-05
    1854   2.315946678E-05
    1855   2.313451046E-05
    1856   2.318607613E-05
    1857   2.316111802E-05
    1858   2.313620020E-05
    1859   2.311132257E-05
    1860   2.308648503E-05
    1861   2.336266827E-05
    1862   2.333758757E-05
    1863   2.331254724E-05
    1864   2.328754719E-05
    1865   2.326258734E-05
    1866   2.361864030E-05
    1867   2.359335268E-05
    1868   2.356810564E-05
    1869   2.354289911E-05
    1870   2.351773300E-05
    1871   2.415572962E-05
    1872   2.412993600E-05
    1873   2.410418367E-05
    1874   2.407847254E-05
    1875   2.405280252E-05
    1876   2.400187894E-05
    1877   2.397631783E-05
    1878   2.395079754E-05
    1879   2.392531797E-05
    1880   2.389987903E-05
    1881   2.443243436E-05
    1882   2.440648382E-05
    1883   2.438057460E-05
    1884   2.435470662E-05
    1885   2.432887978E-05
    1886   2.424679577E-05
    1887   2.422111061E-05
    1888   2.419546623E-05
    1889   2.416986256E-05
    1890   2.414429952E-05
    1891   2.415483494E-05
    1892   2.412931478E-05
    1893   2.410383504E-05
    1894   2.407839564E-05
    1895   2.405299648E-05
    1896   2.417750163E-05
    1897   2.415202481E-05
    1898   2.412658824E-05
    1899   2.410119183E-05
    1900   2.407583550E-05
    1901   2.322347304E-05
    1902   2.319906582E-05
    1903   2.317469705E-05
    1904   2.315036666E-05
    1905   2.312607456E-05
    1906   2.331366321E-05
    1907   2.328922541E-05
    1908   2.326482601E-05
    1909   2.324046494E-05
    1910   2.321614211E-05
    1911   2.306119867E-05
    1912   2.303708868E-05
    1913   2.301301649E-05
    1914   2.298898201E-05
    1915   2.296498516E-05
    1916   2.294936823E-05
    1917   2.292543771E-05
    1918   2.290154460E-05
    1919   2.287768883E-05
    1920   2.285387031E-05
    1921   2.298508964E-05
    1922   2.296118419E-05
    1923   2.293731602E-05
    1924   2.291348504E-05
    1925   2.288969118E-05
    1926   2.296311035E-05
    1927   2.293928970E-05
    1928   2.291550609E-05
    1929   2.289175945E-05
    1930   2.286804970E-05
    1931   2.332874146E-05
    1932   2.330460412E-05
    1933   2.328050421E-05
    1934   2.325644168E-05
    1935   2.323241643E-05
    1936   2.305686998E-05
    1937   2.303307548E-05
    1938   2.300931780E-05
    1939   2.298559685E-05
    1940   2.296191257E-05
    1941   2.269565177E-05
    1942   2.267229031E-05
    1943   2.264896491E-05
    1944   2.262567549E-05
    1945   2.260242197E-05
    1946   2.265320011E-05
    1947   2.262994221E-05
    1948   2.260672010E-05
    1949   2.258353372E-05
    1950   2.256038300E-05
    1951   2.167727342E-05
    1952   2.165507447E-05
    1953   2.163290960E-05
    1954   2.161077875E-05
    1955   2.158868184E-05
    1956   2.179931406E-05
    1957   2.177704714E-05
    1958   2.175481432E-05
    1959   2.173261553E-05
    1960   2.171045070E-05
    1961   2.092722451E-05
    1962   2.090590283E-05
    1963   2.088461373E-05
    1964   2.086335712E-05
    1965   2.084213295E-05
    1966   2.111722729E-05
    1967   2.109576669E-05
    1968   2.107433879E-05
    1969   2.105294353E-05
    1970   2.103158082E-05
    1971   2.139224210E-05
    1972   2.137055711E-05
    1973   2.134890508E-05
    1974   2.132728594E-05
    1975   2.130569961E-05
    1976   2.152787884E-05
    1977   2.150611152E-05
    1978   2.148437720E-05
    1979   2.146267580E-05
    1980   2.144100728E-05
    1981   2.176149199E-05
    1982   2.173954394E-05
    1983   2.171762908E-05
    1984   2.169574734E-05
    1985   2.167389865E-05
    1986   2.148926149E-05
    1987   2.146764251E-05
    1988   2.144605614E-05
    1989   2.142450232E-05
    1990   2.140298097E-05
    1991   2.163400010E-05
    1992   2.161229012E-05
    1993   2.159061279E-05
    1994   2.156896807E-05
    1995   2.154735588E-05
    1996   2.113763752E-05
    1997   2.111647873E-05
    1998   2.109535169E-05
    1999   2.107425633E-05
    2000   2.105319261E-05
    2001   2.044961371E-05
    2002   2.042919472E-05
    2003   2.040880630E-05
    2004   2.038844839E-05
    2005   2.036812093E-05
    2006   2.018391620E-05
    2007   2.016381270E-05
    2008   2.014373922E-05
    2009   2.012369569E-05
    2010   2.010368207E-05
    2011   2.002597136E-05
    2012   2.000607472E-05
    2013   1.998620771E-05
    2014   1.996637028E-05
    2015   1.994656238E-05
    2016   2.013906817E-05
    2017   2.011910874E-05
    2018   2.009917896E-05
    2019   2.007927878E-05
    2020   2.005940815E-05
    2021   1.999510966E-05
    2022   1.997534188E-05
    2023   1.995560340E-05
    2024   1.993589416E-05
    2025   1.991621410E-05
    2026   1.989757611E-05
    2027   1.987795325E-05
    2028   1.985835941E-05
    2029   1.983879452E-05
    2030   1.981925853E-05
    2031   2.027770615E-05
    2032   2.025775759E-05
    2033   2.023783846E-05
    2034   2.021794869E-05
    2035   2.019808823E-05
    2036   2.004228114E-05
    2037   2.002261256E-05
    2038   2.000297292E-05
    2039   1.998336216E-05
    2040   1.996378023E-05
    2041   2.038763784E-05
    2042   2.036767931E-05
    2043   2.034775008E-05
    2044   2.032785008E-05
    2045   2.030797925E-05
    2046   1.982536409E-05
    2047   1.980600338E-05
    2048   1.978667102E-05
    2049   1.976736695E-05
    2050   1.974809112E-05
    2051   1.959615858E-05
    2052   1.957706832E-05
    2053   1.955800593E-05
    2054   1.953897138E-05
    2055   1.951996460E-05
    2056   1.909745624E-05
    2057   1.907889700E-05
    2058   1.906036480E-05
    2059   1.904185959E-05
    2060   1.902338132E-05
    2061   1.853577192E-05
    2062   1.851780219E-05
    2063   1.849985859E-05
    2064   1.848194105E-05
    2065   1.846404953E-05
    2066   1.824174568E-05
    2067   1.822410376E-05
    2068   1.820648742E-05
    2069   1.818889661E-05
    2070   1.817133128E-05
    2071   1.793938246E-05
    2072   1.792207480E-05
    2073   1.790479219E-05
    2074   1.788753456E-05
    2075   1.787030186E-05
    2076   1.840973972E-05
    2077   1.839202101E-05
    2078   1.837432787E-05
    2079   1.835666025E-05
    2080   1.833901809E-05
    2081   1.872409361E-05
    2082   1.870611561E-05
    2083   1.868816348E-05
    2084   1.867023719E-05
    2085   1.865233667E-05
    2086   1.857128770E-05
    2087   1.855349911E-05
    2088   1.853573607E-05
    2089   1.851799852E-05
    2090   1.850028643E-05
    2091   1.772190210E-05
    2092   1.770496765E-05
    2093   1.768805746E-05
    2094   1.767117149E-05
    2095   1.765430969E-05
    2096   1.689204739E-05
    2097   1.687594439E-05
    2098   1.685986441E-05
    2099   1.684380739E-05
    2100   1.682777331E-05
    2101   1.669492540E-05
    2102   1.667904816E-05
    2103   1.666319355E-05
    2104   1.664736154E-05
    2105   1.663155208E-05
    2106   1.669495265E-05
    2107   1.667911304E-05
    2108   1.666329595E-05
    2109   1.664750136E-05
    2110   1.663172921E-05
    2111   1.764662490E-05
    2112   1.762992199E-05
    2113   1.761324278E-05
    2114   1.759658723E-05
    2115   1.757995529E-05
    2116   1.867299835E-05
    2117   1.865536568E-05
    2118   1.863775797E-05
    2119   1.862017518E-05
    2120   1.860261726E-05
    2121   1.935457232E-05
    2122   1.933633909E-05
    2123   1.931813161E-05
    2124   1.929994984E-05
    2125   1.928179373E-05
    2126   1.941873349E-05
    2127   1.940048281E-05
    2128   1.938225783E-05
    2129   1.936405853E-05
    2130   1.934588485E-05
    2131   1.941240034E-05
    2132   1.939419837E-05
    2133   1.937602199E-05
    2134   1.935787115E-05
    2135   1.933974580E-05
    2136   1.918661534E-05
    2137   1.916866715E-05
    2138   1.915074413E-05
    2139   1.913284624E-05
    2140   1.911497343E-05
    2141   1.873317015E-05
    2142   1.871568702E-05
    2143   1.869822836E-05
    2144   1.868079412E-05
    2145   1.866338424E-05
    2146   1.826775602E-05
    2147   1.825074693E-05
    2148   1.823376159E-05
    2149   1.821679996E-05
    2150   1.819986197E-05
    2151   1.707026630E-05
    2152   1.705440910E-05
    2153   1.703857400E-05
    2154   1.702276094E-05
    2155   1.700696988E-05
    2156   1.579550674E-05
    2157   1.578086771E-05
    2158   1.576624903E-05
    2159   1.575165065E-05
    2160   1.573707254E-05
    2161   1.490282873E-05
    2162   1.488904896E-05
    2163   1.487528828E-05
    2164   1.486154668E-05
    2165   1.484782410E-05
    2166   1.449931644E-05
    2167   1.448594068E-05
    2168   1.447258343E-05
    2169   1.445924464E-05
    2170   1.444592429E-05
    2171   1.574647021E-05
    2172   1.573197737E-05
    2173   1.571750453E-05
    2174   1.570305165E-05
    2175   1.568861870E-05
    2176   1.848603785E-05
    2177   1.846906260E-05
    2178   1.845211073E-05
    2179   1.843518219E-05
    2180   1.841827694E-05
    2181   2.211567318E-05
    2182   2.209541145E-05
    2183   2.207517756E-05
    2184   2.205497145E-05
    2185   2.203479307E-05
    2186   2.481495079E-05
    2187   2.479226802E-05
    2188   2.476961634E-05
    2189   2.474699568E-05
    2190   2.472440600E-05
    2191   2.532001969E-05
    2192   2.529692802E-05
    2193   2.527386792E-05
    2194   2.525083934E-05
    2195   2.522784222E-05
    2196   2.512425028E-05
    2197   2.510138927E-05
    2198   2.507855945E-05
    2199   2.505576076E-05
    2200   2.503299314E-05
    2201   2.379140201E-05
    2202   2.376980292E-05
    2203   2.374823323E-05
    2204   2.372669288E-05
    2205   2.370518182E-05
    2206   2.459747400E-05
    2207   2.457519368E-05
    2208   2.455294361E-05
    2209   2.453072376E-05
    2210   2.450853405E-05
    2211   2.663190834E-05
    2212   2.660783974E-05
    2213   2.658380375E-05
    2214   2.655980032E-05
    2215   2.653582938E-05
    2216   2.955705800E-05
    2217   2.953040601E-05
    2218   2.950379005E-05
    2219   2.947721006E-05
    2220   2.945066598E-05
    2221   3.187842972E-05
    2222   3.184974917E-05
    2223   3.182110731E-05
    2224   3.179250406E-05
    2225   3.176393937E-05
    2226   3.071787404E-05
    2227   3.069029965E-05
    2228   3.066276237E-05
    2229   3.063526213E-05
    2230   3.060779888E-05
    2231   2.628688789E-05
    2232   2.626334388E-05
    2233   2.623983149E-05
    2234   2.621635066E-05
    2235   2.619290133E-05
    2236   1.861138820E-05
    2237   1.859475604E-05
    2238   1.857814616E-05
    2239   1.856155853E-05
    2240   1.854499310E-05
    2241   9.198500334E-06
    2242   9.190298372E-06
    2243   9.182107375E-06
    2244   9.173927324E-06
    2245   9.165758199E-06
    2246  -2.025996865E-06
    2247  -2.024194377E-06
    2248  -2.022394293E-06
    2249  -2.020596609E-06
    2250  -2.018801321E-06
    2251  -1.402450457E-05
    2252  -1.401205494E-05
    2253  -1.399962189E-05
    2254  -1.398720537E-05
    2255  -1.397480537E-05
    2256  -2.517972726E-05
    2257  -2.515742458E-05
    2258  -2.513515152E-05
    2259  -2.511290802E-05
    2260  -2.509069404E-05
    2261  -3.312132777E-05
    2262  -3.309205571E-05
    2263  -3.306282245E-05
    2264  -3.303362790E-05
    2265  -3.300447201E-05
    2266  -3.760398118E-05
    2267  -3.757082071E-05
    2268  -3.753770407E-05
    2269  -3.750463121E-05
    2270  -3.747160203E-05
    2271  -3.391368696E-05
    2272  -3.388384650E-05
    2273  -3.385404540E-05
    2274  -3.382428360E-05
    2275  -3.379456104E-05
    2276  -1.580473596E-05
    2277  -1.579085999E-05
    2278  -1.577700228E-05
    2279  -1.576316280E-05
    2280  -1.574934153E-05
    2281   1.999346329E-05
    2282   1.997594821E-05
    2283   1.995845614E-05
    2284   1.994098703E-05
    2285   1.992354085E-05
    2286   7.341333320E-05
    2287   7.334916071E-05
    2288   7.328507232E-05
    2289   7.322106789E-05
    2290   7.315714727E-05
    2291   1.433232442E-04
    2292   1.431982349E-04
    2293   1.430733890E-04
    2294   1.429487063E-04
    2295   1.428241865E-04
    2296   2.240546944E-04
    2297   2.238596946E-04
    2298   2.236649494E-04
    2299   2.234704581E-04
    2300   2.232762204E-04
    2301   3.048727321E-04
    2302   3.046079707E-04
    2303   3.043435541E-04
    2304   3.040794816E-04
    2305   3.038157526E-04
    2306   3.840770050E-04
    2307   3.837441827E-04
    2308   3.834117927E-04
    2309   3.830798345E-04
    2310   3.827483071E-04
    2311   4.303201294E-04
    2312   4.299480410E-04
    2313   4.295764351E-04
    2314   4.292053108E-04
    2315   4.288346672E-04
    2316   4.616336174E-04
    2317   4.612353140E-04
    2318   4.608375259E-04
    2319   4.604402522E-04
    2320   4.600434920E-04
    2321   4.531189539E-04
    2322   4.527288385E-04
    2323   4.523392268E-04
    2324   4.519501178E-04
    2325   4.515615106E-04
    2326   3.760947185E-04
    2327   3.757716131E-04
    2328   3.754489238E-04
    2329   3.751266501E-04
    2330   3.748047911E-04
    2331   1.861894046E-04
    2332   1.860297909E-04
    2333   1.858703823E-04
    2334   1.857111786E-04
    2335   1.855521793E-04
    2336  -1.630272378E-04
    2337  -1.628877791E-04
    2338  -1.627484992E-04
    2339  -1.626093979E-04
    2340  -1.624704749E-04
    2341  -6.983222121E-04
    2342  -6.977261197E-04
    2343  -6.971307903E-04
    2344  -6.965362225E-04
    2345  -6.959424149E-04
    2346  -1.390760110E-03
    2347  -1.389575476E-03
    2348  -1.388392355E-03
    2349  -1.387210745E-03
    2350  -1.386030642E-03
    2351  -2.103128424E-03
    2352  -2.101340810E-03
    2353  -2.099555474E-03
    2354  -2.097772412E-03
    2355  -2.095991620E-03
    2356  -2.634459427E-03
    2357  -2.632224941E-03
    2358  -2.629993296E-03
    2359  -2.627764488E-03
    2360  -2.625538512E-03
    2361  -2.918649315E-03
    2362  -2.916179024E-03
    2363  -2.913711867E-03
    2364  -2.911247840E-03
    2365  -2.908786937E-03
    2366  -2.965334473E-03
    2367  -2.962829968E-03
    2368  -2.960328634E-03
    2369  -2.957830466E-03
    2370  -2.955335459E-03
    2371  -2.634224905E-03
    2372  -2.632004740E-03
    2373  -2.629787382E-03
    2374  -2.627572824E-03
    2375  -2.625361062E-03
    2376  -1.959763841E-03
    2377  -1.958115595E-03
    2378  -1.956469428E-03
    2379  -1.954825336E-03
    2380  -1.953183316E-03
    2381  -6.420923280E-04
    2382  -6.415534339E-04
    2383  -6.410152179E-04
    2384  -6.404776789E-04
    2385  -6.399408158E-04
    2386   1.675782711E-03
    2387   1.674379208E-03
    2388   1.672977467E-03
    2389   1.671577486E-03
    2390   1.670179262E-03
    2391   5.344177136E-03
    2392   5.339710628E-03
    2393   5.335249717E-03
    2394   5.330794394E-03
    2395   5.326344649E-03
    2396   1.011630482E-02
    2397   1.010786753E-02
    2398   1.009944080E-02
    2399   1.009102460E-02
    2400   1.008261891E-02
    2401   1.549788424E-02
    2402   1.548498546E-02
    2403   1.547210278E-02
    2404   1.545923616E-02
    2405   1.544638559E-02
    2406   1.957744962E-02
    2407   1.956118928E-02
    2408   1.954494919E-02
    2409   1.952872931E-02
    2410   1.951252962E-02
    2411   2.239046455E-02
    2412   2.237190635E-02
    2413   2.235337122E-02
    2414   2.233485911E-02
    2415   2.231636999E-02
    2416   2.391027199E-02
    2417   2.389049509E-02
    2418   2.387074271E-02
    2419   2.385101483E-02
    2420   2.383131139E-02
    2421   2.406842702E-02
    2422   2.404856039E-02
    2423   2.402871834E-02
    2424   2.400890084E-02
    2425   2.398910785E-02
    2426   2.372776994E-02
    2427   2.370822482E-02
    2428   2.368870385E-02
    2429   2.366920697E-02
    2430   2.364973416E-02
    2431   2.218398871E-02
    2432   2.216575280E-02
    2433   2.214753936E-02
    2434   2.212934836E-02
    2435   2.211117977E-02
    2436   2.008656895E-02
    2437   2.007009104E-02
    2438   2.005363340E-02
    2439   2.003719599E-02
    2440   2.002077879E-02
    2441   1.668922428E-02
    2442   1.667556139E-02
    2443   1.666191527E-02
    2444   1.664828589E-02
    2445   1.663467322E-02
    2446   1.215004402E-02
    2447   1.214011752E-02
    2448   1.213020317E-02
    2449   1.212030096E-02
    2450   1.211041088E-02
    2451   7.594605945E-03
    2452   7.588413849E-03
    2453   7.582229323E-03
    2454   7.576052354E-03
    2455   7.569882930E-03
    2456   3.498617413E-03
    2457   3.495770694E-03
    2458   3.492927448E-03
    2459   3.490087670E-03
    2460   3.487251353E-03
    2461   6.710260181E-04
    2462   6.704811330E-04
    2463   6.699369113E-04
    2464   6.693933519E-04
    2465   6.688504538E-04
    2466  -9.993312235E-04
    2467  -9.985213927E-04
    2468  -9.977125459E-04
    2469  -9.969046815E-04
    2470  -9.960977979E-04
    2471  -1.847544578E-03
    2472  -1.846050405E-03
    2473  -1.844558044E-03
    2474  -1.843067493E-03
    2475  -1.841578747E-03
    2476  -2.212739874E-03
    2477  -2.210953966E-03
    2478  -2.209170220E-03
    2479  -2.207388631E-03
    2480  -2.205609196E-03
    2481  -2.246421624E-03
    2482  -2.244612183E-03
    2483  -2.242804926E-03
    2484  -2.240999852E-03
    2485  -2.239196956E-03
    2486  -2.128421052E-03
    2487  -2.126710103E-03
    2488  -2.125001215E-03
    2489  -2.123294387E-03
    2490  -2.121589614E-03
    2491  -1.824380057E-03
    2492  -1.822916455E-03
    2493  -1.821454614E-03
    2494  -1.819994530E-03
    2495  -1.818536201E-03
    2496  -1.382415137E-03
    2497  -1.381308319E-03
    2498  -1.380202831E-03
    2499  -1.379098668E-03
    2500  -1.377995831E-03
    2501  -8.686037598E-04
    2502  -8.679097097E-04
    2503  -8.672164910E-04
    2504  -8.665241026E-04
    2505  -8.658325431E-04
    2506  -4.105471608E-04
    2507  -4.102197707E-04
    2508  -4.098927721E-04
    2509  -4.095661643E-04
    2510  -4.092399467E-04
    2511  -9.581401137E-05
    2512  -9.573775669E-05
    2513  -9.566159300E-05
    2514  -9.558552016E-05
    2515  -9.550953803E-05
    2516   9.843500595E-05
    2517   9.835682088E-05
    2518   9.827872892E-05
    2519   9.820072993E-05
    2520   9.812282376E-05
    2521   1.957099320E-04
    2522   1.955547914E-04
    2523   1.953998351E-04
    2524   1.952450630E-04
    2525   1.950904747E-04
    2526   2.277737897E-04
    2527   2.275935889E-04
    2528   2.274136019E-04
    2529   2.272338283E-04
    2530   2.270542678E-04
    2531   2.245815737E-04
    2532   2.244042491E-04
    2533   2.242271344E-04
    2534   2.240502294E-04
    2535   2.238735336E-04
    2536   2.048031819E-04
    2537   2.046417925E-04
    2538   2.044805938E-04
    2539   2.043195854E-04
    2540   2.041587672E-04
    2541   1.673322487E-04
    2542   1.672006465E-04
    2543   1.670691994E-04
    2544   1.669379073E-04
    2545   1.668067699E-04
    2546   1.245615462E-04
    2547   1.244637742E-04
    2548   1.243661172E-04
    2549   1.242685752E-04
    2550   1.241711478E-04
    2551   7.692592211E-05
    2552   7.686565895E-05
    2553   7.680546658E-05
    2554   7.674534488E-05
    2555   7.668529375E-05
    2556   3.499760070E-05
    2557   3.497023744E-05
    2558   3.494290627E-05
    2559   3.491560712E-05
    2560   3.488833996E-05
    2561   3.445104235E-06
    2562   3.442415898E-06
    2563   3.439730706E-06
    2564   3.437048655E-06
    2565   3.434369739E-06
    2566  -1.764030615E-05
    2567  -1.762656760E-05
    2568  -1.761284508E-05
    2569  -1.759913859E-05
    2570  -1.758544809E-05
    2571  -2.988248853E-05
    2572  -2.985926079E-05
    2573  -2.983606012E-05
    2574  -2.981288648E-05
    2575  -2.978973983E-05
    2576  -3.430692906E-05
    2577  -3.428031391E-05
    2578  -3.425372972E-05
    2579  -3.422717644E-05
    2580  -3.420065403E-05
    2581  -3.472804493E-05
    2582  -3.470115523E-05
    2583  -3.467429675E-05
    2584  -3.464746944E-05
    2585  -3.462067325E-05
    2586  -3.158716912E-05
    2587  -3.156275863E-05
    2588  -3.153837643E-05
    2589  -3.151402247E-05
    2590  -3.148969671E-05
    2591  -2.690417042E-05
    2592  -2.688341903E-05
    2593  -2.686269165E-05
    2594  -2.684198822E-05
    2595  -2.682130873E-05
    2596  -2.107077971E-05
    2597  -2.105455894E-05
    2598  -2.103835689E-05
    2599  -2.102217354E-05
    2600  -2.100600885E-05
    2601  -1.447056945E-05
    2602  -1.445945108E-05
    2603  -1.444834551E-05
    2604  -1.443725273E-05
    2605  -1.442617272E-05
    2606  -9.130832513E-06
    2607  -9.123830341E-06
    2608  -9.116836220E-06
    2609  -9.109850139E-06
    2610  -9.102872084E-06
    2611  -4.982815284E-06
    2612  -4.979001419E-06
    2613  -4.975191930E-06
    2614  -4.971386812E-06
    2615  -4.967586058E-06
    2616  -2.366115803E-06
    2617  -2.364308228E-06
    2618  -2.362502723E-06
    2619  -2.360699286E-06
    2620  -2.358897913E-06
    2621  -8.738592463E-07
    2622  -8.731929411E-07
    2623  -8.725273977E-07
    2624  -8.718626150E-07
    2625  -8.711985917E-07
    2626  -4.089050100E-07
    2627  -4.085938189E-07
    2628  -4.082829830E-07
    2629  -4.079725016E-07
    2630  -4.076623743E-07
    2631  -5.858470028E-07
    2632  -5.854019994E-07
    2633  -5.849575028E-07
    2634  -5.845135123E-07
    2635  -5.840700271E-07
    2636  -1.010146107E-06
    2637  -1.009380265E-06
    2638  -1.008615293E-06
    2639  -1.007851190E-06
    2640  -1.007087956E-06
    2641  -1.359392288E-06
    2642  -1.358363614E-06
    2643  -1.357336108E-06
    2644  -1.356309766E-06
    2645  -1.355284589E-06
    2646  -1.491518497E-06
    2647  -1.490391972E-06
    2648  -1.489266723E-06
    2649  -1.488142749E-06
    2650  -1.487020046E-06
    2651  -1.489315937E-06
    2652  -1.488193196E-06
    2653  -1.487071724E-06
    2654  -1.485951519E-06
    2655  -1.484832580E-06
    2656  -1.539507164E-06
    2657  -1.538348769E-06
    2658  -1.537191681E-06
    2659  -1.536035897E-06
    2660  -1.534881417E-06
    2661  -1.696305284E-06
    2662  -1.695031303E-06
    2663  -1.693758757E-06
    2664  -1.692487644E-06
    2665  -1.691217960E-06
    2666  -2.047674505E-06
    2667  -2.046139517E-06
    2668  -2.044606254E-06
    2669  -2.043074714E-06
    2670  -2.041544894E-06
    2671  -2.369458391E-06
    2672  -2.367685508E-06
    2673  -2.365914614E-06
    2674  -2.364145706E-06
    2675  -2.362378781E-06
    2676  -2.533178547E-06
    2677  -2.531286704E-06
    2678  -2.529396979E-06
    2679  -2.527509369E-06
    2680  -2.525623871E-06
    2681  -2.599145105E-06
    2682  -2.597207613E-06
    2683  -2.595272287E-06
    2684  -2.593339124E-06
    2685  -2.591408119E-06
    2686  -2.463370431E-06
    2687  -2.461537566E-06
    2688  -2.459706746E-06
    2689  -2.457877967E-06
    2690  -2.456051228E-06
    2691  -2.257448571E-06
    2692  -2.255772040E-06
    2693  -2.254097376E-06
    2694  -2.252424577E-06
    2695  -2.250753639E-06
    2696  -1.987038432E-06
    2697  -1.985565461E-06
    2698  -1.984094127E-06
    2699  -1.982624428E-06
    2700  -1.981156361E-06
