      50   1.195651075E-07
      51   1.248957637E-07
      52   1.201827160E-07
      53   1.157315043E-07
      54   1.115230860E-07
      55   1.075401186E-07
      56   1.196677550E-07
      57   1.155412807E-07
      58   1.116246271E-07
      59   1.079038062E-07
      60   1.043659765E-07
      61   1.002111903E-07
      62   9.702988268E-08
      63   9.399769884E-08
      64   9.110546196E-08
      65   8.834469038E-08
      66   8.212004151E-08
      67   7.970474617E-08
      68   7.739446368E-08
      69   7.518319328E-08
      70   7.306535685E-08
      71   9.956131971E-08
      72   9.683361232E-08
      73   9.421648766E-08
      74   9.170404799E-08
      75   8.929078357E-08
      76   1.350620443E-07
      77   1.315989150E-07
      78   1.282672969E-07
      79   1.250606144E-07
      80   1.219726980E-07
      81   1.051504999E-07
      82   1.026167529E-07
      83   1.001734969E-07
      84   9.781647344E-08
      85   9.554167173E-08
      86   1.094606084E-07
      87   1.069728673E-07
      88   1.045689826E-07
      89   1.022452275E-07
      90   9.999807959E-08
      91   2.775212000E-07
      92   2.715530022E-07
      93   2.657752787E-07
      94   2.601800097E-07
      95   2.547595928E-07
      96   3.063279115E-07
      97   3.000763215E-07
      98   2.940141736E-07
      99   2.881338901E-07
     100   2.824282685E-07
     101   5.640448853E-07
     102   5.530925574E-07
     103   5.424561621E-07
     104   5.321236637E-07
     105   5.220835946E-07
     106   1.028288104E-06
     107   1.009245732E-06
     108   9.907274613E-07
     109   9.727142348E-07
     110   9.551878521E-07
     111   2.616287816E-06
     112   2.569981837E-06
     113   2.524894436E-06
     114   2.480983229E-06
     115   2.438207656E-06
     116   2.888278712E-06
     117   2.839324835E-06
     118   2.791605090E-06
     119   2.745078338E-06
     120   2.699705143E-06
     121   2.548740661E-06
     122   2.507297723E-06
     123   2.466857437E-06
     124   2.427387718E-06
     125   2.388857754E-06
     126   6.973423765E-06
     127   6.864464018E-06
     128   6.758038219E-06
     129   6.654068401E-06
     130   6.552479570E-06
     131   5.868758351E-06
     132   5.780506345E-06
     133   5.694230131E-06
     134   5.609871166E-06
     135   5.527373061E-06
     136   6.514631373E-06
     137   6.420216425E-06
     138   6.327839211E-06
     139   6.237441508E-06
     140   6.148967160E-06
     141   7.080844646E-06
     142   6.981811853E-06
     143   6.884842244E-06
     144   6.789878903E-06
     145   6.696866863E-06
     146   6.338168470E-06
     147   6.252517545E-06
     148   6.168591135E-06
     149   6.086343253E-06
     150   6.005729435E-06
     151   7.458430830E-06
     152   7.360935002E-06
     153   7.265338443E-06
     154   7.171592141E-06
     155   7.079648652E-06
     156   7.140747367E-06
     157   7.050358160E-06
     158   6.961674409E-06
     159   6.874653479E-06
     160   6.789254057E-06
     161   7.223101694E-06
     162   7.134474679E-06
     163   7.047468890E-06
     164   6.962045025E-06
     165   6.878164965E-06
     166   7.642128175E-06
     167   7.551150458E-06
     168   7.461787731E-06
     169   7.374001993E-06
     170   7.287756356E-06
     171   7.908456486E-06
     172   7.817029243E-06
     173   7.727178332E-06
     174   7.638867723E-06
     175   7.552062408E-06
     176   7.405225235E-06
     177   7.322020457E-06
     178   7.240210173E-06
     179   7.159763393E-06
     180   7.080649985E-06
     181   8.446790901E-06
     182   8.354476247E-06
     183   8.263666722E-06
     184   8.174329785E-06
     185   8.086433765E-06
     186   7.680281882E-06
     187   7.598576756E-06
     188   7.518168536E-06
     189   7.439029920E-06
     190   7.361134319E-06
     191   8.208442073E-06
     192   8.123380497E-06
     193   8.039634307E-06
     194   7.957176519E-06
     195   7.875980840E-06
     196   7.607265597E-06
     197   7.530424530E-06
     198   7.454741871E-06
     199   7.380194453E-06
     200   7.306759682E-06
     201   6.906092194E-06
     202   6.838051877E-06
     203   6.771012153E-06
     204   6.704953498E-06
     205   6.639856862E-06
     206   8.580687748E-06
     207   8.498181135E-06
     208   8.416858828E-06
     209   8.336698267E-06
     210   8.257677431E-06
     211   7.251309257E-06
     212   7.183221847E-06
     213   7.116088932E-06
     214   7.049892756E-06
     215   6.984615971E-06
     216   8.638870830E-06
     217   8.559615134E-06
     218   8.481445133E-06
     219   8.404341086E-06
     220   8.328283701E-06
     221   8.151876899E-06
     222   8.078765895E-06
     223   8.006634057E-06
     224   7.935463977E-06
     225   7.865238632E-06
     226   7.396892968E-06
     227   7.332007942E-06
     228   7.267972938E-06
     229   7.204773173E-06
     230   7.142394185E-06
     231   8.164883360E-06
     232   8.094798524E-06
     233   8.025612212E-06
     234   7.957309129E-06
     235   7.889874306E-06
     236   7.100338601E-06
     237   7.040671890E-06
     238   6.981754134E-06
     239   6.923572849E-06
     240   6.866115813E-06
     241   8.584671922E-06
     242   8.514016186E-06
     243   8.444229168E-06
     244   8.375296685E-06
     245   8.307204842E-06
     246   7.985297363E-06
     247   7.920899804E-06
     248   7.857278119E-06
     249   7.794419894E-06
     250   7.732312962E-06
     251   7.405975860E-06
     252   7.347430596E-06
     253   7.289576812E-06
     254   7.232403660E-06
     255   7.175900507E-06
     256   8.098234335E-06
     257   8.035457324E-06
     258   7.973407461E-06
     259   7.912073557E-06
     260   7.851444641E-06
     261   7.424283004E-06
     262   7.367824578E-06
     263   7.312007725E-06
     264   7.256822761E-06
     265   7.202260184E-06
     266   8.395845115E-06
     267   8.333189555E-06
     268   8.271232755E-06
     269   8.209964364E-06
     270   8.149374221E-06
     271   7.713154015E-06
     272   7.656647392E-06
     273   7.600759455E-06
     274   7.545481204E-06
     275   7.490803804E-06
     276   8.004236095E-06
     277   7.946651662E-06
     278   7.889686418E-06
     279   7.833331515E-06
     280   7.777578265E-06
     281   7.625353478E-06
     282   7.571464054E-06
     283   7.518143884E-06
     284   7.465384980E-06
     285   7.413179491E-06
     286   7.501266407E-06
     287   7.449174279E-06
     288   7.397622900E-06
     289   7.346604811E-06
     290   7.296112682E-06
     291   8.051858391E-06
     292   7.996896900E-06
     293   7.942496241E-06
     294   7.888648809E-06
     295   7.835347128E-06
     296   8.011385791E-06
     297   7.957618101E-06
     298   7.904389887E-06
     299   7.851693954E-06
     300   7.799523230E-06
     301   8.091315326E-06
     302   8.037907304E-06
     303   7.985026335E-06
     304   7.932665507E-06
     305   7.880818020E-06
     306   7.245412631E-06
     307   7.198364497E-06
     308   7.151773141E-06
     309   7.105632669E-06
     310   7.059937282E-06
     311   7.840786937E-06
     312   7.790686062E-06
     313   7.741063858E-06
     314   7.691914246E-06
     315   7.643231244E-06
     316   7.939405204E-06
     317   7.889471837E-06
     318   7.840008064E-06
     319   7.791008014E-06
     320   7.742465908E-06
     321   7.678521681E-06
     322   7.630976655E-06
     323   7.583871861E-06
     324   7.537201880E-06
     325   7.490961378E-06
     326   7.956456457E-06
     327   7.907941479E-06
     328   7.859868886E-06
     329   7.812233317E-06
     330   7.765029491E-06
     331   7.609761598E-06
     332   7.564057324E-06
     333   7.518763568E-06
     334   7.473875427E-06
     335   7.429388073E-06
     336   7.995270354E-06
     337   7.947961062E-06
     338   7.901070436E-06
     339   7.854593551E-06
     340   7.808525554E-06
     341   7.929307386E-06
     342   7.883072357E-06
     343   7.837240541E-06
     344   7.791807263E-06
     345   7.746767914E-06
     346   7.590006348E-06
     347   7.546385622E-06
     348   7.503139859E-06
     349   7.460264774E-06
     350   7.417756143E-06
     351   7.989948149E-06
     352   7.944679321E-06
     353   7.899794127E-06
     354   7.855288245E-06
     355   7.811157412E-06
     356   7.523543666E-06
     357   7.481512696E-06
     358   7.439832959E-06
     359   7.398500554E-06
     360   7.357511631E-06
     361   8.220823071E-06
     362   8.175529280E-06
     363   8.130608789E-06
     364   8.086057508E-06
     365   8.041871402E-06
     366   7.313612947E-06
     367   7.273865050E-06
     368   7.234440307E-06
     369   7.195335225E-06
     370   7.156546356E-06
     371   7.655034838E-06
     372   7.613989074E-06
     373   7.573272555E-06
     374   7.532881768E-06
     375   7.492813248E-06
     376   7.382587476E-06
     377   7.343526166E-06
     378   7.304774050E-06
     379   7.266327870E-06
     380   7.228184417E-06
     381   7.681214848E-06
     382   7.641104065E-06
     383   7.601306648E-06
     384   7.561819341E-06
     385   7.522638930E-06
     386   7.937250060E-06
     387   7.896336400E-06
     388   7.855738270E-06
     389   7.815452432E-06
     390   7.775475694E-06
     391   7.022850900E-06
     392   6.987111201E-06
     393   6.951643632E-06
     394   6.916445436E-06
     395   6.881513893E-06
     396   7.448995681E-06
     397   7.411563542E-06
     398   7.374412848E-06
     399   7.337540783E-06
     400   7.300944570E-06
     401   7.625484252E-06
     402   7.587640657E-06
     403   7.550078080E-06
     404   7.512793744E-06
     405   7.475784907E-06
     406   7.177536490E-06
     407   7.142352488E-06
     408   7.107426559E-06
     409   7.072756185E-06
     410   7.038338880E-06
     411   7.461836516E-06
     412   7.425701714E-06
     413   7.389828759E-06
     414   7.354215127E-06
     415   7.318858323E-06
     416   7.080559338E-06
     417   7.046681064E-06
     418   7.013045355E-06
     419   6.979649901E-06
     420   6.946492419E-06
     421   7.556948972E-06
     422   7.521218717E-06
     423   7.485741270E-06
     424   7.450514252E-06
     425   7.415535312E-06
     426   7.366305511E-06
     427   7.331883523E-06
     428   7.297702248E-06
     429   7.263759446E-06
     430   7.230052906E-06
     431   7.057248606E-06
     432   7.024651614E-06
     433   6.992279948E-06
     434   6.960131534E-06
     435   6.928204325E-06
     436   7.375966961E-06
     437   7.342286747E-06
     438   7.308836693E-06
     439   7.275614708E-06
     440   7.242618723E-06
     441   6.797257984E-06
     442   6.766570589E-06
     443   6.736090541E-06
     444   6.705815977E-06
     445   6.675745053E-06
     446   7.504415311E-06
     447   7.470913457E-06
     448   7.437635446E-06
     449   7.404579288E-06
     450   7.371743016E-06
     451   6.903901350E-06
     452   6.873420550E-06
     453   6.843141164E-06
     454   6.813061423E-06
     455   6.783179574E-06
     456   6.903405408E-06
     457   6.873259533E-06
     458   6.843310689E-06
     459   6.813557165E-06
     460   6.783997264E-06
     461   7.034798917E-06
     462   7.004411017E-06
     463   6.974219590E-06
     464   6.944222946E-06
     465   6.914419414E-06
     466   6.829117477E-06
     467   6.799933214E-06
     468   6.770935631E-06
     469   6.742123139E-06
     470   6.713494166E-06
     471   7.248506410E-06
     472   7.217857334E-06
     473   7.187402240E-06
     474   7.157139493E-06
     475   7.127067479E-06
     476   6.688104864E-06
     477   6.660121161E-06
     478   6.632312722E-06
     479   6.604678086E-06
     480   6.577215807E-06
     481   6.834041519E-06
     482   6.805743210E-06
     483   6.777620305E-06
     484   6.749671355E-06
     485   6.721894929E-06
     486   6.911223443E-06
     487   6.882898757E-06
     488   6.854747842E-06
     489   6.826769279E-06
     490   6.798961665E-06
     491   6.530797822E-06
     492   6.504303713E-06
     493   6.477970499E-06
     494   6.451796881E-06
     495   6.425781571E-06
     496   7.210430563E-06
     497   7.181473010E-06
     498   7.152689551E-06
     499   7.124078793E-06
     500   7.095639357E-06
     501   6.300008264E-06
     502   6.274958529E-06
     503   6.250057900E-06
     504   6.225305196E-06
     505   6.200699246E-06
     506   6.738295911E-06
     507   6.711767187E-06
     508   6.685394821E-06
     509   6.659177586E-06
     510   6.633114269E-06
     511   6.600496995E-06
     512   6.574764063E-06
     513   6.549181324E-06
     514   6.523747610E-06
     515   6.498461766E-06
     516   6.314507377E-06
     517   6.290127040E-06
     518   6.265887629E-06
     519   6.241788061E-06
     520   6.217827263E-06
     521   6.551575564E-06
     522   6.526521738E-06
     523   6.501611349E-06
     524   6.476843306E-06
     525   6.452216525E-06
     526   6.125231087E-06
     527   6.102029454E-06
     528   6.078959400E-06
     529   6.056019930E-06
     530   6.033210062E-06
     531   6.468403197E-06
     532   6.444131515E-06
     533   6.419996191E-06
     534   6.395996206E-06
     535   6.372130548E-06
     536   6.157666889E-06
     537   6.134775934E-06
     538   6.112012387E-06
     539   6.089375304E-06
     540   6.066863751E-06
     541   6.134460891E-06
     542   6.111866192E-06
     543   6.089396095E-06
     544   6.067049688E-06
     545   6.044826063E-06
     546   6.135085897E-06
     547   6.112695073E-06
     548   6.090426603E-06
     549   6.068279597E-06
     550   6.046253174E-06
     551   5.969260466E-06
     552   5.947671820E-06
     553   5.926200081E-06
     554   5.904844405E-06
     555   5.883603958E-06
     556   5.968062653E-06
     557   5.946671747E-06
     558   5.925395641E-06
     559   5.904233514E-06
     560   5.883184553E-06
     561   5.804622214E-06
     562   5.784001887E-06
     563   5.763491242E-06
     564   5.743089503E-06
     565   5.722795900E-06
     566   5.725103854E-06
     567   5.704945038E-06
     568   5.684892507E-06
     569   5.664945516E-06
     570   5.645103325E-06
     571   5.834784325E-06
     572   5.814418586E-06
     573   5.794159288E-06
     574   5.774005690E-06
     575   5.753957059E-06
     576   5.701516823E-06
     577   5.681788391E-06
     578   5.662162179E-06
     579   5.642637482E-06
     580   5.623213600E-06
     581   5.548994075E-06
     582   5.529958075E-06
     583   5.511019862E-06
     584   5.492178769E-06
     585   5.473434131E-06
     586   5.357881707E-06
     587   5.339657619E-06
     588   5.321526354E-06
     589   5.303487282E-06
     590   5.285539778E-06
     591   5.511719878E-06
     592   5.493130603E-06
     593   5.474635214E-06
     594   5.456233079E-06
     595   5.437923572E-06
     596   5.495577912E-06
     597   5.477198053E-06
     598   5.458910246E-06
     599   5.440713879E-06
     600   5.422608342E-06
     601   5.425802882E-06
     602   5.407806852E-06
     603   5.389900207E-06
     604   5.372082355E-06
     605   5.354352710E-06
     606   5.120419641E-06
     607   5.103576156E-06
     608   5.086815643E-06
     609   5.070137559E-06
     610   5.053541364E-06
     611   5.037393392E-06
     612   5.020958177E-06
     613   5.004603264E-06
     614   4.988328132E-06
     615   4.972132261E-06
     616   5.247830459E-06
     617   5.230847189E-06
     618   5.213946229E-06
     619   5.197127047E-06
     620   5.180389118E-06
     621   4.957249840E-06
     622   4.941335715E-06
     623   4.925498101E-06
     624   4.909736507E-06
     625   4.894050448E-06
     626   4.933860619E-06
     627   4.918147687E-06
     628   4.902509697E-06
     629   4.886946175E-06
     630   4.871456646E-06
     631   4.711437567E-06
     632   4.696551508E-06
     633   4.681735889E-06
     634   4.666990264E-06
     635   4.652314194E-06
     636   4.938207833E-06
     637   4.922727558E-06
     638   4.907319960E-06
     639   4.891984585E-06
     640   4.876720983E-06
     641   4.749878383E-06
     642   4.735104267E-06
     643   4.720398974E-06
     644   4.705762078E-06
     645   4.691193155E-06
     646   4.586823868E-06
     647   4.572667004E-06
     648   4.558575580E-06
     649   4.544549194E-06
     650   4.530587445E-06
     651   4.481993212E-06
     652   4.468265820E-06
     653   4.454601399E-06
     654   4.440999563E-06
     655   4.427459930E-06
     656   4.324409155E-06
     657   4.311265055E-06
     658   4.298180790E-06
     659   4.285156000E-06
     660   4.272190324E-06
     661   4.322967676E-06
     662   4.309927050E-06
     663   4.296945342E-06
     664   4.284022198E-06
     665   4.271157266E-06
     666   4.230313949E-06
     667   4.217648338E-06
     668   4.205039524E-06
     669   4.192487167E-06
     670   4.179990931E-06
     671   3.978187676E-06
     672   3.966365424E-06
     673   3.954595794E-06
     674   3.942878473E-06
     675   3.931213152E-06
     676   4.210222939E-06
     677   4.197803403E-06
     678   4.185438739E-06
     679   4.173128625E-06
     680   4.160872741E-06
     681   3.960731729E-06
     682   3.949133686E-06
     683   3.937586512E-06
     684   3.926089909E-06
     685   3.914643583E-06
     686   3.965183446E-06
     687   3.953656750E-06
     688   3.942180243E-06
     689   3.930753634E-06
     690   3.919376633E-06
     691   3.754439755E-06
     692   3.743604431E-06
     693   3.732815945E-06
     694   3.722074029E-06
     695   3.711378414E-06
     696   3.661066208E-06
     697   3.650576047E-06
     698   3.640130908E-06
     699   3.629730534E-06
     700   3.619374670E-06
     701   3.754873693E-06
     702   3.744191264E-06
     703   3.733554357E-06
     704   3.722962714E-06
     705   3.712416077E-06
     706   3.450647278E-06
     707   3.440899687E-06
     708   3.431193341E-06
     709   3.421528008E-06
     710   3.411903456E-06
     711   3.496616197E-06
     712   3.486808017E-06
     713   3.477041048E-06
     714   3.467315059E-06
     715   3.457629821E-06
     716   3.366983231E-06
     717   3.357604448E-06
     718   3.348264797E-06
     719   3.338964062E-06
     720   3.329702025E-06
     721   3.275406413E-06
     722   3.266345815E-06
     723   3.257322760E-06
     724   3.248337042E-06
     725   3.239388455E-06
     726   3.215878456E-06
     727   3.207043625E-06
     728   3.198245151E-06
     729   3.189482836E-06
     730   3.180756481E-06
     731   3.065972881E-06
     732   3.057607334E-06
     733   3.049275979E-06
     734   3.040978630E-06
     735   3.032715101E-06
     736   3.064141764E-06
     737   3.055837857E-06
     738   3.047567660E-06
     739   3.039330990E-06
     740   3.031127668E-06
     741   3.017678205E-06
     742   3.009555249E-06
     743   3.001465047E-06
     744   2.993407422E-06
     745   2.985382201E-06
     746   2.912750316E-06
     747   2.904962213E-06
     748   2.897205305E-06
     749   2.889479424E-06
     750   2.881784405E-06
     751   2.796458351E-06
     752   2.789030839E-06
     753   2.781632879E-06
     754   2.774264315E-06
     755   2.766924992E-06
     756   2.639625497E-06
     757   2.632660786E-06
     758   2.625723604E-06
     759   2.618813805E-06
     760   2.611931245E-06
     761   2.739412908E-06
     762   2.732232271E-06
     763   2.725079830E-06
     764   2.717955439E-06
     765   2.710858949E-06
     766   2.610963201E-06
     767   2.604163818E-06
     768   2.597390960E-06
     769   2.590644490E-06
     770   2.583924271E-06
     771   2.588080775E-06
     772   2.581384577E-06
     773   2.574714332E-06
     774   2.568069908E-06
     775   2.561451171E-06
     776   2.433311465E-06
     777   2.427056166E-06
     778   2.420824956E-06
     779   2.414617712E-06
     780   2.408434312E-06
     781   2.407292981E-06
     782   2.401144084E-06
     783   2.395018717E-06
     784   2.388916758E-06
     785   2.382838090E-06
     786   2.346902168E-06
     787   2.340945564E-06
     788   2.335011608E-06
     789   2.329100186E-06
     790   2.323211185E-06
     791   2.271044654E-06
     792   2.265316924E-06
     793   2.259610836E-06
     794   2.253926281E-06
     795   2.248263150E-06
     796   2.219159609E-06
     797   2.213597806E-06
     798   2.208056885E-06
     799   2.202536743E-06
     800   2.197037276E-06
     801   2.209090760E-06
     802   2.203588665E-06
     803   2.198107102E-06
     804   2.192645966E-06
     805   2.187205157E-06
     806   2.155135637E-06
     807   2.149801143E-06
     808   2.144486431E-06
     809   2.139191403E-06
     810   2.133915961E-06
     811   2.070672933E-06
     812   2.065579027E-06
     813   2.060503894E-06
     814   2.055447443E-06
     815   2.050409581E-06
     816   2.020420064E-06
     817   2.015480162E-06
     818   2.010558354E-06
     819   2.005654553E-06
     820   2.000768671E-06
     821   2.003563433E-06
     822   1.998694506E-06
     823   1.993843306E-06
     824   1.989009746E-06
     825   1.984193742E-06
     826   1.951168554E-06
     827   1.946455587E-06
     828   1.941759675E-06
     829   1.937080736E-06
     830   1.932418688E-06
     831   1.959597121E-06
     832   1.954892206E-06
     833   1.950204215E-06
     834   1.945533067E-06
     835   1.940878682E-06
     836   1.879740638E-06
     837   1.875254384E-06
     838   1.870784171E-06
     839   1.866329923E-06
     840   1.861891564E-06
     841   1.852402668E-06
     842   1.848007881E-06
     843   1.843628715E-06
     844   1.839265097E-06
     845   1.834916953E-06
     846   1.838857480E-06
     847   1.834520552E-06
     848   1.830198949E-06
     849   1.825892599E-06
     850   1.821601429E-06
     851   1.792665835E-06
     852   1.788462632E-06
     853   1.784274195E-06
     854   1.780100454E-06
     855   1.775941341E-06
     856   1.799476305E-06
     857   1.795281722E-06
     858   1.791101788E-06
     859   1.786936435E-06
     860   1.782785595E-06
     861   1.755448054E-06
     862   1.751379808E-06
     863   1.747325688E-06
     864   1.743285629E-06
     865   1.739259565E-06
     866   1.777265508E-06
     867   1.773170426E-06
     868   1.769089482E-06
     869   1.765022609E-06
     870   1.760969745E-06
     871   1.806471579E-06
     872   1.802333042E-06
     873   1.798208710E-06
     874   1.794098519E-06
     875   1.790002403E-06
     876   1.761699648E-06
     877   1.757686665E-06
     878   1.753687378E-06
     879   1.749701725E-06
     880   1.745729644E-06
     881   1.763550857E-06
     882   1.759556404E-06
     883   1.755575508E-06
     884   1.751608105E-06
     885   1.747654137E-06
     886   1.772523254E-06
     887   1.768531084E-06
     888   1.764552387E-06
     889   1.760587101E-06
     890   1.756635165E-06
     891   1.796331129E-06
     892   1.792307991E-06
     893   1.788298354E-06
     894   1.784302156E-06
     895   1.780319339E-06
     896   1.832741848E-06
     897   1.828660017E-06
     898   1.824591808E-06
     899   1.820537160E-06
     900   1.816496012E-06
     901   1.800314311E-06
     902   1.796326904E-06
     903   1.792352729E-06
     904   1.788391729E-06
     905   1.784443844E-06
     906   1.824941430E-06
     907   1.820921735E-06
     908   1.816915306E-06
     909   1.812922086E-06
     910   1.808942016E-06
     911   1.823095963E-06
     912   1.819102325E-06
     913   1.815121795E-06
     914   1.811154315E-06
     915   1.807199830E-06
     916   1.863309567E-06
     917   1.859250069E-06
     918   1.855203823E-06
     919   1.851170771E-06
     920   1.847150857E-06
     921   1.873588354E-06
     922   1.869528574E-06
     923   1.865481976E-06
     924   1.861448501E-06
     925   1.857428094E-06
     926   1.896389961E-06
     927   1.892302913E-06
     928   1.888229064E-06
     929   1.884168357E-06
     930   1.880120734E-06
     931   2.008520072E-06
     932   2.004214563E-06
     933   1.999922883E-06
     934   1.995644973E-06
     935   1.991380775E-06
     936   1.978602770E-06
     937   1.974384000E-06
     938   1.970178710E-06
     939   1.965986840E-06
     940   1.961808335E-06
     941   2.059958603E-06
     942   2.055589655E-06
     943   2.051234593E-06
     944   2.046893355E-06
     945   2.042565885E-06
     946   2.108775669E-06
     947   2.104326775E-06
     948   2.099891945E-06
     949   2.095471120E-06
     950   2.091064240E-06
     951   2.201194036E-06
     952   2.196574531E-06
     953   2.191969553E-06
     954   2.187379041E-06
     955   2.182802934E-06
     956   2.240019877E-06
     957   2.235343427E-06
     958   2.230681605E-06
     959   2.226034352E-06
     960   2.221401606E-06
     961   2.265258898E-06
     962   2.260554310E-06
     963   2.255864363E-06
     964   2.251188997E-06
     965   2.246528150E-06
     966   2.452872689E-06
     967   2.447804770E-06
     968   2.442752542E-06
     969   2.437715939E-06
     970   2.432694897E-06
     971   2.448219961E-06
     972   2.443187648E-06
     973   2.438170836E-06
     974   2.433169460E-06
     975   2.428183457E-06
     976   2.623688600E-06
     977   2.618323184E-06
     978   2.612974209E-06
     979   2.607641609E-06
     980   2.602325316E-06
     981   2.655444164E-06
     982   2.650041429E-06
     983   2.644655166E-06
     984   2.639285308E-06
     985   2.633931788E-06
     986   2.734322190E-06
     987   2.728787125E-06
     988   2.723268850E-06
     989   2.717767297E-06
     990   2.712282398E-06
     991   2.858210669E-06
     992   2.852453951E-06
     993   2.846714607E-06
     994   2.840992567E-06
     995   2.835287763E-06
     996   2.969974239E-06
     997   2.964022387E-06
     998   2.958088408E-06
     999   2.952172232E-06
    1000   2.946273786E-06
    1001   3.086214163E-06
    1002   3.080060197E-06
    1003   3.073924619E-06
    1004   3.067807356E-06
    1005   3.061708335E-06
    1006   3.185832940E-06
    1007   3.179511843E-06
    1008   3.173209540E-06
    1009   3.166925957E-06
    1010   3.160661019E-06
    1011   3.295379656E-06
    1012   3.288873477E-06
    1013   3.282386547E-06
    1014   3.275918791E-06
    1015   3.269470131E-06
    1016   3.553958031E-06
    1017   3.546975795E-06
    1018   3.540014115E-06
    1019   3.533072911E-06
    1020   3.526152102E-06
    1021   3.668883151E-06
    1022   3.661710359E-06
    1023   3.654558581E-06
    1024   3.647427735E-06
    1025   3.640317739E-06
    1026   3.811984901E-06
    1027   3.804568588E-06
    1028   3.797173897E-06
    1029   3.789800743E-06
    1030   3.782449045E-06
    1031   3.934873107E-06
    1032   3.927254766E-06
    1033   3.919658529E-06
    1034   3.912084309E-06
    1035   3.904532023E-06
    1036   4.060869629E-06
    1037   4.053045217E-06
    1038   4.045243398E-06
    1039   4.037464084E-06
    1040   4.029707188E-06
    1041   4.219260960E-06
    1042   4.211170335E-06
    1043   4.203102959E-06
    1044   4.195058743E-06
    1045   4.187037598E-06
    1046   4.268824071E-06
    1047   4.260677460E-06
    1048   4.252554148E-06
    1049   4.244454045E-06
    1050   4.236377063E-06
    1051   4.453606143E-06
    1052   4.445147251E-06
    1053   4.436712437E-06
    1054   4.428301608E-06
    1055   4.419914673E-06
    1056   4.523849849E-06
    1057   4.515298148E-06
    1058   4.506770672E-06
    1059   4.498267331E-06
    1060   4.489788034E-06
    1061   4.680239171E-06
    1062   4.671433453E-06
    1063   4.662652563E-06
    1064   4.653896408E-06
    1065   4.645164895E-06
    1066   4.849987955E-06
    1067   4.840905581E-06
    1068   4.831848695E-06
    1069   4.822817202E-06
    1070   4.813811008E-06
    1071   5.025240984E-06
    1072   5.015874272E-06
    1073   5.006533724E-06
    1074   4.997219243E-06
    1075   4.987930731E-06
    1076   5.102263916E-06
    1077   5.092797749E-06
    1078   5.083357902E-06
    1079   5.073944276E-06
    1080   5.064556775E-06
    1081   5.420555244E-06
    1082   5.410544985E-06
    1083   5.400562430E-06
    1084   5.390607476E-06
    1085   5.380680022E-06
    1086   5.562461242E-06
    1087   5.552236129E-06
    1088   5.542039185E-06
    1089   5.531870305E-06
    1090   5.521729388E-06
    1091   5.760798397E-06
    1092   5.750257137E-06
    1093   5.739744784E-06
    1094   5.729261232E-06
    1095   5.718806376E-06
    1096   5.939964011E-06
    1097   5.929144404E-06
    1098   5.918354332E-06
    1099   5.907593688E-06
    1100   5.896862365E-06
    1101   6.206826964E-06
    1102   6.195572518E-06
    1103   6.184348655E-06
    1104   6.173155264E-06
    1105   6.161992234E-06
    1106   6.315231647E-06
    1107   6.303832312E-06
    1108   6.292463813E-06
    1109   6.281126041E-06
    1110   6.269818883E-06
    1111   6.604933030E-06
    1112   6.593064327E-06
    1113   6.581227587E-06
    1114   6.569422694E-06
    1115   6.557649535E-06
    1116   6.796937498E-06
    1117   6.784778397E-06
    1118   6.772651894E-06
    1119   6.760557873E-06
    1120   6.748496217E-06
    1121   7.156331214E-06
    1122   7.143586189E-06
    1123   7.130875182E-06
    1124   7.118198071E-06
    1125   7.105554735E-06
    1126   7.341244277E-06
    1127   7.328227887E-06
    1128   7.315246083E-06
    1129   7.302298745E-06
    1130   7.289385750E-06
    1131   7.595296777E-06
    1132   7.581889369E-06
    1133   7.568517430E-06
    1134   7.555180835E-06
    1135   7.541879461E-06
    1136   7.804099596E-06
    1137   7.790384131E-06
    1138   7.776704791E-06
    1139   7.763061449E-06
    1140   7.749453979E-06
    1141   8.051821581E-06
    1142   8.037732654E-06
    1143   8.023680674E-06
    1144   8.009665512E-06
    1145   7.995687038E-06
    1146   8.299076087E-06
    1147   8.284617766E-06
    1148   8.270197196E-06
    1149   8.255814244E-06
    1150   8.241468781E-06
    1151   8.257731236E-06
    1152   8.243407331E-06
    1153   8.229120663E-06
    1154   8.214871103E-06
    1155   8.200658523E-06
    1156   8.546641132E-06
    1157   8.531880094E-06
    1158   8.517157264E-06
    1159   8.502472510E-06
    1160   8.487825701E-06
    1161   8.591306933E-06
    1162   8.576532545E-06
    1163   8.561796234E-06
    1164   8.547097872E-06
    1165   8.532437326E-06
    1166   8.923051825E-06
    1167   8.907772627E-06
    1168   8.892532639E-06
    1169   8.877331729E-06
    1170   8.862169762E-06
    1171   9.257346304E-06
    1172   9.241562252E-06
    1173   9.225818535E-06
    1174   9.210115014E-06
    1175   9.194451553E-06
    1176   9.314726058E-06
    1177   9.298911583E-06
    1178   9.283137348E-06
    1179   9.267403217E-06
    1180   9.251709054E-06
    1181   9.696283589E-06
    1182   9.679890887E-06
    1183   9.663539719E-06
    1184   9.647229948E-06
    1185   9.630961432E-06
    1186   9.910958594E-06
    1187   9.894273479E-06
    1188   9.877630462E-06
    1189   9.861029402E-06
    1190   9.844470159E-06
    1191   1.006405939E-05
    1192   1.004718754E-05
    1193   1.003035808E-05
    1194   1.001357087E-05
    1195   9.996825766E-06
    1196   1.037971783E-05
    1197   1.036238942E-05
    1198   1.034510436E-05
    1199   1.032786252E-05
    1200   1.031066375E-05
    1201   1.054890357E-05
    1202   1.053136590E-05
    1203   1.051387194E-05
    1204   1.049642153E-05
    1205   1.047901453E-05
    1206   1.088352917E-05
    1207   1.086551009E-05
    1208   1.084753571E-05
    1209   1.082960590E-05
    1210   1.081172050E-05
    1211   1.080219873E-05
    1212   1.078438802E-05
    1213   1.076662132E-05
    1214   1.074889848E-05
    1215   1.073121937E-05
    1216   1.125794475E-05
    1217   1.123945880E-05
    1218   1.122101834E-05
    1219   1.120262323E-05
    1220   1.118427332E-05
    1221   1.172596408E-05
    1222   1.170678834E-05
    1223   1.168765960E-05
    1224   1.166857771E-05
    1225   1.164954251E-05
    1226   1.184986267E-05
    1227   1.183056322E-05
    1228   1.181131088E-05
    1229   1.179210550E-05
    1230   1.177294692E-05
    1231   1.256823320E-05
    1232   1.254784677E-05
    1233   1.252750991E-05
    1234   1.250722244E-05
    1235   1.248698422E-05
    1236   1.257533139E-05
    1237   1.255501583E-05
    1238   1.253474946E-05
    1239   1.251453212E-05
    1240   1.249436365E-05
    1241   1.267102330E-05
    1242   1.265063549E-05
    1243   1.263029685E-05
    1244   1.261000721E-05
    1245   1.258976643E-05
    1246   1.300514499E-05
    1247   1.298430342E-05
    1248   1.296351190E-05
    1249   1.294277028E-05
    1250   1.292207840E-05
    1251   1.289803266E-05
    1252   1.287744522E-05
    1253   1.285690703E-05
    1254   1.283641793E-05
    1255   1.281597778E-05
    1256   1.328543896E-05
    1257   1.326431743E-05
    1258   1.324324624E-05
    1259   1.322222521E-05
    1260   1.320125420E-05
    1261   1.312109504E-05
    1262   1.310031737E-05
    1263   1.307958902E-05
    1264   1.305890983E-05
    1265   1.303827964E-05
    1266   1.354071150E-05
    1267   1.351935391E-05
    1268   1.349804682E-05
    1269   1.347679005E-05
    1270   1.345558346E-05
    1271   1.367851257E-05
    1272   1.365702237E-05
    1273   1.363558277E-05
    1274   1.361419362E-05
    1275   1.359285476E-05
    1276   1.381897299E-05
    1277   1.379734705E-05
    1278   1.377577184E-05
    1279   1.375424720E-05
    1280   1.373277297E-05
    1281   1.408244909E-05
    1282   1.406049671E-05
    1283   1.403859563E-05
    1284   1.401674567E-05
    1285   1.399494669E-05
    1286   1.423319214E-05
    1287   1.421109091E-05
    1288   1.418904112E-05
    1289   1.416704261E-05
    1290   1.414509521E-05
    1291   1.469475077E-05
    1292   1.467202107E-05
    1293   1.464934406E-05
    1294   1.462671960E-05
    1295   1.460414750E-05
    1296   1.455158040E-05
    1297   1.452915886E-05
    1298   1.450678910E-05
    1299   1.448447097E-05
    1300   1.446220429E-05
    1301   1.470312994E-05
    1302   1.468056182E-05
    1303   1.465804563E-05
    1304   1.463558119E-05
    1305   1.461316835E-05
    1306   1.484182423E-05
    1307   1.481913031E-05
    1308   1.479648840E-05
    1309   1.477389834E-05
    1310   1.475135997E-05
    1311   1.507432594E-05
    1312   1.505136429E-05
    1313   1.502845506E-05
    1314   1.500559809E-05
    1315   1.498279323E-05
    1316   1.564567679E-05
    1317   1.562193525E-05
    1318   1.559824771E-05
    1319   1.557461400E-05
    1320   1.555103396E-05
    1321   1.565703149E-05
    1322   1.563336250E-05
    1323   1.560974715E-05
    1324   1.558618527E-05
    1325   1.556267670E-05
    1326   1.606587266E-05
    1327   1.604167707E-05
    1328   1.601753609E-05
    1329   1.599344957E-05
    1330   1.596941734E-05
    1331   1.626805235E-05
    1332   1.624364417E-05
    1333   1.621929088E-05
    1334   1.619499232E-05
    1335   1.617074832E-05
    1336   1.640959052E-05
    1337   1.638506198E-05
    1338   1.636058840E-05
    1339   1.633616961E-05
    1340   1.631180545E-05
    1341   1.645493716E-05
    1342   1.643043241E-05
    1343   1.640598237E-05
    1344   1.638158685E-05
    1345   1.635724571E-05
    1346   1.648755393E-05
    1347   1.646309168E-05
    1348   1.643868384E-05
    1349   1.641433023E-05
    1350   1.639003070E-05
    1351   1.640824077E-05
    1352   1.638398616E-05
    1353   1.635978529E-05
    1354   1.633563801E-05
    1355   1.631154415E-05
    1356   1.672741646E-05
    1357   1.670278109E-05
    1358   1.667820010E-05
    1359   1.665367334E-05
    1360   1.662920063E-05
    1361   1.654582820E-05
    1362   1.652154966E-05
    1363   1.649732451E-05
    1364   1.647315261E-05
    1365   1.644903379E-05
    1366   1.636506923E-05
    1367   1.634114369E-05
    1368   1.631727058E-05
    1369   1.629344975E-05
    1370   1.626968104E-05
    1371   1.643772248E-05
    1372   1.641377824E-05
    1373   1.638988628E-05
    1374   1.636604644E-05
    1375   1.634225858E-05
    1376   1.689735706E-05
    1377   1.687283259E-05
    1378   1.684836148E-05
    1379   1.682394356E-05
    1380   1.679957869E-05
    1381   1.699612493E-05
    1382   1.697154630E-05
    1383   1.694702094E-05
    1384   1.692254871E-05
    1385   1.689812945E-05
    1386   1.755965320E-05
    1387   1.753435111E-05
    1388   1.750910366E-05
    1389   1.748391071E-05
    1390   1.745877208E-05
    1391   1.729504444E-05
    1392   1.727021308E-05
    1393   1.724543515E-05
    1394   1.722071051E-05
    1395   1.719603901E-05
    1396   1.760117281E-05
    1397   1.757599231E-05
    1398   1.755086580E-05
    1399   1.752579314E-05
    1400   1.750077416E-05
    1401   1.746673887E-05
    1402   1.744183974E-05
    1403   1.741699381E-05
    1404   1.739220094E-05
    1405   1.736746097E-05
    1406   1.733840882E-05
    1407   1.731378039E-05
    1408   1.728920441E-05
    1409   1.726468072E-05
    1410   1.724020916E-05
    1411   1.760190140E-05
    1412   1.757698717E-05
    1413   1.755212580E-05
    1414   1.752731714E-05
    1415   1.750256105E-05
    1416   1.783067983E-05
    1417   1.780553078E-05
    1418   1.778043489E-05
    1419   1.775539203E-05
    1420   1.773040203E-05
    1421   1.805540337E-05
    1422   1.803002684E-05
    1423   1.800470376E-05
    1424   1.797943400E-05
    1425   1.795421741E-05
    1426   1.859330590E-05
    1427   1.856726486E-05
    1428   1.854127848E-05
    1429   1.851534662E-05
    1430   1.848946913E-05
    1431   1.858970688E-05
    1432   1.856376172E-05
    1433   1.853787083E-05
    1434   1.851203408E-05
    1435   1.848625130E-05
    1436   1.856602231E-05
    1437   1.854020030E-05
    1438   1.851443213E-05
    1439   1.848871764E-05
    1440   1.846305669E-05
    1441   1.841313143E-05
    1442   1.838761081E-05
    1443   1.836214320E-05
    1444   1.833672847E-05
    1445   1.831136647E-05
    1446   1.842922124E-05
    1447   1.840376652E-05
    1448   1.837836449E-05
    1449   1.835301502E-05
    1450   1.832771797E-05
    1451   1.842280677E-05
    1452   1.839744847E-05
    1453   1.837214249E-05
    1454   1.834688868E-05
    1455   1.832168691E-05
    1456   1.790837260E-05
    1457   1.788380693E-05
    1458   1.785929177E-05
    1459   1.783482699E-05
    1460   1.781041244E-05
    1461   1.818491277E-05
    1462   1.816005301E-05
    1463   1.813524419E-05
    1464   1.811048618E-05
    1465   1.808577883E-05
    1466   1.780911449E-05
    1467   1.778485139E-05
    1468   1.776063784E-05
    1469   1.773647371E-05
    1470   1.771235886E-05
    1471   1.815508036E-05
    1472   1.813042988E-05
    1473   1.810582956E-05
    1474   1.808127929E-05
    1475   1.805677891E-05
    1476   1.810421050E-05
    1477   1.807971224E-05
    1478   1.805526368E-05
    1479   1.803086467E-05
    1480   1.800651509E-05
    1481   1.828162856E-05
    1482   1.825697364E-05
    1483   1.823236855E-05
    1484   1.820781317E-05
    1485   1.818330737E-05
    1486   1.843081715E-05
    1487   1.840604455E-05
    1488   1.838132186E-05
    1489   1.835664894E-05
    1490   1.833202567E-05
    1491   1.806294520E-05
    1492   1.803874836E-05
    1493   1.801460010E-05
    1494   1.799050030E-05
    1495   1.796644883E-05
    1496   1.782401527E-05
    1497   1.780021819E-05
    1498   1.777646873E-05
    1499   1.775276677E-05
    1500   1.772911218E-05
    1501   1.778699482E-05
    1502   1.776332617E-05
    1503   1.773970472E-05
    1504   1.771613036E-05
    1505   1.769260297E-05
    1506   1.744975875E-05
    1507   1.742661583E-05
    1508   1.740351893E-05
    1509   1.738046791E-05
    1510   1.735746266E-05
    1511   1.729670951E-05
    1512   1.727384539E-05
    1513   1.725102657E-05
    1514   1.722825294E-05
    1515   1.720552437E-05
    1516   1.744458327E-05
    1517   1.742159963E-05
    1518   1.739866138E-05
    1519   1.737576840E-05
    1520   1.735292058E-05
    1521   1.752326896E-05
    1522   1.750025745E-05
    1523   1.747729123E-05
    1524   1.745437019E-05
    1525   1.743149422E-05
    1526   1.792823924E-05
    1527   1.790477296E-05
    1528   1.788135272E-05
    1529   1.785797841E-05
    1530   1.783464989E-05
    1531   1.802651035E-05
    1532   1.800299240E-05
    1533   1.797952044E-05
    1534   1.795609435E-05
    1535   1.793271402E-05
    1536   1.782265268E-05
    1537   1.779947627E-05
    1538   1.777634505E-05
    1539   1.775325889E-05
    1540   1.773021767E-05
    1541   1.756677350E-05
    1542   1.754400386E-05
    1543   1.752127847E-05
    1544   1.749859720E-05
    1545   1.747595995E-05
    1546   1.747883207E-05
    1547   1.745624960E-05
    1548   1.743371086E-05
    1549   1.741121575E-05
    1550   1.738876415E-05
    1551   1.702082083E-05
    1552   1.699890091E-05
    1553   1.697702330E-05
    1554   1.695518790E-05
    1555   1.693339460E-05
    1556   1.716401050E-05
    1557   1.714197711E-05
    1558   1.711998612E-05
    1559   1.709803742E-05
    1560   1.707613090E-05
    1561   1.704499476E-05
    1562   1.702318414E-05
    1563   1.700141536E-05
    1564   1.697968832E-05
    1565   1.695800289E-05
    1566   1.700366061E-05
    1567   1.698197227E-05
    1568   1.696032539E-05
    1569   1.693871988E-05
    1570   1.691715563E-05
    1571   1.715393763E-05
    1572   1.713212716E-05
    1573   1.711035825E-05
    1574   1.708863081E-05
    1575   1.706694473E-05
    1576   1.721244495E-05
    1577   1.719062943E-05
    1578   1.716885536E-05
    1579   1.714712263E-05
    1580   1.712543114E-05
    1581   1.749233661E-05
    1582   1.747023638E-05
    1583   1.744817800E-05
    1584   1.742616137E-05
    1585   1.740418639E-05
    1586   1.758785832E-05
    1587   1.756570736E-05
    1588   1.754359823E-05
    1589   1.752153081E-05
    1590   1.749950500E-05
    1591   1.761354891E-05
    1592   1.759143523E-05
    1593   1.756936317E-05
    1594   1.754733262E-05
    1595   1.752534348E-05
    1596   1.717643532E-05
    1597   1.715493790E-05
    1598   1.713348082E-05
    1599   1.711206397E-05
    1600   1.709068725E-05
    1601   1.694609268E-05
    1602   1.692494971E-05
    1603   1.690384628E-05
    1604   1.688278230E-05
    1605   1.686175766E-05
    1606   1.665560065E-05
    1607   1.663488473E-05
    1608   1.661420743E-05
    1609   1.659356867E-05
    1610   1.657296833E-05
    1611   1.638975961E-05
    1612   1.636943753E-05
    1613   1.634915322E-05
    1614   1.632890659E-05
    1615   1.630869755E-05
    1616   1.614033187E-05
    1617   1.612038090E-05
    1618   1.610046690E-05
    1619   1.608058978E-05
    1620   1.606074945E-05
    1621   1.605342074E-05
    1622   1.603363833E-05
    1623   1.601389247E-05
    1624   1.599418307E-05
    1625   1.597451003E-05
    1626   1.637494792E-05
    1627   1.635483128E-05
    1628   1.633475168E-05
    1629   1.631470904E-05
    1630   1.629470326E-05
    1631   1.658404088E-05
    1632   1.656372974E-05
    1633   1.654345590E-05
    1634   1.652321926E-05
    1635   1.650301972E-05
    1636   1.626894973E-05
    1637   1.624908532E-05
    1638   1.622925728E-05
    1639   1.620946550E-05
    1640   1.618970990E-05
    1641   1.594539196E-05
    1642   1.592598187E-05
    1643   1.590660720E-05
    1644   1.588726786E-05
    1645   1.586796376E-05
    1646   1.554335793E-05
    1647   1.552449463E-05
    1648   1.550566565E-05
    1649   1.548687091E-05
    1650   1.546811031E-05
    1651   1.532348212E-05
    1652   1.530494191E-05
    1653   1.528643533E-05
    1654   1.526796230E-05
    1655   1.524952273E-05
    1656   1.543641909E-05
    1657   1.541779857E-05
    1658   1.539921171E-05
    1659   1.538065844E-05
    1660   1.536213868E-05
    1661   1.590134890E-05
    1662   1.588222521E-05
    1663   1.586313599E-05
    1664   1.584408118E-05
    1665   1.582506067E-05
    1666   1.706482339E-05
    1667   1.704436197E-05
    1668   1.702393733E-05
    1669   1.700354938E-05
    1670   1.698319803E-05
    1671   1.780938342E-05
    1672   1.778809306E-05
    1673   1.776684086E-05
    1674   1.774562672E-05
    1675   1.772445055E-05
    1676   1.808555674E-05
    1677   1.806400065E-05
    1678   1.804248308E-05
    1679   1.802100393E-05
    1680   1.799956312E-05
    1681   1.794610520E-05
    1682   1.792477887E-05
    1683   1.790349053E-05
    1684   1.788224010E-05
    1685   1.786102748E-05
    1686   1.767778996E-05
    1687   1.765684471E-05
    1688   1.763593666E-05
    1689   1.761506573E-05
    1690   1.759423183E-05
    1691   1.743916417E-05
    1692   1.741856268E-05
    1693   1.739799767E-05
    1694   1.737746906E-05
    1695   1.735697676E-05
    1696   1.695148462E-05
    1697   1.693151820E-05
    1698   1.691158705E-05
    1699   1.689169106E-05
    1700   1.687183017E-05
    1701   1.638140478E-05
    1702   1.636216649E-05
    1703   1.634296207E-05
    1704   1.632379144E-05
    1705   1.630465452E-05
    1706   1.534448243E-05
    1707   1.532651465E-05
    1708   1.530857841E-05
    1709   1.529067364E-05
    1710   1.527280027E-05
    1711   1.461567815E-05
    1712   1.459861373E-05
    1713   1.458157917E-05
    1714   1.456457442E-05
    1715   1.454759939E-05
    1716   1.469259532E-05
    1717   1.467549102E-05
    1718   1.465841657E-05
    1719   1.464137190E-05
    1720   1.462435694E-05
    1721   1.550944159E-05
    1722   1.549143875E-05
    1723   1.547346725E-05
    1724   1.545552699E-05
    1725   1.543761792E-05
    1726   1.797029729E-05
    1727   1.794949834E-05
    1728   1.792873547E-05
    1729   1.790800861E-05
    1730   1.788731767E-05
    1731   2.057116687E-05
    1732   2.054742634E-05
    1733   2.052372689E-05
    1734   2.050006841E-05
    1735   2.047645082E-05
    1736   2.300759682E-05
    1737   2.298112087E-05
    1738   2.295469060E-05
    1739   2.292830590E-05
    1740   2.290196666E-05
    1741   2.405515983E-05
    1742   2.402755781E-05
    1743   2.400000327E-05
    1744   2.397249611E-05
    1745   2.394503620E-05
    1746   2.360408046E-05
    1747   2.357707350E-05
    1748   2.355011287E-05
    1749   2.352319845E-05
    1750   2.349633015E-05
    1751   2.326499029E-05
    1752   2.323844723E-05
    1753   2.321194957E-05
    1754   2.318549721E-05
    1755   2.315909004E-05
    1756   2.372444843E-05
    1757   2.369745816E-05
    1758   2.367051392E-05
    1759   2.364361561E-05
    1760   2.361676312E-05
    1761   2.610737046E-05
    1762   2.607775348E-05
    1763   2.604818686E-05
    1764   2.601867050E-05
    1765   2.598920428E-05
    1766   2.830922867E-05
    1767   2.827720466E-05
    1768   2.824523495E-05
    1769   2.821331943E-05
    1770   2.818145798E-05
    1771   3.029083772E-05
    1772   3.025666870E-05
    1773   3.022255746E-05
    1774   3.018850387E-05
    1775   3.015450781E-05
    1776   2.974367276E-05
    1777   2.971021531E-05
    1778   2.967681428E-05
    1779   2.964346955E-05
    1780   2.961018098E-05
    1781   2.576948221E-05
    1782   2.574057645E-05
    1783   2.571171930E-05
    1784   2.568291065E-05
    1785   2.565415039E-05
    1786   1.953485802E-05
    1787   1.951300694E-05
    1788   1.949119252E-05
    1789   1.946941465E-05
    1790   1.944767326E-05
    1791   1.135224620E-05
    1792   1.133958335E-05
    1793   1.132694167E-05
    1794   1.131432112E-05
    1795   1.130172166E-05
    1796   1.831291739E-06
    1797   1.829254707E-06
    1798   1.827221072E-06
    1799   1.825190827E-06
    1800   1.823163963E-06
    1801  -8.545170544E-06
    1802  -8.535691709E-06
    1803  -8.526228636E-06
    1804  -8.516781291E-06
    1805  -8.507349639E-06
    1806  -1.803467761E-05
    1807  -1.801472775E-05
    1808  -1.799481097E-05
    1809  -1.797492720E-05
    1810  -1.795507637E-05
    1811  -2.525526334E-05
    1812  -2.522740315E-05
    1813  -2.519958903E-05
    1814  -2.517182089E-05
    1815  -2.514409862E-05
    1816  -2.908900827E-05
    1817  -2.905700716E-05
    1818  -2.902505883E-05
    1819  -2.899316316E-05
    1820  -2.896132004E-05
    1821  -2.607173232E-05
    1822  -2.604312921E-05
    1823  -2.601457315E-05
    1824  -2.598606403E-05
    1825  -2.595760174E-05
    1826  -1.025698456E-05
    1827  -1.024576248E-05
    1828  -1.023455880E-05
    1829  -1.022337349E-05
    1830  -1.021220651E-05
    1831   2.102193566E-05
    1832   2.099899846E-05
    1833   2.097609879E-05
    1834   2.095323656E-05
    1835   2.093041168E-05
    1836   6.951096398E-05
    1837   6.943532637E-05
    1838   6.935981215E-05
    1839   6.928442105E-05
    1840   6.920915280E-05
    1841   1.337879892E-04
    1842   1.336428042E-04
    1843   1.334978554E-04
    1844   1.333531423E-04
    1845   1.332086643E-04
    1846   2.099862540E-04
    1847   2.097589962E-04
    1848   2.095321071E-04
    1849   2.093055859E-04
    1850   2.090794318E-04
    1851   2.863692319E-04
    1852   2.860601448E-04
    1853   2.857515578E-04
    1854   2.854434698E-04
    1855   2.851358799E-04
    1856   3.549681828E-04
    1857   3.545860857E-04
    1858   3.542046052E-04
    1859   3.538237401E-04
    1860   3.534434889E-04
    1861   4.067988592E-04
    1862   4.063621454E-04
    1863   4.059261345E-04
    1864   4.054908250E-04
    1865   4.050562153E-04
    1866   4.364573547E-04
    1867   4.359900556E-04
    1868   4.355235066E-04
    1869   4.350577061E-04
    1870   4.345926524E-04
    1871   4.363402600E-04
    1872   4.358743334E-04
    1873   4.354091527E-04
    1874   4.349447163E-04
    1875   4.344810225E-04
    1876   3.587264090E-04
    1877   3.583443788E-04
    1878   3.579629585E-04
    1879   3.575821468E-04
    1880   3.572019425E-04
    1881   1.840993466E-04
    1882   1.839038083E-04
    1883   1.837085813E-04
    1884   1.835136650E-04
    1885   1.833190588E-04
    1886  -1.402331379E-04
    1887  -1.400845859E-04
    1888  -1.399362697E-04
    1889  -1.397881890E-04
    1890  -1.396403432E-04
    1891  -6.385369138E-04
    1892  -6.378622842E-04
    1893  -6.371887232E-04
    1894  -6.365162285E-04
    1895  -6.358447979E-04
    1896  -1.306870459E-03
    1897  -1.305493356E-03
    1898  -1.304118429E-03
    1899  -1.302745673E-03
    1900  -1.301375083E-03
    1901  -1.946759273E-03
    1902  -1.944713283E-03
    1903  -1.942670517E-03
    1904  -1.940630968E-03
    1905  -1.938594629E-03
    1906  -2.501703613E-03
    1907  -2.499081282E-03
    1908  -2.496463072E-03
    1909  -2.493848974E-03
    1910  -2.491238981E-03
    1911  -2.768240038E-03
    1912  -2.765345903E-03
    1913  -2.762456304E-03
    1914  -2.759571232E-03
    1915  -2.756690678E-03
    1916  -2.789410349E-03
    1917  -2.786501683E-03
    1918  -2.783597565E-03
    1919  -2.780697984E-03
    1920  -2.777802931E-03
    1921  -2.540600045E-03
    1922  -2.537957715E-03
    1923  -2.535319505E-03
    1924  -2.532685407E-03
    1925  -2.530055412E-03
    1926  -1.898310910E-03
    1927  -1.896341708E-03
    1928  -1.894375569E-03
    1929  -1.892412485E-03
    1930  -1.890452451E-03
    1931  -6.586473475E-04
    1932  -6.579658707E-04
    1933  -6.572854510E-04
    1934  -6.566060862E-04
    1935  -6.559277741E-04
    1936   1.572037516E-03
    1937   1.570415186E-03
    1938   1.568795367E-03
    1939   1.567178052E-03
    1940   1.565563237E-03
    1941   5.069035872E-03
    1942   5.063818131E-03
    1943   5.058608441E-03
    1944   5.053406787E-03
    1945   5.048213153E-03
    1946   9.961727214E-03
    1947   9.951499568E-03
    1948   9.941287665E-03
    1949   9.931091472E-03
    1950   9.920910958E-03
    1951   1.487185719E-02
    1952   1.485662743E-02
    1953   1.484142105E-02
    1954   1.482623802E-02
    1955   1.481107826E-02
    1956   1.963989211E-02
    1957   1.961983093E-02
    1958   1.959980048E-02
    1959   1.957980068E-02
    1960   1.955983148E-02
    1961   2.183669773E-02
    1962   2.181444944E-02
    1963   2.179223513E-02
    1964   2.177005474E-02
    1965   2.174790819E-02
    1966   2.347795465E-02
    1967   2.345409494E-02
    1968   2.343027159E-02
    1969   2.340648451E-02
    1970   2.338273364E-02
    1971   2.404209357E-02
    1972   2.401772246E-02
    1973   2.399338840E-02
    1974   2.396909130E-02
    1975   2.394483108E-02
    1976   2.359073751E-02
    1977   2.356688439E-02
    1978   2.354306743E-02
    1979   2.351928655E-02
    1980   2.349554169E-02
    1981   2.254824764E-02
    1982   2.252550609E-02
    1983   2.250279893E-02
    1984   2.248012608E-02
    1985   2.245748749E-02
    1986   2.022626493E-02
    1987   2.020591658E-02
    1988   2.018559891E-02
    1989   2.016531188E-02
    1990   2.014505541E-02
    1991   1.728935824E-02
    1992   1.727200815E-02
    1993   1.725468417E-02
    1994   1.723738624E-02
    1995   1.722011431E-02
    1996   1.280234795E-02
    1997   1.278953279E-02
    1998   1.277673686E-02
    1999   1.276396012E-02
    2000   1.275120254E-02
    2001   7.815252550E-03
    2002   7.807449003E-03
    2003   7.799657138E-03
    2004   7.791876931E-03
    2005   7.784108360E-03
    2006   3.632671466E-03
    2007   3.629053267E-03
    2008   3.625440472E-03
    2009   3.621833068E-03
    2010   3.618231046E-03
    2011   7.061316140E-04
    2012   7.054300426E-04
    2013   7.047295162E-04
    2014   7.040300329E-04
    2015   7.033315904E-04
    2016  -1.022346251E-03
    2017  -1.021333024E-03
    2018  -1.020321302E-03
    2019  -1.019311083E-03
    2020  -1.018302363E-03
    2021  -1.903130256E-03
    2022  -1.901248763E-03
    2023  -1.899370058E-03
    2024  -1.897494137E-03
    2025  -1.895620994E-03
    2026  -2.277599234E-03
    2027  -2.275353081E-03
    2028  -2.273110249E-03
    2029  -2.270870732E-03
    2030  -2.268634522E-03
    2031  -2.397326891E-03
    2032  -2.394968478E-03
    2033  -2.392613543E-03
    2034  -2.390262080E-03
    2035  -2.387914082E-03
    2036  -2.233159709E-03
    2037  -2.230968188E-03
    2038  -2.228779892E-03
    2039  -2.226594814E-03
    2040  -2.224412947E-03
    2041  -1.968026521E-03
    2042  -1.966099916E-03
    2043  -1.964176139E-03
    2044  -1.962255185E-03
    2045  -1.960337047E-03
    2046  -1.470692563E-03
    2047  -1.469256340E-03
    2048  -1.467822220E-03
    2049  -1.466390198E-03
    2050  -1.464960271E-03
    2051  -9.437111632E-04
    2052  -9.427918147E-04
    2053  -9.418738091E-04
    2054  -9.409571436E-04
    2055  -9.400418156E-04
    2056  -4.588997555E-04
    2057  -4.584537888E-04
    2058  -4.580084719E-04
    2059  -4.575638035E-04
    2060  -4.571197823E-04
    2061  -1.091213028E-04
    2062  -1.090155139E-04
    2063  -1.089098787E-04
    2064  -1.088043969E-04
    2065  -1.086990684E-04
    2066   1.008525425E-04
    2067   1.007550062E-04
    2068   1.006576113E-04
    2069   1.005603576E-04
    2070   1.004632448E-04
    2071   2.032335419E-04
    2072   2.030374652E-04
    2073   2.028416720E-04
    2074   2.026461620E-04
    2075   2.024509345E-04
    2076   2.435772664E-04
    2077   2.433428321E-04
    2078   2.431087360E-04
    2079   2.428749776E-04
    2080   2.426415562E-04
    2081   2.437133509E-04
    2082   2.434793487E-04
    2083   2.432456833E-04
    2084   2.430123541E-04
    2085   2.427793605E-04
    2086   2.221808775E-04
    2087   2.219680606E-04
    2088   2.217555492E-04
    2089   2.215433430E-04
    2090   2.213314412E-04
    2091   1.826139048E-04
    2092   1.824394051E-04
    2093   1.822651554E-04
    2094   1.820911553E-04
    2095   1.819174042E-04
    2096   1.347623166E-04
    2097   1.346338492E-04
    2098   1.345055654E-04
    2099   1.343774649E-04
    2100   1.342495473E-04
    2101   8.458188789E-05
    2102   8.450144862E-05
    2103   8.442112405E-05
    2104   8.434091396E-05
    2105   8.426081812E-05
    2106   3.727814400E-05
    2107   3.724277574E-05
    2108   3.720745779E-05
    2109   3.717219006E-05
    2110   3.713697244E-05
    2111   1.961057864E-06
    2112   1.959201680E-06
    2113   1.957348131E-06
    2114   1.955497211E-06
    2115   1.953648915E-06
    2116  -2.230021044E-05
    2117  -2.227915264E-05
    2118  -2.225812466E-05
    2119  -2.223712642E-05
    2120  -2.221615789E-05
    2121  -3.628536058E-05
    2122  -3.625117748E-05
    2123  -3.621704266E-05
    2124  -3.618295603E-05
    2125  -3.614891750E-05
    2126  -4.179560334E-05
    2127  -4.175632176E-05
    2128  -4.171709553E-05
    2129  -4.167792455E-05
    2130  -4.163880871E-05
    2131  -4.199633697E-05
    2132  -4.195695926E-05
    2133  -4.191763689E-05
    2134  -4.187836979E-05
    2135  -4.183915783E-05
    2136  -3.863497072E-05
    2137  -3.859882949E-05
    2138  -3.856273895E-05
    2139  -3.852669901E-05
    2140  -3.849070957E-05
    2141  -3.303101580E-05
    2142  -3.300018891E-05
    2143  -3.296940515E-05
    2144  -3.293866445E-05
    2145  -3.290796671E-05
    2146  -2.639880769E-05
    2147  -2.637422779E-05
    2148  -2.634968221E-05
    2149  -2.632517088E-05
    2150  -2.630069373E-05
    2151  -1.868186955E-05
    2152  -1.866451528E-05
    2153  -1.864718519E-05
    2154  -1.862987921E-05
    2155  -1.861259732E-05
    2156  -1.218708731E-05
    2157  -1.217579251E-05
    2158  -1.216451341E-05
    2159  -1.215324997E-05
    2160  -1.214200217E-05
    2161  -7.472423538E-06
    2162  -7.465514224E-06
    2163  -7.458614488E-06
    2164  -7.451724313E-06
    2165  -7.444843681E-06
    2166  -4.144891500E-06
    2167  -4.141067800E-06
    2168  -4.137249388E-06
    2169  -4.133436254E-06
    2170  -4.129628391E-06
    2171  -2.320299196E-06
    2172  -2.318163624E-06
    2173  -2.316030999E-06
    2174  -2.313901315E-06
    2175  -2.311774568E-06
    2176  -1.706915620E-06
    2177  -1.705348205E-06
    2178  -1.703782947E-06
    2179  -1.702219843E-06
    2180  -1.700658890E-06
    2181  -1.924199396E-06
    2182  -1.922436501E-06
    2183  -1.920676028E-06
    2184  -1.918917973E-06
    2185  -1.917162329E-06
    2186  -2.439644776E-06
    2187  -2.437414754E-06
    2188  -2.435187787E-06
    2189  -2.432963871E-06
    2190  -2.430743001E-06
    2191  -2.775770086E-06
    2192  -2.773238604E-06
    2193  -2.770710584E-06
    2194  -2.768186018E-06
    2195  -2.765664902E-06
    2196  -2.912546593E-06
    2197  -2.909896414E-06
    2198  -2.907249851E-06
    2199  -2.904606896E-06
    2200  -2.901967544E-06
    2201  -2.784495853E-06
    2202  -2.781967941E-06
    2203  -2.779443469E-06
    2204  -2.776922432E-06
    2205  -2.774404823E-06
    2206  -2.790507536E-06
    2207  -2.787979903E-06
    2208  -2.785455702E-06
    2209  -2.782934927E-06
    2210  -2.780417573E-06
    2211  -2.930469209E-06
    2212  -2.927820796E-06
    2213  -2.925175971E-06
    2214  -2.922534729E-06
    2215  -2.919897062E-06
    2216  -3.264897955E-06
    2217  -3.261953953E-06
    2218  -3.259013932E-06
    2219  -3.256077883E-06
    2220  -3.253145801E-06
    2221  -3.711968095E-06
    2222  -3.708628493E-06
    2223  -3.705293395E-06
    2224  -3.701962795E-06
    2225  -3.698636683E-06
    2226  -3.980636974E-06
    2227  -3.977063692E-06
    2228  -3.973495218E-06
    2229  -3.969931545E-06
    2230  -3.966372665E-06
    2231  -4.054170003E-06
    2232  -4.050538861E-06
    2233  -4.046912596E-06
    2234  -4.043291197E-06
    2235  -4.039674658E-06
    2236  -3.860267090E-06
    2237  -3.856817343E-06
    2238  -3.853372218E-06
    2239  -3.849931707E-06
    2240  -3.846495802E-06
    2241  -3.547742361E-06
    2242  -3.544578971E-06
    2243  -3.541419810E-06
    2244  -3.538264870E-06
    2245  -3.535114144E-06
    2246  -3.218679745E-06
    2247  -3.215816151E-06
    2248  -3.212956376E-06
    2249  -3.210100415E-06
    2250  -3.207248260E-06
    2251  -2.799064687E-06
    2252  -2.796579942E-06
    2253  -2.794098505E-06
    2254  -2.791620369E-06
    2255  -2.789145528E-06
    2256  -2.549148956E-06
    2257  -2.546891074E-06
    2258  -2.544636191E-06
    2259  -2.542384300E-06
    2260  -2.540135398E-06
    2261  -2.313354379E-06
    2262  -2.311309877E-06
    2263  -2.309268083E-06
    2264  -2.307228995E-06
    2265  -2.305192605E-06
    2266  -2.181481990E-06
    2267  -2.179558285E-06
    2268  -2.177637123E-06
    2269  -2.175718500E-06
    2270  -2.173802411E-06
    2271  -2.104071751E-06
    2272  -2.102220390E-06
    2273  -2.100371471E-06
    2274  -2.098524991E-06
    2275  -2.096680944E-06
    2276  -2.048354948E-06
    2277  -2.046556568E-06
    2278  -2.044760555E-06
    2279  -2.042966905E-06
    2280  -2.041175615E-06
    2281  -2.072320236E-06
    2282  -2.070504799E-06
    2283  -2.068691748E-06
    2284  -2.066881077E-06
    2285  -2.065072782E-06
    2286  -2.059192395E-06
    2287  -2.057392401E-06
    2288  -2.055594767E-06
    2289  -2.053799488E-06
    2290  -2.052006559E-06
    2291  -2.036474124E-06
    2292  -2.034697871E-06
    2293  -2.032923940E-06
    2294  -2.031152329E-06
    2295  -2.029383033E-06
    2296  -1.925175728E-06
    2297  -1.923500205E-06
    2298  -1.921826869E-06
    2299  -1.920155715E-06
    2300  -1.918486740E-06
    2301  -1.765284740E-06
    2302  -1.763751709E-06
    2303  -1.762220675E-06
    2304  -1.760691633E-06
    2305  -1.759164580E-06
    2306  -1.664980584E-06
    2307  -1.663537793E-06
    2308  -1.662096877E-06
    2309  -1.660657832E-06
    2310  -1.659220655E-06
    2311  -1.543705307E-06
    2312  -1.542370499E-06
    2313  -1.541037421E-06
    2314  -1.539706072E-06
    2315  -1.538376446E-06
    2316  -1.493692576E-06
    2317  -1.492403799E-06
    2318  -1.491116689E-06
    2319  -1.489831244E-06
    2320  -1.488547460E-06
    2321  -1.465220347E-06
    2322  -1.463958858E-06
    2323  -1.462698996E-06
    2324  -1.461440761E-06
    2325  -1.460184148E-06
    2326  -1.457043788E-06
    2327  -1.455792032E-06
    2328  -1.454541889E-06
    2329  -1.453293355E-06
    2330  -1.452046428E-06
    2331  -1.454856054E-06
    2332  -1.453608856E-06
    2333  -1.452363262E-06
    2334  -1.451119268E-06
    2335  -1.449876871E-06
    2336  -1.413601320E-06
    2337  -1.412392080E-06
    2338  -1.411184391E-06
    2339  -1.409978251E-06
    2340  -1.408773656E-06
    2341  -1.364578360E-06
    2342  -1.363413547E-06
    2343  -1.362250225E-06
    2344  -1.361088391E-06
    2345  -1.359928043E-06
    2346  -1.296253531E-06
    2347  -1.295149396E-06
    2348  -1.294046672E-06
    2349  -1.292945356E-06
    2350  -1.291845445E-06
    2351  -1.232790930E-06
    2352  -1.231743084E-06
    2353  -1.230696574E-06
    2354  -1.229651396E-06
    2355  -1.228607549E-06
    2356  -1.178435319E-06
    2357  -1.177435798E-06
    2358  -1.176437548E-06
    2359  -1.175440567E-06
    2360  -1.174444853E-06
    2361  -1.157299302E-06
    2362  -1.156319785E-06
    2363  -1.155341511E-06
    2364  -1.154364478E-06
    2365  -1.153388684E-06
    2366  -1.154229363E-06
    2367  -1.153254507E-06
    2368  -1.152280886E-06
    2369  -1.151308497E-06
    2370  -1.150337339E-06
    2371  -1.123971622E-06
    2372  -1.123024322E-06
    2373  -1.122078218E-06
    2374  -1.121133311E-06
    2375  -1.120189596E-06
    2376  -1.115997285E-06
    2377  -1.115058683E-06
    2378  -1.114121265E-06
    2379  -1.113185029E-06
    2380  -1.112249972E-06
    2381  -1.108645963E-06
    2382  -1.107715500E-06
    2383  -1.106786209E-06
    2384  -1.105858086E-06
    2385  -1.104931130E-06
    2386  -1.075120442E-06
    2387  -1.074220006E-06
    2388  -1.073320701E-06
    2389  -1.072422524E-06
    2390  -1.071525475E-06
    2391  -1.041877154E-06
    2392  -1.041006383E-06
    2393  -1.040136703E-06
    2394  -1.039268113E-06
    2395  -1.038400611E-06
    2396  -9.782163463E-07
    2397  -9.774004861E-07
    2398  -9.765856462E-07
    2399  -9.757718248E-07
    2400  -9.749590203E-07
    2401  -9.325505502E-07
    2402  -9.317743949E-07
    2403  -9.309992083E-07
    2404  -9.302249885E-07
    2405  -9.294517342E-07
    2406  -8.669436574E-07
    2407  -8.662236045E-07
    2408  -8.655044483E-07
    2409  -8.647861874E-07
    2410  -8.640688202E-07
    2411  -8.309554256E-07
    2412  -8.302666934E-07
    2413  -8.295788171E-07
    2414  -8.288917953E-07
    2415  -8.282056266E-07
    2416  -8.144481892E-07
    2417  -8.137745348E-07
    2418  -8.131017158E-07
    2419  -8.124297309E-07
    2420  -8.117585787E-07
    2421  -7.983028680E-07
    2422  -7.976439304E-07
    2423  -7.969858083E-07
    2424  -7.963285004E-07
    2425  -7.956720054E-07
    2426  -7.945899544E-07
    2427  -7.939354322E-07
    2428  -7.932817184E-07
    2429  -7.926288116E-07
    2430  -7.919767106E-07
    2431  -7.743669658E-07
    2432  -7.737304126E-07
    2433  -7.730946440E-07
    2434  -7.724596586E-07
    2435  -7.718254553E-07
    2436  -7.613972310E-07
    2437  -7.607726229E-07
    2438  -7.601487831E-07
    2439  -7.595257103E-07
    2440  -7.589034033E-07
    2441  -7.328647431E-07
    2442  -7.322647720E-07
    2443  -7.316655373E-07
    2444  -7.310670379E-07
    2445  -7.304692725E-07
    2446  -6.918162771E-07
    2447  -6.912510677E-07
    2448  -6.906865507E-07
    2449  -6.901227250E-07
    2450  -6.895595893E-07
    2451  -6.680986290E-07
    2452  -6.675539094E-07
    2453  -6.670098556E-07
    2454  -6.664664668E-07
    2455  -6.659237416E-07
    2456  -6.355154663E-07
    2457  -6.349983667E-07
    2458  -6.344818979E-07
    2459  -6.339660589E-07
    2460  -6.334508488E-07
    2461  -6.169901482E-07
    2462  -6.164891412E-07
    2463  -6.159887442E-07
    2464  -6.154889562E-07
    2465  -6.149897761E-07
    2466  -6.015583655E-07
    2467  -6.010708790E-07
    2468  -6.005839848E-07
    2469  -6.000976820E-07
    2470  -5.996119696E-07
    2471  -5.891613354E-07
    2472  -5.886848604E-07
    2473  -5.882089632E-07
    2474  -5.877336428E-07
    2475  -5.872588983E-07
    2476  -5.801469709E-07
    2477  -5.796787328E-07
    2478  -5.792110614E-07
    2479  -5.787439557E-07
    2480  -5.782774148E-07
    2481  -5.602774913E-07
    2482  -5.598262006E-07
    2483  -5.593754548E-07
    2484  -5.589252533E-07
    2485  -5.584755950E-07
    2486  -5.475059456E-07
    2487  -5.470658283E-07
    2488  -5.466262414E-07
    2489  -5.461871842E-07
    2490  -5.457486558E-07
    2491  -5.258246651E-07
    2492  -5.254028242E-07
    2493  -5.249814907E-07
    2494  -5.245606639E-07
    2495  -5.241403428E-07
    2496  -5.001977202E-07
    2497  -4.997972417E-07
    2498  -4.993972439E-07
    2499  -4.989977261E-07
    2500  -4.985986875E-07
    2501  -4.718168177E-07
    2502  -4.714398166E-07
    2503  -4.710632672E-07
    2504  -4.706871688E-07
    2505  -4.703115206E-07
    2506  -4.409007802E-07
    2507  -4.405491847E-07
    2508  -4.401980096E-07
    2509  -4.398472542E-07
    2510  -4.394969178E-07
    2511  -4.316834501E-07
    2512  -4.313398899E-07
    2513  -4.309967396E-07
    2514  -4.306539987E-07
    2515  -4.303116664E-07
    2516  -4.183180930E-07
    2517  -4.179858308E-07
    2518  -4.176539643E-07
    2519  -4.173224929E-07
    2520  -4.169914160E-07
    2521  -4.113178128E-07
    2522  -4.109917582E-07
    2523  -4.106660912E-07
    2524  -4.103408111E-07
    2525  -4.100159174E-07
    2526  -4.018341891E-07
    2527  -4.015162823E-07
    2528  -4.011987526E-07
    2529  -4.008815994E-07
    2530  -4.005648222E-07
    2531  -3.926628596E-07
    2532  -3.923528218E-07
    2533  -3.920431511E-07
    2534  -3.917338468E-07
    2535  -3.914249084E-07
    2536  -3.866627067E-07
    2537  -3.863580080E-07
    2538  -3.860536693E-07
    2539  -3.857496900E-07
    2540  -3.854460696E-07
    2541  -3.619587889E-07
    2542  -3.616741182E-07
    2543  -3.613897832E-07
    2544  -3.611057834E-07
    2545  -3.608221182E-07
    2546  -3.403903236E-07
    2547  -3.401231413E-07
    2548  -3.398562734E-07
    2549  -3.395897194E-07
    2550  -3.393234790E-07
    2551  -3.148788419E-07
    2552  -3.146321683E-07
    2553  -3.143857845E-07
    2554  -3.141396900E-07
    2555  -3.138938843E-07
    2556  -2.934862486E-07
    2557  -2.932567832E-07
    2558  -2.930275868E-07
    2559  -2.927986590E-07
    2560  -2.925699993E-07
    2561  -2.772726964E-07
    2562  -2.770563307E-07
    2563  -2.768402181E-07
    2564  -2.766243583E-07
    2565  -2.764087508E-07
    2566  -2.693549028E-07
    2567  -2.691451249E-07
    2568  -2.689355919E-07
    2569  -2.687263035E-07
    2570  -2.685172593E-07
    2571  -2.642569071E-07
    2572  -2.640514995E-07
    2573  -2.638463312E-07
    2574  -2.636414020E-07
    2575  -2.634367115E-07
    2576  -2.549482268E-07
    2577  -2.547504392E-07
    2578  -2.545528817E-07
    2579  -2.543555538E-07
    2580  -2.541584554E-07
    2581  -2.514182325E-07
    2582  -2.512235610E-07
    2583  -2.510291156E-07
    2584  -2.508348957E-07
    2585  -2.506409012E-07
    2586  -2.424481807E-07
    2587  -2.422608173E-07
    2588  -2.420736711E-07
    2589  -2.418867416E-07
    2590  -2.417000286E-07
    2591  -2.316834997E-07
    2592  -2.315048005E-07
    2593  -2.313263080E-07
    2594  -2.311480218E-07
    2595  -2.309699417E-07
    2596  -2.194992931E-07
    2597  -2.193303175E-07
    2598  -2.191615370E-07
    2599  -2.189929512E-07
    2600  -2.188245598E-07
    2601  -2.019229702E-07
    2602  -2.017678239E-07
    2603  -2.016128563E-07
    2604  -2.014580671E-07
    2605  -2.013034562E-07
    2606  -1.922819724E-07
    2607  -1.921345169E-07
    2608  -1.919872310E-07
    2609  -1.918401143E-07
    2610  -1.916931667E-07
    2611  -1.794211810E-07
    2612  -1.792838514E-07
    2613  -1.791466793E-07
    2614  -1.790096647E-07
    2615  -1.788728071E-07
    2616  -1.757546844E-07
    2617  -1.756204180E-07
    2618  -1.754863055E-07
    2619  -1.753523465E-07
    2620  -1.752185408E-07
    2621  -1.688423318E-07
    2622  -1.687135919E-07
    2623  -1.685849992E-07
    2624  -1.684565535E-07
    2625  -1.683282545E-07
    2626  -1.672888327E-07
    2627  -1.671615201E-07
    2628  -1.670343527E-07
    2629  -1.669073304E-07
    2630  -1.667804529E-07
    2631  -1.639407910E-07
    2632  -1.638162633E-07
    2633  -1.636918773E-07
    2634  -1.635676330E-07
    2635  -1.634435301E-07
    2636  -1.567616240E-07
    2637  -1.566427751E-07
    2638  -1.565240614E-07
    2639  -1.564054825E-07
    2640  -1.562870384E-07
    2641  -1.494028100E-07
    2642  -1.492897546E-07
    2643  -1.491768274E-07
    2644  -1.490640283E-07
    2645  -1.489513570E-07
    2646  -1.376763786E-07
    2647  -1.375723934E-07
    2648  -1.374685260E-07
    2649  -1.373647761E-07
    2650  -1.372611437E-07
    2651  -1.254585501E-07
    2652  -1.253639714E-07
    2653  -1.252694997E-07
    2654  -1.251751347E-07
    2655  -1.250808764E-07
    2656  -1.170022453E-07
    2657  -1.169142075E-07
    2658  -1.168262690E-07
    2659  -1.167384297E-07
    2660  -1.166506894E-07
    2661  -1.084499009E-07
    2662  -1.083684515E-07
    2663  -1.082870938E-07
    2664  -1.082058277E-07
    2665  -1.081246530E-07
    2666  -1.062556838E-07
    2667  -1.061760319E-07
    2668  -1.060964695E-07
    2669  -1.060169965E-07
    2670  -1.059376127E-07
    2671  -1.026179164E-07
    2672  -1.025411353E-07
    2673  -1.024644403E-07
    2674  -1.023878314E-07
    2675  -1.023113084E-07
    2676  -9.804605663E-08
    2677  -9.797283329E-08
    2678  -9.789969194E-08
    2679  -9.782663247E-08
    2680  -9.775365475E-08
    2681  -9.595106316E-08
    2682  -9.587953796E-08
    2683  -9.580809270E-08
    2684  -9.573672726E-08
    2685  -9.566544154E-08
    2686  -9.178839719E-08
    2687  -9.172010225E-08
    2688  -9.165188350E-08
    2689  -9.158374084E-08
    2690  -9.151567414E-08
    2691  -8.780279832E-08
    2692  -8.773759015E-08
    2693  -8.767245460E-08
    2694  -8.760739155E-08
    2695  -8.754240091E-08
    2696  -8.204083087E-08
    2697  -8.198001484E-08
    2698  -8.191926640E-08
    2699  -8.185858546E-08
    2700  -8.179797192E-08
