      50   1.696457077E-07
      51   1.783956970E-07
      52   1.716637839E-07
      53   1.653058660E-07
      54   1.592947436E-07
      55   1.536056456E-07
      56   1.693576216E-07
      57   1.635177036E-07
      58   1.579747306E-07
      59   1.527089063E-07
      60   1.477020569E-07
      61   1.396263419E-07
      62   1.351937596E-07
      63   1.309689546E-07
      64   1.269391406E-07
      65   1.230925000E-07
      66   1.130039185E-07
      67   1.096802739E-07
      68   1.065011355E-07
      69   1.034582459E-07
      70   1.005439291E-07
      71   1.382428414E-07
      72   1.344553663E-07
      73   1.308214375E-07
      74   1.273328658E-07
      75   1.239820009E-07
      76   1.875089406E-07
      77   1.827010190E-07
      78   1.780756768E-07
      79   1.736237849E-07
      80   1.693367778E-07
      81   1.456939161E-07
      82   1.421832193E-07
      83   1.387979045E-07
      84   1.355320715E-07
      85   1.323801628E-07
      86   1.477829050E-07
      87   1.444242026E-07
      88   1.411787149E-07
      89   1.380414101E-07
      90   1.350075330E-07
      91   3.624766895E-07
      92   3.546814919E-07
      93   3.471350772E-07
      94   3.398269703E-07
      95   3.327472417E-07
      96   3.921790553E-07
      97   3.841754011E-07
      98   3.764142819E-07
      99   3.688859963E-07
     100   3.615813231E-07
     101   7.255965459E-07
     102   7.115072926E-07
     103   6.978244600E-07
     104   6.845325656E-07
     105   6.716168568E-07
     106   1.317522352E-06
     107   1.293123790E-06
     108   1.269396748E-06
     109   1.246316807E-06
     110   1.223860648E-06
     111   3.369248279E-06
     112   3.309615566E-06
     113   3.251552135E-06
     114   3.195003402E-06
     115   3.139917137E-06
     116   3.668508731E-06
     117   3.606330617E-06
     118   3.545720018E-06
     119   3.486624685E-06
     120   3.428994524E-06
     121   3.208671282E-06
     122   3.156497766E-06
     123   3.105586511E-06
     124   3.055897127E-06
     125   3.007390823E-06
     126   8.844371777E-06
     127   8.706178468E-06
     128   8.571198957E-06
     129   8.439334358E-06
     130   8.310489558E-06
     131   7.363241131E-06
     132   7.252515701E-06
     133   7.144269198E-06
     134   7.038428172E-06
     135   6.934921876E-06
     136   8.091074470E-06
     137   7.973812521E-06
     138   7.859081406E-06
     139   7.746808814E-06
     140   7.636925001E-06
     141   8.717808553E-06
     142   8.595881161E-06
     143   8.476493922E-06
     144   8.359576765E-06
     145   8.245062015E-06
     146   7.687118445E-06
     147   7.583238466E-06
     148   7.481450031E-06
     149   7.381697363E-06
     150   7.283926537E-06
     151   9.015784239E-06
     152   8.897930850E-06
     153   8.782373306E-06
     154   8.669052360E-06
     155   8.557910664E-06
     156   8.499777052E-06
     157   8.392184938E-06
     158   8.286622863E-06
     159   8.183040077E-06
     160   8.081387406E-06
     161   8.531064800E-06
     162   8.426389159E-06
     163   8.323628315E-06
     164   8.222735851E-06
     165   8.123666744E-06
     166   8.910355954E-06
     167   8.804280288E-06
     168   8.700087622E-06
     169   8.597733650E-06
     170   8.497175362E-06
     171   9.099248568E-06
     172   8.994054943E-06
     173   8.890675001E-06
     174   8.789067287E-06
     175   8.689191523E-06
     176   8.411014692E-06
     177   8.316508909E-06
     178   8.223587022E-06
     179   8.132213833E-06
     180   8.042355117E-06
     181   9.465499148E-06
     182   9.362051070E-06
     183   9.260289646E-06
     184   9.160178406E-06
     185   9.061681864E-06
     186   8.479584081E-06
     187   8.389375740E-06
     188   8.300599277E-06
     189   8.213224548E-06
     190   8.127222196E-06
     191   8.927175779E-06
     192   8.834666186E-06
     193   8.743587153E-06
     194   8.653909336E-06
     195   8.565604139E-06
     196   8.143618677E-06
     197   8.061359902E-06
     198   7.980341210E-06
     199   7.900537798E-06
     200   7.821925481E-06
     201   7.281081554E-06
     202   7.209346761E-06
     203   7.138666890E-06
     204   7.069021360E-06
     205   7.000390084E-06
     206   8.901573559E-06
     207   8.815981506E-06
     208   8.731618046E-06
     209   8.648459779E-06
     210   8.566483857E-06
     211   7.397823213E-06
     212   7.328360084E-06
     213   7.259870738E-06
     214   7.192337057E-06
     215   7.125741343E-06
     216   8.667224524E-06
     217   8.587708703E-06
     218   8.509282140E-06
     219   8.431925029E-06
     220   8.355618015E-06
     221   8.047697114E-06
     222   7.975520459E-06
     223   7.904310455E-06
     224   7.834049917E-06
     225   7.764722042E-06
     226   7.196777565E-06
     227   7.133647938E-06
     228   7.071345335E-06
     229   7.009855376E-06
     230   6.949163988E-06
     231   7.827161668E-06
     232   7.759975731E-06
     233   7.693651152E-06
     234   7.628173270E-06
     235   7.563527734E-06
     236   6.697540935E-06
     237   6.641259078E-06
     238   6.585683689E-06
     239   6.530802991E-06
     240   6.476605456E-06
     241   7.972861781E-06
     242   7.907241519E-06
     243   7.842428064E-06
     244   7.778408243E-06
     245   7.715169152E-06
     246   7.281312473E-06
     247   7.222592211E-06
     248   7.164579422E-06
     249   7.107262787E-06
     250   7.050631211E-06
     251   6.631955840E-06
     252   6.579529312E-06
     253   6.527721995E-06
     254   6.476524175E-06
     255   6.425926330E-06
     256   7.119291323E-06
     257   7.064103018E-06
     258   7.009553960E-06
     259   6.955634314E-06
     260   6.902334435E-06
     261   6.412837801E-06
     262   6.364070973E-06
     263   6.315858314E-06
     264   6.268191459E-06
     265   6.221062200E-06
     266   7.121992568E-06
     267   7.068843370E-06
     268   7.016286914E-06
     269   6.964314418E-06
     270   6.912917264E-06
     271   6.423408263E-06
     272   6.376350327E-06
     273   6.329807624E-06
     274   6.283772660E-06
     275   6.238238075E-06
     276   6.541867332E-06
     277   6.494803538E-06
     278   6.448245807E-06
     279   6.402186908E-06
     280   6.356619741E-06
     281   6.114290722E-06
     282   6.071080186E-06
     283   6.028326101E-06
     284   5.986022058E-06
     285   5.944161764E-06
     286   5.901062115E-06
     287   5.860082517E-06
     288   5.819528312E-06
     289   5.779393634E-06
     290   5.739672716E-06
     291   6.212144175E-06
     292   6.169740461E-06
     293   6.127769437E-06
     294   6.086225238E-06
     295   6.045102094E-06
     296   6.071421917E-06
     297   6.030674119E-06
     298   5.990335162E-06
     299   5.950399594E-06
     300   5.910862055E-06
     301   6.015470097E-06
     302   5.975764023E-06
     303   5.936449786E-06
     304   5.897522247E-06
     305   5.858976350E-06
     306   5.290393852E-06
     307   5.256040645E-06
     308   5.222020965E-06
     309   5.188330507E-06
     310   5.154965037E-06
     311   5.613383216E-06
     312   5.577514952E-06
     313   5.541989379E-06
     314   5.506802145E-06
     315   5.471948967E-06
     316   5.574154610E-06
     317   5.539097034E-06
     318   5.504369153E-06
     319   5.469966846E-06
     320   5.435886056E-06
     321   5.281828453E-06
     322   5.249123633E-06
     323   5.216721635E-06
     324   5.184618733E-06
     325   5.152811256E-06
     326   5.361752197E-06
     327   5.329058586E-06
     328   5.296663093E-06
     329   5.264562105E-06
     330   5.232752062E-06
     331   5.017743538E-06
     332   4.987606940E-06
     333   4.957741030E-06
     334   4.928142576E-06
     335   4.898808394E-06
     336   5.159793394E-06
     337   5.129262072E-06
     338   5.099000939E-06
     339   5.069006816E-06
     340   5.039276571E-06
     341   5.001606935E-06
     342   4.972443047E-06
     343   4.943533494E-06
     344   4.914875329E-06
     345   4.886465645E-06
     346   4.682557225E-06
     347   4.655645976E-06
     348   4.628966057E-06
     349   4.602514822E-06
     350   4.576289666E-06
     351   4.824086291E-06
     352   4.796754357E-06
     353   4.769654050E-06
     354   4.742782760E-06
     355   4.716137913E-06
     356   4.444222562E-06
     357   4.419394503E-06
     358   4.394773921E-06
     359   4.370358510E-06
     360   4.346145998E-06
     361   4.758542455E-06
     362   4.732324590E-06
     363   4.706322806E-06
     364   4.680534736E-06
     365   4.654958044E-06
     366   4.145638341E-06
     367   4.123107697E-06
     368   4.100760230E-06
     369   4.078593959E-06
     370   4.056606929E-06
     371   4.248520056E-06
     372   4.225739788E-06
     373   4.203142249E-06
     374   4.180725490E-06
     375   4.158487588E-06
     376   4.003740530E-06
     377   3.982556717E-06
     378   3.961540587E-06
     379   3.940690373E-06
     380   3.920004335E-06
     381   4.070701444E-06
     382   4.049444517E-06
     383   4.028353660E-06
     384   4.007427148E-06
     385   3.986663276E-06
     386   4.111720432E-06
     387   4.090525996E-06
     388   4.069495014E-06
     389   4.048625809E-06
     390   4.027916726E-06
     391   3.556998188E-06
     392   3.538896416E-06
     393   3.520932475E-06
     394   3.503104968E-06
     395   3.485412519E-06
     396   3.691520325E-06
     397   3.672969972E-06
     398   3.654559095E-06
     399   3.636286299E-06
     400   3.618150208E-06
     401   3.693433312E-06
     402   3.675103619E-06
     403   3.656910036E-06
     404   3.638851221E-06
     405   3.620925846E-06
     406   3.394970456E-06
     407   3.378328444E-06
     408   3.361808501E-06
     409   3.345409435E-06
     410   3.329130070E-06
     411   3.444505096E-06
     412   3.427824683E-06
     413   3.411265144E-06
     414   3.394825312E-06
     415   3.378504036E-06
     416   3.191509585E-06
     417   3.176239205E-06
     418   3.161078158E-06
     419   3.146025405E-06
     420   3.131079916E-06
     421   3.328435154E-06
     422   3.312697872E-06
     423   3.297071939E-06
     424   3.281556306E-06
     425   3.266149938E-06
     426   3.174222291E-06
     427   3.159389477E-06
     428   3.144660388E-06
     429   3.130034061E-06
     430   3.115509541E-06
     431   2.974432011E-06
     432   2.960693295E-06
     433   2.947049548E-06
     434   2.933499894E-06
     435   2.920043473E-06
     436   3.040129306E-06
     437   3.026247437E-06
     438   3.012460432E-06
     439   2.998767430E-06
     440   2.985167578E-06
     441   2.736548652E-06
     442   2.724194031E-06
     443   2.711922886E-06
     444   2.699734469E-06
     445   2.687628036E-06
     446   2.949544178E-06
     447   2.936376570E-06
     448   2.923296942E-06
     449   2.910304511E-06
     450   2.897398505E-06
     451   2.648116540E-06
     452   2.636425076E-06
     453   2.624810869E-06
     454   2.613273239E-06
     455   2.601811514E-06
     456   2.585797530E-06
     457   2.574505838E-06
     458   2.563287948E-06
     459   2.552143217E-06
     460   2.541071012E-06
     461   2.577827534E-06
     462   2.566692209E-06
     463   2.555628881E-06
     464   2.544636929E-06
     465   2.533715740E-06
     466   2.448285691E-06
     467   2.437822931E-06
     468   2.427427098E-06
     469   2.417097621E-06
     470   2.406833937E-06
     471   2.543155237E-06
     472   2.532401938E-06
     473   2.521716698E-06
     474   2.511098944E-06
     475   2.500548108E-06
     476   2.296014569E-06
     477   2.286407814E-06
     478   2.276861226E-06
     479   2.267374304E-06
     480   2.257946552E-06
     481   2.294964582E-06
     482   2.285461623E-06
     483   2.276017566E-06
     484   2.266631927E-06
     485   2.257304224E-06
     486   2.272925271E-06
     487   2.263610003E-06
     488   2.254351885E-06
     489   2.245150448E-06
     490   2.236005233E-06
     491   2.103702287E-06
     492   2.095167997E-06
     493   2.086685536E-06
     494   2.078254483E-06
     495   2.069874425E-06
     496   2.281662413E-06
     497   2.272499110E-06
     498   2.263390897E-06
     499   2.254337334E-06
     500   2.245337983E-06
     501   1.960568545E-06
     502   1.952773043E-06
     503   1.945023944E-06
     504   1.937320879E-06
     505   1.929663484E-06
     506   2.064036180E-06
     507   2.055910053E-06
     508   2.047831821E-06
     509   2.039801108E-06
     510   2.031817542E-06
     511   1.993667643E-06
     512   1.985895059E-06
     513   1.978167841E-06
     514   1.970485636E-06
     515   1.962848095E-06
     516   1.880992614E-06
     517   1.873730094E-06
     518   1.866509554E-06
     519   1.859330671E-06
     520   1.852193125E-06
     521   1.923322876E-06
     522   1.915967913E-06
     523   1.908655058E-06
     524   1.901383991E-06
     525   1.894154394E-06
     526   1.777186715E-06
     527   1.770454947E-06
     528   1.763761356E-06
     529   1.757105653E-06
     530   1.750487552E-06
     531   1.857946699E-06
     532   1.850975042E-06
     533   1.844042551E-06
     534   1.837148934E-06
     535   1.830293901E-06
     536   1.757432437E-06
     537   1.750899231E-06
     538   1.744402388E-06
     539   1.737941638E-06
     540   1.731516715E-06
     541   1.738203638E-06
     542   1.731801414E-06
     543   1.725434497E-06
     544   1.719102628E-06
     545   1.712805548E-06
     546   1.731969050E-06
     547   1.725647995E-06
     548   1.719361482E-06
     549   1.713109258E-06
     550   1.706891076E-06
     551   1.681327953E-06
     552   1.675247201E-06
     553   1.669199377E-06
     554   1.663184244E-06
     555   1.657201567E-06
     556   1.679940823E-06
     557   1.673919529E-06
     558   1.667930551E-06
     559   1.661973656E-06
     560   1.656048616E-06
     561   1.635168024E-06
     562   1.629359257E-06
     563   1.623581387E-06
     564   1.617834197E-06
     565   1.612117468E-06
     566   1.615226893E-06
     567   1.609539474E-06
     568   1.603882042E-06
     569   1.598254386E-06
     570   1.592656297E-06
     571   1.656516715E-06
     572   1.650734807E-06
     573   1.644983118E-06
     574   1.639261438E-06
     575   1.633569558E-06
     576   1.630165557E-06
     577   1.624524846E-06
     578   1.618913361E-06
     579   1.613330901E-06
     580   1.607777266E-06
     581   1.603489571E-06
     582   1.597988749E-06
     583   1.592516185E-06
     584   1.587071685E-06
     585   1.581655058E-06
     586   1.568630170E-06
     587   1.563294694E-06
     588   1.557986392E-06
     589   1.552705083E-06
     590   1.547450582E-06
     591   1.635946322E-06
     592   1.630428797E-06
     593   1.624939137E-06
     594   1.619477157E-06
     595   1.614042670E-06
     596   1.658665229E-06
     597   1.653117854E-06
     598   1.647598262E-06
     599   1.642106268E-06
     600   1.636641688E-06
     601   1.663930505E-06
     602   1.658411664E-06
     603   1.652920235E-06
     604   1.647456035E-06
     605   1.642018887E-06
     606   1.600855243E-06
     607   1.595589271E-06
     608   1.590349241E-06
     609   1.585134981E-06
     610   1.579946323E-06
     611   1.610081616E-06
     612   1.604828495E-06
     613   1.599601040E-06
     614   1.594399086E-06
     615   1.589222465E-06
     616   1.714327264E-06
     617   1.708779279E-06
     618   1.703258183E-06
     619   1.697763802E-06
     620   1.692295963E-06
     621   1.664509385E-06
     622   1.659165856E-06
     623   1.653848017E-06
     624   1.648555703E-06
     625   1.643288752E-06
     626   1.707043243E-06
     627   1.701606799E-06
     628   1.696196285E-06
     629   1.690811535E-06
     630   1.685452386E-06
     631   1.687255282E-06
     632   1.681924301E-06
     633   1.676618546E-06
     634   1.671337858E-06
     635   1.666082079E-06
     636   1.834319307E-06
     637   1.828569090E-06
     638   1.822845869E-06
     639   1.817149476E-06
     640   1.811479743E-06
     641   1.832271881E-06
     642   1.826572746E-06
     643   1.820900160E-06
     644   1.815253958E-06
     645   1.809633977E-06
     646   1.845772731E-06
     647   1.840075901E-06
     648   1.834405405E-06
     649   1.828761081E-06
     650   1.823142768E-06
     651   1.884105956E-06
     652   1.878335340E-06
     653   1.872591195E-06
     654   1.866873360E-06
     655   1.861181673E-06
     656   1.903578749E-06
     657   1.897792796E-06
     658   1.892033182E-06
     659   1.886299748E-06
     660   1.880592336E-06
     661   1.996888949E-06
     662   1.990865151E-06
     663   1.984868570E-06
     664   1.978899040E-06
     665   1.972956400E-06
     666   2.055290437E-06
     667   2.049136873E-06
     668   2.043010903E-06
     669   2.036912363E-06
     670   2.030841089E-06
     671   2.039089266E-06
     672   2.033029565E-06
     673   2.026996837E-06
     674   2.020990920E-06
     675   2.015011657E-06
     676   2.277731289E-06
     677   2.271012318E-06
     678   2.264323033E-06
     679   2.257663259E-06
     680   2.251032824E-06
     681   2.265605519E-06
     682   2.258971242E-06
     683   2.252366063E-06
     684   2.245789812E-06
     685   2.239242319E-06
     686   2.400061410E-06
     687   2.393084488E-06
     688   2.386137943E-06
     689   2.379221601E-06
     690   2.372335287E-06
     691   2.408988818E-06
     692   2.402036470E-06
     693   2.395114174E-06
     694   2.388221759E-06
     695   2.381359053E-06
     696   2.492203858E-06
     697   2.485062873E-06
     698   2.477952536E-06
     699   2.470872671E-06
     700   2.463823106E-06
     701   2.717542664E-06
     702   2.709811391E-06
     703   2.702113063E-06
     704   2.694447494E-06
     705   2.686814498E-06
     706   2.658163798E-06
     707   2.650654860E-06
     708   2.643177696E-06
     709   2.635732125E-06
     710   2.628317970E-06
     711   2.876124507E-06
     712   2.868056836E-06
     713   2.860023064E-06
     714   2.852022999E-06
     715   2.844056454E-06
     716   2.957293489E-06
     717   2.949055902E-06
     718   2.940852687E-06
     719   2.932683652E-06
     720   2.924548607E-06
     721   3.067424209E-06
     722   3.058938942E-06
     723   3.050488834E-06
     724   3.042073693E-06
     725   3.033693324E-06
     726   3.206079109E-06
     727   3.197271199E-06
     728   3.188499536E-06
     729   3.179763921E-06
     730   3.171064156E-06
     731   3.252453652E-06
     732   3.243579290E-06
     733   3.234741199E-06
     734   3.225939183E-06
     735   3.217173043E-06
     736   3.451263159E-06
     737   3.441910142E-06
     738   3.432595095E-06
     739   3.423317811E-06
     740   3.414078086E-06
     741   3.594033340E-06
     742   3.584358957E-06
     743   3.574723584E-06
     744   3.565127010E-06
     745   3.555569029E-06
     746   3.656557642E-06
     747   3.646780750E-06
     748   3.637043017E-06
     749   3.627344236E-06
     750   3.617684198E-06
     751   3.700498488E-06
     752   3.690669807E-06
     753   3.680880231E-06
     754   3.671129555E-06
     755   3.661417572E-06
     756   3.682467798E-06
     757   3.672751524E-06
     758   3.663073655E-06
     759   3.653433987E-06
     760   3.643832321E-06
     761   4.033600429E-06
     762   4.023027427E-06
     763   4.012495941E-06
     764   4.002005756E-06
     765   3.991556655E-06
     766   4.064965266E-06
     767   4.054379419E-06
     768   4.043834869E-06
     769   4.033331402E-06
     770   4.022868804E-06
     771   4.263126958E-06
     772   4.252096875E-06
     773   4.241109545E-06
     774   4.230164746E-06
     775   4.219262260E-06
     776   4.258184453E-06
     777   4.247237963E-06
     778   4.236333630E-06
     779   4.225471236E-06
     780   4.214650567E-06
     781   4.477608612E-06
     782   4.466171553E-06
     783   4.454778258E-06
     784   4.443428504E-06
     785   4.432122070E-06
     786   4.647060379E-06
     787   4.635265809E-06
     788   4.623516086E-06
     789   4.611810982E-06
     790   4.600150272E-06
     791   4.783301733E-06
     792   4.771237920E-06
     793   4.759219689E-06
     794   4.747246809E-06
     795   4.735319053E-06
     796   4.962466550E-06
     797   4.950029290E-06
     798   4.937638729E-06
     799   4.925294632E-06
     800   4.912996768E-06
     801   5.235978743E-06
     802   5.222937700E-06
     803   5.209945318E-06
     804   5.197001355E-06
     805   5.184105570E-06
     806   5.417942007E-06
     807   5.404531259E-06
     808   5.391170243E-06
     809   5.377858711E-06
     810   5.364596421E-06
     811   5.519009711E-06
     812   5.505432812E-06
     813   5.491905950E-06
     814   5.478428880E-06
     815   5.465001358E-06
     816   5.701630055E-06
     817   5.687689640E-06
     818   5.673800288E-06
     819   5.659961750E-06
     820   5.646173780E-06
     821   5.978388131E-06
     822   5.963859849E-06
     823   5.949384461E-06
     824   5.934961710E-06
     825   5.920591343E-06
     826   6.130007846E-06
     827   6.115201063E-06
     828   6.100447864E-06
     829   6.085747990E-06
     830   6.071101184E-06
     831   6.475537435E-06
     832   6.459989926E-06
     833   6.444498343E-06
     834   6.429062419E-06
     835   6.413681887E-06
     836   6.498016785E-06
     837   6.482508392E-06
     838   6.467055452E-06
     839   6.451657700E-06
     840   6.436314876E-06
     841   6.668699616E-06
     842   6.652878265E-06
     843   6.637113150E-06
     844   6.621404007E-06
     845   6.605750569E-06
     846   6.876530834E-06
     847   6.860312601E-06
     848   6.844151676E-06
     849   6.828047790E-06
     850   6.812000674E-06
     851   6.928546100E-06
     852   6.912300974E-06
     853   6.896112916E-06
     854   6.879981658E-06
     855   6.863906934E-06
     856   7.182541027E-06
     857   7.165798507E-06
     858   7.149114459E-06
     859   7.132488611E-06
     860   7.115920694E-06
     861   7.218372957E-06
     862   7.201644398E-06
     863   7.184973925E-06
     864   7.168361269E-06
     865   7.151806162E-06
     866   7.540356130E-06
     867   7.522982037E-06
     868   7.505667924E-06
     869   7.488413515E-06
     870   7.471218536E-06
     871   7.899280207E-06
     872   7.881183345E-06
     873   7.863148600E-06
     874   7.845175689E-06
     875   7.827264329E-06
     876   7.926699199E-06
     877   7.908642937E-06
     878   7.890648300E-06
     879   7.872715008E-06
     880   7.854842784E-06
     881   8.151396063E-06
     882   8.132933104E-06
     883   8.114532803E-06
     884   8.096194876E-06
     885   8.077919041E-06
     886   8.379100769E-06
     887   8.360228921E-06
     888   8.341420757E-06
     889   8.322675991E-06
     890   8.303994339E-06
     891   8.665696696E-06
     892   8.646288640E-06
     893   8.626945713E-06
     894   8.607667622E-06
     895   8.588454078E-06
     896   9.019744061E-06
     897   8.999655544E-06
     898   8.979634063E-06
     899   8.959679321E-06
     900   8.939791021E-06
     901   9.008057482E-06
     902   8.988106081E-06
     903   8.968220891E-06
     904   8.948401618E-06
     905   8.928647972E-06
     906   9.274959285E-06
     907   9.254529859E-06
     908   9.234167857E-06
     909   9.213872983E-06
     910   9.193644941E-06
     911   9.396644502E-06
     912   9.376060396E-06
     913   9.355543852E-06
     914   9.335094576E-06
     915   9.314712274E-06
     916   9.757353447E-06
     917   9.736095596E-06
     918   9.714907140E-06
     919   9.693787777E-06
     920   9.672737206E-06
     921   9.909153585E-06
     922   9.887681963E-06
     923   9.866280054E-06
     924   9.844947556E-06
     925   9.823684170E-06
     926   1.010056755E-05
     927   1.007879909E-05
     928   1.005710092E-05
     929   1.003547274E-05
     930   1.001391426E-05
     931   1.072742709E-05
     932   1.070443153E-05
     933   1.068150984E-05
     934   1.065866169E-05
     935   1.063588677E-05
     936   1.055129818E-05
     937   1.052880074E-05
     938   1.050637518E-05
     939   1.048402119E-05
     940   1.046173847E-05
     941   1.090787683E-05
     942   1.088474242E-05
     943   1.086168152E-05
     944   1.083869384E-05
     945   1.081577905E-05
     946   1.105685173E-05
     947   1.103352503E-05
     948   1.101027208E-05
     949   1.098709256E-05
     950   1.096398617E-05
     951   1.136305488E-05
     952   1.133920796E-05
     953   1.131543604E-05
     954   1.129173879E-05
     955   1.126811591E-05
     956   1.134883631E-05
     957   1.132514354E-05
     958   1.130152489E-05
     959   1.127798004E-05
     960   1.125450870E-05
     961   1.125501562E-05
     962   1.123164072E-05
     963   1.120833856E-05
     964   1.118510885E-05
     965   1.116195127E-05
     966   1.194006094E-05
     967   1.191539139E-05
     968   1.189079822E-05
     969   1.186628111E-05
     970   1.184183975E-05
     971   1.168320550E-05
     972   1.165919069E-05
     973   1.163524984E-05
     974   1.161138266E-05
     975   1.158758885E-05
     976   1.226010310E-05
     977   1.223503131E-05
     978   1.221003636E-05
     979   1.218511792E-05
     980   1.216027568E-05
     981   1.216611369E-05
     982   1.214136066E-05
     983   1.211668309E-05
     984   1.209208069E-05
     985   1.206755315E-05
     986   1.227952074E-05
     987   1.225466341E-05
     988   1.222988148E-05
     989   1.220517465E-05
     990   1.218054261E-05
     991   1.254675042E-05
     992   1.252148003E-05
     993   1.249628590E-05
     994   1.247116774E-05
     995   1.244612524E-05
     996   1.272709244E-05
     997   1.270158724E-05
     998   1.267615864E-05
     999   1.265080632E-05
    1000   1.262552998E-05
    1001   1.289826018E-05
    1002   1.287254082E-05
    1003   1.284689830E-05
    1004   1.282133234E-05
    1005   1.279584261E-05
    1006   1.298904925E-05
    1007   1.296327733E-05
    1008   1.293758203E-05
    1009   1.291196306E-05
    1010   1.288642010E-05
    1011   1.313522249E-05
    1012   1.310928917E-05
    1013   1.308343259E-05
    1014   1.305765243E-05
    1015   1.303194839E-05
    1016   1.385381393E-05
    1017   1.382659622E-05
    1018   1.379945865E-05
    1019   1.377240088E-05
    1020   1.374542263E-05
    1021   1.399073299E-05
    1022   1.396338062E-05
    1023   1.393610840E-05
    1024   1.390891599E-05
    1025   1.388180309E-05
    1026   1.419217420E-05
    1027   1.416456296E-05
    1028   1.413703223E-05
    1029   1.410958168E-05
    1030   1.408221101E-05
    1031   1.428676976E-05
    1032   1.425910902E-05
    1033   1.423152854E-05
    1034   1.420402800E-05
    1035   1.417660710E-05
    1036   1.437630798E-05
    1037   1.434860796E-05
    1038   1.432098793E-05
    1039   1.429344756E-05
    1040   1.426598657E-05
    1041   1.459098530E-05
    1042   1.456300642E-05
    1043   1.453510794E-05
    1044   1.450728955E-05
    1045   1.447955095E-05
    1046   1.442259490E-05
    1047   1.439507086E-05
    1048   1.436762554E-05
    1049   1.434025864E-05
    1050   1.431296985E-05
    1051   1.471237261E-05
    1052   1.468442888E-05
    1053   1.465656469E-05
    1054   1.462877973E-05
    1055   1.460107371E-05
    1056   1.458295567E-05
    1057   1.455538864E-05
    1058   1.452789971E-05
    1059   1.450048858E-05
    1060   1.447315495E-05
    1061   1.471276606E-05
    1062   1.468508447E-05
    1063   1.465748093E-05
    1064   1.462995514E-05
    1065   1.460250682E-05
    1066   1.487874782E-05
    1067   1.485088500E-05
    1068   1.482310037E-05
    1069   1.479539364E-05
    1070   1.476776452E-05
    1071   1.505046818E-05
    1072   1.502241511E-05
    1073   1.499444041E-05
    1074   1.496654378E-05
    1075   1.493872492E-05
    1076   1.493635822E-05
    1077   1.490864698E-05
    1078   1.488101279E-05
    1079   1.485345536E-05
    1080   1.482597441E-05
    1081   1.550167384E-05
    1082   1.547304656E-05
    1083   1.544449850E-05
    1084   1.541602938E-05
    1085   1.538763890E-05
    1086   1.551997731E-05
    1087   1.549144794E-05
    1088   1.546299716E-05
    1089   1.543462469E-05
    1090   1.540633024E-05
    1091   1.566093137E-05
    1092   1.563227459E-05
    1093   1.560369639E-05
    1094   1.557519649E-05
    1095   1.554677460E-05
    1096   1.571450495E-05
    1097   1.568588108E-05
    1098   1.565733534E-05
    1099   1.562886746E-05
    1100   1.560047715E-05
    1101   1.597325349E-05
    1102   1.594429020E-05
    1103   1.591540562E-05
    1104   1.588659946E-05
    1105   1.585787143E-05
    1106   1.583741172E-05
    1107   1.580882433E-05
    1108   1.578031428E-05
    1109   1.575188128E-05
    1110   1.572352506E-05
    1111   1.615153953E-05
    1112   1.612251610E-05
    1113   1.609357083E-05
    1114   1.606470343E-05
    1115   1.603591364E-05
    1116   1.622080471E-05
    1117   1.619178717E-05
    1118   1.616284742E-05
    1119   1.613398520E-05
    1120   1.610520021E-05
    1121   1.665478638E-05
    1122   1.662512514E-05
    1123   1.659554307E-05
    1124   1.656603988E-05
    1125   1.653661530E-05
    1126   1.666243212E-05
    1127   1.663288880E-05
    1128   1.660342399E-05
    1129   1.657403740E-05
    1130   1.654472875E-05
    1131   1.682856323E-05
    1132   1.679885703E-05
    1133   1.676922941E-05
    1134   1.673968011E-05
    1135   1.671020884E-05
    1136   1.691500018E-05
    1137   1.688527259E-05
    1138   1.685562329E-05
    1139   1.682605202E-05
    1140   1.679655850E-05
    1141   1.708814447E-05
    1142   1.705824396E-05
    1143   1.702842185E-05
    1144   1.699867788E-05
    1145   1.696901178E-05
    1146   1.725411547E-05
    1147   1.722405604E-05
    1148   1.719407509E-05
    1149   1.716417235E-05
    1150   1.713434755E-05
    1151   1.679694389E-05
    1152   1.676780782E-05
    1153   1.673874750E-05
    1154   1.670976265E-05
    1155   1.668085303E-05
    1156   1.697870090E-05
    1157   1.694937671E-05
    1158   1.692012844E-05
    1159   1.689095580E-05
    1160   1.686185855E-05
    1161   1.664452875E-05
    1162   1.661590531E-05
    1163   1.658735565E-05
    1164   1.655887950E-05
    1165   1.653047662E-05
    1166   1.685946775E-05
    1167   1.683059880E-05
    1168   1.680180393E-05
    1169   1.677308290E-05
    1170   1.674443545E-05
    1171   1.705973019E-05
    1172   1.703064284E-05
    1173   1.700162982E-05
    1174   1.697269087E-05
    1175   1.694382575E-05
    1176   1.677099729E-05
    1177   1.674252361E-05
    1178   1.671412238E-05
    1179   1.668579336E-05
    1180   1.665753630E-05
    1181   1.706885794E-05
    1182   1.704000104E-05
    1183   1.701121725E-05
    1184   1.698250634E-05
    1185   1.695386805E-05
    1186   1.703704202E-05
    1187   1.700836013E-05
    1188   1.697975061E-05
    1189   1.695121321E-05
    1190   1.692274770E-05
    1191   1.686684021E-05
    1192   1.683856386E-05
    1193   1.681035856E-05
    1194   1.678222407E-05
    1195   1.675416015E-05
    1196   1.689257815E-05
    1197   1.686437685E-05
    1198   1.683624611E-05
    1199   1.680818570E-05
    1200   1.678019538E-05
    1201   1.662776096E-05
    1202   1.660011714E-05
    1203   1.657254219E-05
    1204   1.654503590E-05
    1205   1.651759803E-05
    1206   1.660253560E-05
    1207   1.657504795E-05
    1208   1.654762852E-05
    1209   1.652027707E-05
    1210   1.649299337E-05
    1211   1.601570223E-05
    1212   1.598929546E-05
    1213   1.596295395E-05
    1214   1.593667749E-05
    1215   1.591046585E-05
    1216   1.632221648E-05
    1217   1.629541481E-05
    1218   1.626867910E-05
    1219   1.624200913E-05
    1220   1.621540469E-05
    1221   1.668439279E-05
    1222   1.665710842E-05
    1223   1.662989092E-05
    1224   1.660274008E-05
    1225   1.657565568E-05
    1226   1.658243262E-05
    1227   1.655542541E-05
    1228   1.652848411E-05
    1229   1.650160853E-05
    1230   1.647479844E-05
    1231   1.726637720E-05
    1232   1.723837010E-05
    1233   1.721043109E-05
    1234   1.718255995E-05
    1235   1.715475645E-05
    1236   1.693906257E-05
    1237   1.691169737E-05
    1238   1.688439842E-05
    1239   1.685716552E-05
    1240   1.682999845E-05
    1241   1.671292606E-05
    1242   1.668603479E-05
    1243   1.665920837E-05
    1244   1.663244659E-05
    1245   1.660574924E-05
    1246   1.679332041E-05
    1247   1.676640803E-05
    1248   1.673956030E-05
    1249   1.671277701E-05
    1250   1.668605794E-05
    1251   1.637894331E-05
    1252   1.635279975E-05
    1253   1.632671873E-05
    1254   1.630070005E-05
    1255   1.627474352E-05
    1256   1.667401111E-05
    1257   1.664750235E-05
    1258   1.662105676E-05
    1259   1.659467413E-05
    1260   1.656835426E-05
    1261   1.631682811E-05
    1262   1.629098990E-05
    1263   1.626521302E-05
    1264   1.623949727E-05
    1265   1.621384245E-05
    1266   1.668864709E-05
    1267   1.666232430E-05
    1268   1.663606374E-05
    1269   1.660986522E-05
    1270   1.658372853E-05
    1271   1.666641535E-05
    1272   1.664023088E-05
    1273   1.661410807E-05
    1274   1.658804672E-05
    1275   1.656204665E-05
    1276   1.661845789E-05
    1277   1.659245091E-05
    1278   1.656650494E-05
    1279   1.654061978E-05
    1280   1.651479523E-05
    1281   1.674840782E-05
    1282   1.672229963E-05
    1283   1.669625243E-05
    1284   1.667026605E-05
    1285   1.664434028E-05
    1286   1.678590251E-05
    1287   1.675983745E-05
    1288   1.673383305E-05
    1289   1.670788912E-05
    1290   1.668200548E-05
    1291   1.718814307E-05
    1292   1.716155662E-05
    1293   1.713503180E-05
    1294   1.710856843E-05
    1295   1.708216632E-05
    1296   1.679811334E-05
    1297   1.677223027E-05
    1298   1.674640697E-05
    1299   1.672064327E-05
    1300   1.669493898E-05
    1301   1.659679032E-05
    1302   1.657131559E-05
    1303   1.654589946E-05
    1304   1.652054176E-05
    1305   1.649524231E-05
    1306   1.626329411E-05
    1307   1.623842669E-05
    1308   1.621361626E-05
    1309   1.618886265E-05
    1310   1.616416568E-05
    1311   1.599252258E-05
    1312   1.596816230E-05
    1313   1.594385764E-05
    1314   1.591960843E-05
    1315   1.589541449E-05
    1316   1.615279717E-05
    1317   1.612828610E-05
    1318   1.610383078E-05
    1319   1.607943103E-05
    1320   1.605508670E-05
    1321   1.589938281E-05
    1322   1.587534747E-05
    1323   1.585136658E-05
    1324   1.582743999E-05
    1325   1.580356753E-05
    1326   1.619572436E-05
    1327   1.617133321E-05
    1328   1.614699712E-05
    1329   1.612271592E-05
    1330   1.609848945E-05
    1331   1.627838981E-05
    1332   1.625396612E-05
    1333   1.622959736E-05
    1334   1.620528336E-05
    1335   1.618102395E-05
    1336   1.618586533E-05
    1337   1.616167121E-05
    1338   1.613753129E-05
    1339   1.611344543E-05
    1340   1.608941344E-05
    1341   1.585093409E-05
    1342   1.582732882E-05
    1343   1.580377625E-05
    1344   1.578027621E-05
    1345   1.575682855E-05
    1346   1.553244406E-05
    1347   1.550939889E-05
    1348   1.548640497E-05
    1349   1.546346215E-05
    1350   1.544057027E-05
    1351   1.538510776E-05
    1352   1.536236555E-05
    1353   1.533967372E-05
    1354   1.531703214E-05
    1355   1.529444065E-05
    1356   1.601630869E-05
    1357   1.599272060E-05
    1358   1.596918459E-05
    1359   1.594570049E-05
    1360   1.592226816E-05
    1361   1.652014967E-05
    1362   1.649590880E-05
    1363   1.647172125E-05
    1364   1.644758686E-05
    1365   1.642350548E-05
    1366   1.705556023E-05
    1367   1.703062520E-05
    1368   1.700574481E-05
    1369   1.698091891E-05
    1370   1.695614733E-05
    1371   1.754851278E-05
    1372   1.752295049E-05
    1373   1.749744401E-05
    1374   1.747199319E-05
    1375   1.744659785E-05
    1376   1.804857117E-05
    1377   1.802237586E-05
    1378   1.799623753E-05
    1379   1.797015603E-05
    1380   1.794413118E-05
    1381   1.789166650E-05
    1382   1.786579279E-05
    1383   1.783997517E-05
    1384   1.781421347E-05
    1385   1.778850754E-05
    1386   1.820251798E-05
    1387   1.817628957E-05
    1388   1.815011781E-05
    1389   1.812400253E-05
    1390   1.809794358E-05
    1391   1.772278151E-05
    1392   1.769733602E-05
    1393   1.767194530E-05
    1394   1.764660917E-05
    1395   1.762132750E-05
    1396   1.773659348E-05
    1397   1.771121924E-05
    1398   1.768589941E-05
    1399   1.766063384E-05
    1400   1.763542237E-05
    1401   1.704188740E-05
    1402   1.701759390E-05
    1403   1.699335231E-05
    1404   1.696916249E-05
    1405   1.694502428E-05
    1406   1.610626218E-05
    1407   1.608338397E-05
    1408   1.606055446E-05
    1409   1.603777354E-05
    1410   1.601504104E-05
    1411   1.556598901E-05
    1412   1.554395647E-05
    1413   1.552197067E-05
    1414   1.550003149E-05
    1415   1.547813879E-05
    1416   1.550481730E-05
    1417   1.548294873E-05
    1418   1.546112639E-05
    1419   1.543935015E-05
    1420   1.541761989E-05
    1421   1.648129814E-05
    1422   1.645813398E-05
    1423   1.643501862E-05
    1424   1.641195193E-05
    1425   1.638893377E-05
    1426   1.889842769E-05
    1427   1.887195930E-05
    1428   1.884554648E-05
    1429   1.881918907E-05
    1430   1.879288692E-05
    1431   2.134872407E-05
    1432   2.131892823E-05
    1433   2.128919471E-05
    1434   2.125952336E-05
    1435   2.122991400E-05
    1436   2.338621406E-05
    1437   2.335368804E-05
    1438   2.332122982E-05
    1439   2.328883922E-05
    1440   2.325651606E-05
    1441   2.415378095E-05
    1442   2.412030378E-05
    1443   2.408689615E-05
    1444   2.405355789E-05
    1445   2.402028879E-05
    1446   2.415671367E-05
    1447   2.412334804E-05
    1448   2.409005150E-05
    1449   2.405682384E-05
    1450   2.402366488E-05
    1451   2.410248528E-05
    1452   2.406930912E-05
    1453   2.403620140E-05
    1454   2.400316195E-05
    1455   2.397019057E-05
    1456   2.428725244E-05
    1457   2.425393659E-05
    1458   2.422068925E-05
    1459   2.418751022E-05
    1460   2.415439933E-05
    1461   2.680643425E-05
    1462   2.676978841E-05
    1463   2.673321766E-05
    1464   2.669672180E-05
    1465   2.666030062E-05
    1466   2.887299754E-05
    1467   2.883366103E-05
    1468   2.879440485E-05
    1469   2.875522879E-05
    1470   2.871613263E-05
    1471   3.092432496E-05
    1472   3.088233674E-05
    1473   3.084043397E-05
    1474   3.079861643E-05
    1475   3.075688389E-05
    1476   2.999445549E-05
    1477   2.995386759E-05
    1478   2.991336202E-05
    1479   2.987293856E-05
    1480   2.983259698E-05
    1481   2.680663369E-05
    1482   2.677048179E-05
    1483   2.673440297E-05
    1484   2.669839704E-05
    1485   2.666246380E-05
    1486   2.148399352E-05
    1487   2.145511718E-05
    1488   2.142629902E-05
    1489   2.139753889E-05
    1490   2.136883663E-05
    1491   1.425764831E-05
    1492   1.423854898E-05
    1493   1.421948800E-05
    1494   1.420046528E-05
    1495   1.418148070E-05
    1496   5.962167703E-06
    1497   5.954207532E-06
    1498   5.946263293E-06
    1499   5.938334942E-06
    1500   5.930422437E-06
    1501  -3.051385700E-06
    1502  -3.047325306E-06
    1503  -3.043273012E-06
    1504  -3.039228795E-06
    1505  -3.035192635E-06
    1506  -1.140017958E-05
    1507  -1.138505998E-05
    1508  -1.136997044E-05
    1509  -1.135491088E-05
    1510  -1.133988121E-05
    1511  -1.800245881E-05
    1512  -1.797866177E-05
    1513  -1.795491189E-05
    1514  -1.793120903E-05
    1515  -1.790755308E-05
    1516  -2.188338907E-05
    1517  -2.185455720E-05
    1518  -2.182578227E-05
    1519  -2.179706414E-05
    1520  -2.176840265E-05
    1521  -1.911853124E-05
    1522  -1.909342483E-05
    1523  -1.906836785E-05
    1524  -1.904336015E-05
    1525  -1.901840162E-05
    1526  -4.654509940E-06
    1527  -4.648417650E-06
    1528  -4.642337313E-06
    1529  -4.636268898E-06
    1530  -4.630212374E-06
    1531   2.544167266E-05
    1532   2.540848065E-05
    1533   2.537535356E-05
    1534   2.534229121E-05
    1535   2.530929343E-05
    1536   7.031435187E-05
    1537   7.022291578E-05
    1538   7.013165793E-05
    1539   7.004057786E-05
    1540   6.994967510E-05
    1541   1.291017218E-04
    1542   1.289343832E-04
    1543   1.287673697E-04
    1544   1.286006806E-04
    1545   1.284343149E-04
    1546   2.022654024E-04
    1547   2.020040776E-04
    1548   2.017432589E-04
    1549   2.014829450E-04
    1550   2.012231347E-04
    1551   2.736513010E-04
    1552   2.732988846E-04
    1553   2.729471486E-04
    1554   2.725960912E-04
    1555   2.722457106E-04
    1556   3.433982477E-04
    1557   3.429574284E-04
    1558   3.425174573E-04
    1559   3.420783324E-04
    1560   3.416400514E-04
    1561   3.906896552E-04
    1562   3.901897324E-04
    1563   3.896907685E-04
    1564   3.891927611E-04
    1565   3.886957078E-04
    1566   4.207780331E-04
    1567   4.202413264E-04
    1568   4.197056459E-04
    1569   4.191709890E-04
    1570   4.186373532E-04
    1571   4.197194616E-04
    1572   4.191858068E-04
    1573   4.186531692E-04
    1574   4.181215461E-04
    1575   4.175909350E-04
    1576   3.510322714E-04
    1577   3.505873636E-04
    1578   3.501433011E-04
    1579   3.497000817E-04
    1580   3.492577033E-04
    1581   1.847639059E-04
    1582   1.845304708E-04
    1583   1.842974778E-04
    1584   1.840649258E-04
    1585   1.838328136E-04
    1586  -1.282027317E-04
    1587  -1.280412673E-04
    1588  -1.278801078E-04
    1589  -1.277192523E-04
    1590  -1.275587001E-04
    1591  -6.097839874E-04
    1592  -6.090184080E-04
    1593  -6.082542695E-04
    1594  -6.074915682E-04
    1595  -6.067303006E-04
    1596  -1.221395071E-03
    1597  -1.219866417E-03
    1598  -1.218340630E-03
    1599  -1.216817704E-03
    1600  -1.215297632E-03
    1601  -1.884171661E-03
    1602  -1.881820854E-03
    1603  -1.879474444E-03
    1604  -1.877132420E-03
    1605  -1.874794770E-03
    1606  -2.408085785E-03
    1607  -2.405090653E-03
    1608  -2.402101106E-03
    1609  -2.399117130E-03
    1610  -2.396138710E-03
    1611  -2.681190819E-03
    1612  -2.677866341E-03
    1613  -2.674548044E-03
    1614  -2.671235910E-03
    1615  -2.667929925E-03
    1616  -2.690185905E-03
    1617  -2.686860582E-03
    1618  -2.683541422E-03
    1619  -2.680228408E-03
    1620  -2.676921525E-03
    1621  -2.435510485E-03
    1622  -2.432509240E-03
    1623  -2.429513539E-03
    1624  -2.426523368E-03
    1625  -2.423538715E-03
    1626  -1.842550008E-03
    1627  -1.840286433E-03
    1628  -1.838027027E-03
    1629  -1.835771779E-03
    1630  -1.833520679E-03
    1631  -6.268953367E-04
    1632  -6.261275530E-04
    1633  -6.253611790E-04
    1634  -6.245962112E-04
    1635  -6.238326462E-04
    1636   1.541951888E-03
    1637   1.540069163E-03
    1638   1.538189884E-03
    1639   1.536314043E-03
    1640   1.534441631E-03
    1641   5.008524528E-03
    1642   5.002427724E-03
    1643   4.996342045E-03
    1644   4.990267465E-03
    1645   4.984203957E-03
    1646   9.743482393E-03
    1647   9.731657778E-03
    1648   9.719854676E-03
    1649   9.708073034E-03
    1650   9.696312800E-03
    1651   1.490205355E-02
    1652   1.488402324E-02
    1653   1.486602563E-02
    1654   1.484806064E-02
    1655   1.483012820E-02
    1656   1.911049148E-02
    1657   1.908743902E-02
    1658   1.906442824E-02
    1659   1.904145905E-02
    1660   1.901853135E-02
    1661   2.166706581E-02
    1662   2.164100801E-02
    1663   2.161499718E-02
    1664   2.158903322E-02
    1665   2.156311601E-02
    1666   2.354781223E-02
    1667   2.351957744E-02
    1668   2.349139341E-02
    1669   2.346326000E-02
    1670   2.343517711E-02
    1671   2.415402167E-02
    1672   2.412514657E-02
    1673   2.409632322E-02
    1674   2.406755149E-02
    1675   2.403883126E-02
    1676   2.390154765E-02
    1677   2.387305951E-02
    1678   2.384462228E-02
    1679   2.381623582E-02
    1680   2.378790003E-02
    1681   2.272380758E-02
    1682   2.269680365E-02
    1683   2.266984782E-02
    1684   2.264293999E-02
    1685   2.261608004E-02
    1686   2.050509709E-02
    1687   2.048080195E-02
    1688   2.045654996E-02
    1689   2.043234103E-02
    1690   2.040817504E-02
    1691   1.718142514E-02
    1692   1.716112813E-02
    1693   1.714086705E-02
    1694   1.712064184E-02
    1695   1.710045241E-02
    1696   1.269120126E-02
    1697   1.267625285E-02
    1698   1.266133084E-02
    1699   1.264643515E-02
    1700   1.263156574E-02
    1701   7.941854491E-03
    1702   7.932527592E-03
    1703   7.923217113E-03
    1704   7.913923017E-03
    1705   7.904645264E-03
    1706   3.683982221E-03
    1707   3.679668425E-03
    1708   3.675362201E-03
    1709   3.671063532E-03
    1710   3.666772400E-03
    1711   7.372588018E-04
    1712   7.363980209E-04
    1713   7.355387467E-04
    1714   7.346809755E-04
    1715   7.338247040E-04
    1716  -1.033980472E-03
    1717  -1.032776769E-03
    1718  -1.031575168E-03
    1719  -1.030375661E-03
    1720  -1.029178246E-03
    1721  -1.936029870E-03
    1722  -1.933782592E-03
    1723  -1.931539225E-03
    1724  -1.929299759E-03
    1725  -1.927064186E-03
    1726  -2.370820460E-03
    1727  -2.368076455E-03
    1728  -2.365337211E-03
    1729  -2.362602717E-03
    1730  -2.359872962E-03
    1731  -2.444004435E-03
    1732  -2.441183887E-03
    1733  -2.438368219E-03
    1734  -2.435557420E-03
    1735  -2.432751479E-03
    1736  -2.342181615E-03
    1737  -2.339486354E-03
    1738  -2.336795743E-03
    1739  -2.334109771E-03
    1740  -2.331428427E-03
    1741  -2.042117475E-03
    1742  -2.039774254E-03
    1743  -2.037435063E-03
    1744  -2.035099894E-03
    1745  -2.032768737E-03
    1746  -1.546719498E-03
    1747  -1.544949796E-03
    1748  -1.543183130E-03
    1749  -1.541419492E-03
    1750  -1.539658876E-03
    1751  -9.883827864E-04
    1752  -9.872551392E-04
    1753  -9.861294207E-04
    1754  -9.850056265E-04
    1755  -9.838837522E-04
    1756  -4.805269501E-04
    1757  -4.799802755E-04
    1758  -4.794345333E-04
    1759  -4.788897214E-04
    1760  -4.783458375E-04
    1761  -1.234317260E-04
    1762  -1.232917014E-04
    1763  -1.231519149E-04
    1764  -1.230123660E-04
    1765  -1.228730541E-04
    1766   9.534108615E-05
    1767   9.523323424E-05
    1768   9.512556524E-05
    1769   9.501807872E-05
    1770   9.491077429E-05
    1771   2.080188208E-04
    1772   2.077841690E-04
    1773   2.075499140E-04
    1774   2.073160549E-04
    1775   2.070825909E-04
    1776   2.519888063E-04
    1777   2.517053543E-04
    1778   2.514223803E-04
    1779   2.511398833E-04
    1780   2.508578621E-04
    1781   2.507605584E-04
    1782   2.504792790E-04
    1783   2.501984726E-04
    1784   2.499181382E-04
    1785   2.496382747E-04
    1786   2.283427744E-04
    1787   2.280873574E-04
    1788   2.278323687E-04
    1789   2.275778074E-04
    1790   2.273236725E-04
    1791   1.877192877E-04
    1792   1.875098964E-04
    1793   1.873008553E-04
    1794   1.870921635E-04
    1795   1.868838204E-04
    1796   1.407408780E-04
    1797   1.405843253E-04
    1798   1.404280337E-04
    1799   1.402720026E-04
    1800   1.401162313E-04
    1801   8.537495109E-05
    1802   8.528024787E-05
    1803   8.518570214E-05
    1804   8.509131355E-05
    1805   8.499708176E-05
    1806   3.702488291E-05
    1807   3.698392618E-05
    1808   3.694303737E-05
    1809   3.690221634E-05
    1810   3.686146292E-05
    1811  -4.627382758E-07
    1812  -4.622278089E-07
    1813  -4.617181861E-07
    1814  -4.612094058E-07
    1815  -4.607014659E-07
    1816  -2.588314337E-05
    1817  -2.585466906E-05
    1818  -2.582624172E-05
    1819  -2.579786123E-05
    1820  -2.576952750E-05
    1821  -4.099656435E-05
    1822  -4.095158732E-05
    1823  -4.090668426E-05
    1824  -4.086185502E-05
    1825  -4.081709943E-05
    1826  -4.656472331E-05
    1827  -4.651377722E-05
    1828  -4.646291470E-05
    1829  -4.641213556E-05
    1830  -4.636143962E-05
    1831  -4.662671880E-05
    1832  -4.657584404E-05
    1833  -4.652505250E-05
    1834  -4.647434399E-05
    1835  -4.642371834E-05
    1836  -4.360519141E-05
    1837  -4.355774289E-05
    1838  -4.351037177E-05
    1839  -4.346307789E-05
    1840  -4.341586108E-05
    1841  -3.805899244E-05
    1842  -3.801769131E-05
    1843  -3.797645737E-05
    1844  -3.793529048E-05
    1845  -3.789419049E-05
    1846  -3.044210225E-05
    1847  -3.040915625E-05
    1848  -3.037626371E-05
    1849  -3.034342450E-05
    1850  -3.031063852E-05
    1851  -2.200876912E-05
    1852  -2.198501438E-05
    1853  -2.196129807E-05
    1854  -2.193762012E-05
    1855  -2.191398045E-05
    1856  -1.486399466E-05
    1857  -1.484799466E-05
    1858  -1.483202049E-05
    1859  -1.481607208E-05
    1860  -1.480014938E-05
    1861  -9.562337829E-06
    1862  -9.552072303E-06
    1863  -9.541823298E-06
    1864  -9.531590780E-06
    1865  -9.521374713E-06
    1866  -5.962284592E-06
    1867  -5.955900990E-06
    1868  -5.949527634E-06
    1869  -5.943164503E-06
    1870  -5.936811574E-06
    1871  -3.976085162E-06
    1872  -3.971839476E-06
    1873  -3.967600586E-06
    1874  -3.963368479E-06
    1875  -3.959143139E-06
    1876  -3.215506255E-06
    1877  -3.212081861E-06
    1878  -3.208662934E-06
    1879  -3.205249463E-06
    1880  -3.201841436E-06
    1881  -3.426473617E-06
    1882  -3.422834240E-06
    1883  -3.419200658E-06
    1884  -3.415572859E-06
    1885  -3.411950830E-06
    1886  -3.911562462E-06
    1887  -3.907418857E-06
    1888  -3.903281834E-06
    1889  -3.899151377E-06
    1890  -3.895027472E-06
    1891  -4.267886112E-06
    1892  -4.263376988E-06
    1893  -4.258875006E-06
    1894  -4.254380151E-06
    1895  -4.249892408E-06
    1896  -4.347924208E-06
    1897  -4.343342623E-06
    1898  -4.338768276E-06
    1899  -4.334201151E-06
    1900  -4.329641234E-06
    1901  -4.083641265E-06
    1902  -4.079349471E-06
    1903  -4.075064441E-06
    1904  -4.070786158E-06
    1905  -4.066514609E-06
    1906  -4.052809750E-06
    1907  -4.048561522E-06
    1908  -4.044319970E-06
    1909  -4.040085080E-06
    1910  -4.035856838E-06
    1911  -4.192503798E-06
    1912  -4.188120626E-06
    1913  -4.183744325E-06
    1914  -4.179374879E-06
    1915  -4.175012275E-06
    1916  -4.568817478E-06
    1917  -4.564053331E-06
    1918  -4.559296631E-06
    1919  -4.554547364E-06
    1920  -4.549805513E-06
    1921  -5.008762462E-06
    1922  -5.003553141E-06
    1923  -4.998351942E-06
    1924  -4.993158849E-06
    1925  -4.987973845E-06
    1926  -5.286779702E-06
    1927  -5.281295490E-06
    1928  -5.275819808E-06
    1929  -5.270352637E-06
    1930  -5.264893961E-06
    1931  -5.414405568E-06
    1932  -5.408803493E-06
    1933  -5.403210108E-06
    1934  -5.397625395E-06
    1935  -5.392049336E-06
    1936  -5.192656519E-06
    1937  -5.187297741E-06
    1938  -5.181947253E-06
    1939  -5.176605039E-06
    1940  -5.171271083E-06
    1941  -4.809984989E-06
    1942  -4.805033898E-06
    1943  -4.800090448E-06
    1944  -4.795154622E-06
    1945  -4.790226406E-06
    1946  -4.425876459E-06
    1947  -4.421332438E-06
    1948  -4.416795412E-06
    1949  -4.412265365E-06
    1950  -4.407742284E-06
    1951  -3.883125578E-06
    1952  -3.879149003E-06
    1953  -3.875178533E-06
    1954  -3.871214156E-06
    1955  -3.867255859E-06
    1956  -3.607495397E-06
    1957  -3.603810520E-06
    1958  -3.600131285E-06
    1959  -3.596457681E-06
    1960  -3.592789698E-06
    1961  -3.250645962E-06
    1962  -3.247334045E-06
    1963  -3.244027188E-06
    1964  -3.240725379E-06
    1965  -3.237428608E-06
    1966  -3.113296445E-06
    1967  -3.110132525E-06
    1968  -3.106973427E-06
    1969  -3.103819139E-06
    1970  -3.100669652E-06
    1971  -3.027927042E-06
    1972  -3.024857679E-06
    1973  -3.021792980E-06
    1974  -3.018732937E-06
    1975  -3.015677539E-06
    1976  -2.972078856E-06
    1977  -2.969073721E-06
    1978  -2.966073141E-06
    1979  -2.963077108E-06
    1980  -2.960085611E-06
    1981  -2.982052079E-06
    1982  -2.979044462E-06
    1983  -2.976041393E-06
    1984  -2.973042863E-06
    1985  -2.970048862E-06
    1986  -2.950458413E-06
    1987  -2.947490145E-06
    1988  -2.944526354E-06
    1989  -2.941567031E-06
    1990  -2.938612167E-06
    1991  -2.958523122E-06
    1992  -2.955554207E-06
    1993  -2.952589760E-06
    1994  -2.949629770E-06
    1995  -2.946674229E-06
    1996  -2.825645131E-06
    1997  -2.822816657E-06
    1998  -2.819992428E-06
    1999  -2.817172436E-06
    2000  -2.814356671E-06
    2001  -2.614241334E-06
    2002  -2.611631008E-06
    2003  -2.609024590E-06
    2004  -2.606422072E-06
    2005  -2.603823446E-06
    2006  -2.438285219E-06
    2007  -2.435856649E-06
    2008  -2.433431704E-06
    2009  -2.431010379E-06
    2010  -2.428592666E-06
    2011  -2.299573419E-06
    2012  -2.297288697E-06
    2013  -2.295007377E-06
    2014  -2.292729454E-06
    2015  -2.290454921E-06
    2016  -2.237996061E-06
    2017  -2.235778027E-06
    2018  -2.233563289E-06
    2019  -2.231351840E-06
    2020  -2.229143674E-06
    2021  -2.185850062E-06
    2022  -2.183689064E-06
    2023  -2.181531268E-06
    2024  -2.179376670E-06
    2025  -2.177225261E-06
    2026  -2.150826201E-06
    2027  -2.148705071E-06
    2028  -2.146587077E-06
    2029  -2.144472213E-06
    2030  -2.142360472E-06
    2031  -2.155280407E-06
    2032  -2.153160112E-06
    2033  -2.151042943E-06
    2034  -2.148928896E-06
    2035  -2.146817964E-06
    2036  -2.077579528E-06
    2037  -2.075540686E-06
    2038  -2.073504844E-06
    2039  -2.071471996E-06
    2040  -2.069442137E-06
    2041  -2.046395743E-06
    2042  -2.044392418E-06
    2043  -2.042392034E-06
    2044  -2.040394585E-06
    2045  -2.038400064E-06
    2046  -1.933586063E-06
    2047  -1.931697796E-06
    2048  -1.929812293E-06
    2049  -1.927929549E-06
    2050  -1.926049559E-06
    2051  -1.875782902E-06
    2052  -1.873955545E-06
    2053  -1.872130856E-06
    2054  -1.870308830E-06
    2055  -1.868489464E-06
    2056  -1.818026001E-06
    2057  -1.816259212E-06
    2058  -1.814494997E-06
    2059  -1.812733351E-06
    2060  -1.810974270E-06
    2061  -1.767656409E-06
    2062  -1.765942733E-06
    2063  -1.764231548E-06
    2064  -1.762522849E-06
    2065  -1.760816632E-06
    2066  -1.735301595E-06
    2067  -1.733623353E-06
    2068  -1.731947545E-06
    2069  -1.730274166E-06
    2070  -1.728603211E-06
    2071  -1.686437836E-06
    2072  -1.684810785E-06
    2073  -1.683186088E-06
    2074  -1.681563740E-06
    2075  -1.679943737E-06
    2076  -1.697403643E-06
    2077  -1.695769953E-06
    2078  -1.694138621E-06
    2079  -1.692509641E-06
    2080  -1.690883010E-06
    2081  -1.695243040E-06
    2082  -1.693615346E-06
    2083  -1.691989995E-06
    2084  -1.690366983E-06
    2085  -1.688746306E-06
    2086  -1.671354322E-06
    2087  -1.669753408E-06
    2088  -1.668154793E-06
    2089  -1.666558473E-06
    2090  -1.664964443E-06
    2091  -1.597577746E-06
    2092  -1.596051155E-06
    2093  -1.594526751E-06
    2094  -1.593004529E-06
    2095  -1.591484487E-06
    2096  -1.520225337E-06
    2097  -1.518776123E-06
    2098  -1.517328980E-06
    2099  -1.515883905E-06
    2100  -1.514440893E-06
    2101  -1.460495513E-06
    2102  -1.459106549E-06
    2103  -1.457719566E-06
    2104  -1.456334559E-06
    2105  -1.454951525E-06
    2106  -1.370834196E-06
    2107  -1.369533594E-06
    2108  -1.368234842E-06
    2109  -1.366937937E-06
    2110  -1.365642875E-06
    2111  -1.328684249E-06
    2112  -1.327426620E-06
    2113  -1.326170777E-06
    2114  -1.324916715E-06
    2115  -1.323664430E-06
    2116  -1.296500274E-06
    2117  -1.295276005E-06
    2118  -1.294053470E-06
    2119  -1.292832665E-06
    2120  -1.291613586E-06
    2121  -1.273666607E-06
    2122  -1.272466733E-06
    2123  -1.271268553E-06
    2124  -1.270072065E-06
    2125  -1.268877266E-06
    2126  -1.248488575E-06
    2127  -1.247315184E-06
    2128  -1.246143446E-06
    2129  -1.244973358E-06
    2130  -1.243804918E-06
    2131  -1.243888546E-06
    2132  -1.242722218E-06
    2133  -1.241557530E-06
    2134  -1.240394479E-06
    2135  -1.239233061E-06
    2136  -1.221743012E-06
    2137  -1.220600128E-06
    2138  -1.219458847E-06
    2139  -1.218319166E-06
    2140  -1.217181082E-06
    2141  -1.180171388E-06
    2142  -1.179069968E-06
    2143  -1.177970090E-06
    2144  -1.176871749E-06
    2145  -1.175774944E-06
    2146  -1.143935398E-06
    2147  -1.142870281E-06
    2148  -1.141806652E-06
    2149  -1.140744506E-06
    2150  -1.139683841E-06
    2151  -1.085521389E-06
    2152  -1.084513009E-06
    2153  -1.083506033E-06
    2154  -1.082500459E-06
    2155  -1.081496284E-06
    2156  -1.043194034E-06
    2157  -1.042227218E-06
    2158  -1.041261746E-06
    2159  -1.040297615E-06
    2160  -1.039334822E-06
    2161  -1.022508540E-06
    2162  -1.021563086E-06
    2163  -1.020618943E-06
    2164  -1.019676108E-06
    2165  -1.018734578E-06
    2166  -9.873408365E-07
    2167  -9.864300054E-07
    2168  -9.855204342E-07
    2169  -9.846121204E-07
    2170  -9.837050618E-07
    2171  -9.680702088E-07
    2172  -9.671792100E-07
    2173  -9.662894407E-07
    2174  -9.654008987E-07
    2175  -9.645135817E-07
    2176  -9.532596478E-07
    2177  -9.523842946E-07
    2178  -9.515101465E-07
    2179  -9.506372014E-07
    2180  -9.497654571E-07
    2181  -9.491303334E-07
    2182  -9.482607682E-07
    2183  -9.473923976E-07
    2184  -9.465252192E-07
    2185  -9.456592309E-07
    2186  -9.303511916E-07
    2187  -9.295007792E-07
    2188  -9.286515322E-07
    2189  -9.278034486E-07
    2190  -9.269565263E-07
    2191  -8.850038778E-07
    2192  -8.841967607E-07
    2193  -8.833907473E-07
    2194  -8.825858354E-07
    2195  -8.817820232E-07
    2196  -8.583750488E-07
    2197  -8.575939978E-07
    2198  -8.568140123E-07
    2199  -8.560350905E-07
    2200  -8.552572303E-07
    2201  -7.984644870E-07
    2202  -7.977395986E-07
    2203  -7.970156970E-07
    2204  -7.962927803E-07
    2205  -7.955708467E-07
    2206  -7.690512124E-07
    2207  -7.683546080E-07
    2208  -7.676589497E-07
    2209  -7.669642357E-07
    2210  -7.662704644E-07
    2211  -7.317755807E-07
    2212  -7.311142381E-07
    2213  -7.304537916E-07
    2214  -7.297942396E-07
    2215  -7.291355806E-07
    2216  -7.074819902E-07
    2217  -7.068440443E-07
    2218  -7.062069609E-07
    2219  -7.055707384E-07
    2220  -7.049353753E-07
    2221  -7.042303504E-07
    2222  -7.035967648E-07
    2223  -7.029640339E-07
    2224  -7.023321561E-07
    2225  -7.017011299E-07
    2226  -6.930450320E-07
    2227  -6.924229090E-07
    2228  -6.918016233E-07
    2229  -6.911811734E-07
    2230  -6.905615578E-07
    2231  -6.852243123E-07
    2232  -6.846105870E-07
    2233  -6.839976858E-07
    2234  -6.833856074E-07
    2235  -6.827743501E-07
    2236  -6.611378375E-07
    2237  -6.605470083E-07
    2238  -6.599569708E-07
    2239  -6.593677235E-07
    2240  -6.587792650E-07
    2241  -6.319758938E-07
    2242  -6.314123843E-07
    2243  -6.308496282E-07
    2244  -6.302876241E-07
    2245  -6.297263706E-07
    2246  -6.047154455E-07
    2247  -6.041774424E-07
    2248  -6.036401570E-07
    2249  -6.031035880E-07
    2250  -6.025677341E-07
    2251  -5.553756698E-07
    2252  -5.548826599E-07
    2253  -5.543903062E-07
    2254  -5.538986075E-07
    2255  -5.534075626E-07
    2256  -5.299507857E-07
    2257  -5.294813873E-07
    2258  -5.290126123E-07
    2259  -5.285444596E-07
    2260  -5.280769280E-07
    2261  -4.981703179E-07
    2262  -4.977300437E-07
    2263  -4.972903528E-07
    2264  -4.968512443E-07
    2265  -4.964127172E-07
    2266  -4.827595008E-07
    2267  -4.823337869E-07
    2268  -4.819086360E-07
    2269  -4.814840468E-07
    2270  -4.810600186E-07
    2271  -4.736809433E-07
    2272  -4.732641541E-07
    2273  -4.728479147E-07
    2274  -4.724322243E-07
    2275  -4.720170817E-07
    2276  -4.608700729E-07
    2277  -4.604654460E-07
    2278  -4.600613517E-07
    2279  -4.596577891E-07
    2280  -4.592547573E-07
    2281  -4.560150788E-07
    2282  -4.556155912E-07
    2283  -4.552166283E-07
    2284  -4.548181893E-07
    2285  -4.544202731E-07
    2286  -4.389537358E-07
    2287  -4.385700349E-07
    2288  -4.381868370E-07
    2289  -4.378041411E-07
    2290  -4.374219463E-07
    2291  -4.233530082E-07
    2292  -4.229837513E-07
    2293  -4.226149774E-07
    2294  -4.222466854E-07
    2295  -4.218788747E-07
    2296  -3.972234162E-07
    2297  -3.968777039E-07
    2298  -3.965324428E-07
    2299  -3.961876320E-07
    2300  -3.958432707E-07
    2301  -3.688057895E-07
    2302  -3.684855066E-07
    2303  -3.681656407E-07
    2304  -3.678461911E-07
    2305  -3.675271571E-07
    2306  -3.556028455E-07
    2307  -3.552946975E-07
    2308  -3.549869498E-07
    2309  -3.546796018E-07
    2310  -3.543726527E-07
    2311  -3.356713617E-07
    2312  -3.353811141E-07
    2313  -3.350912427E-07
    2314  -3.348017471E-07
    2315  -3.345126264E-07
    2316  -3.261266799E-07
    2317  -3.258452936E-07
    2318  -3.255642714E-07
    2319  -3.252836125E-07
    2320  -3.250033165E-07
    2321  -3.172842772E-07
    2322  -3.170111095E-07
    2323  -3.167382945E-07
    2324  -3.164658314E-07
    2325  -3.161937198E-07
    2326  -3.116538679E-07
    2327  -3.113861240E-07
    2328  -3.111187250E-07
    2329  -3.108516703E-07
    2330  -3.105849593E-07
    2331  -3.080540689E-07
    2332  -3.077899848E-07
    2333  -3.075262402E-07
    2334  -3.072628344E-07
    2335  -3.069997669E-07
    2336  -2.969214899E-07
    2337  -2.966674938E-07
    2338  -2.964138234E-07
    2339  -2.961604783E-07
    2340  -2.959074578E-07
    2341  -2.836529175E-07
    2342  -2.834107895E-07
    2343  -2.831689714E-07
    2344  -2.829274627E-07
    2345  -2.826862628E-07
    2346  -2.640922658E-07
    2347  -2.638673150E-07
    2348  -2.636426515E-07
    2349  -2.634182747E-07
    2350  -2.631941843E-07
    2351  -2.435597428E-07
    2352  -2.433527222E-07
    2353  -2.431459655E-07
    2354  -2.429394721E-07
    2355  -2.427332416E-07
    2356  -2.244006097E-07
    2357  -2.242102784E-07
    2358  -2.240201891E-07
    2359  -2.238303415E-07
    2360  -2.236407351E-07
    2361  -2.129523526E-07
    2362  -2.127721136E-07
    2363  -2.125921033E-07
    2364  -2.124123214E-07
    2365  -2.122327675E-07
    2366  -2.070088961E-07
    2367  -2.068340575E-07
    2368  -2.066594403E-07
    2369  -2.064850441E-07
    2370  -2.063108687E-07
    2371  -1.979311338E-07
    2372  -1.977643145E-07
    2373  -1.975977060E-07
    2374  -1.974313079E-07
    2375  -1.972651199E-07
    2376  -1.938199199E-07
    2377  -1.936569090E-07
    2378  -1.934941037E-07
    2379  -1.933315037E-07
    2380  -1.931691084E-07
    2381  -1.901239280E-07
    2382  -1.899643612E-07
    2383  -1.898049951E-07
    2384  -1.896458295E-07
    2385  -1.894868640E-07
    2386  -1.818192251E-07
    2387  -1.816669477E-07
    2388  -1.815148615E-07
    2389  -1.813629663E-07
    2390  -1.812112616E-07
    2391  -1.734036914E-07
    2392  -1.732587656E-07
    2393  -1.731140214E-07
    2394  -1.729694586E-07
    2395  -1.728250767E-07
    2396  -1.602070746E-07
    2397  -1.600734573E-07
    2398  -1.599400072E-07
    2399  -1.598067239E-07
    2400  -1.596736070E-07
    2401  -1.503007030E-07
    2402  -1.501756087E-07
    2403  -1.500506706E-07
    2404  -1.499258884E-07
    2405  -1.498012617E-07
    2406  -1.378279430E-07
    2407  -1.377134679E-07
    2408  -1.375991355E-07
    2409  -1.374849453E-07
    2410  -1.373708973E-07
    2411  -1.304983673E-07
    2412  -1.303902045E-07
    2413  -1.302821762E-07
    2414  -1.301742821E-07
    2415  -1.300665219E-07
    2416  -1.263794278E-07
    2417  -1.262748956E-07
    2418  -1.261704930E-07
    2419  -1.260662199E-07
    2420  -1.259620759E-07
    2421  -1.223012265E-07
    2422  -1.222002763E-07
    2423  -1.220994509E-07
    2424  -1.219987504E-07
    2425  -1.218981743E-07
    2426  -1.200907551E-07
    2427  -1.199918336E-07
    2428  -1.198930342E-07
    2429  -1.197943568E-07
    2430  -1.196958012E-07
    2431  -1.152076854E-07
    2432  -1.151129811E-07
    2433  -1.150183936E-07
    2434  -1.149239227E-07
    2435  -1.148295681E-07
    2436  -1.110214736E-07
    2437  -1.109303977E-07
    2438  -1.108394339E-07
    2439  -1.107485819E-07
    2440  -1.106578416E-07
    2441  -1.040344871E-07
    2442  -1.039493177E-07
    2443  -1.038642528E-07
    2444  -1.037792922E-07
    2445  -1.036944359E-07
    2446  -9.480713677E-08
    2447  -9.472967996E-08
    2448  -9.465231803E-08
    2449  -9.457505083E-08
    2450  -9.449787821E-08
    2451  -8.773060391E-08
    2452  -8.765907468E-08
    2453  -8.758763289E-08
    2454  -8.751627840E-08
    2455  -8.744501108E-08
    2456  -7.993288994E-08
    2457  -7.986785097E-08
    2458  -7.980289136E-08
    2459  -7.973801096E-08
    2460  -7.967320965E-08
    2461  -7.480754939E-08
    2462  -7.474680432E-08
    2463  -7.468613321E-08
    2464  -7.462553594E-08
    2465  -7.456501239E-08
    2466  -7.097831528E-08
    2467  -7.092079638E-08
    2468  -7.086334738E-08
    2469  -7.080596815E-08
    2470  -7.074865858E-08
    2471  -6.819730807E-08
    2472  -6.814215456E-08
    2473  -6.808706794E-08
    2474  -6.803204809E-08
    2475  -6.797709490E-08
    2476  -6.613044412E-08
    2477  -6.607707007E-08
    2478  -6.602376062E-08
    2479  -6.597051565E-08
    2480  -6.591733506E-08
    2481  -6.298425488E-08
    2482  -6.293352250E-08
    2483  -6.288285139E-08
    2484  -6.283224145E-08
    2485  -6.278169258E-08
    2486  -6.059189297E-08
    2487  -6.054318566E-08
    2488  -6.049453706E-08
    2489  -6.044594707E-08
    2490  -6.039741560E-08
    2491  -5.694188994E-08
    2492  -5.689620852E-08
    2493  -5.685058205E-08
    2494  -5.680501044E-08
    2495  -5.675949360E-08
    2496  -5.259900008E-08
    2497  -5.255688719E-08
    2498  -5.251482486E-08
    2499  -5.247281300E-08
    2500  -5.243085153E-08
    2501  -4.787162722E-08
    2502  -4.783337582E-08
    2503  -4.779517025E-08
    2504  -4.775701043E-08
    2505  -4.771889629E-08
    2506  -4.312230469E-08
    2507  -4.308791689E-08
    2508  -4.305357020E-08
    2509  -4.301926457E-08
    2510  -4.298499992E-08
    2511  -4.095709878E-08
    2512  -4.092450260E-08
    2513  -4.089194532E-08
    2514  -4.085942687E-08
    2515  -4.082694720E-08
    2516  -3.880624267E-08
    2517  -3.877541961E-08
    2518  -3.874463325E-08
    2519  -3.871388354E-08
    2520  -3.868317042E-08
    2521  -3.751936876E-08
    2522  -3.748962689E-08
    2523  -3.745992037E-08
    2524  -3.743024914E-08
    2525  -3.740061316E-08
    2526  -3.615364448E-08
    2527  -3.612504191E-08
    2528  -3.609647328E-08
    2529  -3.606793852E-08
    2530  -3.603943758E-08
    2531  -3.482797680E-08
    2532  -3.480047741E-08
    2533  -3.477301057E-08
    2534  -3.474557625E-08
    2535  -3.471817437E-08
    2536  -3.366020129E-08
    2537  -3.363367631E-08
    2538  -3.360718267E-08
    2539  -3.358072032E-08
    2540  -3.355428922E-08
    2541  -3.074211154E-08
    2542  -3.071793371E-08
    2543  -3.069378439E-08
    2544  -3.066966354E-08
    2545  -3.064557111E-08
    2546  -2.796716476E-08
    2547  -2.794521251E-08
    2548  -2.792328610E-08
    2549  -2.790138549E-08
    2550  -2.787951062E-08
    2551  -2.485593173E-08
    2552  -2.483645979E-08
    2553  -2.481701072E-08
    2554  -2.479758449E-08
    2555  -2.477818106E-08
    2556  -2.221777854E-08
    2557  -2.220040733E-08
    2558  -2.218305648E-08
    2559  -2.216572597E-08
    2560  -2.214841576E-08
    2561  -2.025760336E-08
    2562  -2.024179563E-08
    2563  -2.022600640E-08
    2564  -2.021023564E-08
    2565  -2.019448331E-08
    2566  -1.914961145E-08
    2567  -1.913469742E-08
    2568  -1.911980081E-08
    2569  -1.910492159E-08
    2570  -1.909005973E-08
    2571  -1.841665404E-08
    2572  -1.840233872E-08
    2573  -1.838804009E-08
    2574  -1.837375812E-08
    2575  -1.835949277E-08
    2576  -1.749886146E-08
    2577  -1.748528593E-08
    2578  -1.747172619E-08
    2579  -1.745818221E-08
    2580  -1.744465398E-08
    2581  -1.700577608E-08
    2582  -1.699260862E-08
    2583  -1.697945645E-08
    2584  -1.696631954E-08
    2585  -1.695319787E-08
    2586  -1.612679607E-08
    2587  -1.611433332E-08
    2588  -1.610188502E-08
    2589  -1.608945113E-08
    2590  -1.607703164E-08
    2591  -1.506390704E-08
    2592  -1.505228814E-08
    2593  -1.504068267E-08
    2594  -1.502909063E-08
    2595  -1.501751197E-08
    2596  -1.384012429E-08
    2597  -1.382946984E-08
    2598  -1.381882770E-08
    2599  -1.380819783E-08
    2600  -1.379758022E-08
    2601  -1.226952014E-08
    2602  -1.226009292E-08
    2603  -1.225067657E-08
    2604  -1.224127106E-08
    2605  -1.223187638E-08
    2606  -1.123208374E-08
    2607  -1.122347018E-08
    2608  -1.121486653E-08
    2609  -1.120627276E-08
    2610  -1.119768887E-08
    2611  -1.014411380E-08
    2612  -1.013634946E-08
    2613  -1.012859403E-08
    2614  -1.012084749E-08
    2615  -1.011310984E-08
    2616  -9.706184636E-09
    2617  -9.698769674E-09
    2618  -9.691363206E-09
    2619  -9.683965219E-09
    2620  -9.676575700E-09
    2621  -9.168421606E-09
    2622  -9.161430816E-09
    2623  -9.154448018E-09
    2624  -9.147473200E-09
    2625  -9.140506351E-09
    2626  -8.961429347E-09
    2627  -8.954609385E-09
    2628  -8.947797206E-09
    2629  -8.940992798E-09
    2630  -8.934196148E-09
    2631  -8.652189001E-09
    2632  -8.645616887E-09
    2633  -8.639052257E-09
    2634  -8.632495102E-09
    2635  -8.625945409E-09
    2636  -8.120719896E-09
    2637  -8.114563171E-09
    2638  -8.108413445E-09
    2639  -8.102270708E-09
    2640  -8.096134948E-09
    2641  -7.555008654E-09
    2642  -7.549291659E-09
    2643  -7.543581151E-09
    2644  -7.537877120E-09
    2645  -7.532179556E-09
    2646  -6.741830325E-09
    2647  -6.736738309E-09
    2648  -6.731652058E-09
    2649  -6.726571566E-09
    2650  -6.721496823E-09
    2651  -5.901911698E-09
    2652  -5.897462462E-09
    2653  -5.893018255E-09
    2654  -5.888579070E-09
    2655  -5.884144899E-09
    2656  -5.276584419E-09
    2657  -5.272614077E-09
    2658  -5.268648214E-09
    2659  -5.264686825E-09
    2660  -5.260729901E-09
    2661  -4.719768951E-09
    2662  -4.716224250E-09
    2663  -4.712683541E-09
    2664  -4.709146818E-09
    2665  -4.705614075E-09
    2666  -4.501720939E-09
    2667  -4.498346336E-09
    2668  -4.494975526E-09
    2669  -4.491608503E-09
    2670  -4.488245262E-09
    2671  -4.266276130E-09
    2672  -4.263084005E-09
    2673  -4.259895460E-09
    2674  -4.256710491E-09
    2675  -4.253529093E-09
    2676  -4.016371079E-09
    2677  -4.013371549E-09
    2678  -4.010375377E-09
    2679  -4.007382560E-09
    2680  -4.004393091E-09
    2681  -3.887019087E-09
    2682  -3.884121570E-09
    2683  -3.881227292E-09
    2684  -3.878336247E-09
    2685  -3.875448432E-09
    2686  -3.674506602E-09
    2687  -3.671772594E-09
    2688  -3.669041636E-09
    2689  -3.666313724E-09
    2690  -3.663588853E-09
    2691  -3.474598896E-09
    2692  -3.472018429E-09
    2693  -3.469440835E-09
    2694  -3.466866111E-09
    2695  -3.464294252E-09
    2696  -3.202002918E-09
    2697  -3.199629306E-09
    2698  -3.197258332E-09
    2699  -3.194889993E-09
    2700  -3.192524284E-09
