      50   8.761302443E-08
      51   9.140821419E-08
      52   8.795884761E-08
      53   8.470111252E-08
      54   8.162107206E-08
      55   7.870603377E-08
      56   8.785209983E-08
      57   8.482271708E-08
      58   8.194737073E-08
      59   7.921579171E-08
      60   7.661855264E-08
      61   7.329145974E-08
      62   7.096474673E-08
      63   6.874709840E-08
      64   6.663180306E-08
      65   6.461265751E-08
      66   5.965280098E-08
      67   5.789830683E-08
      68   5.622009504E-08
      69   5.461380661E-08
      70   5.307538952E-08
      71   7.263909643E-08
      72   7.064898420E-08
      73   6.873955219E-08
      74   6.690649747E-08
      75   6.514580017E-08
      76   1.014118177E-07
      77   9.881151468E-08
      78   9.630995734E-08
      79   9.390220841E-08
      80   9.158363536E-08
      81   7.961458553E-08
      82   7.769616178E-08
      83   7.584625317E-08
      84   7.406163544E-08
      85   7.233927183E-08
      86   8.442346684E-08
      87   8.250475169E-08
      88   8.065071232E-08
      89   7.885847427E-08
      90   7.712532099E-08
      91   2.166575847E-07
      92   2.119982818E-07
      93   2.074876801E-07
      94   2.031195184E-07
      95   1.988878618E-07
      96   2.407886875E-07
      97   2.358746327E-07
      98   2.311094886E-07
      99   2.264872988E-07
     100   2.220024018E-07
     101   4.432106409E-07
     102   4.346046091E-07
     103   4.262468281E-07
     104   4.181278409E-07
     105   4.102386364E-07
     106   8.123152087E-07
     107   7.972723345E-07
     108   7.826434843E-07
     109   7.684136028E-07
     110   7.545683126E-07
     111   2.042437452E-06
     112   2.006288116E-06
     113   1.971090079E-06
     114   1.936810252E-06
     115   1.903416971E-06
     116   2.267520414E-06
     117   2.229087865E-06
     118   2.191624203E-06
     119   2.155097133E-06
     120   2.119475693E-06
     121   2.011235272E-06
     122   1.978532259E-06
     123   1.946620448E-06
     124   1.915474521E-06
     125   1.885070164E-06
     126   5.480019007E-06
     127   5.394393710E-06
     128   5.310759699E-06
     129   5.229055703E-06
     130   5.149222792E-06
     131   4.616976406E-06
     132   4.547548189E-06
     133   4.479674336E-06
     134   4.413308790E-06
     135   4.348407190E-06
     136   5.133088180E-06
     137   5.058695597E-06
     138   4.985908610E-06
     139   4.914681344E-06
     140   4.844969552E-06
     141   5.588326065E-06
     142   5.510167659E-06
     143   5.433637552E-06
     144   5.358690827E-06
     145   5.285284104E-06
     146   5.007073377E-06
     147   4.939410223E-06
     148   4.873109415E-06
     149   4.808134623E-06
     150   4.744450720E-06
     151   5.906218831E-06
     152   5.829013356E-06
     153   5.753311884E-06
     154   5.679075601E-06
     155   5.606266940E-06
     156   5.665869068E-06
     157   5.594149206E-06
     158   5.523782550E-06
     159   5.454735268E-06
     160   5.386974581E-06
     161   5.758184123E-06
     162   5.687531557E-06
     163   5.618171416E-06
     164   5.550072369E-06
     165   5.483204027E-06
     166   6.109939036E-06
     167   6.037201667E-06
     168   5.965755493E-06
     169   5.895570134E-06
     170   5.826616098E-06
     171   6.334454750E-06
     172   6.261224060E-06
     173   6.189255967E-06
     174   6.118521613E-06
     175   6.048992958E-06
     176   5.938901633E-06
     177   5.872172401E-06
     178   5.806561537E-06
     179   5.742044186E-06
     180   5.678596184E-06
     181   6.806270526E-06
     182   6.731885056E-06
     183   6.658712393E-06
     184   6.586726313E-06
     185   6.515901298E-06
     186   6.213231280E-06
     187   6.147133075E-06
     188   6.082084048E-06
     189   6.018062111E-06
     190   5.955045754E-06
     191   6.679198030E-06
     192   6.609983543E-06
     193   6.541839382E-06
     194   6.474743594E-06
     195   6.408674782E-06
     196   6.224340980E-06
     197   6.161468849E-06
     198   6.099544539E-06
     199   6.038549094E-06
     200   5.978464028E-06
     201   5.694106316E-06
     202   5.638006746E-06
     203   5.582732170E-06
     204   5.528266491E-06
     205   5.474594001E-06
     206   7.134765469E-06
     207   7.066161955E-06
     208   6.998543180E-06
     209   6.931890388E-06
     210   6.866185266E-06
     211   6.061510869E-06
     212   6.004595274E-06
     213   5.948477562E-06
     214   5.893142887E-06
     215   5.838576749E-06
     216   7.268227083E-06
     217   7.201546101E-06
     218   7.135778556E-06
     219   7.070907842E-06
     220   7.006917726E-06
     221   6.903154849E-06
     222   6.841243146E-06
     223   6.780160618E-06
     224   6.719892524E-06
     225   6.660424448E-06
     226   6.312904661E-06
     227   6.257528304E-06
     228   6.202877402E-06
     229   6.148939338E-06
     230   6.095701768E-06
     231   7.028960050E-06
     232   6.968625629E-06
     233   6.909064726E-06
     234   6.850264175E-06
     235   6.792211089E-06
     236   6.154386955E-06
     237   6.102669417E-06
     238   6.051601054E-06
     239   6.001171045E-06
     240   5.951368796E-06
     241   7.489847848E-06
     242   7.428203010E-06
     243   7.367316100E-06
     244   7.307174744E-06
     245   7.247766819E-06
     246   6.996136347E-06
     247   6.939715892E-06
     248   6.883975202E-06
     249   6.828903401E-06
     250   6.774489828E-06
     251   6.513416248E-06
     252   6.461926792E-06
     253   6.411045478E-06
     254   6.360762769E-06
     255   6.311069310E-06
     256   7.149627967E-06
     257   7.094204495E-06
     258   7.039422993E-06
     259   6.985273585E-06
     260   6.931746585E-06
     261   6.581500956E-06
     262   6.531451519E-06
     263   6.481970826E-06
     264   6.433050291E-06
     265   6.384681492E-06
     266   7.481063390E-06
     267   7.425234559E-06
     268   7.370028354E-06
     269   7.315435551E-06
     270   7.261447097E-06
     271   6.903659440E-06
     272   6.853083181E-06
     273   6.803060676E-06
     274   6.753583871E-06
     275   6.704644857E-06
     276   7.202699981E-06
     277   7.150881995E-06
     278   7.099621192E-06
     279   7.048909612E-06
     280   6.998739437E-06
     281   6.892082918E-06
     282   6.843375618E-06
     283   6.795182832E-06
     284   6.747497339E-06
     285   6.700312043E-06
     286   6.817450071E-06
     287   6.770106667E-06
     288   6.723254718E-06
     289   6.676887444E-06
     290   6.630998183E-06
     291   7.356970099E-06
     292   7.306751873E-06
     293   7.257046078E-06
     294   7.207845766E-06
     295   7.159144105E-06
     296   7.362092743E-06
     297   7.312682724E-06
     298   7.263768459E-06
     299   7.215343336E-06
     300   7.167400855E-06
     301   7.473613529E-06
     302   7.424282747E-06
     303   7.375438782E-06
     304   7.327075249E-06
     305   7.279185868E-06
     306   6.726650471E-06
     307   6.682970923E-06
     308   6.639715448E-06
     309   6.596878574E-06
     310   6.554454917E-06
     311   7.311201580E-06
     312   7.264484637E-06
     313   7.218214035E-06
     314   7.172384104E-06
     315   7.126989268E-06
     316   7.432290633E-06
     317   7.385546667E-06
     318   7.339242299E-06
     319   7.293372034E-06
     320   7.247930464E-06
     321   7.210190764E-06
     322   7.165545620E-06
     323   7.121313856E-06
     324   7.077490387E-06
     325   7.034070200E-06
     326   7.479090436E-06
     327   7.433486226E-06
     328   7.388297860E-06
     329   7.343520297E-06
     330   7.299148573E-06
     331   7.164574802E-06
     332   7.121544323E-06
     333   7.078900345E-06
     334   7.036638253E-06
     335   6.994753502E-06
     336   7.539576860E-06
     337   7.494963979E-06
     338   7.450745902E-06
     339   7.406917985E-06
     340   7.363475651E-06
     341   7.499225866E-06
     342   7.455498602E-06
     343   7.412152680E-06
     344   7.369183679E-06
     345   7.326587241E-06
     346   7.208915957E-06
     347   7.167485405E-06
     348   7.126410990E-06
     349   7.085688642E-06
     350   7.045314348E-06
     351   7.632801532E-06
     352   7.589556198E-06
     353   7.546677349E-06
     354   7.504160857E-06
     355   7.462002650E-06
     356   7.229561373E-06
     357   7.189172762E-06
     358   7.149121660E-06
     359   7.109404317E-06
     360   7.070017036E-06
     361   7.950700336E-06
     362   7.906894824E-06
     363   7.863450347E-06
     364   7.820362948E-06
     365   7.777628724E-06
     366   7.125188571E-06
     367   7.086464720E-06
     368   7.048055697E-06
     369   7.009958099E-06
     370   6.972168567E-06
     371   7.513655782E-06
     372   7.473368084E-06
     373   7.433403548E-06
     374   7.393758729E-06
     375   7.354430226E-06
     376   7.293649387E-06
     377   7.255058649E-06
     378   7.216773379E-06
     379   7.178790361E-06
     380   7.141106423E-06
     381   7.639689263E-06
     382   7.599795324E-06
     383   7.560213057E-06
     384   7.520939223E-06
     385   7.481970626E-06
     386   7.949073086E-06
     387   7.908098483E-06
     388   7.867439879E-06
     389   7.827094033E-06
     390   7.787057747E-06
     391   7.085332194E-06
     392   7.049274524E-06
     393   7.013491404E-06
     394   6.977980056E-06
     395   6.942737732E-06
     396   7.563967769E-06
     397   7.525957881E-06
     398   7.488233781E-06
     399   7.450792612E-06
     400   7.413631552E-06
     401   7.785886672E-06
     402   7.747247036E-06
     403   7.708894327E-06
     404   7.670825714E-06
     405   7.633038395E-06
     406   7.366223099E-06
     407   7.330114162E-06
     408   7.294270083E-06
     409   7.258688278E-06
     410   7.223366194E-06
     411   7.699962106E-06
     412   7.662674154E-06
     413   7.625656404E-06
     414   7.588906253E-06
     415   7.552421127E-06
     416   7.355614238E-06
     417   7.320419912E-06
     418   7.285477574E-06
     419   7.250784823E-06
     420   7.216339290E-06
     421   7.908826171E-06
     422   7.871432194E-06
     423   7.834302797E-06
     424   7.797435489E-06
     425   7.760827811E-06
     426   7.773957888E-06
     427   7.737630982E-06
     428   7.701558110E-06
     429   7.665736910E-06
     430   7.630165045E-06
     431   7.508481690E-06
     432   7.473800481E-06
     433   7.439359004E-06
     434   7.405155055E-06
     435   7.371186454E-06
     436   7.905005249E-06
     437   7.868909335E-06
     438   7.833060089E-06
     439   7.797455271E-06
     440   7.762092662E-06
     441   7.339335630E-06
     442   7.306200932E-06
     443   7.273290117E-06
     444   7.240601173E-06
     445   7.208132109E-06
     446   8.155965555E-06
     447   8.119554994E-06
     448   8.083387711E-06
     449   8.047461544E-06
     450   8.011774353E-06
     451   7.546977121E-06
     452   7.513657134E-06
     453   7.480557322E-06
     454   7.447675752E-06
     455   7.415010507E-06
     456   7.587959602E-06
     457   7.554824407E-06
     458   7.521905783E-06
     459   7.489201844E-06
     460   7.456710730E-06
     461   7.768600859E-06
     462   7.735043188E-06
     463   7.701702485E-06
     464   7.668576883E-06
     465   7.635664536E-06
     466   7.577887514E-06
     467   7.545503380E-06
     468   7.513326393E-06
     469   7.481354791E-06
     470   7.449586830E-06
     471   8.077499649E-06
     472   8.043345316E-06
     473   8.009407150E-06
     474   7.975683331E-06
     475   7.942172056E-06
     476   7.488324323E-06
     477   7.456992422E-06
     478   7.425856754E-06
     479   7.394915685E-06
     480   7.364167594E-06
     481   7.693192619E-06
     482   7.661336749E-06
     483   7.629678332E-06
     484   7.598215741E-06
     485   7.566947364E-06
     486   7.824659719E-06
     487   7.792591442E-06
     488   7.760719902E-06
     489   7.729043494E-06
     490   7.697560629E-06
     491   7.441521814E-06
     492   7.411333084E-06
     493   7.381327687E-06
     494   7.351504141E-06
     495   7.321860979E-06
     496   8.266641491E-06
     497   8.233442127E-06
     498   8.200442359E-06
     499   8.167640590E-06
     500   8.135035238E-06
     501   7.279882972E-06
     502   7.250937115E-06
     503   7.222163555E-06
     504   7.193560927E-06
     505   7.165127880E-06
     506   7.852863373E-06
     507   7.821946588E-06
     508   7.791212024E-06
     509   7.760658251E-06
     510   7.730283855E-06
     511   7.760338453E-06
     512   7.730083722E-06
     513   7.700005575E-06
     514   7.670102641E-06
     515   7.640373561E-06
     516   7.485551945E-06
     517   7.456650200E-06
     518   7.427915517E-06
     519   7.399346612E-06
     520   7.370942210E-06
     521   7.824596299E-06
     522   7.794674325E-06
     523   7.764923660E-06
     524   7.735342998E-06
     525   7.705931048E-06
     526   7.366002869E-06
     527   7.338101343E-06
     528   7.310358049E-06
     529   7.282771792E-06
     530   7.255341390E-06
     531   7.836786106E-06
     532   7.807379779E-06
     533   7.778138656E-06
     534   7.749061502E-06
     535   7.720147094E-06
     536   7.518947999E-06
     537   7.490996519E-06
     538   7.463200614E-06
     539   7.435559130E-06
     540   7.408070926E-06
     541   7.555735473E-06
     542   7.527905877E-06
     543   7.500229752E-06
     544   7.472705973E-06
     545   7.445333424E-06
     546   7.622015302E-06
     547   7.594197727E-06
     548   7.566532162E-06
     549   7.539017500E-06
     550   7.511652645E-06
     551   7.482055078E-06
     552   7.454995204E-06
     553   7.428081864E-06
     554   7.401314002E-06
     555   7.374690570E-06
     556   7.544597429E-06
     557   7.517555861E-06
     558   7.490659418E-06
     559   7.463907063E-06
     560   7.437297768E-06
     561   7.394295846E-06
     562   7.368028366E-06
     563   7.341900605E-06
     564   7.315911577E-06
     565   7.290060299E-06
     566   7.349954965E-06
     567   7.324074842E-06
     568   7.298331169E-06
     569   7.272722990E-06
     570   7.247249354E-06
     571   7.551047099E-06
     572   7.524690913E-06
     573   7.498472478E-06
     574   7.472390835E-06
     575   7.446445033E-06
     576   7.436540277E-06
     577   7.410808304E-06
     578   7.385209657E-06
     579   7.359743417E-06
     580   7.334408672E-06
     581   7.295825987E-06
     582   7.270797425E-06
     583   7.245897433E-06
     584   7.221125135E-06
     585   7.196479656E-06
     586   7.098850717E-06
     587   7.074704967E-06
     588   7.050682199E-06
     589   7.026781582E-06
     590   7.003002287E-06
     591   7.357773547E-06
     592   7.332958122E-06
     593   7.308268027E-06
     594   7.283702420E-06
     595   7.259260466E-06
     596   7.382473899E-06
     597   7.357783350E-06
     598   7.333216461E-06
     599   7.308772406E-06
     600   7.284450368E-06
     601   7.331109765E-06
     602   7.306794309E-06
     603   7.282599626E-06
     604   7.258524917E-06
     605   7.234569389E-06
     606   6.953134919E-06
     607   6.930262764E-06
     608   6.907503281E-06
     609   6.884855729E-06
     610   6.862319376E-06
     611   6.875747818E-06
     612   6.853314709E-06
     613   6.830991208E-06
     614   6.808776603E-06
     615   6.786670185E-06
     616   7.205861304E-06
     617   7.182541365E-06
     618   7.159334446E-06
     619   7.136239819E-06
     620   7.113256760E-06
     621   6.846934708E-06
     622   6.824954179E-06
     623   6.803079326E-06
     624   6.781309472E-06
     625   6.759643947E-06
     626   6.859250210E-06
     627   6.837405464E-06
     628   6.815664906E-06
     629   6.794027874E-06
     630   6.772493713E-06
     631   6.591015609E-06
     632   6.570190915E-06
     633   6.549464761E-06
     634   6.528836526E-06
     635   6.508305593E-06
     636   6.952861256E-06
     637   6.931065453E-06
     638   6.909371977E-06
     639   6.887780190E-06
     640   6.866289456E-06
     641   6.736141942E-06
     642   6.715189712E-06
     643   6.694335086E-06
     644   6.673577458E-06
     645   6.652916227E-06
     646   6.556053238E-06
     647   6.535818506E-06
     648   6.515677309E-06
     649   6.495629071E-06
     650   6.475673221E-06
     651   6.460439233E-06
     652   6.440652283E-06
     653   6.420956098E-06
     654   6.401350126E-06
     655   6.381833814E-06
     656   6.286099539E-06
     657   6.266992853E-06
     658   6.247973148E-06
     659   6.229039896E-06
     660   6.210192574E-06
     661   6.342799269E-06
     662   6.323665636E-06
     663   6.304618450E-06
     664   6.285657192E-06
     665   6.266781344E-06
     666   6.265642967E-06
     667   6.246883557E-06
     668   6.228208270E-06
     669   6.209616604E-06
     670   6.191108059E-06
     671   5.948562237E-06
     672   5.930884489E-06
     673   5.913285425E-06
     674   5.895764580E-06
     675   5.878321489E-06
     676   6.357831481E-06
     677   6.339076816E-06
     678   6.320405014E-06
     679   6.301815588E-06
     680   6.283308053E-06
     681   6.039573480E-06
     682   6.021888053E-06
     683   6.004280193E-06
     684   5.986749448E-06
     685   5.969295368E-06
     686   6.108281218E-06
     687   6.090524586E-06
     688   6.072845269E-06
     689   6.055242819E-06
     690   6.037716791E-06
     691   5.842346174E-06
     692   5.825485146E-06
     693   5.808697004E-06
     694   5.791981329E-06
     695   5.775337705E-06
     696   5.754708486E-06
     697   5.738219350E-06
     698   5.721800983E-06
     699   5.705452980E-06
     700   5.689174940E-06
     701   5.963582854E-06
     702   5.946616758E-06
     703   5.929722960E-06
     704   5.912901051E-06
     705   5.896150623E-06
     706   5.536726537E-06
     707   5.521086067E-06
     708   5.505511776E-06
     709   5.490003292E-06
     710   5.474560245E-06
     711   5.669495238E-06
     712   5.653592025E-06
     713   5.637755633E-06
     714   5.621985687E-06
     715   5.606281817E-06
     716   5.516091792E-06
     717   5.500726634E-06
     718   5.485425586E-06
     719   5.470188293E-06
     720   5.455014400E-06
     721   5.421074952E-06
     722   5.406078894E-06
     723   5.391144974E-06
     724   5.376272850E-06
     725   5.361462181E-06
     726   5.372061189E-06
     727   5.357302779E-06
     728   5.342605104E-06
     729   5.327967830E-06
     730   5.313390626E-06
     731   5.168936840E-06
     732   5.154833329E-06
     733   5.140787461E-06
     734   5.126798924E-06
     735   5.112867405E-06
     736   5.211593422E-06
     737   5.197469862E-06
     738   5.183403638E-06
     739   5.169394439E-06
     740   5.155441958E-06
     741   5.174780348E-06
     742   5.160850926E-06
     743   5.146977671E-06
     744   5.133160281E-06
     745   5.119398457E-06
     746   5.033019695E-06
     747   5.019562423E-06
     748   5.006159052E-06
     749   4.992809295E-06
     750   4.979512865E-06
     751   4.866627534E-06
     752   4.853701564E-06
     753   4.840827024E-06
     754   4.828003641E-06
     755   4.815231145E-06
     756   4.625463359E-06
     757   4.613258970E-06
     758   4.601102820E-06
     759   4.588994655E-06
     760   4.576934222E-06
     761   4.833606949E-06
     762   4.820936944E-06
     763   4.808316690E-06
     764   4.795745927E-06
     765   4.783224398E-06
     766   4.633462571E-06
     767   4.621396262E-06
     768   4.609377026E-06
     769   4.597404618E-06
     770   4.585478795E-06
     771   4.614392257E-06
     772   4.602453338E-06
     773   4.590560694E-06
     774   4.578714085E-06
     775   4.566913276E-06
     776   4.360101274E-06
     777   4.348892787E-06
     778   4.337727465E-06
     779   4.326605087E-06
     780   4.315525433E-06
     781   4.330236968E-06
     782   4.319176337E-06
     783   4.308158030E-06
     784   4.297181831E-06
     785   4.286247526E-06
     786   4.236452854E-06
     787   4.225700436E-06
     788   4.214988901E-06
     789   4.204318043E-06
     790   4.193687656E-06
     791   4.110898598E-06
     792   4.100530632E-06
     793   4.090201839E-06
     794   4.079912023E-06
     795   4.069660988E-06
     796   4.026170072E-06
     797   4.016079420E-06
     798   4.006026656E-06
     799   3.996011589E-06
     800   3.986034032E-06
     801   4.012353495E-06
     802   4.002360087E-06
     803   3.992403967E-06
     804   3.982484951E-06
     805   3.972602855E-06
     806   3.914831987E-06
     807   3.905141809E-06
     808   3.895487565E-06
     809   3.885869077E-06
     810   3.876286169E-06
     811   3.757402520E-06
     812   3.748159217E-06
     813   3.738949981E-06
     814   3.729774643E-06
     815   3.720633039E-06
     816   3.656576296E-06
     817   3.647636012E-06
     818   3.638728476E-06
     819   3.629853528E-06
     820   3.621011011E-06
     821   3.614226254E-06
     822   3.605443201E-06
     823   3.596692126E-06
     824   3.587972872E-06
     825   3.579285286E-06
     826   3.499202113E-06
     827   3.490749934E-06
     828   3.482328342E-06
     829   3.473937189E-06
     830   3.465576329E-06
     831   3.492672455E-06
     832   3.484286687E-06
     833   3.475931083E-06
     834   3.467605500E-06
     835   3.459309793E-06
     836   3.322828741E-06
     837   3.314898362E-06
     838   3.306996340E-06
     839   3.299122539E-06
     840   3.291276825E-06
     841   3.242599185E-06
     842   3.234906186E-06
     843   3.227240531E-06
     844   3.219602092E-06
     845   3.211990740E-06
     846   3.184342033E-06
     847   3.176831793E-06
     848   3.169348090E-06
     849   3.161890800E-06
     850   3.154459800E-06
     851   3.061497308E-06
     852   3.054319120E-06
     853   3.047166147E-06
     854   3.040038273E-06
     855   3.032935380E-06
     856   3.024439761E-06
     857   3.017389785E-06
     858   3.010364430E-06
     859   3.003363583E-06
     860   2.996387128E-06
     861   2.893069822E-06
     862   2.886365141E-06
     863   2.879683740E-06
     864   2.873025512E-06
     865   2.866390349E-06
     866   2.867865109E-06
     867   2.861257125E-06
     868   2.854671953E-06
     869   2.848109489E-06
     870   2.841569628E-06
     871   2.848541029E-06
     872   2.842015162E-06
     873   2.835511695E-06
     874   2.829030525E-06
     875   2.822571551E-06
     876   2.712161606E-06
     877   2.705983562E-06
     878   2.699826603E-06
     879   2.693690633E-06
     880   2.687575558E-06
     881   2.648062991E-06
     882   2.642065113E-06
     883   2.636087590E-06
     884   2.630130330E-06
     885   2.624193241E-06
     886   2.589222025E-06
     887   2.583390444E-06
     888   2.577578542E-06
     889   2.571786231E-06
     890   2.566013422E-06
     891   2.548758138E-06
     892   2.543049833E-06
     893   2.537360683E-06
     894   2.531690604E-06
     895   2.526039508E-06
     896   2.523999336E-06
     897   2.518377956E-06
     898   2.512775336E-06
     899   2.507191390E-06
     900   2.501626038E-06
     901   2.402356160E-06
     902   2.397035327E-06
     903   2.391732151E-06
     904   2.386446555E-06
     905   2.381178461E-06
     906   2.357876738E-06
     907   2.352683176E-06
     908   2.347506756E-06
     909   2.342347400E-06
     910   2.337205035E-06
     911   2.276028385E-06
     912   2.271042562E-06
     913   2.266073103E-06
     914   2.261119938E-06
     915   2.256182995E-06
     916   2.248909240E-06
     917   2.244009655E-06
     918   2.239126065E-06
     919   2.234258400E-06
     920   2.229406590E-06
     921   2.180713980E-06
     922   2.175988706E-06
     923   2.171278774E-06
     924   2.166584117E-06
     925   2.161904669E-06
     926   2.124652259E-06
     927   2.120073267E-06
     928   2.115509062E-06
     929   2.110959580E-06
     930   2.106424758E-06
     931   2.162401107E-06
     932   2.157765735E-06
     933   2.153145251E-06
     934   2.148539593E-06
     935   2.143948696E-06
     936   2.045956009E-06
     937   2.041593629E-06
     938   2.037245187E-06
     939   2.032910623E-06
     940   2.028589878E-06
     941   2.044523047E-06
     942   2.040186837E-06
     943   2.035864407E-06
     944   2.031555699E-06
     945   2.027260656E-06
     946   2.012924673E-06
     947   2.008677996E-06
     948   2.004444744E-06
     949   2.000224861E-06
     950   1.996018289E-06
     951   2.022367788E-06
     952   2.018123575E-06
     953   2.013892707E-06
     954   2.009675131E-06
     955   2.005470790E-06
     956   1.979512279E-06
     957   1.975379685E-06
     958   1.971260020E-06
     959   1.967153228E-06
     960   1.963059257E-06
     961   1.925187838E-06
     962   1.921189525E-06
     963   1.917203654E-06
     964   1.913230175E-06
     965   1.909269036E-06
     966   2.004218336E-06
     967   2.000077389E-06
     968   1.995949262E-06
     969   1.991833903E-06
     970   1.987731258E-06
     971   1.923102216E-06
     972   1.919149282E-06
     973   1.915208524E-06
     974   1.911279891E-06
     975   1.907363334E-06
     976   1.984425600E-06
     977   1.980367470E-06
     978   1.976321775E-06
     979   1.972288465E-06
     980   1.968267490E-06
     981   1.934944539E-06
     982   1.931007724E-06
     983   1.927082912E-06
     984   1.923170053E-06
     985   1.919269100E-06
     986   1.925127873E-06
     987   1.921230853E-06
     988   1.917345655E-06
     989   1.913472229E-06
     990   1.909610529E-06
     991   1.949026994E-06
     992   1.945101462E-06
     993   1.941187776E-06
     994   1.937285892E-06
     995   1.933395759E-06
     996   1.963744552E-06
     997   1.959809192E-06
     998   1.955885651E-06
     999   1.951973879E-06
    1000   1.948073832E-06
    1001   1.974925683E-06
    1002   1.970987646E-06
    1003   1.967061376E-06
    1004   1.963146826E-06
    1005   1.959243949E-06
    1006   1.974069687E-06
    1007   1.970152882E-06
    1008   1.966247722E-06
    1009   1.962354163E-06
    1010   1.958472156E-06
    1011   1.976526063E-06
    1012   1.972623741E-06
    1013   1.968732964E-06
    1014   1.964853687E-06
    1015   1.960985865E-06
    1016   2.067616983E-06
    1017   2.063554868E-06
    1018   2.059504711E-06
    1019   2.055466466E-06
    1020   2.051440087E-06
    1021   2.076496841E-06
    1022   2.072437218E-06
    1023   2.068389489E-06
    1024   2.064353608E-06
    1025   2.060329526E-06
    1026   2.109242898E-06
    1027   2.105139312E-06
    1028   2.101047691E-06
    1029   2.096967987E-06
    1030   2.092900153E-06
    1031   2.139473143E-06
    1032   2.135330891E-06
    1033   2.131200657E-06
    1034   2.127082395E-06
    1035   2.122976058E-06
    1036   2.183778140E-06
    1037   2.179570475E-06
    1038   2.175374959E-06
    1039   2.171191546E-06
    1040   2.167020188E-06
    1041   2.256608935E-06
    1042   2.252281785E-06
    1043   2.247967069E-06
    1044   2.243664739E-06
    1045   2.239374750E-06
    1046   2.278143149E-06
    1047   2.273795547E-06
    1048   2.269460380E-06
    1049   2.265137598E-06
    1050   2.260827155E-06
    1051   2.381191573E-06
    1052   2.376668892E-06
    1053   2.372159084E-06
    1054   2.367662100E-06
    1055   2.363177892E-06
    1056   2.428472883E-06
    1057   2.423882197E-06
    1058   2.419304516E-06
    1059   2.414739790E-06
    1060   2.410187972E-06
    1061   2.522536196E-06
    1062   2.517790126E-06
    1063   2.513057437E-06
    1064   2.508338081E-06
    1065   2.503632005E-06
    1066   2.623468939E-06
    1067   2.618556076E-06
    1068   2.613657000E-06
    1069   2.608771660E-06
    1070   2.603900004E-06
    1071   2.728337496E-06
    1072   2.723252058E-06
    1073   2.718180825E-06
    1074   2.713123744E-06
    1075   2.708080763E-06
    1076   2.775566376E-06
    1077   2.770416902E-06
    1078   2.765281746E-06
    1079   2.760160854E-06
    1080   2.755054173E-06
    1081   2.950452534E-06
    1082   2.945003868E-06
    1083   2.939570282E-06
    1084   2.934151719E-06
    1085   2.928748125E-06
    1086   3.025457808E-06
    1087   3.019896304E-06
    1088   3.014350122E-06
    1089   3.008819204E-06
    1090   3.003303495E-06
    1091   3.131689324E-06
    1092   3.125958877E-06
    1093   3.120244145E-06
    1094   3.114545068E-06
    1095   3.108861592E-06
    1096   3.236901892E-06
    1097   3.231005896E-06
    1098   3.225125994E-06
    1099   3.219262129E-06
    1100   3.213414241E-06
    1101   3.401644099E-06
    1102   3.395476113E-06
    1103   3.389324889E-06
    1104   3.383190364E-06
    1105   3.377072479E-06
    1106   3.488606988E-06
    1107   3.482309864E-06
    1108   3.476029774E-06
    1109   3.469766657E-06
    1110   3.463520453E-06
    1111   3.674262335E-06
    1112   3.667659887E-06
    1113   3.661075220E-06
    1114   3.654508269E-06
    1115   3.647958971E-06
    1116   3.805202569E-06
    1117   3.798395409E-06
    1118   3.791606498E-06
    1119   3.784835773E-06
    1120   3.778083166E-06
    1121   4.030589433E-06
    1122   4.023411180E-06
    1123   4.016252085E-06
    1124   4.009112081E-06
    1125   4.001991101E-06
    1126   4.164981548E-06
    1127   4.157596829E-06
    1128   4.150231733E-06
    1129   4.142886190E-06
    1130   4.135560132E-06
    1131   4.342955791E-06
    1132   4.335289497E-06
    1133   4.327643483E-06
    1134   4.320017680E-06
    1135   4.312412015E-06
    1136   4.496792455E-06
    1137   4.488889480E-06
    1138   4.481007321E-06
    1139   4.473145905E-06
    1140   4.465305159E-06
    1141   4.672116128E-06
    1142   4.663940946E-06
    1143   4.655787203E-06
    1144   4.647654824E-06
    1145   4.639543734E-06
    1146   4.841622701E-06
    1147   4.833187818E-06
    1148   4.824774959E-06
    1149   4.816384046E-06
    1150   4.808015003E-06
    1151   4.841617285E-06
    1152   4.833218990E-06
    1153   4.824842527E-06
    1154   4.816487821E-06
    1155   4.808154797E-06
    1156   5.030184418E-06
    1157   5.021496707E-06
    1158   5.012831484E-06
    1159   5.004188672E-06
    1160   4.995568192E-06
    1161   5.076323371E-06
    1162   5.067593666E-06
    1163   5.058886460E-06
    1164   5.050201677E-06
    1165   5.041539238E-06
    1166   5.295288560E-06
    1167   5.286221286E-06
    1168   5.277177280E-06
    1169   5.268156464E-06
    1170   5.259158759E-06
    1171   5.520762564E-06
    1172   5.511349499E-06
    1173   5.501960488E-06
    1174   5.492595449E-06
    1175   5.483254300E-06
    1176   5.603597073E-06
    1177   5.594083325E-06
    1178   5.584593786E-06
    1179   5.575128373E-06
    1180   5.565687004E-06
    1181   5.894897870E-06
    1182   5.884931855E-06
    1183   5.874991092E-06
    1184   5.865075495E-06
    1185   5.855184980E-06
    1186   6.106690264E-06
    1187   6.096409641E-06
    1188   6.086154957E-06
    1189   6.075926125E-06
    1190   6.065723058E-06
    1191   6.287663515E-06
    1192   6.277122587E-06
    1193   6.266608144E-06
    1194   6.256120097E-06
    1195   6.245658357E-06
    1196   6.564262130E-06
    1197   6.553303429E-06
    1198   6.542372147E-06
    1199   6.531468193E-06
    1200   6.520591477E-06
    1201   6.735210489E-06
    1202   6.724013132E-06
    1203   6.712843675E-06
    1204   6.701702026E-06
    1205   6.690588092E-06
    1206   7.012398028E-06
    1207   7.000788097E-06
    1208   6.989206976E-06
    1209   6.977654567E-06
    1210   6.966130778E-06
    1211   7.023442693E-06
    1212   7.011862408E-06
    1213   7.000310740E-06
    1214   6.988787595E-06
    1215   6.977292879E-06
    1216   7.404844880E-06
    1217   7.392685857E-06
    1218   7.380556758E-06
    1219   7.368457485E-06
    1220   7.356387940E-06
    1221   7.801570252E-06
    1222   7.788812165E-06
    1223   7.776085348E-06
    1224   7.763389698E-06
    1225   7.750725115E-06
    1226   7.960247002E-06
    1227   7.947282430E-06
    1228   7.934349505E-06
    1229   7.921448124E-06
    1230   7.908578184E-06
    1231   8.503583756E-06
    1232   8.489790432E-06
    1233   8.476030642E-06
    1234   8.462304277E-06
    1235   8.448611228E-06
    1236   8.552577410E-06
    1237   8.538760645E-06
    1238   8.524977335E-06
    1239   8.511227372E-06
    1240   8.497510647E-06
    1241   8.667672700E-06
    1242   8.653726324E-06
    1243   8.639813581E-06
    1244   8.625934362E-06
    1245   8.612088561E-06
    1246   8.963757518E-06
    1247   8.949392522E-06
    1248   8.935062029E-06
    1249   8.920765930E-06
    1250   8.906504114E-06
    1251   8.981968591E-06
    1252   8.967631850E-06
    1253   8.953329406E-06
    1254   8.939061152E-06
    1255   8.924826979E-06
    1256   9.366114197E-06
    1257   9.351223714E-06
    1258   9.336368712E-06
    1259   9.321549079E-06
    1260   9.306764703E-06
    1261   9.371427603E-06
    1262   9.356587655E-06
    1263   9.341782927E-06
    1264   9.327013310E-06
    1265   9.312278692E-06
    1266   9.794964532E-06
    1267   9.779515061E-06
    1268   9.764102114E-06
    1269   9.748725575E-06
    1270   9.733385330E-06
    1271   1.001470200E-05
    1272   9.998967982E-06
    1273   9.983271015E-06
    1274   9.967610982E-06
    1275   9.951987767E-06
    1276   1.021398771E-05
    1277   1.019800338E-05
    1278   1.018205654E-05
    1279   1.016614708E-05
    1280   1.015027487E-05
    1281   1.049352161E-05
    1282   1.047716382E-05
    1283   1.046084425E-05
    1284   1.044456278E-05
    1285   1.042831929E-05
    1286   1.070239747E-05
    1287   1.068577884E-05
    1288   1.066919889E-05
    1289   1.065265750E-05
    1290   1.063615454E-05
    1291   1.116167195E-05
    1292   1.114440718E-05
    1293   1.112718244E-05
    1294   1.110999761E-05
    1295   1.109285255E-05
    1296   1.117175951E-05
    1297   1.115454570E-05
    1298   1.113737165E-05
    1299   1.112023723E-05
    1300   1.110314233E-05
    1301   1.140161088E-05
    1302   1.138411033E-05
    1303   1.136665004E-05
    1304   1.134922988E-05
    1305   1.133184975E-05
    1306   1.160746087E-05
    1307   1.158971246E-05
    1308   1.157200473E-05
    1309   1.155433754E-05
    1310   1.153671079E-05
    1311   1.185829521E-05
    1312   1.184023231E-05
    1313   1.182221065E-05
    1314   1.180423010E-05
    1315   1.178629054E-05
    1316   1.236166676E-05
    1317   1.234290854E-05
    1318   1.232419298E-05
    1319   1.230551996E-05
    1320   1.228688935E-05
    1321   1.244160917E-05
    1322   1.242280099E-05
    1323   1.240403543E-05
    1324   1.238531236E-05
    1325   1.236663165E-05
    1326   1.287135945E-05
    1327   1.285197488E-05
    1328   1.283263406E-05
    1329   1.281333686E-05
    1330   1.279408316E-05
    1331   1.316573564E-05
    1332   1.314598210E-05
    1333   1.312627298E-05
    1334   1.310660815E-05
    1335   1.308698748E-05
    1336   1.343693078E-05
    1337   1.341684568E-05
    1338   1.339680559E-05
    1339   1.337681035E-05
    1340   1.335685985E-05
    1341   1.362496376E-05
    1342   1.360467342E-05
    1343   1.358442837E-05
    1344   1.356422848E-05
    1345   1.354407361E-05
    1346   1.379656685E-05
    1347   1.377609717E-05
    1348   1.375567301E-05
    1349   1.373529423E-05
    1350   1.371496071E-05
    1351   1.385443014E-05
    1352   1.383395057E-05
    1353   1.381351637E-05
    1354   1.379312742E-05
    1355   1.377278357E-05
    1356   1.424161213E-05
    1357   1.422063774E-05
    1358   1.419970965E-05
    1359   1.417882772E-05
    1360   1.415799182E-05
    1361   1.420272006E-05
    1362   1.418187968E-05
    1363   1.416108513E-05
    1364   1.414033629E-05
    1365   1.411963302E-05
    1366   1.416028337E-05
    1367   1.413958120E-05
    1368   1.411892440E-05
    1369   1.409831283E-05
    1370   1.407774636E-05
    1371   1.431975004E-05
    1372   1.429889097E-05
    1373   1.427807745E-05
    1374   1.425730934E-05
    1375   1.423658650E-05
    1376   1.480714543E-05
    1377   1.478565466E-05
    1378   1.476421063E-05
    1379   1.474281323E-05
    1380   1.472146230E-05
    1381   1.495422135E-05
    1382   1.493259558E-05
    1383   1.491101668E-05
    1384   1.488948453E-05
    1385   1.486799898E-05
    1386   1.549122044E-05
    1387   1.546889880E-05
    1388   1.544662536E-05
    1389   1.542440000E-05
    1390   1.540222258E-05
    1391   1.530414368E-05
    1392   1.528217076E-05
    1393   1.526024512E-05
    1394   1.523836663E-05
    1395   1.521653516E-05
    1396   1.564857125E-05
    1397   1.562618417E-05
    1398   1.560384509E-05
    1399   1.558155389E-05
    1400   1.555931041E-05
    1401   1.564293955E-05
    1402   1.562064027E-05
    1403   1.559838865E-05
    1404   1.557618454E-05
    1405   1.555402780E-05
    1406   1.566828490E-05
    1407   1.564602881E-05
    1408   1.562382012E-05
    1409   1.560165867E-05
    1410   1.557954434E-05
    1411   1.605929534E-05
    1412   1.603656456E-05
    1413   1.601388201E-05
    1414   1.599124755E-05
    1415   1.596866104E-05
    1416   1.641689972E-05
    1417   1.639374471E-05
    1418   1.637063866E-05
    1419   1.634758142E-05
    1420   1.632457286E-05
    1421   1.678127890E-05
    1422   1.675769313E-05
    1423   1.673415704E-05
    1424   1.671067051E-05
    1425   1.668723338E-05
    1426   1.740217116E-05
    1427   1.737779837E-05
    1428   1.735347675E-05
    1429   1.732920615E-05
    1430   1.730498644E-05
    1431   1.750104758E-05
    1432   1.747662183E-05
    1433   1.745224719E-05
    1434   1.742792350E-05
    1435   1.740365062E-05
    1436   1.756486525E-05
    1437   1.754043567E-05
    1438   1.751605703E-05
    1439   1.749172917E-05
    1440   1.746745196E-05
    1441   1.749517859E-05
    1442   1.747093025E-05
    1443   1.744673228E-05
    1444   1.742258456E-05
    1445   1.739848693E-05
    1446   1.757070518E-05
    1447   1.754643625E-05
    1448   1.752221756E-05
    1449   1.749804899E-05
    1450   1.747393038E-05
    1451   1.763024275E-05
    1452   1.760597539E-05
    1453   1.758175809E-05
    1454   1.755759072E-05
    1455   1.753347315E-05
    1456   1.719228232E-05
    1457   1.716869894E-05
    1458   1.714516405E-05
    1459   1.712167753E-05
    1460   1.709823923E-05
    1461   1.750613415E-05
    1462   1.748220232E-05
    1463   1.745831953E-05
    1464   1.743448565E-05
    1465   1.741070054E-05
    1466   1.722184217E-05
    1467   1.719837917E-05
    1468   1.717496408E-05
    1469   1.715159678E-05
    1470   1.712827714E-05
    1471   1.765792390E-05
    1472   1.763394845E-05
    1473   1.761002179E-05
    1474   1.758614379E-05
    1475   1.756231433E-05
    1476   1.775874074E-05
    1477   1.773470997E-05
    1478   1.771072794E-05
    1479   1.768679452E-05
    1480   1.766290959E-05
    1481   1.812359132E-05
    1482   1.809914952E-05
    1483   1.807475714E-05
    1484   1.805041403E-05
    1485   1.802612007E-05
    1486   1.850925390E-05
    1487   1.848437587E-05
    1488   1.845954797E-05
    1489   1.843477005E-05
    1490   1.841004199E-05
    1491   1.837651826E-05
    1492   1.835190136E-05
    1493   1.832733389E-05
    1494   1.830281571E-05
    1495   1.827834671E-05
    1496   1.837019230E-05
    1497   1.834566601E-05
    1498   1.832118880E-05
    1499   1.829676055E-05
    1500   1.827238112E-05
    1501   1.859512896E-05
    1502   1.857038495E-05
    1503   1.854569029E-05
    1504   1.852104485E-05
    1505   1.849644851E-05
    1506   1.852192934E-05
    1507   1.849736444E-05
    1508   1.847284839E-05
    1509   1.844838104E-05
    1510   1.842396227E-05
    1511   1.860322172E-05
    1512   1.857863055E-05
    1513   1.855408811E-05
    1514   1.852959426E-05
    1515   1.850514889E-05
    1516   1.893602674E-05
    1517   1.891107808E-05
    1518   1.888617871E-05
    1519   1.886132847E-05
    1520   1.883652725E-05
    1521   1.910542134E-05
    1522   1.908033214E-05
    1523   1.905529234E-05
    1524   1.903030179E-05
    1525   1.900536037E-05
    1526   1.958117699E-05
    1527   1.955554718E-05
    1528   1.952996765E-05
    1529   1.950443828E-05
    1530   1.947895894E-05
    1531   1.971638770E-05
    1532   1.969066508E-05
    1533   1.966499276E-05
    1534   1.963937062E-05
    1535   1.961379853E-05
    1536   1.956211140E-05
    1537   1.953667302E-05
    1538   1.951128423E-05
    1539   1.948594490E-05
    1540   1.946065490E-05
    1541   1.942142897E-05
    1542   1.939625537E-05
    1543   1.937113069E-05
    1544   1.934605479E-05
    1545   1.932102755E-05
    1546   1.947650673E-05
    1547   1.945134328E-05
    1548   1.942622857E-05
    1549   1.940116247E-05
    1550   1.937614485E-05
    1551   1.906929546E-05
    1552   1.904473745E-05
    1553   1.902022684E-05
    1554   1.899576353E-05
    1555   1.897134738E-05
    1556   1.924768089E-05
    1557   1.922297270E-05
    1558   1.919831205E-05
    1559   1.917369883E-05
    1560   1.914913291E-05
    1561   1.905130032E-05
    1562   1.902692246E-05
    1563   1.900259136E-05
    1564   1.897830689E-05
    1565   1.895406895E-05
    1566   1.892395081E-05
    1567   1.889981312E-05
    1568   1.887572158E-05
    1569   1.885167607E-05
    1570   1.882767648E-05
    1571   1.905661086E-05
    1572   1.903238122E-05
    1573   1.900819776E-05
    1574   1.898406037E-05
    1575   1.895996892E-05
    1576   1.910161489E-05
    1577   1.907740499E-05
    1578   1.905324108E-05
    1579   1.902912305E-05
    1580   1.900505079E-05
    1581   1.934056511E-05
    1582   1.931612978E-05
    1583   1.929174073E-05
    1584   1.926739784E-05
    1585   1.924310099E-05
    1586   1.931738578E-05
    1587   1.929305658E-05
    1588   1.926877331E-05
    1589   1.924453586E-05
    1590   1.922034411E-05
    1591   1.917402868E-05
    1592   1.914995583E-05
    1593   1.912592828E-05
    1594   1.910194593E-05
    1595   1.907800865E-05
    1596   1.857456921E-05
    1597   1.855132194E-05
    1598   1.852811829E-05
    1599   1.850495814E-05
    1600   1.848184139E-05
    1601   1.831965031E-05
    1602   1.829679360E-05
    1603   1.827397964E-05
    1604   1.825120833E-05
    1605   1.822847955E-05
    1606   1.812469840E-05
    1607   1.810215525E-05
    1608   1.807965412E-05
    1609   1.805719492E-05
    1610   1.803477755E-05
    1611   1.804584146E-05
    1612   1.802346596E-05
    1613   1.800113205E-05
    1614   1.797883962E-05
    1615   1.795658858E-05
    1616   1.794505757E-05
    1617   1.792287579E-05
    1618   1.790073512E-05
    1619   1.787863545E-05
    1620   1.785657667E-05
    1621   1.792249069E-05
    1622   1.790040506E-05
    1623   1.787836023E-05
    1624   1.785635609E-05
    1625   1.783439255E-05
    1626   1.826834368E-05
    1627   1.824590099E-05
    1628   1.822349964E-05
    1629   1.820113952E-05
    1630   1.817882053E-05
    1631   1.849836013E-05
    1632   1.847570445E-05
    1633   1.845309037E-05
    1634   1.843051778E-05
    1635   1.840798659E-05
    1636   1.828328507E-05
    1637   1.826096115E-05
    1638   1.823867810E-05
    1639   1.821643581E-05
    1640   1.819423418E-05
    1641   1.819696999E-05
    1642   1.817481908E-05
    1643   1.815270860E-05
    1644   1.813063843E-05
    1645   1.810860850E-05
    1646   1.800070600E-05
    1647   1.797886048E-05
    1648   1.795705471E-05
    1649   1.793528858E-05
    1650   1.791356200E-05
    1651   1.771589098E-05
    1652   1.769445615E-05
    1653   1.767306019E-05
    1654   1.765170302E-05
    1655   1.763038454E-05
    1656   1.738014591E-05
    1657   1.735918072E-05
    1658   1.733825344E-05
    1659   1.731736398E-05
    1660   1.729651224E-05
    1661   1.708564782E-05
    1662   1.706509984E-05
    1663   1.704458890E-05
    1664   1.702411492E-05
    1665   1.700367781E-05
    1666   1.746815548E-05
    1667   1.744721045E-05
    1668   1.742630306E-05
    1669   1.740543324E-05
    1670   1.738460088E-05
    1671   1.765845762E-05
    1672   1.763734769E-05
    1673   1.761627559E-05
    1674   1.759524123E-05
    1675   1.757424452E-05
    1676   1.778208962E-05
    1677   1.776089524E-05
    1678   1.773973872E-05
    1679   1.771861999E-05
    1680   1.769753894E-05
    1681   1.781922287E-05
    1682   1.779804732E-05
    1683   1.777690950E-05
    1684   1.775580931E-05
    1685   1.773474667E-05
    1686   1.778126877E-05
    1687   1.776020092E-05
    1688   1.773917049E-05
    1689   1.771817738E-05
    1690   1.769722153E-05
    1691   1.772369077E-05
    1692   1.770275315E-05
    1693   1.768185262E-05
    1694   1.766098907E-05
    1695   1.764016244E-05
    1696   1.746143453E-05
    1697   1.744086746E-05
    1698   1.742033672E-05
    1699   1.739984221E-05
    1700   1.737938384E-05
    1701   1.733156652E-05
    1702   1.731121236E-05
    1703   1.729089403E-05
    1704   1.727061146E-05
    1705   1.725036455E-05
    1706   1.684237670E-05
    1707   1.682265495E-05
    1708   1.680296781E-05
    1709   1.678331522E-05
    1710   1.676369708E-05
    1711   1.659608704E-05
    1712   1.657671040E-05
    1713   1.655736768E-05
    1714   1.653805880E-05
    1715   1.651878367E-05
    1716   1.666675797E-05
    1717   1.664735546E-05
    1718   1.662798681E-05
    1719   1.660865194E-05
    1720   1.658935078E-05
    1721   1.644001805E-05
    1722   1.642093504E-05
    1723   1.640188523E-05
    1724   1.638286855E-05
    1725   1.636388493E-05
    1726   1.678219952E-05
    1727   1.676277567E-05
    1728   1.674338553E-05
    1729   1.672402902E-05
    1730   1.670470605E-05
    1731   1.669811236E-05
    1732   1.667884160E-05
    1733   1.665960418E-05
    1734   1.664040002E-05
    1735   1.662122906E-05
    1736   1.667780149E-05
    1737   1.665860954E-05
    1738   1.663945071E-05
    1739   1.662032490E-05
    1740   1.660123205E-05
    1741   1.631866631E-05
    1742   1.629994151E-05
    1743   1.628124891E-05
    1744   1.626258846E-05
    1745   1.624396006E-05
    1746   1.566216738E-05
    1747   1.564424728E-05
    1748   1.562635792E-05
    1749   1.560849923E-05
    1750   1.559067113E-05
    1751   1.547074607E-05
    1752   1.545309547E-05
    1753   1.543547507E-05
    1754   1.541788478E-05
    1755   1.540032455E-05
    1756   1.559681435E-05
    1757   1.557907054E-05
    1758   1.556135698E-05
    1759   1.554367362E-05
    1760   1.552602039E-05
    1761   1.645735004E-05
    1762   1.643868033E-05
    1763   1.642004237E-05
    1764   1.640143609E-05
    1765   1.638286141E-05
    1766   1.699248872E-05
    1767   1.697326644E-05
    1768   1.695407677E-05
    1769   1.693491962E-05
    1770   1.691579492E-05
    1771   1.780591951E-05
    1772   1.778583387E-05
    1773   1.776578220E-05
    1774   1.774576442E-05
    1775   1.772578045E-05
    1776   1.824538008E-05
    1777   1.822485659E-05
    1778   1.820436771E-05
    1779   1.818391337E-05
    1780   1.816349348E-05
    1781   1.813701964E-05
    1782   1.811667525E-05
    1783   1.809636508E-05
    1784   1.807608904E-05
    1785   1.805584706E-05
    1786   1.803564838E-05
    1787   1.801547428E-05
    1788   1.799533401E-05
    1789   1.797522749E-05
    1790   1.795515465E-05
    1791   1.755253426E-05
    1792   1.753295530E-05
    1793   1.751340909E-05
    1794   1.749389554E-05
    1795   1.747441459E-05
    1796   1.736647244E-05
    1797   1.734715489E-05
    1798   1.732786956E-05
    1799   1.730861637E-05
    1800   1.728939526E-05
    1801   1.637538385E-05
    1802   1.635721926E-05
    1803   1.633908487E-05
    1804   1.632098062E-05
    1805   1.630290644E-05
    1806   1.546482832E-05
    1807   1.544772121E-05
    1808   1.543064246E-05
    1809   1.541359203E-05
    1810   1.539656984E-05
    1811   1.466842134E-05
    1812   1.465223996E-05
    1813   1.463608534E-05
    1814   1.461995742E-05
    1815   1.460385614E-05
    1816   1.442954327E-05
    1817   1.441366919E-05
    1818   1.439782128E-05
    1819   1.438199950E-05
    1820   1.436620378E-05
    1821   1.561285887E-05
    1822   1.559573011E-05
    1823   1.557862953E-05
    1824   1.556155706E-05
    1825   1.554451264E-05
    1826   1.766467553E-05
    1827   1.764534875E-05
    1828   1.762605367E-05
    1829   1.760679023E-05
    1830   1.758755834E-05
    1831   2.045991183E-05
    1832   2.043758787E-05
    1833   2.041530042E-05
    1834   2.039304941E-05
    1835   2.037083476E-05
    1836   2.307305855E-05
    1837   2.304795185E-05
    1838   2.302288611E-05
    1839   2.299786123E-05
    1840   2.297287714E-05
    1841   2.423350488E-05
    1842   2.420720699E-05
    1843   2.418095189E-05
    1844   2.415473947E-05
    1845   2.412856966E-05
    1846   2.391335003E-05
    1847   2.388746979E-05
    1848   2.386163153E-05
    1849   2.383583517E-05
    1850   2.381008062E-05
    1851   2.314982721E-05
    1852   2.312484089E-05
    1853   2.309989500E-05
    1854   2.307498945E-05
    1855   2.305012416E-05
    1856   2.381535013E-05
    1857   2.378971466E-05
    1858   2.376412056E-05
    1859   2.373856775E-05
    1860   2.371305612E-05
    1861   2.610490848E-05
    1862   2.607688388E-05
    1863   2.604890440E-05
    1864   2.602096991E-05
    1865   2.599308034E-05
    1866   2.898774582E-05
    1867   2.895670969E-05
    1868   2.892572337E-05
    1869   2.889478677E-05
    1870   2.886389977E-05
    1871   3.108834375E-05
    1872   3.105514744E-05
    1873   3.102200427E-05
    1874   3.098891413E-05
    1875   3.095587691E-05
    1876   2.967047539E-05
    1877   2.963887744E-05
    1878   2.960732994E-05
    1879   2.957583278E-05
    1880   2.954438585E-05
    1881   2.589944902E-05
    1882   2.587194031E-05
    1883   2.584447541E-05
    1884   2.581705422E-05
    1885   2.578967664E-05
    1886   1.908044144E-05
    1887   1.906022911E-05
    1888   1.904004888E-05
    1889   1.901990068E-05
    1890   1.899978444E-05
    1891   1.082041744E-05
    1892   1.080898541E-05
    1893   1.079757149E-05
    1894   1.078617564E-05
    1895   1.077479781E-05
    1896   8.089880798E-07
    1897   8.081356161E-07
    1898   8.072844990E-07
    1899   8.064347259E-07
    1900   8.055862938E-07
    1901  -9.861434992E-06
    1902  -9.851070898E-06
    1903  -9.840723135E-06
    1904  -9.830391667E-06
    1905  -9.820076461E-06
    1906  -1.972820823E-05
    1907  -1.970752877E-05
    1908  -1.968688180E-05
    1909  -1.966626727E-05
    1910  -1.964568509E-05
    1911  -2.714709480E-05
    1912  -2.711871310E-05
    1913  -2.709037588E-05
    1914  -2.706208306E-05
    1915  -2.703383454E-05
    1916  -3.123569619E-05
    1917  -3.120312508E-05
    1918  -3.117060489E-05
    1919  -3.113813551E-05
    1920  -3.110571683E-05
    1921  -2.787433646E-05
    1922  -2.784534599E-05
    1923  -2.781640073E-05
    1924  -2.778750057E-05
    1925  -2.775864543E-05
    1926  -1.177546946E-05
    1927  -1.176325425E-05
    1928  -1.175105803E-05
    1929  -1.173888076E-05
    1930  -1.172672242E-05
    1931   2.094507813E-05
    1932   2.092340708E-05
    1933   2.090176963E-05
    1934   2.088016574E-05
    1935   2.085859532E-05
    1936   7.044739335E-05
    1937   7.037469222E-05
    1938   7.030210357E-05
    1939   7.022962718E-05
    1940   7.015726280E-05
    1941   1.347496317E-04
    1942   1.346109290E-04
    1943   1.344724404E-04
    1944   1.343341654E-04
    1945   1.341961036E-04
    1946   2.147921414E-04
    1947   2.145716155E-04
    1948   2.143514292E-04
    1949   2.141315816E-04
    1950   2.139120720E-04
    1951   2.888207566E-04
    1952   2.885249852E-04
    1953   2.882296679E-04
    1954   2.879348038E-04
    1955   2.876403920E-04
    1956   3.648606193E-04
    1957   3.644879323E-04
    1958   3.641158160E-04
    1959   3.637442692E-04
    1960   3.633732909E-04
    1961   4.034568042E-04
    1962   4.030457427E-04
    1963   4.026353092E-04
    1964   4.022255022E-04
    1965   4.018163207E-04
    1966   4.384261369E-04
    1967   4.379805819E-04
    1968   4.375357057E-04
    1969   4.370915070E-04
    1970   4.366479845E-04
    1971   4.365494745E-04
    1972   4.361069510E-04
    1973   4.356651000E-04
    1974   4.352239201E-04
    1975   4.347834101E-04
    1976   3.633048487E-04
    1977   3.629375031E-04
    1978   3.625707143E-04
    1979   3.622044813E-04
    1980   3.618388028E-04
    1981   1.858815903E-04
    1982   1.856941152E-04
    1983   1.855069235E-04
    1984   1.853200148E-04
    1985   1.851333884E-04
    1986  -1.403926618E-04
    1987  -1.402514217E-04
    1988  -1.401103947E-04
    1989  -1.399695802E-04
    1990  -1.398289779E-04
    1991  -6.522049651E-04
    1992  -6.515504694E-04
    1993  -6.508969584E-04
    1994  -6.502444301E-04
    1995  -6.495928826E-04
    1996  -1.318052767E-03
    1997  -1.316733395E-03
    1998  -1.315416003E-03
    1999  -1.314100587E-03
    2000  -1.312787143E-03
    2001  -1.988073727E-03
    2002  -1.986088631E-03
    2003  -1.984106507E-03
    2004  -1.982127348E-03
    2005  -1.980151149E-03
    2006  -2.520345312E-03
    2007  -2.517835008E-03
    2008  -2.515328453E-03
    2009  -2.512825638E-03
    2010  -2.510326558E-03
    2011  -2.786642071E-03
    2012  -2.783873425E-03
    2013  -2.781108904E-03
    2014  -2.778348498E-03
    2015  -2.775592200E-03
    2016  -2.820566756E-03
    2017  -2.817771348E-03
    2018  -2.814980093E-03
    2019  -2.812192984E-03
    2020  -2.809410012E-03
    2021  -2.536607729E-03
    2022  -2.534099960E-03
    2023  -2.531595909E-03
    2024  -2.529095567E-03
    2025  -2.526598928E-03
    2026  -1.875648620E-03
    2027  -1.873798868E-03
    2028  -1.871951851E-03
    2029  -1.870107563E-03
    2030  -1.868266000E-03
    2031  -6.251963763E-04
    2032  -6.245813282E-04
    2033  -6.239671873E-04
    2034  -6.233539517E-04
    2035  -6.227416197E-04
    2036   1.591319846E-03
    2037   1.589758198E-03
    2038   1.588198847E-03
    2039   1.586641789E-03
    2040   1.585087020E-03
    2041   5.176436726E-03
    2042   5.171369240E-03
    2043   5.166309192E-03
    2044   5.161256567E-03
    2045   5.156211350E-03
    2046   9.821136180E-03
    2047   9.811545227E-03
    2048   9.801968316E-03
    2049   9.792405420E-03
    2050   9.782856512E-03
    2051   1.514450622E-02
    2052   1.512975268E-02
    2053   1.511502070E-02
    2054   1.510031021E-02
    2055   1.508562120E-02
    2056   1.957868476E-02
    2057   1.955965786E-02
    2058   1.954065868E-02
    2059   1.952168717E-02
    2060   1.950274327E-02
    2061   2.231503427E-02
    2062   2.229340069E-02
    2063   2.227179856E-02
    2064   2.225022781E-02
    2065   2.222868838E-02
    2066   2.367382631E-02
    2067   2.365093093E-02
    2068   2.362806874E-02
    2069   2.360523969E-02
    2070   2.358244371E-02
    2071   2.356572674E-02
    2072   2.354299087E-02
    2073   2.352028789E-02
    2074   2.349761773E-02
    2075   2.347498034E-02
    2076   2.344192009E-02
    2077   2.341935808E-02
    2078   2.339682864E-02
    2079   2.337433169E-02
    2080   2.335186717E-02
    2081   2.252764081E-02
    2082   2.250601081E-02
    2083   2.248441195E-02
    2084   2.246284417E-02
    2085   2.244130741E-02
    2086   2.054586192E-02
    2087   2.052618197E-02
    2088   2.050653029E-02
    2089   2.048690682E-02
    2090   2.046731150E-02
    2091   1.700316072E-02
    2092   1.698691308E-02
    2093   1.697068871E-02
    2094   1.695448757E-02
    2095   1.693830963E-02
    2096   1.252466421E-02
    2097   1.251272459E-02
    2098   1.250080203E-02
    2099   1.248889651E-02
    2100   1.247700798E-02
    2101   7.826247214E-03
    2102   7.818804278E-03
    2103   7.811371955E-03
    2104   7.803950223E-03
    2105   7.796539065E-03
    2106   3.584644648E-03
    2107   3.581243657E-03
    2108   3.577847504E-03
    2109   3.574456179E-03
    2110   3.571069674E-03
    2111   7.053196985E-04
    2112   7.046520982E-04
    2113   7.039854453E-04
    2114   7.033197380E-04
    2115   7.026549746E-04
    2116  -1.013674451E-03
    2117  -1.012717252E-03
    2118  -1.011761407E-03
    2119  -1.010806915E-03
    2120  -1.009853773E-03
    2121  -1.896776536E-03
    2122  -1.894989652E-03
    2123  -1.893205293E-03
    2124  -1.891423453E-03
    2125  -1.889644127E-03
    2126  -2.265020899E-03
    2127  -2.262892120E-03
    2128  -2.260766341E-03
    2129  -2.258643555E-03
    2130  -2.256523758E-03
    2131  -2.361180991E-03
    2132  -2.358967038E-03
    2133  -2.356756197E-03
    2134  -2.354548463E-03
    2135  -2.352343830E-03
    2136  -2.236308256E-03
    2137  -2.234216293E-03
    2138  -2.232127264E-03
    2139  -2.230041164E-03
    2140  -2.227957987E-03
    2141  -1.924112942E-03
    2142  -1.922317223E-03
    2143  -1.920524016E-03
    2144  -1.918733318E-03
    2145  -1.916945123E-03
    2146  -1.477818961E-03
    2147  -1.476442966E-03
    2148  -1.475068891E-03
    2149  -1.473696734E-03
    2150  -1.472326491E-03
    2151  -9.255628496E-04
    2152  -9.247030606E-04
    2153  -9.238444690E-04
    2154  -9.229870728E-04
    2155  -9.221308696E-04
    2156  -4.475975422E-04
    2157  -4.471827159E-04
    2158  -4.467684660E-04
    2159  -4.463547915E-04
    2160  -4.459416913E-04
    2161  -1.090372972E-04
    2162  -1.089364768E-04
    2163  -1.088357961E-04
    2164  -1.087352550E-04
    2165  -1.086348531E-04
    2166   9.859326326E-05
    2167   9.850231007E-05
    2168   9.841148267E-05
    2169   9.832078084E-05
    2170   9.823020435E-05
    2171   2.031290718E-04
    2172   2.029421145E-04
    2173   2.027554152E-04
    2174   2.025689735E-04
    2175   2.023827887E-04
    2176   2.397991835E-04
    2177   2.395789822E-04
    2178   2.393590841E-04
    2179   2.391394886E-04
    2180   2.389201952E-04
    2181   2.406468211E-04
    2182   2.404263476E-04
    2183   2.402061769E-04
    2184   2.399863086E-04
    2185   2.397667420E-04
    2186   2.173310438E-04
    2187   2.171323865E-04
    2188   2.169340015E-04
    2189   2.167358883E-04
    2190   2.165380463E-04
    2191   1.781370122E-04
    2192   1.779745526E-04
    2193   1.778123151E-04
    2194   1.776502993E-04
    2195   1.774885048E-04
    2196   1.345173460E-04
    2197   1.343949462E-04
    2198   1.342727134E-04
    2199   1.341506473E-04
    2200   1.340287476E-04
    2201   8.178151133E-05
    2202   8.170726574E-05
    2203   8.163312122E-05
    2204   8.155907757E-05
    2205   8.148513462E-05
    2206   3.717787980E-05
    2207   3.714420419E-05
    2208   3.711057431E-05
    2209   3.707699008E-05
    2210   3.704345142E-05
    2211   2.384378403E-06
    2212   2.382223519E-06
    2213   2.380071556E-06
    2214   2.377922507E-06
    2215   2.375776368E-06
    2216  -2.071985405E-05
    2217  -2.070117069E-05
    2218  -2.068251258E-05
    2219  -2.066387968E-05
    2220  -2.064527196E-05
    2221  -3.455623188E-05
    2222  -3.452514215E-05
    2223  -3.449409436E-05
    2224  -3.446308843E-05
    2225  -3.443212429E-05
    2226  -4.015498302E-05
    2227  -4.011893725E-05
    2228  -4.008294000E-05
    2229  -4.004699118E-05
    2230  -4.001109069E-05
    2231  -4.038660267E-05
    2232  -4.035043016E-05
    2233  -4.031430623E-05
    2234  -4.027823079E-05
    2235  -4.024220375E-05
    2236  -3.678393267E-05
    2237  -3.675106053E-05
    2238  -3.671823242E-05
    2239  -3.668544829E-05
    2240  -3.665270804E-05
    2241  -3.147826486E-05
    2242  -3.145019686E-05
    2243  -3.142216638E-05
    2244  -3.139417336E-05
    2245  -3.136621773E-05
    2246  -2.510890169E-05
    2247  -2.508656281E-05
    2248  -2.506425373E-05
    2249  -2.504197439E-05
    2250  -2.501972475E-05
    2251  -1.756764048E-05
    2252  -1.755204559E-05
    2253  -1.753647146E-05
    2254  -1.752091805E-05
    2255  -1.750538532E-05
    2256  -1.152683779E-05
    2257  -1.151662801E-05
    2258  -1.150643179E-05
    2259  -1.149624911E-05
    2260  -1.148607994E-05
    2261  -6.764200875E-06
    2262  -6.758222792E-06
    2263  -6.752252631E-06
    2264  -6.746290377E-06
    2265  -6.740336016E-06
    2266  -3.687375520E-06
    2267  -3.684123866E-06
    2268  -3.680876511E-06
    2269  -3.677633448E-06
    2270  -3.674394669E-06
    2271  -1.973225546E-06
    2272  -1.971489316E-06
    2273  -1.969755377E-06
    2274  -1.968023724E-06
    2275  -1.966294353E-06
    2276  -1.378639250E-06
    2277  -1.377428856E-06
    2278  -1.376220055E-06
    2279  -1.375012844E-06
    2280  -1.373807221E-06
    2281  -1.591975299E-06
    2282  -1.590580664E-06
    2283  -1.589187862E-06
    2284  -1.587796888E-06
    2285  -1.586407739E-06
    2286  -2.064274367E-06
    2287  -2.062469931E-06
    2288  -2.060667860E-06
    2289  -2.058868150E-06
    2290  -2.057070797E-06
    2291  -2.446112246E-06
    2292  -2.443978698E-06
    2293  -2.441847941E-06
    2294  -2.439719969E-06
    2295  -2.437594777E-06
    2296  -2.517465620E-06
    2297  -2.515274614E-06
    2298  -2.513086467E-06
    2299  -2.510901175E-06
    2300  -2.508718731E-06
    2301  -2.426432805E-06
    2302  -2.424325612E-06
    2303  -2.422221162E-06
    2304  -2.420119452E-06
    2305  -2.418020476E-06
    2306  -2.465314906E-06
    2307  -2.463178585E-06
    2308  -2.461045039E-06
    2309  -2.458914264E-06
    2310  -2.456786255E-06
    2311  -2.603855006E-06
    2312  -2.601603510E-06
    2313  -2.599354933E-06
    2314  -2.597109270E-06
    2315  -2.594866516E-06
    2316  -2.958989175E-06
    2317  -2.956436121E-06
    2318  -2.953886370E-06
    2319  -2.951339917E-06
    2320  -2.948796754E-06
    2321  -3.328841776E-06
    2322  -3.325975790E-06
    2323  -3.323113505E-06
    2324  -3.320254913E-06
    2325  -3.317400007E-06
    2326  -3.594442384E-06
    2327  -3.591354375E-06
    2328  -3.588270344E-06
    2329  -3.585190284E-06
    2330  -3.582114188E-06
    2331  -3.678032313E-06
    2332  -3.674879264E-06
    2333  -3.671730267E-06
    2334  -3.668585316E-06
    2335  -3.665444404E-06
    2336  -3.505152748E-06
    2337  -3.502154328E-06
    2338  -3.499159754E-06
    2339  -3.496169019E-06
    2340  -3.493182117E-06
    2341  -3.234925646E-06
    2342  -3.232164293E-06
    2343  -3.229406473E-06
    2344  -3.226652182E-06
    2345  -3.223901413E-06
    2346  -2.876387114E-06
    2347  -2.873937040E-06
    2348  -2.871490095E-06
    2349  -2.869046274E-06
    2350  -2.866605571E-06
    2351  -2.528646051E-06
    2352  -2.526496755E-06
    2353  -2.524350199E-06
    2354  -2.522206377E-06
    2355  -2.520065285E-06
    2356  -2.243480106E-06
    2357  -2.241577239E-06
    2358  -2.239676792E-06
    2359  -2.237778761E-06
    2360  -2.235883142E-06
    2361  -2.069202873E-06
    2362  -2.067451538E-06
    2363  -2.065702425E-06
    2364  -2.063955531E-06
    2365  -2.062210851E-06
    2366  -1.969620399E-06
    2367  -1.967956868E-06
    2368  -1.966295444E-06
    2369  -1.964636123E-06
    2370  -1.962978902E-06
    2371  -1.859858577E-06
    2372  -1.858291060E-06
    2373  -1.856725525E-06
    2374  -1.855161966E-06
    2375  -1.853600382E-06
    2376  -1.833233758E-06
    2377  -1.831691929E-06
    2378  -1.830152045E-06
    2379  -1.828614103E-06
    2380  -1.827078097E-06
    2381  -1.849031281E-06
    2382  -1.847479429E-06
    2383  -1.845929531E-06
    2384  -1.844381581E-06
    2385  -1.842835578E-06
    2386  -1.838714928E-06
    2387  -1.837174966E-06
    2388  -1.835636937E-06
    2389  -1.834100840E-06
    2390  -1.832566669E-06
    2391  -1.816667174E-06
    2392  -1.815148856E-06
    2393  -1.813632441E-06
    2394  -1.812117925E-06
    2395  -1.810605306E-06
    2396  -1.708497955E-06
    2397  -1.707073019E-06
    2398  -1.705649865E-06
    2399  -1.704228490E-06
    2400  -1.702808891E-06
    2401  -1.601679547E-06
    2402  -1.600346481E-06
    2403  -1.599015077E-06
    2404  -1.597685335E-06
    2405  -1.596357251E-06
    2406  -1.452021168E-06
    2407  -1.450815170E-06
    2408  -1.449610674E-06
    2409  -1.448407678E-06
    2410  -1.447206178E-06
    2411  -1.362757531E-06
    2412  -1.361628018E-06
    2413  -1.360499908E-06
    2414  -1.359373200E-06
    2415  -1.358247891E-06
    2416  -1.322637403E-06
    2417  -1.321543410E-06
    2418  -1.320450774E-06
    2419  -1.319359492E-06
    2420  -1.318269563E-06
    2421  -1.296851353E-06
    2422  -1.295780902E-06
    2423  -1.294711776E-06
    2424  -1.293643973E-06
    2425  -1.292577490E-06
    2426  -1.295509890E-06
    2427  -1.294442748E-06
    2428  -1.293376925E-06
    2429  -1.292312417E-06
    2430  -1.291249223E-06
    2431  -1.262891759E-06
    2432  -1.261853624E-06
    2433  -1.260816768E-06
    2434  -1.259781189E-06
    2435  -1.258746886E-06
    2436  -1.236085146E-06
    2437  -1.235071131E-06
    2438  -1.234058362E-06
    2439  -1.233046839E-06
    2440  -1.232036559E-06
    2441  -1.182704114E-06
    2442  -1.181735875E-06
    2443  -1.180768824E-06
    2444  -1.179802960E-06
    2445  -1.178838281E-06
    2446  -1.113400470E-06
    2447  -1.112490829E-06
    2448  -1.111582303E-06
    2449  -1.110674889E-06
    2450  -1.109768585E-06
    2451  -1.078392796E-06
    2452  -1.077513552E-06
    2453  -1.076635383E-06
    2454  -1.075758287E-06
    2455  -1.074882262E-06
    2456  -1.033754919E-06
    2457  -1.032913784E-06
    2458  -1.032073675E-06
    2459  -1.031234591E-06
    2460  -1.030396529E-06
    2461  -1.013691846E-06
    2462  -1.012868710E-06
    2463  -1.012046576E-06
    2464  -1.011225443E-06
    2465  -1.010405309E-06
    2466  -9.969162219E-07
    2467  -9.961083482E-07
    2468  -9.953014560E-07
    2469  -9.944955439E-07
    2470  -9.936906103E-07
    2471  -9.829584293E-07
    2472  -9.821634771E-07
    2473  -9.813694888E-07
    2474  -9.805764630E-07
    2475  -9.797843980E-07
    2476  -9.724871124E-07
    2477  -9.717022156E-07
    2478  -9.709182686E-07
    2479  -9.701352700E-07
    2480  -9.693532182E-07
    2481  -9.422978271E-07
    2482  -9.415388277E-07
    2483  -9.407807449E-07
    2484  -9.400235773E-07
    2485  -9.392673234E-07
    2486  -9.243474616E-07
    2487  -9.236044171E-07
    2488  -9.228622681E-07
    2489  -9.221210132E-07
    2490  -9.213806511E-07
    2491  -8.901635916E-07
    2492  -8.894494612E-07
    2493  -8.887361897E-07
    2494  -8.880237760E-07
    2495  -8.873122184E-07
    2496  -8.467486672E-07
    2497  -8.460707259E-07
    2498  -8.453935985E-07
    2499  -8.447172836E-07
    2500  -8.440417800E-07
    2501  -7.963405973E-07
    2502  -7.957042883E-07
    2503  -7.950687418E-07
    2504  -7.944339564E-07
    2505  -7.937999309E-07
    2506  -7.400531641E-07
    2507  -7.394630100E-07
    2508  -7.388735616E-07
    2509  -7.382848178E-07
    2510  -7.376967773E-07
    2511  -7.214160726E-07
    2512  -7.208419253E-07
    2513  -7.202684632E-07
    2514  -7.196956851E-07
    2515  -7.191235899E-07
    2516  -6.989838139E-07
    2517  -6.984286243E-07
    2518  -6.978740958E-07
    2519  -6.973202275E-07
    2520  -6.967670182E-07
    2521  -6.898524423E-07
    2522  -6.893055914E-07
    2523  -6.887593905E-07
    2524  -6.882138385E-07
    2525  -6.876689344E-07
    2526  -6.785667231E-07
    2527  -6.780298824E-07
    2528  -6.774936784E-07
    2529  -6.769581103E-07
    2530  -6.764231770E-07
    2531  -6.678932584E-07
    2532  -6.673659049E-07
    2533  -6.668391757E-07
    2534  -6.663130698E-07
    2535  -6.657875863E-07
    2536  -6.625697273E-07
    2537  -6.620476078E-07
    2538  -6.615261051E-07
    2539  -6.610052184E-07
    2540  -6.604849467E-07
    2541  -6.267006728E-07
    2542  -6.262077898E-07
    2543  -6.257154881E-07
    2544  -6.252237667E-07
    2545  -6.247326247E-07
    2546  -5.981037940E-07
    2547  -5.976343247E-07
    2548  -5.971654080E-07
    2549  -5.966970430E-07
    2550  -5.962292288E-07
    2551  -5.633896030E-07
    2552  -5.629482480E-07
    2553  -5.625074115E-07
    2554  -5.620670926E-07
    2555  -5.616272905E-07
    2556  -5.351472592E-07
    2557  -5.347288486E-07
    2558  -5.343109284E-07
    2559  -5.338934980E-07
    2560  -5.334765565E-07
    2561  -5.132815601E-07
    2562  -5.128810283E-07
    2563  -5.124809651E-07
    2564  -5.120813698E-07
    2565  -5.116822417E-07
    2566  -5.036619408E-07
    2567  -5.032696807E-07
    2568  -5.028778787E-07
    2569  -5.024865340E-07
    2570  -5.020956460E-07
    2571  -4.968480254E-07
    2572  -4.964618241E-07
    2573  -4.960760729E-07
    2574  -4.956907711E-07
    2575  -4.953059180E-07
    2576  -4.812784400E-07
    2577  -4.809050665E-07
    2578  -4.805321273E-07
    2579  -4.801596218E-07
    2580  -4.797875492E-07
    2581  -4.763335191E-07
    2582  -4.759646972E-07
    2583  -4.755963034E-07
    2584  -4.752283373E-07
    2585  -4.748607979E-07
    2586  -4.615095284E-07
    2587  -4.611528750E-07
    2588  -4.607966348E-07
    2589  -4.604408073E-07
    2590  -4.600853918E-07
    2591  -4.436433543E-07
    2592  -4.433011689E-07
    2593  -4.429593793E-07
    2594  -4.426179848E-07
    2595  -4.422769848E-07
    2596  -4.232183435E-07
    2597  -4.228925403E-07
    2598  -4.225671132E-07
    2599  -4.222420615E-07
    2600  -4.219173848E-07
    2601  -3.919702179E-07
    2602  -3.916690498E-07
    2603  -3.913682288E-07
    2604  -3.910677541E-07
    2605  -3.907676254E-07
    2606  -3.758437429E-07
    2607  -3.755555191E-07
    2608  -3.752676268E-07
    2609  -3.749800654E-07
    2610  -3.746928344E-07
    2611  -3.529048179E-07
    2612  -3.526347033E-07
    2613  -3.523648986E-07
    2614  -3.520954035E-07
    2615  -3.518262174E-07
    2616  -3.474737760E-07
    2617  -3.472083262E-07
    2618  -3.469431805E-07
    2619  -3.466783384E-07
    2620  -3.464137994E-07
    2621  -3.352512609E-07
    2622  -3.349956366E-07
    2623  -3.347403046E-07
    2624  -3.344852643E-07
    2625  -3.342305155E-07
    2626  -3.333697497E-07
    2627  -3.331160436E-07
    2628  -3.328626271E-07
    2629  -3.326094996E-07
    2630  -3.323566607E-07
    2631  -3.277997649E-07
    2632  -3.275507715E-07
    2633  -3.273020617E-07
    2634  -3.270536351E-07
    2635  -3.268054912E-07
    2636  -3.147418147E-07
    2637  -3.145031932E-07
    2638  -3.142648429E-07
    2639  -3.140267635E-07
    2640  -3.137889545E-07
    2641  -3.014656675E-07
    2642  -3.012375437E-07
    2643  -3.010096786E-07
    2644  -3.007820721E-07
    2645  -3.005547236E-07
    2646  -2.799101426E-07
    2647  -2.796987301E-07
    2648  -2.794875570E-07
    2649  -2.792766230E-07
    2650  -2.790659277E-07
    2651  -2.576814105E-07
    2652  -2.574871539E-07
    2653  -2.572931168E-07
    2654  -2.570992990E-07
    2655  -2.569057002E-07
    2656  -2.428722241E-07
    2657  -2.426894760E-07
    2658  -2.425069341E-07
    2659  -2.423245980E-07
    2660  -2.421424676E-07
    2661  -2.273693775E-07
    2662  -2.271986156E-07
    2663  -2.270280461E-07
    2664  -2.268576686E-07
    2665  -2.266874828E-07
    2666  -2.246065455E-07
    2667  -2.244381748E-07
    2668  -2.242699933E-07
    2669  -2.241020008E-07
    2670  -2.239341970E-07
    2671  -2.182396834E-07
    2672  -2.180763914E-07
    2673  -2.179132827E-07
    2674  -2.177503569E-07
    2675  -2.175876137E-07
    2676  -2.096442805E-07
    2677  -2.094877127E-07
    2678  -2.093313203E-07
    2679  -2.091751029E-07
    2680  -2.090190603E-07
    2681  -2.059342349E-07
    2682  -2.057807245E-07
    2683  -2.056273857E-07
    2684  -2.054742182E-07
    2685  -2.053212217E-07
    2686  -1.981359749E-07
    2687  -1.979885523E-07
    2688  -1.978412942E-07
    2689  -1.976942003E-07
    2690  -1.975472703E-07
    2691  -1.910130271E-07
    2692  -1.908711682E-07
    2693  -1.907294672E-07
    2694  -1.905879240E-07
    2695  -1.904465383E-07
    2696  -1.802399393E-07
    2697  -1.801063293E-07
    2698  -1.799728678E-07
    2699  -1.798395545E-07
    2700  -1.797063894E-07
