      50   7.377017755E-08
      51   7.550349841E-08
      52   7.265430979E-08
      53   6.996340943E-08
      54   6.741928545E-08
      55   6.501145383E-08
      56   7.257964091E-08
      57   7.007689467E-08
      58   6.770140672E-08
      59   6.544469316E-08
      60   6.329896551E-08
      61   6.034199747E-08
      62   5.842637850E-08
      63   5.660055417E-08
      64   5.485899866E-08
      65   5.319660476E-08
      66   4.919211267E-08
      67   4.774528583E-08
      68   4.636136450E-08
      69   4.503675409E-08
      70   4.376811312E-08
      71   6.007633466E-08
      72   5.843040768E-08
      73   5.685120748E-08
      74   5.533517528E-08
      75   5.387898645E-08
      76   8.653293788E-08
      77   8.431414461E-08
      78   8.217960930E-08
      79   8.012511907E-08
      80   7.814672106E-08
      81   6.895755270E-08
      82   6.729592492E-08
      83   6.569364100E-08
      84   6.414790827E-08
      85   6.265609645E-08
      86   7.409884721E-08
      87   7.241478250E-08
      88   7.078748402E-08
      89   6.921442882E-08
      90   6.769323258E-08
      91   1.860640750E-07
      92   1.820626970E-07
      93   1.781890226E-07
      94   1.744376748E-07
      95   1.708035566E-07
      96   2.024704598E-07
      97   1.983384096E-07
      98   1.943315731E-07
      99   1.904449416E-07
     100   1.866737546E-07
     101   3.670243088E-07
     102   3.598976232E-07
     103   3.529765151E-07
     104   3.462531529E-07
     105   3.397200745E-07
     106   6.704526994E-07
     107   6.580369086E-07
     108   6.459628369E-07
     109   6.342180581E-07
     110   6.227907057E-07
     111   1.692221707E-06
     112   1.662270881E-06
     113   1.633108234E-06
     114   1.604706351E-06
     115   1.577039000E-06
     116   1.885370812E-06
     117   1.853415375E-06
     118   1.822265537E-06
     119   1.791894444E-06
     120   1.762276354E-06
     121   1.690693028E-06
     122   1.663202085E-06
     123   1.636376245E-06
     124   1.610194225E-06
     125   1.584635586E-06
     126   4.640274965E-06
     127   4.567770669E-06
     128   4.496952519E-06
     129   4.427768634E-06
     130   4.360169113E-06
     131   3.913758121E-06
     132   3.854904615E-06
     133   3.797368726E-06
     134   3.741111411E-06
     135   3.686095067E-06
     136   4.363293261E-06
     137   4.300057127E-06
     138   4.238185802E-06
     139   4.177640290E-06
     140   4.118382981E-06
     141   4.772674428E-06
     142   4.705923737E-06
     143   4.640563685E-06
     144   4.576555910E-06
     145   4.513863363E-06
     146   4.309482502E-06
     147   4.251246252E-06
     148   4.194182543E-06
     149   4.138260110E-06
     150   4.083448717E-06
     151   5.095041895E-06
     152   5.028440040E-06
     153   4.963135624E-06
     154   4.899095165E-06
     155   4.836286252E-06
     156   4.934761933E-06
     157   4.872296592E-06
     158   4.811009843E-06
     159   4.750872220E-06
     160   4.691855174E-06
     161   5.035201426E-06
     162   4.973419813E-06
     163   4.912768352E-06
     164   4.853219645E-06
     165   4.794747119E-06
     166   5.377009637E-06
     167   5.312997617E-06
     168   5.250121906E-06
     169   5.188355766E-06
     170   5.127673242E-06
     171   5.601740406E-06
     172   5.536980402E-06
     173   5.473336949E-06
     174   5.410784526E-06
     175   5.349298339E-06
     176   5.263402466E-06
     177   5.204263112E-06
     178   5.146114921E-06
     179   5.088935866E-06
     180   5.032704531E-06
     181   6.043107100E-06
     182   5.977062214E-06
     183   5.912094146E-06
     184   5.848179615E-06
     185   5.785295963E-06
     186   5.526161422E-06
     187   5.467372471E-06
     188   5.409516677E-06
     189   5.352574396E-06
     190   5.296526497E-06
     191   5.942077189E-06
     192   5.880501260E-06
     193   5.819877536E-06
     194   5.760186484E-06
     195   5.701409071E-06
     196   5.529796010E-06
     197   5.473939485E-06
     198   5.418925018E-06
     199   5.364735767E-06
     200   5.311355312E-06
     201   5.043448999E-06
     202   4.993759846E-06
     203   4.944801417E-06
     204   4.896559451E-06
     205   4.849020039E-06
     206   6.302886835E-06
     207   6.242282154E-06
     208   6.182547397E-06
     209   6.123665993E-06
     210   6.065621765E-06
     211   5.350935535E-06
     212   5.300692009E-06
     213   5.251152831E-06
     214   5.202304898E-06
     215   5.154135408E-06
     216   6.408423428E-06
     217   6.349630552E-06
     218   6.291643059E-06
     219   6.234446304E-06
     220   6.178025975E-06
     221   6.086038819E-06
     222   6.031455511E-06
     223   5.977603230E-06
     224   5.924468979E-06
     225   5.872040050E-06
     226   5.568317468E-06
     227   5.519472578E-06
     228   5.471267577E-06
     229   5.423691337E-06
     230   5.376732971E-06
     231   6.214454165E-06
     232   6.161111211E-06
     233   6.108452141E-06
     234   6.056465314E-06
     235   6.005139337E-06
     236   5.463693477E-06
     237   5.417780086E-06
     238   5.372443014E-06
     239   5.327672656E-06
     240   5.283459605E-06
     241   6.676791695E-06
     242   6.621838677E-06
     243   6.567561311E-06
     244   6.513948565E-06
     245   6.460989634E-06
     246   6.272010305E-06
     247   6.221429577E-06
     248   6.171458255E-06
     249   6.122086589E-06
     250   6.073305023E-06
     251   5.872634264E-06
     252   5.826210278E-06
     253   5.780334606E-06
     254   5.734998649E-06
     255   5.690193972E-06
     256   6.486090934E-06
     257   6.435811160E-06
     258   6.386113776E-06
     259   6.336989824E-06
     260   6.288430515E-06
     261   5.999164617E-06
     262   5.953543593E-06
     263   5.908440990E-06
     264   5.863848983E-06
     265   5.819759893E-06
     266   6.843671976E-06
     267   6.792599797E-06
     268   6.742097196E-06
     269   6.692155736E-06
     270   6.642767132E-06
     271   6.339515281E-06
     272   6.293071946E-06
     273   6.247137114E-06
     274   6.201703390E-06
     275   6.156763510E-06
     276   6.634532964E-06
     277   6.586802511E-06
     278   6.539585288E-06
     279   6.492873965E-06
     280   6.446661339E-06
     281   6.357584248E-06
     282   6.312654324E-06
     283   6.268199011E-06
     284   6.224211650E-06
     285   6.180685694E-06
     286   6.297066210E-06
     287   6.253336584E-06
     288   6.210060898E-06
     289   6.167232892E-06
     290   6.124846411E-06
     291   6.801236954E-06
     292   6.754812128E-06
     293   6.708861025E-06
     294   6.663377221E-06
     295   6.618354402E-06
     296   6.817449826E-06
     297   6.771695129E-06
     298   6.726399509E-06
     299   6.681556846E-06
     300   6.637161120E-06
     301   6.927057994E-06
     302   6.881334839E-06
     303   6.836062899E-06
     304   6.791236257E-06
     305   6.746849092E-06
     306   6.244421909E-06
     307   6.203873715E-06
     308   6.163719193E-06
     309   6.123953262E-06
     310   6.084570926E-06
     311   6.797068635E-06
     312   6.753636887E-06
     313   6.710620092E-06
     314   6.668012980E-06
     315   6.625810366E-06
     316   6.931173923E-06
     317   6.887581634E-06
     318   6.844399304E-06
     319   6.801621809E-06
     320   6.759244103E-06
     321   6.753302107E-06
     322   6.711485995E-06
     323   6.670057069E-06
     324   6.629010564E-06
     325   6.588341787E-06
     326   7.041867514E-06
     327   6.998929297E-06
     328   6.956382615E-06
     329   6.914222720E-06
     330   6.872444939E-06
     331   6.783172709E-06
     332   6.742432933E-06
     333   6.702059083E-06
     334   6.662046790E-06
     335   6.622391749E-06
     336   7.171830769E-06
     337   7.129393900E-06
     338   7.087332579E-06
     339   7.045642388E-06
     340   7.004318972E-06
     341   7.167738297E-06
     342   7.125943904E-06
     343   7.084513998E-06
     344   7.043444352E-06
     345   7.002730800E-06
     346   6.919931340E-06
     347   6.880161619E-06
     348   6.840733759E-06
     349   6.801643852E-06
     350   6.762888046E-06
     351   7.348172658E-06
     352   7.306539952E-06
     353   7.265260065E-06
     354   7.224329022E-06
     355   7.183742904E-06
     356   6.976979992E-06
     357   6.938002450E-06
     358   6.899350626E-06
     359   6.861020900E-06
     360   6.823009704E-06
     361   7.685619654E-06
     362   7.643274642E-06
     363   7.601278627E-06
     364   7.559627786E-06
     365   7.518318344E-06
     366   6.899488292E-06
     367   6.861991073E-06
     368   6.824798710E-06
     369   6.787907906E-06
     370   6.751315410E-06
     371   7.283062148E-06
     372   7.244010877E-06
     373   7.205272851E-06
     374   7.166844729E-06
     375   7.128723214E-06
     376   7.073974866E-06
     377   7.036546427E-06
     378   6.999414256E-06
     379   6.962575234E-06
     380   6.926026282E-06
     381   7.403058455E-06
     382   7.364400186E-06
     383   7.326043935E-06
     384   7.287986564E-06
     385   7.250224975E-06
     386   7.693820910E-06
     387   7.654162040E-06
     388   7.614809021E-06
     389   7.575758719E-06
     390   7.537008035E-06
     391   6.858793135E-06
     392   6.823888335E-06
     393   6.789249308E-06
     394   6.754873362E-06
     395   6.720757840E-06
     396   7.331814840E-06
     397   7.294971549E-06
     398   7.258405276E-06
     399   7.222113250E-06
     400   7.186092735E-06
     401   7.567435889E-06
     402   7.529880376E-06
     403   7.492603741E-06
     404   7.455603228E-06
     405   7.418876119E-06
     406   7.183277554E-06
     407   7.148065409E-06
     408   7.113111544E-06
     409   7.078413438E-06
     410   7.043968604E-06
     411   7.533276242E-06
     412   7.496795486E-06
     413   7.460579082E-06
     414   7.424624484E-06
     415   7.388929174E-06
     416   7.209088848E-06
     417   7.174595600E-06
     418   7.140349320E-06
     419   7.106347657E-06
     420   7.072588286E-06
     421   7.759050516E-06
     422   7.722364698E-06
     423   7.685938449E-06
     424   7.649769327E-06
     425   7.613854917E-06
     426   7.636535701E-06
     427   7.600850955E-06
     428   7.565415752E-06
     429   7.530227772E-06
     430   7.495284720E-06
     431   7.391074478E-06
     432   7.356935565E-06
     433   7.323032637E-06
     434   7.289363521E-06
     435   7.255926074E-06
     436   7.804877266E-06
     437   7.769238557E-06
     438   7.733843393E-06
     439   7.698689559E-06
     440   7.663774867E-06
     441   7.261834872E-06
     442   7.229050064E-06
     443   7.196486775E-06
     444   7.164143015E-06
     445   7.132016813E-06
     446   8.088519902E-06
     447   8.052410438E-06
     448   8.016542240E-06
     449   7.980913163E-06
     450   7.945521087E-06
     451   7.503348465E-06
     452   7.470221099E-06
     453   7.437312636E-06
     454   7.404621152E-06
     455   7.372144743E-06
     456   7.567605997E-06
     457   7.534559683E-06
     458   7.501729358E-06
     459   7.469113143E-06
     460   7.436709181E-06
     461   7.782044222E-06
     462   7.748428480E-06
     463   7.715030081E-06
     464   7.681847156E-06
     465   7.648877855E-06
     466   7.630299545E-06
     467   7.597691427E-06
     468   7.565291890E-06
     469   7.533099159E-06
     470   7.501111477E-06
     471   8.179085077E-06
     472   8.144501207E-06
     473   8.110136223E-06
     474   8.075988281E-06
     475   8.042055557E-06
     476   7.622190764E-06
     477   7.590298753E-06
     478   7.558606482E-06
     479   7.527112288E-06
     480   7.495814524E-06
     481   7.867335623E-06
     482   7.834758664E-06
     483   7.802383628E-06
     484   7.770208850E-06
     485   7.738232682E-06
     486   8.038583503E-06
     487   8.005638489E-06
     488   7.972895591E-06
     489   7.940353160E-06
     490   7.908009563E-06
     491   7.677270708E-06
     492   7.646125594E-06
     493   7.615169620E-06
     494   7.584401257E-06
     495   7.553818994E-06
     496   8.563688007E-06
     497   8.529295686E-06
     498   8.495110132E-06
     499   8.461129691E-06
     500   8.427352726E-06
     501   7.563087574E-06
     502   7.533015655E-06
     503   7.503122736E-06
     504   7.473407398E-06
     505   7.443868239E-06
     506   8.172410364E-06
     507   8.140235520E-06
     508   8.108250311E-06
     509   8.076453251E-06
     510   8.044842867E-06
     511   8.086494413E-06
     512   8.054968119E-06
     513   8.023625830E-06
     514   7.992466118E-06
     515   7.961487567E-06
     516   7.811824531E-06
     517   7.781663047E-06
     518   7.751675906E-06
     519   7.721861768E-06
     520   7.692219304E-06
     521   8.184947801E-06
     522   8.153647810E-06
     523   8.122527017E-06
     524   8.091584057E-06
     525   8.060817577E-06
     526   7.729307717E-06
     527   7.700030036E-06
     528   7.670918391E-06
     529   7.641971529E-06
     530   7.613188209E-06
     531   8.252702771E-06
     532   8.221735782E-06
     533   8.190942764E-06
     534   8.160322417E-06
     535   8.129873453E-06
     536   7.942573627E-06
     537   7.913047331E-06
     538   7.883685375E-06
     539   7.854486540E-06
     540   7.825449621E-06
     541   8.001876321E-06
     542   7.972403480E-06
     543   7.943093173E-06
     544   7.913944207E-06
     545   7.884955400E-06
     546   8.090029642E-06
     547   8.060503986E-06
     548   8.031139673E-06
     549   8.001935529E-06
     550   7.972890391E-06
     551   7.962484678E-06
     552   7.933687265E-06
     553   7.905045795E-06
     554   7.876559144E-06
     555   7.848226197E-06
     556   8.056069365E-06
     557   8.027194565E-06
     558   7.998474727E-06
     559   7.969908746E-06
     560   7.941495524E-06
     561   7.925441927E-06
     562   7.897287604E-06
     563   7.869283038E-06
     564   7.841427169E-06
     565   7.813718946E-06
     566   7.906645160E-06
     567   7.878804861E-06
     568   7.851111346E-06
     569   7.823563587E-06
     570   7.796160562E-06
     571   8.146479529E-06
     572   8.118045046E-06
     573   8.089759175E-06
     574   8.061620882E-06
     575   8.033629143E-06
     576   8.037470745E-06
     577   8.009659428E-06
     578   7.981992211E-06
     579   7.954468099E-06
     580   7.927086109E-06
     581   7.896865758E-06
     582   7.869775310E-06
     583   7.842824024E-06
     584   7.816010951E-06
     585   7.789335146E-06
     586   7.700785739E-06
     587   7.674592590E-06
     588   7.648532853E-06
     589   7.622605623E-06
     590   7.596810003E-06
     591   8.007040134E-06
     592   7.980034939E-06
     593   7.953166135E-06
     594   7.926432803E-06
     595   7.899834036E-06
     596   8.069297054E-06
     597   8.042309438E-06
     598   8.015456986E-06
     599   7.988738796E-06
     600   7.962153975E-06
     601   8.053598659E-06
     602   8.026886889E-06
     603   8.000307793E-06
     604   7.973860495E-06
     605   7.947544123E-06
     606   7.681706480E-06
     607   7.656437709E-06
     608   7.631293414E-06
     609   7.606272780E-06
     610   7.581374997E-06
     611   7.637367909E-06
     612   7.612449906E-06
     613   7.587653652E-06
     614   7.562978356E-06
     615   7.538423231E-06
     616   8.042446527E-06
     617   8.016419192E-06
     618   7.990517999E-06
     619   7.964742135E-06
     620   7.939090792E-06
     621   7.680161165E-06
     622   7.655505752E-06
     623   7.630968874E-06
     624   7.606549774E-06
     625   7.582247698E-06
     626   7.731557276E-06
     627   7.706934482E-06
     628   7.682429126E-06
     629   7.658040462E-06
     630   7.633767751E-06
     631   7.471501622E-06
     632   7.447894982E-06
     633   7.424400045E-06
     634   7.401016108E-06
     635   7.377742472E-06
     636   7.927982308E-06
     637   7.903129699E-06
     638   7.878393769E-06
     639   7.853773788E-06
     640   7.829269034E-06
     641   7.721618069E-06
     642   7.697600595E-06
     643   7.673695003E-06
     644   7.649900600E-06
     645   7.626216697E-06
     646   7.545279528E-06
     647   7.521991628E-06
     648   7.498811377E-06
     649   7.475738111E-06
     650   7.452771174E-06
     651   7.460265188E-06
     652   7.437415984E-06
     653   7.414671593E-06
     654   7.392031374E-06
     655   7.369494693E-06
     656   7.279389192E-06
     657   7.257263389E-06
     658   7.235238310E-06
     659   7.213313345E-06
     660   7.191487889E-06
     661   7.365063896E-06
     662   7.342846509E-06
     663   7.320729501E-06
     664   7.298712269E-06
     665   7.276794215E-06
     666   7.296247908E-06
     667   7.274402854E-06
     668   7.252655760E-06
     669   7.231006042E-06
     670   7.209453117E-06
     671   6.950391610E-06
     672   6.929736657E-06
     673   6.909173640E-06
     674   6.888702014E-06
     675   6.868321239E-06
     676   7.450963333E-06
     677   7.428984090E-06
     678   7.407101957E-06
     679   7.385316363E-06
     680   7.363626741E-06
     681   7.096078392E-06
     682   7.075299246E-06
     683   7.054611237E-06
     684   7.034013832E-06
     685   7.013506503E-06
     686   7.190564580E-06
     687   7.169661776E-06
     688   7.148849985E-06
     689   7.128128681E-06
     690   7.107497339E-06
     691   6.890776881E-06
     692   6.870890079E-06
     693   6.851089243E-06
     694   6.831373878E-06
     695   6.811743494E-06
     696   6.799320608E-06
     697   6.779838314E-06
     698   6.760439635E-06
     699   6.741124093E-06
     700   6.721891214E-06
     701   7.062209108E-06
     702   7.042117474E-06
     703   7.022111459E-06
     704   7.002190575E-06
     705   6.982354341E-06
     706   6.571453386E-06
     707   6.552889959E-06
     708   6.534405079E-06
     709   6.515998304E-06
     710   6.497669195E-06
     711   6.747853299E-06
     712   6.728925240E-06
     713   6.710076710E-06
     714   6.691307264E-06
     715   6.672616462E-06
     716   6.582294640E-06
     717   6.563959557E-06
     718   6.545700977E-06
     719   6.527518474E-06
     720   6.509411627E-06
     721   6.487334240E-06
     722   6.469388640E-06
     723   6.451517401E-06
     724   6.433720111E-06
     725   6.415996364E-06
     726   6.449663619E-06
     727   6.431944763E-06
     728   6.414298824E-06
     729   6.396725403E-06
     730   6.379224102E-06
     731   6.230368610E-06
     732   6.213368969E-06
     733   6.196438808E-06
     734   6.179577750E-06
     735   6.162785419E-06
     736   6.313674742E-06
     737   6.296564512E-06
     738   6.279523742E-06
     739   6.262552056E-06
     740   6.245649082E-06
     741   6.301236423E-06
     742   6.284274817E-06
     743   6.267381605E-06
     744   6.250556420E-06
     745   6.233798896E-06
     746   6.163987903E-06
     747   6.147506651E-06
     748   6.131091413E-06
     749   6.114741836E-06
     750   6.098457570E-06
     751   5.996771982E-06
     752   5.980844301E-06
     753   5.964979992E-06
     754   5.949178721E-06
     755   5.933440153E-06
     756   5.736903199E-06
     757   5.721766251E-06
     758   5.706689134E-06
     759   5.691671531E-06
     760   5.676713130E-06
     761   6.035039335E-06
     762   6.019220097E-06
     763   6.003462977E-06
     764   5.987767649E-06
     765   5.972133790E-06
     766   5.825508298E-06
     767   5.810337703E-06
     768   5.795226292E-06
     769   5.780173756E-06
     770   5.765179790E-06
     771   5.841107320E-06
     772   5.825994493E-06
     773   5.810940244E-06
     774   5.795944269E-06
     775   5.781006269E-06
     776   5.554499718E-06
     777   5.540220798E-06
     778   5.525996868E-06
     779   5.511827645E-06
     780   5.497712850E-06
     781   5.548062588E-06
     782   5.533891291E-06
     783   5.519774221E-06
     784   5.505711102E-06
     785   5.491701659E-06
     786   5.457639162E-06
     787   5.443787286E-06
     788   5.429988079E-06
     789   5.416241273E-06
     790   5.402546605E-06
     791   5.322033571E-06
     792   5.308611040E-06
     793   5.295239223E-06
     794   5.281917867E-06
     795   5.268646716E-06
     796   5.236388440E-06
     797   5.223264660E-06
     798   5.210190155E-06
     799   5.197164680E-06
     800   5.184187989E-06
     801   5.239775120E-06
     802   5.226724621E-06
     803   5.213722819E-06
     804   5.200769470E-06
     805   5.187864335E-06
     806   5.133400654E-06
     807   5.120694216E-06
     808   5.108034898E-06
     809   5.095422466E-06
     810   5.082856690E-06
     811   4.945796184E-06
     812   4.933629404E-06
     813   4.921507465E-06
     814   4.909430146E-06
     815   4.897397229E-06
     816   4.828666485E-06
     817   4.816860455E-06
     818   4.805097670E-06
     819   4.793377920E-06
     820   4.781700994E-06
     821   4.789492962E-06
     822   4.777853854E-06
     823   4.766257122E-06
     824   4.754702559E-06
     825   4.743189962E-06
     826   4.652813134E-06
     827   4.641574455E-06
     828   4.630376447E-06
     829   4.619218913E-06
     830   4.608101660E-06
     831   4.662212405E-06
     832   4.651018617E-06
     833   4.639865095E-06
     834   4.628751646E-06
     835   4.617678078E-06
     836   4.451333162E-06
     837   4.440709455E-06
     838   4.430123735E-06
     839   4.419575822E-06
     840   4.409065534E-06
     841   4.358710120E-06
     842   4.348369170E-06
     843   4.338064978E-06
     844   4.327797369E-06
     845   4.317566169E-06
     846   4.295046240E-06
     847   4.284916414E-06
     848   4.274822382E-06
     849   4.264763977E-06
     850   4.254741030E-06
     851   4.140858941E-06
     852   4.131150011E-06
     853   4.121475186E-06
     854   4.111834309E-06
     855   4.102227219E-06
     856   4.101600714E-06
     857   4.092039873E-06
     858   4.082512423E-06
     859   4.073018208E-06
     860   4.063557074E-06
     861   3.932302838E-06
     862   3.923189737E-06
     863   3.914108279E-06
     864   3.905058318E-06
     865   3.896039708E-06
     866   3.906851236E-06
     867   3.897849275E-06
     868   3.888878390E-06
     869   3.879938440E-06
     870   3.871029282E-06
     871   3.887478292E-06
     872   3.878572271E-06
     873   3.869696819E-06
     874   3.860851798E-06
     875   3.852037068E-06
     876   3.705635623E-06
     877   3.697194539E-06
     878   3.688782265E-06
     879   3.680398669E-06
     880   3.672043621E-06
     881   3.621478320E-06
     882   3.613275651E-06
     883   3.605100819E-06
     884   3.596953699E-06
     885   3.588834164E-06
     886   3.540728921E-06
     887   3.532754306E-06
     888   3.524806603E-06
     889   3.516885689E-06
     890   3.508991445E-06
     891   3.484181061E-06
     892   3.476377744E-06
     893   3.468600613E-06
     894   3.460849550E-06
     895   3.453124439E-06
     896   3.447280234E-06
     897   3.439602550E-06
     898   3.431950486E-06
     899   3.424323930E-06
     900   3.416722767E-06
     901   3.274899712E-06
     902   3.267646335E-06
     903   3.260417029E-06
     904   3.253211688E-06
     905   3.246030205E-06
     906   3.205124951E-06
     907   3.198065204E-06
     908   3.191028757E-06
     909   3.184015507E-06
     910   3.177025352E-06
     911   3.082355884E-06
     912   3.075603736E-06
     913   3.068873749E-06
     914   3.062165829E-06
     915   3.055479877E-06
     916   3.033412467E-06
     917   3.026803725E-06
     918   3.020216557E-06
     919   3.013650869E-06
     920   3.007106567E-06
     921   2.925258935E-06
     922   2.918920346E-06
     923   2.912602336E-06
     924   2.906304818E-06
     925   2.900027702E-06
     926   2.831958432E-06
     927   2.825855073E-06
     928   2.819771424E-06
     929   2.813707399E-06
     930   2.807662915E-06
     931   2.861240315E-06
     932   2.855106896E-06
     933   2.848993176E-06
     934   2.842899073E-06
     935   2.836824503E-06
     936   2.685225277E-06
     937   2.679499850E-06
     938   2.673792715E-06
     939   2.668103794E-06
     940   2.662433010E-06
     941   2.658288190E-06
     942   2.652650251E-06
     943   2.647030229E-06
     944   2.641428049E-06
     945   2.635843634E-06
     946   2.590543961E-06
     947   2.585078678E-06
     948   2.579630673E-06
     949   2.574199871E-06
     950   2.568786202E-06
     951   2.571161947E-06
     952   2.565766014E-06
     953   2.560387050E-06
     954   2.555024982E-06
     955   2.549679742E-06
     956   2.481931787E-06
     957   2.476750301E-06
     958   2.471585024E-06
     959   2.466435888E-06
     960   2.461302827E-06
     961   2.376830878E-06
     962   2.371894573E-06
     963   2.366973630E-06
     964   2.362067985E-06
     965   2.357177575E-06
     966   2.432941417E-06
     967   2.427914678E-06
     968   2.422903503E-06
     969   2.417907825E-06
     970   2.412927583E-06
     971   2.293686350E-06
     972   2.288971681E-06
     973   2.284271534E-06
     974   2.279585849E-06
     975   2.274914567E-06
     976   2.323648551E-06
     977   2.318896713E-06
     978   2.314159437E-06
     979   2.309436663E-06
     980   2.304728331E-06
     981   2.222941033E-06
     982   2.218418264E-06
     983   2.213909284E-06
     984   2.209414036E-06
     985   2.204932466E-06
     986   2.167957392E-06
     987   2.163568815E-06
     988   2.159193549E-06
     989   2.154831542E-06
     990   2.150482740E-06
     991   2.150434024E-06
     992   2.146102837E-06
     993   2.141784723E-06
     994   2.137479628E-06
     995   2.133187500E-06
     996   2.123587027E-06
     997   2.119331342E-06
     998   2.115088436E-06
     999   2.110858259E-06
    1000   2.106640760E-06
    1001   2.095433822E-06
    1002   2.091255490E-06
    1003   2.087089642E-06
    1004   2.082936230E-06
    1005   2.078795203E-06
    1006   2.056876370E-06
    1007   2.052795266E-06
    1008   2.048726296E-06
    1009   2.044669412E-06
    1010   2.040624567E-06
    1011   2.022809305E-06
    1012   2.018815605E-06
    1013   2.014833720E-06
    1014   2.010863604E-06
    1015   2.006905211E-06
    1016   2.078127672E-06
    1017   2.074044906E-06
    1018   2.069974161E-06
    1019   2.065915388E-06
    1020   2.061868541E-06
    1021   2.047328543E-06
    1022   2.043325946E-06
    1023   2.039335075E-06
    1024   2.035355885E-06
    1025   2.031388329E-06
    1026   2.037210673E-06
    1027   2.033247228E-06
    1028   2.029295339E-06
    1029   2.025354959E-06
    1030   2.021426046E-06
    1031   2.021593554E-06
    1032   2.017679530E-06
    1033   2.013776862E-06
    1034   2.009885505E-06
    1035   2.006005418E-06
    1036   2.018993203E-06
    1037   2.015103042E-06
    1038   2.011224114E-06
    1039   2.007356376E-06
    1040   2.003499783E-06
    1041   2.046074025E-06
    1042   2.042150585E-06
    1043   2.038238419E-06
    1044   2.034337485E-06
    1045   2.030447738E-06
    1046   2.026111007E-06
    1047   2.022244383E-06
    1048   2.018388817E-06
    1049   2.014544267E-06
    1050   2.010710691E-06
    1051   2.078400462E-06
    1052   2.074452883E-06
    1053   2.070516539E-06
    1054   2.066591390E-06
    1055   2.062677391E-06
    1056   2.076378417E-06
    1057   2.072453316E-06
    1058   2.068539334E-06
    1059   2.064636430E-06
    1060   2.060744561E-06
    1061   2.110595041E-06
    1062   2.106624025E-06
    1063   2.102664205E-06
    1064   2.098715540E-06
    1065   2.094777988E-06
    1066   2.147605061E-06
    1067   2.143583329E-06
    1068   2.139572883E-06
    1069   2.135573681E-06
    1070   2.131585682E-06
    1071   2.187865422E-06
    1072   2.183787388E-06
    1073   2.179720744E-06
    1074   2.175665450E-06
    1075   2.171621462E-06
    1076   2.185884848E-06
    1077   2.181829403E-06
    1078   2.177785233E-06
    1079   2.173752298E-06
    1080   2.169730554E-06
    1081   2.286444167E-06
    1082   2.282221740E-06
    1083   2.278010999E-06
    1084   2.273811900E-06
    1085   2.269624401E-06
    1086   2.313439110E-06
    1087   2.309186464E-06
    1088   2.304945534E-06
    1089   2.300716276E-06
    1090   2.296498648E-06
    1091   2.366394388E-06
    1092   2.362064298E-06
    1093   2.357746081E-06
    1094   2.353439696E-06
    1095   2.349145098E-06
    1096   2.417955015E-06
    1097   2.413550725E-06
    1098   2.409158458E-06
    1099   2.404778170E-06
    1100   2.400409817E-06
    1101   2.509166644E-06
    1102   2.504616931E-06
    1103   2.500079581E-06
    1104   2.495554550E-06
    1105   2.491041793E-06
    1106   2.543565959E-06
    1107   2.538974685E-06
    1108   2.534395831E-06
    1109   2.529829352E-06
    1110   2.525275203E-06
    1111   2.648591310E-06
    1112   2.643831937E-06
    1113   2.639085380E-06
    1114   2.634351595E-06
    1115   2.629630534E-06
    1116   2.718208229E-06
    1117   2.713345603E-06
    1118   2.708496013E-06
    1119   2.703659413E-06
    1120   2.698835756E-06
    1121   2.858452665E-06
    1122   2.853361922E-06
    1123   2.848284765E-06
    1124   2.843221148E-06
    1125   2.838171021E-06
    1126   2.940900963E-06
    1127   2.935686600E-06
    1128   2.930486092E-06
    1129   2.925299391E-06
    1130   2.920126448E-06
    1131   3.061738429E-06
    1132   3.056333772E-06
    1133   3.050943412E-06
    1134   3.045567301E-06
    1135   3.040205386E-06
    1136   3.176798946E-06
    1137   3.171215820E-06
    1138   3.165647399E-06
    1139   3.160093632E-06
    1140   3.154554467E-06
    1141   3.319318422E-06
    1142   3.313510341E-06
    1143   3.307717490E-06
    1144   3.301939818E-06
    1145   3.296177270E-06
    1146   3.475175225E-06
    1147   3.469120913E-06
    1148   3.463082408E-06
    1149   3.457059656E-06
    1150   3.451052602E-06
    1151   3.524753345E-06
    1152   3.518639289E-06
    1153   3.512541127E-06
    1154   3.506458805E-06
    1155   3.500392267E-06
    1156   3.719998366E-06
    1157   3.713573498E-06
    1158   3.707165261E-06
    1159   3.700773597E-06
    1160   3.694398448E-06
    1161   3.813843960E-06
    1162   3.807285329E-06
    1163   3.800743602E-06
    1164   3.794218720E-06
    1165   3.787710626E-06
    1166   4.032263982E-06
    1167   4.025359420E-06
    1168   4.018472578E-06
    1169   4.011603394E-06
    1170   4.004751808E-06
    1171   4.247443659E-06
    1172   4.240201640E-06
    1173   4.232978128E-06
    1174   4.225773059E-06
    1175   4.218586370E-06
    1176   4.338149910E-06
    1177   4.330784630E-06
    1178   4.323438091E-06
    1179   4.316110230E-06
    1180   4.308800983E-06
    1181   4.573938813E-06
    1182   4.566206034E-06
    1183   4.558492848E-06
    1184   4.550799190E-06
    1185   4.543124992E-06
    1186   4.728455623E-06
    1187   4.720495260E-06
    1188   4.712554982E-06
    1189   4.704634722E-06
    1190   4.696734412E-06
    1191   4.841222128E-06
    1192   4.833106081E-06
    1193   4.825010426E-06
    1194   4.816935095E-06
    1195   4.808880020E-06
    1196   5.013989927E-06
    1197   5.005619326E-06
    1198   4.997269669E-06
    1199   4.988940887E-06
    1200   4.980632908E-06
    1201   5.100145355E-06
    1202   5.091666310E-06
    1203   5.083208393E-06
    1204   5.074771533E-06
    1205   5.066355659E-06
    1206   5.265345835E-06
    1207   5.256628375E-06
    1208   5.247932546E-06
    1209   5.239258277E-06
    1210   5.230605497E-06
    1211   5.234829569E-06
    1212   5.226198357E-06
    1213   5.217588475E-06
    1214   5.208999852E-06
    1215   5.200432419E-06
    1216   5.479773887E-06
    1217   5.470775901E-06
    1218   5.461800058E-06
    1219   5.452846288E-06
    1220   5.443914517E-06
    1221   5.748280416E-06
    1222   5.738880121E-06
    1223   5.729502866E-06
    1224   5.720148576E-06
    1225   5.710817175E-06
    1226   5.866663383E-06
    1227   5.857108557E-06
    1228   5.847577054E-06
    1229   5.838068798E-06
    1230   5.828583715E-06
    1231   6.304349893E-06
    1232   6.294123859E-06
    1233   6.283922686E-06
    1234   6.273746293E-06
    1235   6.263594600E-06
    1236   6.407700053E-06
    1237   6.397348357E-06
    1238   6.387021725E-06
    1239   6.376720077E-06
    1240   6.366443333E-06
    1241   6.579111702E-06
    1242   6.568525842E-06
    1243   6.557965511E-06
    1244   6.547430627E-06
    1245   6.536921107E-06
    1246   6.896068404E-06
    1247   6.885017012E-06
    1248   6.873992165E-06
    1249   6.862993778E-06
    1250   6.852021765E-06
    1251   6.998018386E-06
    1252   6.986848364E-06
    1253   6.975705066E-06
    1254   6.964588404E-06
    1255   6.953498295E-06
    1256   7.391639483E-06
    1257   7.379888068E-06
    1258   7.368164656E-06
    1259   7.356469157E-06
    1260   7.344801482E-06
    1261   7.487594878E-06
    1262   7.475738037E-06
    1263   7.463909338E-06
    1264   7.452108691E-06
    1265   7.440336007E-06
    1266   7.913319450E-06
    1267   7.900837874E-06
    1268   7.888385804E-06
    1269   7.875963150E-06
    1270   7.863569817E-06
    1271   8.168885624E-06
    1272   8.156051553E-06
    1273   8.143247705E-06
    1274   8.130473983E-06
    1275   8.117730293E-06
    1276   8.397095814E-06
    1277   8.383954819E-06
    1278   8.370844647E-06
    1279   8.357765202E-06
    1280   8.344716388E-06
    1281   8.676444985E-06
    1282   8.662919740E-06
    1283   8.649426095E-06
    1284   8.635963953E-06
    1285   8.622533216E-06
    1286   8.872680016E-06
    1287   8.858902563E-06
    1288   8.845157175E-06
    1289   8.831443753E-06
    1290   8.817762198E-06
    1291   9.253582557E-06
    1292   9.239269205E-06
    1293   9.224989036E-06
    1294   9.210741949E-06
    1295   9.196527841E-06
    1296   9.248489099E-06
    1297   9.234238731E-06
    1298   9.220021273E-06
    1299   9.205836625E-06
    1300   9.191684686E-06
    1301   9.410436927E-06
    1302   9.395992665E-06
    1303   9.381581633E-06
    1304   9.367203730E-06
    1305   9.352858855E-06
    1306   9.554424275E-06
    1307   9.539815063E-06
    1308   9.525239334E-06
    1309   9.510696984E-06
    1310   9.496187911E-06
    1311   9.750705938E-06
    1312   9.735853378E-06
    1313   9.721034727E-06
    1314   9.706249883E-06
    1315   9.691498744E-06
    1316   1.017286618E-05
    1317   1.015742936E-05
    1318   1.014202765E-05
    1319   1.012666094E-05
    1320   1.011132913E-05
    1321   1.024757175E-05
    1322   1.023208033E-05
    1323   1.021662402E-05
    1324   1.020120270E-05
    1325   1.018581627E-05
    1326   1.061632288E-05
    1327   1.060033444E-05
    1328   1.058438210E-05
    1329   1.056846573E-05
    1330   1.055258524E-05
    1331   1.087572626E-05
    1332   1.085940859E-05
    1333   1.084312762E-05
    1334   1.082688323E-05
    1335   1.081067532E-05
    1336   1.112364668E-05
    1337   1.110701940E-05
    1338   1.109042938E-05
    1339   1.107387650E-05
    1340   1.105736065E-05
    1341   1.133612018E-05
    1342   1.131923839E-05
    1343   1.130239429E-05
    1344   1.128558776E-05
    1345   1.126881868E-05
    1346   1.157608727E-05
    1347   1.155891206E-05
    1348   1.154177505E-05
    1349   1.152467613E-05
    1350   1.150761517E-05
    1351   1.177552560E-05
    1352   1.175811906E-05
    1353   1.174075109E-05
    1354   1.172342157E-05
    1355   1.170613038E-05
    1356   1.228605854E-05
    1357   1.226796420E-05
    1358   1.224990980E-05
    1359   1.223189522E-05
    1360   1.221392036E-05
    1361   1.244433158E-05
    1362   1.242607137E-05
    1363   1.240785132E-05
    1364   1.238967132E-05
    1365   1.237153124E-05
    1366   1.257592122E-05
    1367   1.255753537E-05
    1368   1.253918982E-05
    1369   1.252088443E-05
    1370   1.250261910E-05
    1371   1.285910850E-05
    1372   1.284037710E-05
    1373   1.282168660E-05
    1374   1.280303687E-05
    1375   1.278442780E-05
    1376   1.340745574E-05
    1377   1.338799644E-05
    1378   1.336857948E-05
    1379   1.334920473E-05
    1380   1.332987206E-05
    1381   1.362680813E-05
    1382   1.360710197E-05
    1383   1.358743853E-05
    1384   1.356781768E-05
    1385   1.354823930E-05
    1386   1.420809220E-05
    1387   1.418761944E-05
    1388   1.416719090E-05
    1389   1.414680646E-05
    1390   1.412646597E-05
    1391   1.411024461E-05
    1392   1.408998583E-05
    1393   1.406977064E-05
    1394   1.404959893E-05
    1395   1.402947056E-05
    1396   1.445729874E-05
    1397   1.443661591E-05
    1398   1.441597743E-05
    1399   1.439538318E-05
    1400   1.437483302E-05
    1401   1.441139275E-05
    1402   1.439084907E-05
    1403   1.437034928E-05
    1404   1.434989327E-05
    1405   1.432948090E-05
    1406   1.433830514E-05
    1407   1.431793823E-05
    1408   1.429761468E-05
    1409   1.427733438E-05
    1410   1.425709719E-05
    1411   1.455627316E-05
    1412   1.453566980E-05
    1413   1.451511015E-05
    1414   1.449459410E-05
    1415   1.447412151E-05
    1416   1.475008822E-05
    1417   1.472928414E-05
    1418   1.470852405E-05
    1419   1.468780782E-05
    1420   1.466713533E-05
    1421   1.498722638E-05
    1422   1.496616211E-05
    1423   1.494514222E-05
    1424   1.492416658E-05
    1425   1.490323507E-05
    1426   1.553504830E-05
    1427   1.551329053E-05
    1428   1.549157844E-05
    1429   1.546991190E-05
    1430   1.544829078E-05
    1431   1.568337939E-05
    1432   1.566149051E-05
    1433   1.563964743E-05
    1434   1.561785001E-05
    1435   1.559609813E-05
    1436   1.582846340E-05
    1437   1.580644885E-05
    1438   1.578448019E-05
    1439   1.576255730E-05
    1440   1.574068005E-05
    1441   1.586025036E-05
    1442   1.583826803E-05
    1443   1.581633137E-05
    1444   1.579444025E-05
    1445   1.577259455E-05
    1446   1.606246626E-05
    1447   1.604028053E-05
    1448   1.601814074E-05
    1449   1.599604675E-05
    1450   1.597399844E-05
    1451   1.630360425E-05
    1452   1.628116295E-05
    1453   1.625876795E-05
    1454   1.623641913E-05
    1455   1.621411636E-05
    1456   1.614502051E-05
    1457   1.612287370E-05
    1458   1.610077244E-05
    1459   1.607871659E-05
    1460   1.605670602E-05
    1461   1.674385908E-05
    1462   1.672096932E-05
    1463   1.669812647E-05
    1464   1.667533039E-05
    1465   1.665258096E-05
    1466   1.675939415E-05
    1467   1.673656119E-05
    1468   1.671377486E-05
    1469   1.669103503E-05
    1470   1.666834158E-05
    1471   1.740024116E-05
    1472   1.737661558E-05
    1473   1.735303808E-05
    1474   1.732950854E-05
    1475   1.730602682E-05
    1476   1.759948569E-05
    1477   1.757567042E-05
    1478   1.755190346E-05
    1479   1.752818467E-05
    1480   1.750451392E-05
    1481   1.796601263E-05
    1482   1.794178334E-05
    1483   1.791760304E-05
    1484   1.789347159E-05
    1485   1.786938886E-05
    1486   1.829625838E-05
    1487   1.827166663E-05
    1488   1.824712443E-05
    1489   1.822263165E-05
    1490   1.819818815E-05
    1491   1.811124612E-05
    1492   1.808698457E-05
    1493   1.806277174E-05
    1494   1.803860750E-05
    1495   1.801449171E-05
    1496   1.805703841E-05
    1497   1.803293021E-05
    1498   1.800887027E-05
    1499   1.798485844E-05
    1500   1.796089460E-05
    1501   1.820385221E-05
    1502   1.817962885E-05
    1503   1.815545381E-05
    1504   1.813132697E-05
    1505   1.810724818E-05
    1506   1.801275805E-05
    1507   1.798886845E-05
    1508   1.796502635E-05
    1509   1.794123161E-05
    1510   1.791748412E-05
    1511   1.792846693E-05
    1512   1.790476770E-05
    1513   1.788111543E-05
    1514   1.785751000E-05
    1515   1.783395128E-05
    1516   1.810459512E-05
    1517   1.808074190E-05
    1518   1.805693579E-05
    1519   1.803317666E-05
    1520   1.800946440E-05
    1521   1.820130419E-05
    1522   1.817740229E-05
    1523   1.815354743E-05
    1524   1.812973950E-05
    1525   1.810597837E-05
    1526   1.868015717E-05
    1527   1.865570670E-05
    1528   1.863130421E-05
    1529   1.860694956E-05
    1530   1.858264264E-05
    1531   1.890939829E-05
    1532   1.888472850E-05
    1533   1.886010695E-05
    1534   1.883553352E-05
    1535   1.881100809E-05
    1536   1.889867677E-05
    1537   1.887410112E-05
    1538   1.884957337E-05
    1539   1.882509341E-05
    1540   1.880066110E-05
    1541   1.889951279E-05
    1542   1.887501569E-05
    1543   1.885056619E-05
    1544   1.882616416E-05
    1545   1.880180949E-05
    1546   1.909225187E-05
    1547   1.906758488E-05
    1548   1.904296566E-05
    1549   1.901839409E-05
    1550   1.899387005E-05
    1551   1.883306188E-05
    1552   1.880880810E-05
    1553   1.878460114E-05
    1554   1.876044088E-05
    1555   1.873632720E-05
    1556   1.918768575E-05
    1557   1.916305458E-05
    1558   1.913847080E-05
    1559   1.911393430E-05
    1560   1.908944495E-05
    1561   1.922145943E-05
    1562   1.919686384E-05
    1563   1.917231542E-05
    1564   1.914781406E-05
    1565   1.912335963E-05
    1566   1.933923277E-05
    1567   1.931456538E-05
    1568   1.928994516E-05
    1569   1.926537198E-05
    1570   1.924084573E-05
    1571   1.967890910E-05
    1572   1.965388823E-05
    1573   1.962891506E-05
    1574   1.960398945E-05
    1575   1.957911129E-05
    1576   1.986227436E-05
    1577   1.983710038E-05
    1578   1.981197422E-05
    1579   1.978689577E-05
    1580   1.976186491E-05
    1581   2.021620256E-05
    1582   2.019066092E-05
    1583   2.016516767E-05
    1584   2.013972266E-05
    1585   2.011432578E-05
    1586   2.028045495E-05
    1587   2.025491281E-05
    1588   2.022941890E-05
    1589   2.020397309E-05
    1590   2.017857526E-05
    1591   2.025354009E-05
    1592   2.022811191E-05
    1593   2.020273160E-05
    1594   2.017739902E-05
    1595   2.015211406E-05
    1596   1.975693697E-05
    1597   1.973220989E-05
    1598   1.970752921E-05
    1599   1.968289479E-05
    1600   1.965830654E-05
    1601   1.961060815E-05
    1602   1.958614076E-05
    1603   1.956171914E-05
    1604   1.953734317E-05
    1605   1.951301273E-05
    1606   1.950995739E-05
    1607   1.948569128E-05
    1608   1.946147041E-05
    1609   1.943729467E-05
    1610   1.941316395E-05
    1611   1.945830630E-05
    1612   1.943417944E-05
    1613   1.941009744E-05
    1614   1.938606016E-05
    1615   1.936206752E-05
    1616   1.929274446E-05
    1617   1.926889681E-05
    1618   1.924509336E-05
    1619   1.922133398E-05
    1620   1.919761858E-05
    1621   1.914955158E-05
    1622   1.912595385E-05
    1623   1.910239972E-05
    1624   1.907888908E-05
    1625   1.905542181E-05
    1626   1.939434124E-05
    1627   1.937051527E-05
    1628   1.934673318E-05
    1629   1.932299486E-05
    1630   1.929930020E-05
    1631   1.956830178E-05
    1632   1.954433570E-05
    1633   1.952041363E-05
    1634   1.949653544E-05
    1635   1.947270105E-05
    1636   1.931337374E-05
    1637   1.928979209E-05
    1638   1.926625360E-05
    1639   1.924275817E-05
    1640   1.921930569E-05
    1641   1.924951566E-05
    1642   1.922608351E-05
    1643   1.920269411E-05
    1644   1.917934737E-05
    1645   1.915604318E-05
    1646   1.908391281E-05
    1647   1.906075272E-05
    1648   1.903763476E-05
    1649   1.901455884E-05
    1650   1.899152485E-05
    1651   1.876828024E-05
    1652   1.874557209E-05
    1653   1.872290514E-05
    1654   1.870027927E-05
    1655   1.867769439E-05
    1656   1.831823386E-05
    1657   1.829613708E-05
    1658   1.827408025E-05
    1659   1.825206329E-05
    1660   1.823008609E-05
    1661   1.791152698E-05
    1662   1.788998575E-05
    1663   1.786848337E-05
    1664   1.784701972E-05
    1665   1.782559473E-05
    1666   1.829199299E-05
    1667   1.827006015E-05
    1668   1.824816673E-05
    1669   1.822631263E-05
    1670   1.820449778E-05
    1671   1.855587341E-05
    1672   1.853369066E-05
    1673   1.851154766E-05
    1674   1.848944432E-05
    1675   1.846738054E-05
    1676   1.877214648E-05
    1677   1.874977205E-05
    1678   1.872743760E-05
    1679   1.870514303E-05
    1680   1.868288825E-05
    1681   1.881769800E-05
    1682   1.879533591E-05
    1683   1.877301366E-05
    1684   1.875073115E-05
    1685   1.872848829E-05
    1686   1.868636092E-05
    1687   1.866422068E-05
    1688   1.864211977E-05
    1689   1.862005809E-05
    1690   1.859803555E-05
    1691   1.843553900E-05
    1692   1.841376045E-05
    1693   1.839202048E-05
    1694   1.837031898E-05
    1695   1.834865586E-05
    1696   1.799722386E-05
    1697   1.797602572E-05
    1698   1.795486501E-05
    1699   1.793374163E-05
    1700   1.791265552E-05
    1701   1.785997350E-05
    1702   1.783899878E-05
    1703   1.781806099E-05
    1704   1.779716004E-05
    1705   1.777629584E-05
    1706   1.757411255E-05
    1707   1.755353396E-05
    1708   1.753299150E-05
    1709   1.751248508E-05
    1710   1.749201461E-05
    1711   1.762177286E-05
    1712   1.760119869E-05
    1713   1.758066054E-05
    1714   1.756015831E-05
    1715   1.753969192E-05
    1716   1.789573312E-05
    1717   1.787489991E-05
    1718   1.785410305E-05
    1719   1.783334246E-05
    1720   1.781261807E-05
    1721   1.764016365E-05
    1722   1.761968754E-05
    1723   1.759924707E-05
    1724   1.757884215E-05
    1725   1.755847269E-05
    1726   1.788986866E-05
    1727   1.786916279E-05
    1728   1.784849285E-05
    1729   1.782785876E-05
    1730   1.780726042E-05
    1731   1.778928605E-05
    1732   1.776875600E-05
    1733   1.774826147E-05
    1734   1.772780238E-05
    1735   1.770737864E-05
    1736   1.802787945E-05
    1737   1.800713391E-05
    1738   1.798642415E-05
    1739   1.796575010E-05
    1740   1.794511167E-05
    1741   1.813668273E-05
    1742   1.811587185E-05
    1743   1.809509677E-05
    1744   1.807435740E-05
    1745   1.805365367E-05
    1746   1.784107390E-05
    1747   1.782066078E-05
    1748   1.780028266E-05
    1749   1.777993948E-05
    1750   1.775963116E-05
    1751   1.759109304E-05
    1752   1.757102334E-05
    1753   1.755098797E-05
    1754   1.753098684E-05
    1755   1.751101989E-05
    1756   1.703944957E-05
    1757   1.702006453E-05
    1758   1.700071255E-05
    1759   1.698139356E-05
    1760   1.696210748E-05
    1761   1.684508534E-05
    1762   1.682597577E-05
    1763   1.680689870E-05
    1764   1.678785406E-05
    1765   1.676884177E-05
    1766   1.636050096E-05
    1767   1.634199360E-05
    1768   1.632351764E-05
    1769   1.630507298E-05
    1770   1.628665958E-05
    1771   1.659078663E-05
    1772   1.657207170E-05
    1773   1.655338842E-05
    1774   1.653473672E-05
    1775   1.651611652E-05
    1776   1.696505973E-05
    1777   1.694597642E-05
    1778   1.692692530E-05
    1779   1.690790628E-05
    1780   1.688891930E-05
    1781   1.703330203E-05
    1782   1.701419569E-05
    1783   1.699512148E-05
    1784   1.697607933E-05
    1785   1.695706916E-05
    1786   1.690377537E-05
    1787   1.688486734E-05
    1788   1.686599102E-05
    1789   1.684714634E-05
    1790   1.682833322E-05
    1791   1.619687961E-05
    1792   1.617881282E-05
    1793   1.616077624E-05
    1794   1.614276980E-05
    1795   1.612479344E-05
    1796   1.589065888E-05
    1797   1.587298295E-05
    1798   1.585533650E-05
    1799   1.583771946E-05
    1800   1.582013176E-05
    1801   1.543189550E-05
    1802   1.541477748E-05
    1803   1.539768793E-05
    1804   1.538062678E-05
    1805   1.536359397E-05
    1806   1.578007502E-05
    1807   1.576261919E-05
    1808   1.574519230E-05
    1809   1.572779430E-05
    1810   1.571042512E-05
    1811   1.656654152E-05
    1812   1.654826624E-05
    1813   1.653002118E-05
    1814   1.651180628E-05
    1815   1.649362147E-05
    1816   1.734187169E-05
    1817   1.732279372E-05
    1818   1.730374722E-05
    1819   1.728473211E-05
    1820   1.726574833E-05
    1821   1.809240660E-05
    1822   1.807255755E-05
    1823   1.805274115E-05
    1824   1.803295733E-05
    1825   1.801320600E-05
    1826   1.797299273E-05
    1827   1.795332863E-05
    1828   1.793369677E-05
    1829   1.791409711E-05
    1830   1.789452955E-05
    1831   1.780380080E-05
    1832   1.778437494E-05
    1833   1.776498086E-05
    1834   1.774561848E-05
    1835   1.772628774E-05
    1836   1.788064657E-05
    1837   1.786118994E-05
    1838   1.784176505E-05
    1839   1.782237182E-05
    1840   1.780301020E-05
    1841   1.784754530E-05
    1842   1.782817738E-05
    1843   1.780884096E-05
    1844   1.778953598E-05
    1845   1.777026238E-05
    1846   1.743977737E-05
    1847   1.742090316E-05
    1848   1.740205956E-05
    1849   1.738324652E-05
    1850   1.736446398E-05
    1851   1.642086621E-05
    1852   1.640314266E-05
    1853   1.638544780E-05
    1854   1.636778154E-05
    1855   1.635014385E-05
    1856   1.536074364E-05
    1857   1.534420893E-05
    1858   1.532770091E-05
    1859   1.531121951E-05
    1860   1.529476468E-05
    1861   1.452485009E-05
    1862   1.450925712E-05
    1863   1.449368925E-05
    1864   1.447814642E-05
    1865   1.446262858E-05
    1866   1.439039247E-05
    1867   1.437498520E-05
    1868   1.435960265E-05
    1869   1.434424479E-05
    1870   1.432891155E-05
    1871   1.568042012E-05
    1872   1.566367648E-05
    1873   1.564695964E-05
    1874   1.563026955E-05
    1875   1.561360615E-05
    1876   1.783771037E-05
    1877   1.781871388E-05
    1878   1.779974771E-05
    1879   1.778081181E-05
    1880   1.776190611E-05
    1881   2.104143713E-05
    1882   2.101908828E-05
    1883   2.099677503E-05
    1884   2.097449728E-05
    1885   2.095225497E-05
    1886   2.318588073E-05
    1887   2.316131942E-05
    1888   2.313679711E-05
    1889   2.311231373E-05
    1890   2.308786919E-05
    1891   2.414239861E-05
    1892   2.411689159E-05
    1893   2.409142497E-05
    1894   2.406599866E-05
    1895   2.404061259E-05
    1896   2.406909776E-05
    1897   2.404373517E-05
    1898   2.401841264E-05
    1899   2.399313010E-05
    1900   2.396788746E-05
    1901   2.290874937E-05
    1902   2.288467291E-05
    1903   2.286063439E-05
    1904   2.283663373E-05
    1905   2.281267084E-05
    1906   2.382132616E-05
    1907   2.379635621E-05
    1908   2.377142551E-05
    1909   2.374653397E-05
    1910   2.372168150E-05
    1911   2.593120498E-05
    1912   2.590409446E-05
    1913   2.587702644E-05
    1914   2.585000083E-05
    1915   2.582301753E-05
    1916   2.877616690E-05
    1917   2.874616047E-05
    1918   2.871620094E-05
    1919   2.868628823E-05
    1920   2.865642224E-05
    1921   3.053592013E-05
    1922   3.050416151E-05
    1923   3.047245240E-05
    1924   3.044079271E-05
    1925   3.040918233E-05
    1926   2.952221729E-05
    1927   2.949159258E-05
    1928   2.946101550E-05
    1929   2.943048595E-05
    1930   2.940000383E-05
    1931   2.582266483E-05
    1932   2.579594712E-05
    1933   2.576927086E-05
    1934   2.574263595E-05
    1935   2.571604232E-05
    1936   1.905275203E-05
    1937   1.903308975E-05
    1938   1.901345789E-05
    1939   1.899385639E-05
    1940   1.897428518E-05
    1941   1.067295461E-05
    1942   1.066196855E-05
    1943   1.065099945E-05
    1944   1.064004727E-05
    1945   1.062911197E-05
    1946   7.261744430E-07
    1947   7.254288840E-07
    1948   7.246844726E-07
    1949   7.239412065E-07
    1950   7.231990833E-07
    1951  -1.000071972E-05
    1952  -9.990478326E-06
    1953  -9.980252657E-06
    1954  -9.970042680E-06
    1955  -9.959848362E-06
    1956  -2.010323663E-05
    1957  -2.008270217E-05
    1958  -2.006219915E-05
    1959  -2.004172752E-05
    1960  -2.002128721E-05
    1961  -2.692725198E-05
    1962  -2.689981718E-05
    1963  -2.687242429E-05
    1964  -2.684507323E-05
    1965  -2.681776389E-05
    1966  -3.144061357E-05
    1967  -3.140866173E-05
    1968  -3.137675857E-05
    1969  -3.134490399E-05
    1970  -3.131309790E-05
    1971  -2.840819169E-05
    1972  -2.837939474E-05
    1973  -2.835064156E-05
    1974  -2.832193205E-05
    1975  -2.829326612E-05
    1976  -1.222066347E-05
    1977  -1.220830688E-05
    1978  -1.219596903E-05
    1979  -1.218364987E-05
    1980  -1.217134936E-05
    1981   2.044818121E-05
    1982   2.042755773E-05
    1983   2.040696544E-05
    1984   2.038640426E-05
    1985   2.036587415E-05
    1986   6.925916694E-05
    1987   6.918948971E-05
    1988   6.911991757E-05
    1989   6.905045032E-05
    1990   6.898108774E-05
    1991   1.358835355E-04
    1992   1.357471747E-04
    1993   1.356110191E-04
    1994   1.354750682E-04
    1995   1.353393216E-04
    1996   2.136646836E-04
    1997   2.134508051E-04
    1998   2.132372475E-04
    1999   2.130240102E-04
    2000   2.128110927E-04
    2001   2.903214458E-04
    2002   2.900315592E-04
    2003   2.897421065E-04
    2004   2.894530869E-04
    2005   2.891644996E-04
    2006   3.590670217E-04
    2007   3.587093853E-04
    2008   3.583522828E-04
    2009   3.579957134E-04
    2010   3.576396759E-04
    2011   4.084258366E-04
    2012   4.080200484E-04
    2013   4.076148646E-04
    2014   4.072102841E-04
    2015   4.068063056E-04
    2016   4.413320355E-04
    2017   4.408946400E-04
    2018   4.404578944E-04
    2019   4.400217975E-04
    2020   4.395863479E-04
    2021   4.316501435E-04
    2022   4.312234009E-04
    2023   4.307972908E-04
    2024   4.303718120E-04
    2025   4.299469632E-04
    2026   3.568469594E-04
    2027   3.564950393E-04
    2028   3.561436395E-04
    2029   3.557927591E-04
    2030   3.554423970E-04
    2031   1.808048692E-04
    2032   1.806269992E-04
    2033   1.804493915E-04
    2034   1.802720457E-04
    2035   1.800949611E-04
    2036  -1.464225093E-04
    2037  -1.462788170E-04
    2038  -1.461353360E-04
    2039  -1.459920661E-04
    2040  -1.458490068E-04
    2041  -6.576130323E-04
    2042  -6.569692604E-04
    2043  -6.563264333E-04
    2044  -6.556845493E-04
    2045  -6.550436064E-04
    2046  -1.299791447E-03
    2047  -1.298522119E-03
    2048  -1.297254650E-03
    2049  -1.295989036E-03
    2050  -1.294725273E-03
    2051  -2.006471209E-03
    2052  -2.004516537E-03
    2053  -2.002564719E-03
    2054  -2.000615751E-03
    2055  -1.998669627E-03
    2056  -2.546853018E-03
    2057  -2.544377942E-03
    2058  -2.541906472E-03
    2059  -2.539438602E-03
    2060  -2.536974324E-03
    2061  -2.806171660E-03
    2062  -2.803451184E-03
    2063  -2.800734661E-03
    2064  -2.798022085E-03
    2065  -2.795313448E-03
    2066  -2.817974791E-03
    2067  -2.815249477E-03
    2068  -2.812528115E-03
    2069  -2.809810696E-03
    2070  -2.807097214E-03
    2071  -2.503022730E-03
    2072  -2.500607851E-03
    2073  -2.498196464E-03
    2074  -2.495788564E-03
    2075  -2.493384143E-03
    2076  -1.887063211E-03
    2077  -1.885246981E-03
    2078  -1.883433372E-03
    2079  -1.881622378E-03
    2080  -1.879813995E-03
    2081  -6.373761036E-04
    2082  -6.367641247E-04
    2083  -6.361530267E-04
    2084  -6.355428079E-04
    2085  -6.349334668E-04
    2086   1.622060342E-03
    2087   1.620506645E-03
    2088   1.618955178E-03
    2089   1.617405939E-03
    2090   1.615858922E-03
    2091   5.129600656E-03
    2092   5.124698983E-03
    2093   5.119804333E-03
    2094   5.114916692E-03
    2095   5.110036046E-03
    2096   9.857738394E-03
    2097   9.848341122E-03
    2098   9.838957281E-03
    2099   9.829586845E-03
    2100   9.820229790E-03
    2101   1.522489936E-02
    2102   1.521042014E-02
    2103   1.519596157E-02
    2104   1.518152360E-02
    2105   1.516710620E-02
    2106   1.936969853E-02
    2107   1.935132120E-02
    2108   1.933297002E-02
    2109   1.931464493E-02
    2110   1.929634588E-02
    2111   2.233863970E-02
    2112   2.231749569E-02
    2113   2.229638169E-02
    2114   2.227529765E-02
    2115   2.225424349E-02
    2116   2.374022918E-02
    2117   2.371781159E-02
    2118   2.369542574E-02
    2119   2.367307156E-02
    2120   2.365074901E-02
    2121   2.404088338E-02
    2122   2.401823535E-02
    2123   2.399561931E-02
    2124   2.397303520E-02
    2125   2.395048295E-02
    2126   2.341480594E-02
    2127   2.339279955E-02
    2128   2.337082416E-02
    2129   2.334887972E-02
    2130   2.332696618E-02
    2131   2.239026435E-02
    2132   2.236927020E-02
    2133   2.234830556E-02
    2134   2.232737038E-02
    2135   2.230646460E-02
    2136   2.025129692E-02
    2137   2.023235277E-02
    2138   2.021343519E-02
    2139   2.019454413E-02
    2140   2.017567954E-02
    2141   1.689400542E-02
    2142   1.687823873E-02
    2143   1.686249411E-02
    2144   1.684677150E-02
    2145   1.683107087E-02
    2146   1.264874760E-02
    2147   1.263697037E-02
    2148   1.262520958E-02
    2149   1.261346520E-02
    2150   1.260173720E-02
    2151   7.728387895E-03
    2152   7.721208714E-03
    2153   7.714039533E-03
    2154   7.706880331E-03
    2155   7.699731092E-03
    2156   3.583067821E-03
    2157   3.579747091E-03
    2158   3.576430975E-03
    2159   3.573119465E-03
    2160   3.569812552E-03
    2161   7.172079445E-04
    2162   7.165447841E-04
    2163   7.158825431E-04
    2164   7.152212198E-04
    2165   7.145608124E-04
    2166  -9.883650187E-04
    2167  -9.874532428E-04
    2168  -9.865427281E-04
    2169  -9.856334721E-04
    2170  -9.847254726E-04
    2171  -1.865473775E-03
    2172  -1.863756818E-03
    2173  -1.862042231E-03
    2174  -1.860330008E-03
    2175  -1.858620146E-03
    2176  -2.244390403E-03
    2177  -2.242329438E-03
    2178  -2.240271311E-03
    2179  -2.238216016E-03
    2180  -2.236163549E-03
    2181  -2.355665491E-03
    2182  -2.353507300E-03
    2183  -2.351352073E-03
    2184  -2.349199806E-03
    2185  -2.347050492E-03
    2186  -2.235821938E-03
    2187  -2.233778225E-03
    2188  -2.231737313E-03
    2189  -2.229699197E-03
    2190  -2.227663871E-03
    2191  -1.900611031E-03
    2192  -1.898877688E-03
    2193  -1.897146715E-03
    2194  -1.895418107E-03
    2195  -1.893691861E-03
    2196  -1.466021075E-03
    2197  -1.464687116E-03
    2198  -1.463354976E-03
    2199  -1.462024654E-03
    2200  -1.460696144E-03
    2201  -9.094253002E-04
    2202  -9.085996758E-04
    2203  -9.077751752E-04
    2204  -9.069517963E-04
    2205  -9.061295372E-04
    2206  -4.447828029E-04
    2207  -4.443799199E-04
    2208  -4.439775841E-04
    2209  -4.435757944E-04
    2210  -4.431745499E-04
    2211  -1.038569536E-04
    2212  -1.037630928E-04
    2213  -1.036693593E-04
    2214  -1.035757526E-04
    2215  -1.034822727E-04
    2216   9.778210551E-05
    2217   9.769393409E-05
    2218   9.760588187E-05
    2219   9.751794865E-05
    2220   9.743013420E-05
    2221   2.014200201E-04
    2222   2.012388055E-04
    2223   2.010578354E-04
    2224   2.008771092E-04
    2225   2.006966266E-04
    2226   2.379518968E-04
    2227   2.377382955E-04
    2228   2.375249816E-04
    2229   2.373119547E-04
    2230   2.370992143E-04
    2231   2.368768430E-04
    2232   2.366646829E-04
    2233   2.364528076E-04
    2234   2.362412167E-04
    2235   2.360299097E-04
    2236   2.119006439E-04
    2237   2.117112778E-04
    2238   2.115221655E-04
    2239   2.113333064E-04
    2240   2.111447002E-04
    2241   1.760430659E-04
    2242   1.758860948E-04
    2243   1.757293336E-04
    2244   1.755727819E-04
    2245   1.754164392E-04
    2246   1.320242708E-04
    2247   1.319068115E-04
    2248   1.317895088E-04
    2249   1.316723626E-04
    2250   1.315553725E-04
    2251   8.040913221E-05
    2252   8.033775259E-05
    2253   8.026646799E-05
    2254   8.019527821E-05
    2255   8.012418311E-05
    2256   3.668657019E-05
    2257   3.665407544E-05
    2258   3.662162385E-05
    2259   3.658921533E-05
    2260   3.655684981E-05
    2261   2.510884546E-06
    2262   2.508665470E-06
    2263   2.506449334E-06
    2264   2.504236134E-06
    2265   2.502025864E-06
    2266  -2.039315546E-05
    2267  -2.037517208E-05
    2268  -2.035721247E-05
    2269  -2.033927660E-05
    2270  -2.032136443E-05
    2271  -3.378659388E-05
    2272  -3.375686524E-05
    2273  -3.372717583E-05
    2274  -3.369752556E-05
    2275  -3.366791438E-05
    2276  -3.890417394E-05
    2277  -3.887001751E-05
    2278  -3.883590605E-05
    2279  -3.880183946E-05
    2280  -3.876781768E-05
    2281  -3.935548505E-05
    2282  -3.932100806E-05
    2283  -3.928657636E-05
    2284  -3.925218986E-05
    2285  -3.921784848E-05
    2286  -3.579527124E-05
    2287  -3.576398167E-05
    2288  -3.573273311E-05
    2289  -3.570152548E-05
    2290  -3.567035872E-05
    2291  -3.076895393E-05
    2292  -3.074211664E-05
    2293  -3.071531445E-05
    2294  -3.068854729E-05
    2295  -3.066181511E-05
    2296  -2.404888897E-05
    2297  -2.402795870E-05
    2298  -2.400705573E-05
    2299  -2.398618003E-05
    2300  -2.396533155E-05
    2301  -1.688296464E-05
    2302  -1.686830293E-05
    2303  -1.685366030E-05
    2304  -1.683903673E-05
    2305  -1.682443219E-05
    2306  -1.108940891E-05
    2307  -1.107979937E-05
    2308  -1.107020232E-05
    2309  -1.106061773E-05
    2310  -1.105104558E-05
    2311  -6.450022514E-06
    2312  -6.444445322E-06
    2313  -6.438875361E-06
    2314  -6.433312618E-06
    2315  -6.427757080E-06
    2316  -3.471379945E-06
    2317  -3.468384794E-06
    2318  -3.465393517E-06
    2319  -3.462406109E-06
    2320  -3.459422562E-06
    2321  -1.793689662E-06
    2322  -1.792145374E-06
    2323  -1.790603081E-06
    2324  -1.789062777E-06
    2325  -1.787524460E-06
    2326  -1.238211195E-06
    2327  -1.237147439E-06
    2328  -1.236085054E-06
    2329  -1.235024037E-06
    2330  -1.233964385E-06
    2331  -1.449342661E-06
    2332  -1.448100189E-06
    2333  -1.446859315E-06
    2334  -1.445620035E-06
    2335  -1.444382347E-06
    2336  -1.921347731E-06
    2337  -1.919704148E-06
    2338  -1.918062674E-06
    2339  -1.916423304E-06
    2340  -1.914786035E-06
    2341  -2.281569763E-06
    2342  -2.279622200E-06
    2343  -2.277677130E-06
    2344  -2.275734548E-06
    2345  -2.273794451E-06
    2346  -2.381148897E-06
    2347  -2.379120662E-06
    2348  -2.377095016E-06
    2349  -2.375071957E-06
    2350  -2.373051478E-06
    2351  -2.323232433E-06
    2352  -2.321257735E-06
    2353  -2.319285553E-06
    2354  -2.317315884E-06
    2355  -2.315348723E-06
    2356  -2.292544812E-06
    2357  -2.290600330E-06
    2358  -2.288658320E-06
    2359  -2.286718779E-06
    2360  -2.284781703E-06
    2361  -2.475918995E-06
    2362  -2.473823423E-06
    2363  -2.471730509E-06
    2364  -2.469640251E-06
    2365  -2.467552643E-06
    2366  -2.855063843E-06
    2367  -2.852652472E-06
    2368  -2.850244154E-06
    2369  -2.847838885E-06
    2370  -2.845436659E-06
    2371  -3.178605511E-06
    2372  -3.175926534E-06
    2373  -3.173250943E-06
    2374  -3.170578732E-06
    2375  -3.167909895E-06
    2376  -3.437189776E-06
    2377  -3.434298952E-06
    2378  -3.431411773E-06
    2379  -3.428528234E-06
    2380  -3.425648328E-06
    2381  -3.511354439E-06
    2382  -3.508407436E-06
    2383  -3.505464141E-06
    2384  -3.502524549E-06
    2385  -3.499588652E-06
    2386  -3.342080366E-06
    2387  -3.339281304E-06
    2388  -3.336485756E-06
    2389  -3.333693718E-06
    2390  -3.330905183E-06
    2391  -3.085863500E-06
    2392  -3.083284425E-06
    2393  -3.080708582E-06
    2394  -3.078135965E-06
    2395  -3.075566570E-06
    2396  -2.704193312E-06
    2397  -2.701937938E-06
    2398  -2.699685384E-06
    2399  -2.697435647E-06
    2400  -2.695188720E-06
    2401  -2.402315350E-06
    2402  -2.400315919E-06
    2403  -2.398318984E-06
    2404  -2.396324540E-06
    2405  -2.394332583E-06
    2406  -2.108485120E-06
    2407  -2.106733886E-06
    2408  -2.104984834E-06
    2409  -2.103237958E-06
    2410  -2.101493257E-06
    2411  -1.935265003E-06
    2412  -1.933660971E-06
    2413  -1.932058932E-06
    2414  -1.930458883E-06
    2415  -1.928860821E-06
    2416  -1.829745219E-06
    2417  -1.828231782E-06
    2418  -1.826720222E-06
    2419  -1.825210536E-06
    2420  -1.823702721E-06
    2421  -1.747314273E-06
    2422  -1.745872000E-06
    2423  -1.744431511E-06
    2424  -1.742992805E-06
    2425  -1.741555878E-06
    2426  -1.727567622E-06
    2427  -1.726144585E-06
    2428  -1.724723305E-06
    2429  -1.723303779E-06
    2430  -1.721886006E-06
    2431  -1.708001457E-06
    2432  -1.706597428E-06
    2433  -1.705195129E-06
    2434  -1.703794558E-06
    2435  -1.702395712E-06
    2436  -1.722042325E-06
    2437  -1.720629657E-06
    2438  -1.719218726E-06
    2439  -1.717809531E-06
    2440  -1.716402067E-06
    2441  -1.686083181E-06
    2442  -1.684702843E-06
    2443  -1.683324199E-06
    2444  -1.681947247E-06
    2445  -1.680571983E-06
    2446  -1.586718006E-06
    2447  -1.585421667E-06
    2448  -1.584126917E-06
    2449  -1.582833752E-06
    2450  -1.581542170E-06
    2451  -1.495582993E-06
    2452  -1.494363602E-06
    2453  -1.493145701E-06
    2454  -1.491929289E-06
    2455  -1.490714363E-06
    2456  -1.372830611E-06
    2457  -1.371713581E-06
    2458  -1.370597913E-06
    2459  -1.369483605E-06
    2460  -1.368370657E-06
    2461  -1.293390372E-06
    2462  -1.292340116E-06
    2463  -1.291291138E-06
    2464  -1.290243438E-06
    2465  -1.289197011E-06
    2466  -1.244304232E-06
    2467  -1.243295881E-06
    2468  -1.242288756E-06
    2469  -1.241282855E-06
    2470  -1.240278174E-06
    2471  -1.220496669E-06
    2472  -1.219509612E-06
    2473  -1.218523751E-06
    2474  -1.217539085E-06
    2475  -1.216555613E-06
    2476  -1.210879060E-06
    2477  -1.209901756E-06
    2478  -1.208925635E-06
    2479  -1.207950695E-06
    2480  -1.206976934E-06
    2481  -1.175833441E-06
    2482  -1.174886334E-06
    2483  -1.173940370E-06
    2484  -1.172995549E-06
    2485  -1.172051868E-06
    2486  -1.149721919E-06
    2487  -1.148797705E-06
    2488  -1.147874605E-06
    2489  -1.146952618E-06
    2490  -1.146031740E-06
    2491  -1.102279156E-06
    2492  -1.101394857E-06
    2493  -1.100511621E-06
    2494  -1.099629448E-06
    2495  -1.098748334E-06
    2496  -1.050067132E-06
    2497  -1.049226406E-06
    2498  -1.048386689E-06
    2499  -1.047547980E-06
    2500  -1.046710276E-06
    2501  -9.984036806E-07
    2502  -9.976059149E-07
    2503  -9.968091051E-07
    2504  -9.960132495E-07
    2505  -9.952183467E-07
    2506  -9.453704408E-07
    2507  -9.446165569E-07
    2508  -9.438635744E-07
    2509  -9.431114918E-07
    2510  -9.423603079E-07
    2511  -9.386673090E-07
    2512  -9.379202598E-07
    2513  -9.371741021E-07
    2514  -9.364288344E-07
    2515  -9.356844554E-07
    2516  -9.209032330E-07
    2517  -9.201717769E-07
    2518  -9.194411919E-07
    2519  -9.187114767E-07
    2520  -9.179826299E-07
    2521  -9.134954067E-07
    2522  -9.127712724E-07
    2523  -9.120479988E-07
    2524  -9.113255845E-07
    2525  -9.106040283E-07
    2526  -8.986945004E-07
    2527  -8.979835079E-07
    2528  -8.972733588E-07
    2529  -8.965640518E-07
    2530  -8.958555856E-07
    2531  -8.835821409E-07
    2532  -8.828844843E-07
    2533  -8.821876536E-07
    2534  -8.814916475E-07
    2535  -8.807964648E-07
    2536  -8.757099474E-07
    2537  -8.750198687E-07
    2538  -8.743306053E-07
    2539  -8.736421560E-07
    2540  -8.729545195E-07
    2541  -8.269332836E-07
    2542  -8.262829232E-07
    2543  -8.256333297E-07
    2544  -8.249845019E-07
    2545  -8.243364387E-07
    2546  -7.855317071E-07
    2547  -7.849151202E-07
    2548  -7.842992590E-07
    2549  -7.836841223E-07
    2550  -7.830697091E-07
    2551  -7.335137662E-07
    2552  -7.329391374E-07
    2553  -7.323651835E-07
    2554  -7.317919035E-07
    2555  -7.312192964E-07
    2556  -6.893850011E-07
    2557  -6.888459980E-07
    2558  -6.883076267E-07
    2559  -6.877698864E-07
    2560  -6.872327760E-07
    2561  -6.556675352E-07
    2562  -6.551558946E-07
    2563  -6.546448525E-07
    2564  -6.541344082E-07
    2565  -6.536245606E-07
    2566  -6.412186314E-07
    2567  -6.407192400E-07
    2568  -6.402204317E-07
    2569  -6.397222057E-07
    2570  -6.392245610E-07
    2571  -6.335830157E-07
    2572  -6.330905299E-07
    2573  -6.325986181E-07
    2574  -6.321072793E-07
    2575  -6.316165128E-07
    2576  -6.164404236E-07
    2577  -6.159621921E-07
    2578  -6.154845169E-07
    2579  -6.150073971E-07
    2580  -6.145308319E-07
    2581  -6.131205542E-07
    2582  -6.126458190E-07
    2583  -6.121716349E-07
    2584  -6.116980011E-07
    2585  -6.112249168E-07
    2586  -5.972550458E-07
    2587  -5.967934886E-07
    2588  -5.963324662E-07
    2589  -5.958719778E-07
    2590  -5.954120226E-07
    2591  -5.766787291E-07
    2592  -5.762339325E-07
    2593  -5.757896504E-07
    2594  -5.753458819E-07
    2595  -5.749026262E-07
    2596  -5.525017667E-07
    2597  -5.520764381E-07
    2598  -5.516516005E-07
    2599  -5.512272532E-07
    2600  -5.508033952E-07
    2601  -5.144229791E-07
    2602  -5.140277252E-07
    2603  -5.136329266E-07
    2604  -5.132385827E-07
    2605  -5.128446928E-07
    2606  -4.960400976E-07
    2607  -4.956596987E-07
    2608  -4.952797373E-07
    2609  -4.949002126E-07
    2610  -4.945211239E-07
    2611  -4.676106723E-07
    2612  -4.672527613E-07
    2613  -4.668952611E-07
    2614  -4.665381711E-07
    2615  -4.661814905E-07
    2616  -4.617641682E-07
    2617  -4.614114072E-07
    2618  -4.610590503E-07
    2619  -4.607070968E-07
    2620  -4.603555462E-07
    2621  -4.465306359E-07
    2622  -4.461901626E-07
    2623  -4.458500787E-07
    2624  -4.455103834E-07
    2625  -4.451710761E-07
    2626  -4.446892737E-07
    2627  -4.443508496E-07
    2628  -4.440128117E-07
    2629  -4.436751593E-07
    2630  -4.433378920E-07
    2631  -4.378962678E-07
    2632  -4.375636463E-07
    2633  -4.372314036E-07
    2634  -4.368995391E-07
    2635  -4.365680524E-07
    2636  -4.215756134E-07
    2637  -4.212559958E-07
    2638  -4.209367415E-07
    2639  -4.206178500E-07
    2640  -4.202993208E-07
    2641  -4.063906797E-07
    2642  -4.060831574E-07
    2643  -4.057759841E-07
    2644  -4.054691591E-07
    2645  -4.051626820E-07
    2646  -3.813769972E-07
    2647  -3.810889481E-07
    2648  -3.808012252E-07
    2649  -3.805138280E-07
    2650  -3.802267561E-07
    2651  -3.556182675E-07
    2652  -3.553501799E-07
    2653  -3.550823953E-07
    2654  -3.548149132E-07
    2655  -3.545477333E-07
    2656  -3.395764207E-07
    2657  -3.393209080E-07
    2658  -3.390656835E-07
    2659  -3.388107469E-07
    2660  -3.385560977E-07
    2661  -3.213391297E-07
    2662  -3.210977935E-07
    2663  -3.208567291E-07
    2664  -3.206159360E-07
    2665  -3.203754139E-07
    2666  -3.195465672E-07
    2667  -3.193070270E-07
    2668  -3.190677561E-07
    2669  -3.188287541E-07
    2670  -3.185900204E-07
    2671  -3.116862029E-07
    2672  -3.114529921E-07
    2673  -3.112200429E-07
    2674  -3.109873551E-07
    2675  -3.107549280E-07
    2676  -3.000871920E-07
    2677  -2.998630791E-07
    2678  -2.996392172E-07
    2679  -2.994156058E-07
    2680  -2.991922447E-07
    2681  -2.959358660E-07
    2682  -2.957152653E-07
    2683  -2.954949112E-07
    2684  -2.952748032E-07
    2685  -2.950549411E-07
    2686  -2.852029624E-07
    2687  -2.849907578E-07
    2688  -2.847787900E-07
    2689  -2.845670585E-07
    2690  -2.843555631E-07
    2691  -2.745835791E-07
    2692  -2.743796552E-07
    2693  -2.741759584E-07
    2694  -2.739724883E-07
    2695  -2.737692446E-07
    2696  -2.579996119E-07
    2697  -2.578083594E-07
    2698  -2.576173195E-07
    2699  -2.574264918E-07
    2700  -2.572358762E-07
