      50   1.716295535E-07
      51   1.822330033E-07
      52   1.753562862E-07
      53   1.688616090E-07
      54   1.627211868E-07
      55   1.569097159E-07
      56   1.754199836E-07
      57   1.693710186E-07
      58   1.636296282E-07
      59   1.581753072E-07
      60   1.529892316E-07
      61   1.463478954E-07
      62   1.417019305E-07
      63   1.372737452E-07
      64   1.330499376E-07
      65   1.290181213E-07
      66   1.177217796E-07
      67   1.142593743E-07
      68   1.109475084E-07
      69   1.077775796E-07
      70   1.047415914E-07
      71   1.414198489E-07
      72   1.375453325E-07
      73   1.338278911E-07
      74   1.302591473E-07
      75   1.268312750E-07
      76   1.889882341E-07
      77   1.841423820E-07
      78   1.794805495E-07
      79   1.749935358E-07
      80   1.706727077E-07
      81   1.464577161E-07
      82   1.429286145E-07
      83   1.395255522E-07
      84   1.362425981E-07
      85   1.330741656E-07
      86   1.502108948E-07
      87   1.467970108E-07
      88   1.434982016E-07
      89   1.403093526E-07
      90   1.372256306E-07
      91   3.731947964E-07
      92   3.651691019E-07
      93   3.573995465E-07
      94   3.498753455E-07
      95   3.425862758E-07
      96   4.056336836E-07
      97   3.973554452E-07
      98   3.893280624E-07
      99   3.815415012E-07
     100   3.739862239E-07
     101   7.464191138E-07
     102   7.319255388E-07
     103   7.178500476E-07
     104   7.041767134E-07
     105   6.908903603E-07
     106   1.356013008E-06
     107   1.330901656E-06
     108   1.306481443E-06
     109   1.282727235E-06
     110   1.259615032E-06
     111   3.458379479E-06
     112   3.397169223E-06
     113   3.337569763E-06
     114   3.279525071E-06
     115   3.222981535E-06
     116   3.769807739E-06
     117   3.705912692E-06
     118   3.643628445E-06
     119   3.582901305E-06
     120   3.523679795E-06
     121   3.297871879E-06
     122   3.244247946E-06
     123   3.191921366E-06
     124   3.140850624E-06
     125   3.090995853E-06
     126   9.056630195E-06
     127   8.915120348E-06
     128   8.776901428E-06
     129   8.641872175E-06
     130   8.509935196E-06
     131   7.563823862E-06
     132   7.450082150E-06
     133   7.338886894E-06
     134   7.230162644E-06
     135   7.123836722E-06
     136   8.325794926E-06
     137   8.205131232E-06
     138   8.087071789E-06
     139   7.971542192E-06
     140   7.858470672E-06
     141   8.977055623E-06
     142   8.851502398E-06
     143   8.728564864E-06
     144   8.608170866E-06
     145   8.490250717E-06
     146   7.952103708E-06
     147   7.844642847E-06
     148   7.739345627E-06
     149   7.636154352E-06
     150   7.535013235E-06
     151   9.314768554E-06
     152   9.193006874E-06
     153   9.073617174E-06
     154   8.956538243E-06
     155   8.841710829E-06
     156   8.806783074E-06
     157   8.695304807E-06
     158   8.585929904E-06
     159   8.478605780E-06
     160   8.373281485E-06
     161   8.834998303E-06
     162   8.726593416E-06
     163   8.620171545E-06
     164   8.515684617E-06
     165   8.413086007E-06
     166   9.251535479E-06
     167   9.141398152E-06
     168   9.033215926E-06
     169   8.926942797E-06
     170   8.822534109E-06
     171   9.464298018E-06
     172   9.354884168E-06
     173   9.247356764E-06
     174   9.141672687E-06
     175   9.037790042E-06
     176   8.757449281E-06
     177   8.659050975E-06
     178   8.562301802E-06
     179   8.467165115E-06
     180   8.373605280E-06
     181   9.862732940E-06
     182   9.754943509E-06
     183   9.648911514E-06
     184   9.544598957E-06
     185   9.441968861E-06
     186   8.837187472E-06
     187   8.743174839E-06
     188   8.650654470E-06
     189   8.559594949E-06
     190   8.469965683E-06
     191   9.326853484E-06
     192   9.230202152E-06
     193   9.135045429E-06
     194   9.041352655E-06
     195   8.949093955E-06
     196   8.533688093E-06
     197   8.447489224E-06
     198   8.362589834E-06
     199   8.278963936E-06
     200   8.196586185E-06
     201   7.663791911E-06
     202   7.588286572E-06
     203   7.513891606E-06
     204   7.440585346E-06
     205   7.368346653E-06
     206   9.417098457E-06
     207   9.326549433E-06
     208   9.237300156E-06
     209   9.149325869E-06
     210   9.062602401E-06
     211   7.867928710E-06
     212   7.794051445E-06
     213   7.721209843E-06
     214   7.649384635E-06
     215   7.578557000E-06
     216   9.261038102E-06
     217   9.176074450E-06
     218   9.092274683E-06
     219   9.009617641E-06
     220   8.928082639E-06
     221   8.638179366E-06
     222   8.560706906E-06
     223   8.484272023E-06
     224   8.408856271E-06
     225   8.334441614E-06
     226   7.760132833E-06
     227   7.692061492E-06
     228   7.624881916E-06
     229   7.558578595E-06
     230   7.493136356E-06
     231   8.481790650E-06
     232   8.408985580E-06
     233   8.337113908E-06
     234   8.266159747E-06
     235   8.196107546E-06
     236   7.296929616E-06
     237   7.235610880E-06
     238   7.175061835E-06
     239   7.115269653E-06
     240   7.056221772E-06
     241   8.722848852E-06
     242   8.651055857E-06
     243   8.580145563E-06
     244   8.510103559E-06
     245   8.440915725E-06
     246   7.996650574E-06
     247   7.932161457E-06
     248   7.868449317E-06
     249   7.805501722E-06
     250   7.743306489E-06
     251   7.301695892E-06
     252   7.243974976E-06
     253   7.186935803E-06
     254   7.130567679E-06
     255   7.074860119E-06
     256   7.856294266E-06
     257   7.795392760E-06
     258   7.735196677E-06
     259   7.675695164E-06
     260   7.616877576E-06
     261   7.089347711E-06
     262   7.035436322E-06
     263   6.982137562E-06
     264   6.929442184E-06
     265   6.877341115E-06
     266   7.889750450E-06
     267   7.830871715E-06
     268   7.772649621E-06
     269   7.715074438E-06
     270   7.658136620E-06
     271   7.136543448E-06
     272   7.084261078E-06
     273   7.032551143E-06
     274   6.981405317E-06
     275   6.930815423E-06
     276   7.284837401E-06
     277   7.232428499E-06
     278   7.180583134E-06
     279   7.129293254E-06
     280   7.078550953E-06
     281   6.820748077E-06
     282   6.772544911E-06
     283   6.724850932E-06
     284   6.677658996E-06
     285   6.630962080E-06
     286   6.593679335E-06
     287   6.547889896E-06
     288   6.502575779E-06
     289   6.457730428E-06
     290   6.413347401E-06
     291   6.956889157E-06
     292   6.909401859E-06
     293   6.862399126E-06
     294   6.815874386E-06
     295   6.769821181E-06
     296   6.810548789E-06
     297   6.764840408E-06
     298   6.719590639E-06
     299   6.674793368E-06
     300   6.630442582E-06
     301   6.764935359E-06
     302   6.720282321E-06
     303   6.676069937E-06
     304   6.632292429E-06
     305   6.588944113E-06
     306   5.965470538E-06
     307   5.926733717E-06
     308   5.888372981E-06
     309   5.850383477E-06
     310   5.812760433E-06
     311   6.347342925E-06
     312   6.306784824E-06
     313   6.266614220E-06
     314   6.226826193E-06
     315   6.187415900E-06
     316   6.317935018E-06
     317   6.278199577E-06
     318   6.238837825E-06
     319   6.199845088E-06
     320   6.161216770E-06
     321   6.002771615E-06
     322   5.965602751E-06
     323   5.928778043E-06
     324   5.892293255E-06
     325   5.856144216E-06
     326   6.111669873E-06
     327   6.074403593E-06
     328   6.037477127E-06
     329   6.000886357E-06
     330   5.964627225E-06
     331   5.741613353E-06
     332   5.707129189E-06
     333   5.672954762E-06
     334   5.639086376E-06
     335   5.605520385E-06
     336   5.931274232E-06
     337   5.896177935E-06
     338   5.861392225E-06
     339   5.826913447E-06
     340   5.792738001E-06
     341   5.778873326E-06
     342   5.745177271E-06
     343   5.711775078E-06
     344   5.678663338E-06
     345   5.645838695E-06
     346   5.438713399E-06
     347   5.407456425E-06
     348   5.376468136E-06
     349   5.345745461E-06
     350   5.315285373E-06
     351   5.633282840E-06
     352   5.601366223E-06
     353   5.569720086E-06
     354   5.538341382E-06
     355   5.507227104E-06
     356   5.220588494E-06
     357   5.191423195E-06
     358   5.162501617E-06
     359   5.133821053E-06
     360   5.105378831E-06
     361   5.621155816E-06
     362   5.590185260E-06
     363   5.559469956E-06
     364   5.529007107E-06
     365   5.498793954E-06
     366   4.926427185E-06
     367   4.899653125E-06
     368   4.873096739E-06
     369   4.846755676E-06
     370   4.820627613E-06
     371   5.078228616E-06
     372   5.050999508E-06
     373   5.023988815E-06
     374   4.997194208E-06
     375   4.970613388E-06
     376   4.813448284E-06
     377   4.787980304E-06
     378   4.762713917E-06
     379   4.737647001E-06
     380   4.712777463E-06
     381   4.919723378E-06
     382   4.894032916E-06
     383   4.868543161E-06
     384   4.843252028E-06
     385   4.818157458E-06
     386   4.994467328E-06
     387   4.968722651E-06
     388   4.943176519E-06
     389   4.917826896E-06
     390   4.892671772E-06
     391   4.340961067E-06
     392   4.318869662E-06
     393   4.296946466E-06
     394   4.275189775E-06
     395   4.253597908E-06
     396   4.522401027E-06
     397   4.499675393E-06
     398   4.477120630E-06
     399   4.454735026E-06
     400   4.432516897E-06
     401   4.541648590E-06
     402   4.519109391E-06
     403   4.496737562E-06
     404   4.474531451E-06
     405   4.452489424E-06
     406   4.190191593E-06
     407   4.169651438E-06
     408   4.149261945E-06
     409   4.129021643E-06
     410   4.108929080E-06
     411   4.265870029E-06
     412   4.245212063E-06
     413   4.224703792E-06
     414   4.204343774E-06
     415   4.184130583E-06
     416   3.965827725E-06
     417   3.946852472E-06
     418   3.928013081E-06
     419   3.909308257E-06
     420   3.890736721E-06
     421   4.149605825E-06
     422   4.129985939E-06
     423   4.110504873E-06
     424   4.091161321E-06
     425   4.071953991E-06
     426   3.968584535E-06
     427   3.950039748E-06
     428   3.931624644E-06
     429   3.913338018E-06
     430   3.895178676E-06
     431   3.729967392E-06
     432   3.712738905E-06
     433   3.695629509E-06
     434   3.678638109E-06
     435   3.661763622E-06
     436   3.823901792E-06
     437   3.806441053E-06
     438   3.789099636E-06
     439   3.771876456E-06
     440   3.754770440E-06
     441   3.452829619E-06
     442   3.437241224E-06
     443   3.421758155E-06
     444   3.406379467E-06
     445   3.391104223E-06
     446   3.732940011E-06
     447   3.716275101E-06
     448   3.699721537E-06
     449   3.683278330E-06
     450   3.666944501E-06
     451   3.361768972E-06
     452   3.346926725E-06
     453   3.332182554E-06
     454   3.317535598E-06
     455   3.302985003E-06
     456   3.291545395E-06
     457   3.277171834E-06
     458   3.262892219E-06
     459   3.248705731E-06
     460   3.234611563E-06
     461   3.287548927E-06
     462   3.273347851E-06
     463   3.259238593E-06
     464   3.245220363E-06
     465   3.231292378E-06
     466   3.127997290E-06
     467   3.114629780E-06
     468   3.101347777E-06
     469   3.088150552E-06
     470   3.075037386E-06
     471   3.254246639E-06
     472   3.240486611E-06
     473   3.226813671E-06
     474   3.213227087E-06
     475   3.199726133E-06
     476   2.941068278E-06
     477   2.928762553E-06
     478   2.916533899E-06
     479   2.904381674E-06
     480   2.892305243E-06
     481   2.941860362E-06
     482   2.929678745E-06
     483   2.917572635E-06
     484   2.905541407E-06
     485   2.893584447E-06
     486   2.913700095E-06
     487   2.901758701E-06
     488   2.889890567E-06
     489   2.878095095E-06
     490   2.866371694E-06
     491   2.696363801E-06
     492   2.685425206E-06
     493   2.674553039E-06
     494   2.663746764E-06
     495   2.653005850E-06
     496   2.920626869E-06
     497   2.908897444E-06
     498   2.897238537E-06
     499   2.885649582E-06
     500   2.874130023E-06
     501   2.505295581E-06
     502   2.495334168E-06
     503   2.485432048E-06
     504   2.475588753E-06
     505   2.465803817E-06
     506   2.631679501E-06
     507   2.621318558E-06
     508   2.611018682E-06
     509   2.600779393E-06
     510   2.590600217E-06
     511   2.533381211E-06
     512   2.523504481E-06
     513   2.513685398E-06
     514   2.503923513E-06
     515   2.494218383E-06
     516   2.380723165E-06
     517   2.371531183E-06
     518   2.362392335E-06
     519   2.353306210E-06
     520   2.344272405E-06
     521   2.424254535E-06
     522   2.414983963E-06
     523   2.405766467E-06
     524   2.396601643E-06
     525   2.387489089E-06
     526   2.227766363E-06
     527   2.219327854E-06
     528   2.210937201E-06
     529   2.202594042E-06
     530   2.194298019E-06
     531   2.314179930E-06
     532   2.305496328E-06
     533   2.296861511E-06
     534   2.288275112E-06
     535   2.279736772E-06
     536   2.172499687E-06
     537   2.164423480E-06
     538   2.156392224E-06
     539   2.148405586E-06
     540   2.140463236E-06
     541   2.131878106E-06
     542   2.124025885E-06
     543   2.116216966E-06
     544   2.108451032E-06
     545   2.100727768E-06
     546   2.103993930E-06
     547   2.096315120E-06
     548   2.088678271E-06
     549   2.081083077E-06
     550   2.073529236E-06
     551   2.019904454E-06
     552   2.012599193E-06
     553   2.005333492E-06
     554   1.998107065E-06
     555   1.990919630E-06
     556   1.993378049E-06
     557   1.986233325E-06
     558   1.979126944E-06
     559   1.972058634E-06
     560   1.965028122E-06
     561   1.914254943E-06
     562   1.907454747E-06
     563   1.900690723E-06
     564   1.893962615E-06
     565   1.887270167E-06
     566   1.864145662E-06
     567   1.857581768E-06
     568   1.851052483E-06
     569   1.844557562E-06
     570   1.838096765E-06
     571   1.882536118E-06
     572   1.875965312E-06
     573   1.869428847E-06
     574   1.862926486E-06
     575   1.856457991E-06
     576   1.823500957E-06
     577   1.817191265E-06
     578   1.810914266E-06
     579   1.804669734E-06
     580   1.798457445E-06
     581   1.764099754E-06
     582   1.758047954E-06
     583   1.752027242E-06
     584   1.746037405E-06
     585   1.740078233E-06
     586   1.695544957E-06
     587   1.689777797E-06
     588   1.684040012E-06
     589   1.678331401E-06
     590   1.672651769E-06
     591   1.736336597E-06
     592   1.730480487E-06
     593   1.724653954E-06
     594   1.718856798E-06
     595   1.713088822E-06
     596   1.727874129E-06
     597   1.722095285E-06
     598   1.716345385E-06
     599   1.710624233E-06
     600   1.704931640E-06
     601   1.702950915E-06
     602   1.697302653E-06
     603   1.691682446E-06
     604   1.686090107E-06
     605   1.680525453E-06
     606   1.610773676E-06
     607   1.605475079E-06
     608   1.600202582E-06
     609   1.594956017E-06
     610   1.589735211E-06
     611   1.593935003E-06
     612   1.588734563E-06
     613   1.583559531E-06
     614   1.578409744E-06
     615   1.573285037E-06
     616   1.670013537E-06
     617   1.664608963E-06
     618   1.659230582E-06
     619   1.653878225E-06
     620   1.648551725E-06
     621   1.594386974E-06
     622   1.589268557E-06
     623   1.584174748E-06
     624   1.579105388E-06
     625   1.574060323E-06
     626   1.605363109E-06
     627   1.600250487E-06
     628   1.595162250E-06
     629   1.590098243E-06
     630   1.585058312E-06
     631   1.555921827E-06
     632   1.551005802E-06
     633   1.546113039E-06
     634   1.541243392E-06
     635   1.536396714E-06
     636   1.657821346E-06
     637   1.652624414E-06
     638   1.647451880E-06
     639   1.642303593E-06
     640   1.637179401E-06
     641   1.623737436E-06
     642   1.618686931E-06
     643   1.613659953E-06
     644   1.608656356E-06
     645   1.603675996E-06
     646   1.604838795E-06
     647   1.599885589E-06
     648   1.594955279E-06
     649   1.590047725E-06
     650   1.585162785E-06
     651   1.607216578E-06
     652   1.602294016E-06
     653   1.597394034E-06
     654   1.592516495E-06
     655   1.587661262E-06
     656   1.592658786E-06
     657   1.587817877E-06
     658   1.582999007E-06
     659   1.578202040E-06
     660   1.573426845E-06
     661   1.637754769E-06
     662   1.632814332E-06
     663   1.627896217E-06
     664   1.623000288E-06
     665   1.618126414E-06
     666   1.652393103E-06
     667   1.647445818E-06
     668   1.642520719E-06
     669   1.637617672E-06
     670   1.632736546E-06
     671   1.607793666E-06
     672   1.603015676E-06
     673   1.598258953E-06
     674   1.593523371E-06
     675   1.588808805E-06
     676   1.764338555E-06
     677   1.759134016E-06
     678   1.753952473E-06
     679   1.748793789E-06
     680   1.743657831E-06
     681   1.729263730E-06
     682   1.724200001E-06
     683   1.719158480E-06
     684   1.714139039E-06
     685   1.709141549E-06
     686   1.806847621E-06
     687   1.801595157E-06
     688   1.796365563E-06
     689   1.791158707E-06
     690   1.785974456E-06
     691   1.790594627E-06
     692   1.785426966E-06
     693   1.780281643E-06
     694   1.775158530E-06
     695   1.770057500E-06
     696   1.828357143E-06
     697   1.823118297E-06
     698   1.817901936E-06
     699   1.812707930E-06
     700   1.807536153E-06
     701   1.965786263E-06
     702   1.960193699E-06
     703   1.954624967E-06
     704   1.949079932E-06
     705   1.943558459E-06
     706   1.899073858E-06
     707   1.893709243E-06
     708   1.888367326E-06
     709   1.883047982E-06
     710   1.877751082E-06
     711   2.031764387E-06
     712   2.026065189E-06
     713   2.020389936E-06
     714   2.014738496E-06
     715   2.009110734E-06
     716   2.069554427E-06
     717   2.063789651E-06
     718   2.058048929E-06
     719   2.052332126E-06
     720   2.046639111E-06
     721   2.131893501E-06
     722   2.125996147E-06
     723   2.120123230E-06
     724   2.114274614E-06
     725   2.108450166E-06
     726   2.219387349E-06
     727   2.213290131E-06
     728   2.207218004E-06
     729   2.201170831E-06
     730   2.195148476E-06
     731   2.248282517E-06
     732   2.242148049E-06
     733   2.236038654E-06
     734   2.229954195E-06
     735   2.223894537E-06
     736   2.387905512E-06
     737   2.381434223E-06
     738   2.374989205E-06
     739   2.368570315E-06
     740   2.362177413E-06
     741   2.500216034E-06
     742   2.493485977E-06
     743   2.486783058E-06
     744   2.480107130E-06
     745   2.473458049E-06
     746   2.568172925E-06
     747   2.561306152E-06
     748   2.554466884E-06
     749   2.547654972E-06
     750   2.540870272E-06
     751   2.633488460E-06
     752   2.626493803E-06
     753   2.619526976E-06
     754   2.612587832E-06
     755   2.605676223E-06
     756   2.658426075E-06
     757   2.651411758E-06
     758   2.644425166E-06
     759   2.637466152E-06
     760   2.630534572E-06
     761   2.953493394E-06
     762   2.945751602E-06
     763   2.938040211E-06
     764   2.930359060E-06
     765   2.922707992E-06
     766   3.013977108E-06
     767   3.006128209E-06
     768   2.998309930E-06
     769   2.990522112E-06
     770   2.982764597E-06
     771   3.190651927E-06
     772   3.182396683E-06
     773   3.174173436E-06
     774   3.165982020E-06
     775   3.157822273E-06
     776   3.204091891E-06
     777   3.195855151E-06
     778   3.187650132E-06
     779   3.179476670E-06
     780   3.171334604E-06
     781   3.374628891E-06
     782   3.366009149E-06
     783   3.357422391E-06
     784   3.348868449E-06
     785   3.340347155E-06
     786   3.493602415E-06
     787   3.484735404E-06
     788   3.475902107E-06
     789   3.467102355E-06
     790   3.458335977E-06
     791   3.576824592E-06
     792   3.567803596E-06
     793   3.558816686E-06
     794   3.549863688E-06
     795   3.540944432E-06
     796   3.678006808E-06
     797   3.668788746E-06
     798   3.659605294E-06
     799   3.650456281E-06
     800   3.641341534E-06
     801   3.847549046E-06
     802   3.837966109E-06
     803   3.828418930E-06
     804   3.818907330E-06
     805   3.809431133E-06
     806   3.946601332E-06
     807   3.936832517E-06
     808   3.927099927E-06
     809   3.917403384E-06
     810   3.907742710E-06
     811   3.988509665E-06
     812   3.978697833E-06
     813   3.968922163E-06
     814   3.959182477E-06
     815   3.949478598E-06
     816   4.094022328E-06
     817   4.084012493E-06
     818   4.074039325E-06
     819   4.064102644E-06
     820   4.054202272E-06
     821   4.276861344E-06
     822   4.266468000E-06
     823   4.256112495E-06
     824   4.245794646E-06
     825   4.235514272E-06
     826   4.389319679E-06
     827   4.378717457E-06
     828   4.368153603E-06
     829   4.357627932E-06
     830   4.347140259E-06
     831   4.659543983E-06
     832   4.648356602E-06
     833   4.637209464E-06
     834   4.626102376E-06
     835   4.615035145E-06
     836   4.722926943E-06
     837   4.711655041E-06
     838   4.700423444E-06
     839   4.689231959E-06
     840   4.678080397E-06
     841   4.908074725E-06
     842   4.896430420E-06
     843   4.884827504E-06
     844   4.873265782E-06
     845   4.861745059E-06
     846   5.125230384E-06
     847   5.113142576E-06
     848   5.101097482E-06
     849   5.089094899E-06
     850   5.077134629E-06
     851   5.238063131E-06
     852   5.225781623E-06
     853   5.213543259E-06
     854   5.201347836E-06
     855   5.189195154E-06
     856   5.495757404E-06
     857   5.482946781E-06
     858   5.470180898E-06
     859   5.457459547E-06
     860   5.444782521E-06
     861   5.587405983E-06
     862   5.574457185E-06
     863   5.561553349E-06
     864   5.548694266E-06
     865   5.535879730E-06
     866   5.895583300E-06
     867   5.881999007E-06
     868   5.868461610E-06
     869   5.854970894E-06
     870   5.841526644E-06
     871   6.232355237E-06
     872   6.218077219E-06
     873   6.203848209E-06
     874   6.189667984E-06
     875   6.175536322E-06
     876   6.297127680E-06
     877   6.282783426E-06
     878   6.268488128E-06
     879   6.254241564E-06
     880   6.240043513E-06
     881   6.508323824E-06
     882   6.493582434E-06
     883   6.478891071E-06
     884   6.464249509E-06
     885   6.449657524E-06
     886   6.705188883E-06
     887   6.690087106E-06
     888   6.675036291E-06
     889   6.660036210E-06
     890   6.645086634E-06
     891   6.939188078E-06
     892   6.923646784E-06
     893   6.908157641E-06
     894   6.892720417E-06
     895   6.877334881E-06
     896   7.205111912E-06
     897   7.189064892E-06
     898   7.173071422E-06
     899   7.157131263E-06
     900   7.141244179E-06
     901   7.175208381E-06
     902   7.159316447E-06
     903   7.143477251E-06
     904   7.127690561E-06
     905   7.111956145E-06
     906   7.367257277E-06
     907   7.351029838E-06
     908   7.334855955E-06
     909   7.318735392E-06
     910   7.302667916E-06
     911   7.460664308E-06
     912   7.444321123E-06
     913   7.428031580E-06
     914   7.411795445E-06
     915   7.395612485E-06
     916   7.744324782E-06
     917   7.727452615E-06
     918   7.710635525E-06
     919   7.693873274E-06
     920   7.677165623E-06
     921   7.877376897E-06
     922   7.860307825E-06
     923   7.843294172E-06
     924   7.826335698E-06
     925   7.809432165E-06
     926   8.039282417E-06
     927   8.021956377E-06
     928   8.004686288E-06
     929   7.987471909E-06
     930   7.970313000E-06
     931   8.553914691E-06
     932   8.535578325E-06
     933   8.517300855E-06
     934   8.499082030E-06
     935   8.480921598E-06
     936   8.435018609E-06
     937   8.417033494E-06
     938   8.399105841E-06
     939   8.381235403E-06
     940   8.363421937E-06
     941   8.765982431E-06
     942   8.747390740E-06
     943   8.728858132E-06
     944   8.710384359E-06
     945   8.691969170E-06
     946   8.970517907E-06
     947   8.951592764E-06
     948   8.932727447E-06
     949   8.913921705E-06
     950   8.895175287E-06
     951   9.341885134E-06
     952   9.322279919E-06
     953   9.302736355E-06
     954   9.283254185E-06
     955   9.263833151E-06
     956   9.471576864E-06
     957   9.451803217E-06
     958   9.432091427E-06
     959   9.412441237E-06
     960   9.392852389E-06
     961   9.525436818E-06
     962   9.505653980E-06
     963   9.485932706E-06
     964   9.466272742E-06
     965   9.446673833E-06
     966   1.022876586E-05
     967   1.020763204E-05
     968   1.018656366E-05
     969   1.016556043E-05
     970   1.014462210E-05
     971   1.011517860E-05
     972   1.009438686E-05
     973   1.007365917E-05
     974   1.005299525E-05
     975   1.003239485E-05
     976   1.070404936E-05
     977   1.068215969E-05
     978   1.066033709E-05
     979   1.063858130E-05
     980   1.061689204E-05
     981   1.069098125E-05
     982   1.066922951E-05
     983   1.064754408E-05
     984   1.062592470E-05
     985   1.060437110E-05
     986   1.084748203E-05
     987   1.082552357E-05
     988   1.080363171E-05
     989   1.078180619E-05
     990   1.076004674E-05
     991   1.112994002E-05
     992   1.110752322E-05
     993   1.108517408E-05
     994   1.106289232E-05
     995   1.104067768E-05
     996   1.130410903E-05
     997   1.128145551E-05
     998   1.125887001E-05
     999   1.123635227E-05
    1000   1.121390202E-05
    1001   1.142570431E-05
    1002   1.140292125E-05
    1003   1.138020627E-05
    1004   1.135755909E-05
    1005   1.133497945E-05
    1006   1.143419880E-05
    1007   1.141151190E-05
    1008   1.138889245E-05
    1009   1.136634019E-05
    1010   1.134385485E-05
    1011   1.146194719E-05
    1012   1.143931748E-05
    1013   1.141675472E-05
    1014   1.139425865E-05
    1015   1.137182901E-05
    1016   1.199329532E-05
    1017   1.196973286E-05
    1018   1.194623976E-05
    1019   1.192281576E-05
    1020   1.189946059E-05
    1021   1.206068226E-05
    1022   1.203710321E-05
    1023   1.201359325E-05
    1024   1.199015209E-05
    1025   1.196677947E-05
    1026   1.223979100E-05
    1027   1.221597818E-05
    1028   1.219223478E-05
    1029   1.216856054E-05
    1030   1.214495519E-05
    1031   1.235864705E-05
    1032   1.233471937E-05
    1033   1.231086111E-05
    1034   1.228707200E-05
    1035   1.226335179E-05
    1036   1.250201113E-05
    1037   1.247792247E-05
    1038   1.245390337E-05
    1039   1.242995356E-05
    1040   1.240607276E-05
    1041   1.276801489E-05
    1042   1.274353164E-05
    1043   1.271911874E-05
    1044   1.269477593E-05
    1045   1.267050294E-05
    1046   1.273324882E-05
    1047   1.270894873E-05
    1048   1.268471813E-05
    1049   1.266055676E-05
    1050   1.263646436E-05
    1051   1.314011021E-05
    1052   1.311515273E-05
    1053   1.309026629E-05
    1054   1.306545062E-05
    1055   1.304070545E-05
    1056   1.322177514E-05
    1057   1.319678124E-05
    1058   1.317185814E-05
    1059   1.314700558E-05
    1060   1.312222329E-05
    1061   1.356493124E-05
    1062   1.353940927E-05
    1063   1.351395925E-05
    1064   1.348858092E-05
    1065   1.346327402E-05
    1066   1.394047750E-05
    1067   1.391437174E-05
    1068   1.388833924E-05
    1069   1.386237972E-05
    1070   1.383649293E-05
    1071   1.426495929E-05
    1072   1.423837036E-05
    1073   1.421185571E-05
    1074   1.418541505E-05
    1075   1.415904810E-05
    1076   1.423179961E-05
    1077   1.420539553E-05
    1078   1.417906486E-05
    1079   1.415280733E-05
    1080   1.412662267E-05
    1081   1.477396248E-05
    1082   1.474667907E-05
    1083   1.471947118E-05
    1084   1.469233851E-05
    1085   1.466528080E-05
    1086   1.476337504E-05
    1087   1.473623649E-05
    1088   1.470917269E-05
    1089   1.468218338E-05
    1090   1.465526829E-05
    1091   1.484413039E-05
    1092   1.481696821E-05
    1093   1.478988051E-05
    1094   1.476286703E-05
    1095   1.473592750E-05
    1096   1.484146561E-05
    1097   1.481443198E-05
    1098   1.478747214E-05
    1099   1.476058583E-05
    1100   1.473377277E-05
    1101   1.501598259E-05
    1102   1.498875506E-05
    1103   1.496160152E-05
    1104   1.493452170E-05
    1105   1.490751533E-05
    1106   1.479209642E-05
    1107   1.476539589E-05
    1108   1.473876758E-05
    1109   1.471221124E-05
    1110   1.468572661E-05
    1111   1.496581949E-05
    1112   1.493892674E-05
    1113   1.491210640E-05
    1114   1.488535823E-05
    1115   1.485868196E-05
    1116   1.491501533E-05
    1117   1.488833372E-05
    1118   1.486172365E-05
    1119   1.483518486E-05
    1120   1.480871709E-05
    1121   1.527265898E-05
    1122   1.524545924E-05
    1123   1.521833208E-05
    1124   1.519127727E-05
    1125   1.516429454E-05
    1126   1.530893975E-05
    1127   1.528179624E-05
    1128   1.525472485E-05
    1129   1.522772534E-05
    1130   1.520079744E-05
    1131   1.554871848E-05
    1132   1.552127150E-05
    1133   1.549389712E-05
    1134   1.546659510E-05
    1135   1.543936518E-05
    1136   1.575144359E-05
    1137   1.572376091E-05
    1138   1.569615115E-05
    1139   1.566861404E-05
    1140   1.564114934E-05
    1141   1.602845441E-05
    1142   1.600040812E-05
    1143   1.597243538E-05
    1144   1.594453593E-05
    1145   1.591670952E-05
    1146   1.629603311E-05
    1147   1.626764281E-05
    1148   1.623932663E-05
    1149   1.621108432E-05
    1150   1.618291563E-05
    1151   1.598639689E-05
    1152   1.595866680E-05
    1153   1.593100880E-05
    1154   1.590342264E-05
    1155   1.587590807E-05
    1156   1.631398239E-05
    1157   1.628580625E-05
    1158   1.625770305E-05
    1159   1.622967253E-05
    1160   1.620171443E-05
    1161   1.617517202E-05
    1162   1.614735573E-05
    1163   1.611961114E-05
    1164   1.609193799E-05
    1165   1.606433603E-05
    1166   1.657691383E-05
    1167   1.654852871E-05
    1168   1.652021642E-05
    1169   1.649197674E-05
    1170   1.646380940E-05
    1171   1.693287140E-05
    1172   1.690400035E-05
    1173   1.687520307E-05
    1174   1.684647932E-05
    1175   1.681782885E-05
    1176   1.674917783E-05
    1177   1.672074120E-05
    1178   1.669237692E-05
    1179   1.666408476E-05
    1180   1.663586446E-05
    1181   1.713510410E-05
    1182   1.710613520E-05
    1183   1.707723970E-05
    1184   1.704841736E-05
    1185   1.701966792E-05
    1186   1.718907636E-05
    1187   1.716013852E-05
    1188   1.713127370E-05
    1189   1.710248164E-05
    1190   1.707376211E-05
    1191   1.710399306E-05
    1192   1.707531914E-05
    1193   1.704671726E-05
    1194   1.701818719E-05
    1195   1.698972869E-05
    1196   1.722833091E-05
    1197   1.719956909E-05
    1198   1.717087923E-05
    1199   1.714226110E-05
    1200   1.711371445E-05
    1201   1.707603261E-05
    1202   1.704764353E-05
    1203   1.701932518E-05
    1204   1.699107734E-05
    1205   1.696289976E-05
    1206   1.714773554E-05
    1207   1.711934525E-05
    1208   1.709102540E-05
    1209   1.706277578E-05
    1210   1.703459613E-05
    1211   1.657208238E-05
    1212   1.654475825E-05
    1213   1.651750165E-05
    1214   1.649031234E-05
    1215   1.646319012E-05
    1216   1.684172454E-05
    1217   1.681406982E-05
    1218   1.678648316E-05
    1219   1.675896434E-05
    1220   1.673151313E-05
    1221   1.713575827E-05
    1222   1.710773577E-05
    1223   1.707978195E-05
    1224   1.705189659E-05
    1225   1.702407947E-05
    1226   1.693864161E-05
    1227   1.691105424E-05
    1228   1.688353422E-05
    1229   1.685608132E-05
    1230   1.682869532E-05
    1231   1.758232263E-05
    1232   1.755380305E-05
    1233   1.752535280E-05
    1234   1.749697166E-05
    1235   1.746865941E-05
    1236   1.722664385E-05
    1237   1.719881405E-05
    1238   1.717105164E-05
    1239   1.714335639E-05
    1240   1.711572810E-05
    1241   1.700466854E-05
    1242   1.697730785E-05
    1243   1.695001314E-05
    1244   1.692278421E-05
    1245   1.689562083E-05
    1246   1.709833578E-05
    1247   1.707093460E-05
    1248   1.704359924E-05
    1249   1.701632948E-05
    1250   1.698912512E-05
    1251   1.664383296E-05
    1252   1.661726658E-05
    1253   1.659076377E-05
    1254   1.656432430E-05
    1255   1.653794799E-05
    1256   1.686425139E-05
    1257   1.683744018E-05
    1258   1.681069286E-05
    1259   1.678400922E-05
    1260   1.675738906E-05
    1261   1.642502788E-05
    1262   1.639901833E-05
    1263   1.637307052E-05
    1264   1.634718424E-05
    1265   1.632135931E-05
    1266   1.678232480E-05
    1267   1.675585425E-05
    1268   1.672944629E-05
    1269   1.670310070E-05
    1270   1.667681730E-05
    1271   1.681510731E-05
    1272   1.678868923E-05
    1273   1.676233336E-05
    1274   1.673603950E-05
    1275   1.670980747E-05
    1276   1.683373451E-05
    1277   1.680739064E-05
    1278   1.678110855E-05
    1279   1.675488807E-05
    1280   1.672872900E-05
    1281   1.697591614E-05
    1282   1.694945329E-05
    1283   1.692305227E-05
    1284   1.689671289E-05
    1285   1.687043496E-05
    1286   1.694432372E-05
    1287   1.691801265E-05
    1288   1.689176283E-05
    1289   1.686557405E-05
    1290   1.683944613E-05
    1291   1.720032523E-05
    1292   1.717371993E-05
    1293   1.714717632E-05
    1294   1.712069419E-05
    1295   1.709427337E-05
    1296   1.670019306E-05
    1297   1.667446087E-05
    1298   1.664878810E-05
    1299   1.662317458E-05
    1300   1.659762013E-05
    1301   1.652389204E-05
    1302   1.649852920E-05
    1303   1.647322470E-05
    1304   1.644797838E-05
    1305   1.642279005E-05
    1306   1.637117732E-05
    1307   1.634614494E-05
    1308   1.632116993E-05
    1309   1.629625212E-05
    1310   1.627139132E-05
    1311   1.634519489E-05
    1312   1.632029741E-05
    1313   1.629545678E-05
    1314   1.627067281E-05
    1315   1.624594535E-05
    1316   1.666787746E-05
    1317   1.664258478E-05
    1318   1.661734962E-05
    1319   1.659217182E-05
    1320   1.656705120E-05
    1321   1.641483340E-05
    1322   1.639001884E-05
    1323   1.636526050E-05
    1324   1.634055822E-05
    1325   1.631591183E-05
    1326   1.662824948E-05
    1327   1.660320693E-05
    1328   1.657822092E-05
    1329   1.655329126E-05
    1330   1.652841780E-05
    1331   1.669397167E-05
    1332   1.666892445E-05
    1333   1.664393356E-05
    1334   1.661899883E-05
    1335   1.659412009E-05
    1336   1.677881555E-05
    1337   1.675373511E-05
    1338   1.672871086E-05
    1339   1.670374264E-05
    1340   1.667883027E-05
    1341   1.679511180E-05
    1342   1.677010046E-05
    1343   1.674514496E-05
    1344   1.672024511E-05
    1345   1.669540077E-05
    1346   1.675636316E-05
    1347   1.673150209E-05
    1348   1.670669630E-05
    1349   1.668194564E-05
    1350   1.665724994E-05
    1351   1.651901207E-05
    1352   1.649459373E-05
    1353   1.647022948E-05
    1354   1.644591918E-05
    1355   1.642166266E-05
    1356   1.657505397E-05
    1357   1.655064299E-05
    1358   1.652628590E-05
    1359   1.650198254E-05
    1360   1.647773274E-05
    1361   1.614769043E-05
    1362   1.612399609E-05
    1363   1.610035387E-05
    1364   1.607676361E-05
    1365   1.605322515E-05
    1366   1.580137060E-05
    1367   1.577826918E-05
    1368   1.575521839E-05
    1369   1.573221807E-05
    1370   1.570926808E-05
    1371   1.580151472E-05
    1372   1.577849722E-05
    1373   1.575552997E-05
    1374   1.573261284E-05
    1375   1.570974567E-05
    1376   1.622937958E-05
    1377   1.620582461E-05
    1378   1.618232087E-05
    1379   1.615886823E-05
    1380   1.613546654E-05
    1381   1.620941539E-05
    1382   1.618597445E-05
    1383   1.616258431E-05
    1384   1.613924484E-05
    1385   1.611595588E-05
    1386   1.645521426E-05
    1387   1.643150357E-05
    1388   1.640784410E-05
    1389   1.638423569E-05
    1390   1.636067820E-05
    1391   1.577763130E-05
    1392   1.575497856E-05
    1393   1.573237458E-05
    1394   1.570981920E-05
    1395   1.568731230E-05
    1396   1.563687010E-05
    1397   1.561449976E-05
    1398   1.559217738E-05
    1399   1.556990284E-05
    1400   1.554767600E-05
    1401   1.536416339E-05
    1402   1.534226151E-05
    1403   1.532040644E-05
    1404   1.529859803E-05
    1405   1.527683616E-05
    1406   1.549945225E-05
    1407   1.547743599E-05
    1408   1.545546660E-05
    1409   1.543354395E-05
    1410   1.541166791E-05
    1411   1.627819762E-05
    1412   1.625515700E-05
    1413   1.623216526E-05
    1414   1.620922227E-05
    1415   1.618632789E-05
    1416   1.707748206E-05
    1417   1.705339534E-05
    1418   1.702935955E-05
    1419   1.700537453E-05
    1420   1.698144016E-05
    1421   1.766164465E-05
    1422   1.763682154E-05
    1423   1.761205072E-05
    1424   1.758733206E-05
    1425   1.756266539E-05
    1426   1.820152617E-05
    1427   1.817603384E-05
    1428   1.815059502E-05
    1429   1.812520957E-05
    1430   1.809987735E-05
    1431   1.804088121E-05
    1432   1.801570203E-05
    1433   1.799057553E-05
    1434   1.796550156E-05
    1435   1.794047997E-05
    1436   1.788838014E-05
    1437   1.786350061E-05
    1438   1.783867295E-05
    1439   1.781389701E-05
    1440   1.778917266E-05
    1441   1.764511167E-05
    1442   1.762065552E-05
    1443   1.759625018E-05
    1444   1.757189551E-05
    1445   1.754759137E-05
    1446   1.748306418E-05
    1447   1.745891630E-05
    1448   1.743481842E-05
    1449   1.741077039E-05
    1450   1.738677209E-05
    1451   1.701947405E-05
    1452   1.699604738E-05
    1453   1.697266905E-05
    1454   1.694933892E-05
    1455   1.692605686E-05
    1456   1.588640981E-05
    1457   1.586461776E-05
    1458   1.584287051E-05
    1459   1.582116795E-05
    1460   1.579950995E-05
    1461   1.552365992E-05
    1462   1.550243824E-05
    1463   1.548126004E-05
    1464   1.546012522E-05
    1465   1.543903364E-05
    1466   1.514106022E-05
    1467   1.512043207E-05
    1468   1.509984605E-05
    1469   1.507930204E-05
    1470   1.505879993E-05
    1471   1.637272261E-05
    1472   1.635049216E-05
    1473   1.632830696E-05
    1474   1.630616688E-05
    1475   1.628407181E-05
    1476   1.834783033E-05
    1477   1.832300241E-05
    1478   1.829822486E-05
    1479   1.827349753E-05
    1480   1.824882028E-05
    1481   2.110010030E-05
    1482   2.107164433E-05
    1483   2.104324589E-05
    1484   2.101490482E-05
    1485   2.098662096E-05
    1486   2.348158189E-05
    1487   2.345002062E-05
    1488   2.341852295E-05
    1489   2.338708869E-05
    1490   2.335571768E-05
    1491   2.411341239E-05
    1492   2.408111043E-05
    1493   2.404887334E-05
    1494   2.401670093E-05
    1495   2.398459304E-05
    1496   2.385510328E-05
    1497   2.382325401E-05
    1498   2.379146848E-05
    1499   2.375974652E-05
    1500   2.372808796E-05
    1501   2.383418457E-05
    1502   2.380246909E-05
    1503   2.377081687E-05
    1504   2.373922774E-05
    1505   2.370770155E-05
    1506   2.438432869E-05
    1507   2.435198873E-05
    1508   2.431971307E-05
    1509   2.428750153E-05
    1510   2.425535394E-05
    1511   2.637358714E-05
    1512   2.633872450E-05
    1513   2.630393094E-05
    1514   2.626920628E-05
    1515   2.623455033E-05
    1516   2.917728129E-05
    1517   2.913883955E-05
    1518   2.910047373E-05
    1519   2.906218364E-05
    1520   2.902396906E-05
    1521   3.079566062E-05
    1522   3.075521983E-05
    1523   3.071485865E-05
    1524   3.067457687E-05
    1525   3.063437428E-05
    1526   3.052184494E-05
    1527   3.048189488E-05
    1528   3.044202321E-05
    1529   3.040222971E-05
    1530   3.036251419E-05
    1531   2.696841050E-05
    1532   2.693322666E-05
    1533   2.689811164E-05
    1534   2.686306524E-05
    1535   2.682808729E-05
    1536   2.101319088E-05
    1537   2.098586553E-05
    1538   2.095859345E-05
    1539   2.093137450E-05
    1540   2.090420854E-05
    1541   1.388509284E-05
    1542   1.386709532E-05
    1543   1.384913276E-05
    1544   1.383120508E-05
    1545   1.381331219E-05
    1546   5.498855292E-06
    1547   5.491750828E-06
    1548   5.484660123E-06
    1549   5.477583143E-06
    1550   5.470519850E-06
    1551  -3.732498007E-06
    1552  -3.727691184E-06
    1553  -3.722893641E-06
    1554  -3.718105353E-06
    1555  -3.713326297E-06
    1556  -1.228524577E-05
    1557  -1.226947524E-05
    1558  -1.225373505E-05
    1559  -1.223802514E-05
    1560  -1.222234541E-05
    1561  -1.899235028E-05
    1562  -1.896804785E-05
    1563  -1.894379204E-05
    1564  -1.891958272E-05
    1565  -1.889541978E-05
    1566  -2.284268576E-05
    1567  -2.281354968E-05
    1568  -2.278446931E-05
    1569  -2.275544451E-05
    1570  -2.272647514E-05
    1571  -2.010816907E-05
    1572  -2.008260243E-05
    1573  -2.005708451E-05
    1574  -2.003161519E-05
    1575  -2.000619436E-05
    1576  -5.292974240E-06
    1577  -5.286265781E-06
    1578  -5.279570067E-06
    1579  -5.272887067E-06
    1580  -5.266216748E-06
    1581   2.491629416E-05
    1582   2.488481431E-05
    1583   2.485339409E-05
    1584   2.482203334E-05
    1585   2.479073192E-05
    1586   7.097332255E-05
    1587   7.088393549E-05
    1588   7.079471720E-05
    1589   7.070566724E-05
    1590   7.061678519E-05
    1591   1.312785941E-04
    1592   1.311137747E-04
    1593   1.309492656E-04
    1594   1.307850659E-04
    1595   1.306211748E-04
    1596   1.998015113E-04
    1597   1.995514469E-04
    1598   1.993018516E-04
    1599   1.990527242E-04
    1600   1.988040637E-04
    1601   2.751381142E-04
    1602   2.747948352E-04
    1603   2.744521982E-04
    1604   2.741102017E-04
    1605   2.737688440E-04
    1606   3.418375159E-04
    1607   3.414123449E-04
    1608   3.409879666E-04
    1609   3.405643790E-04
    1610   3.401415803E-04
    1611   3.902238191E-04
    1612   3.897399706E-04
    1613   3.892570215E-04
    1614   3.887749694E-04
    1615   3.882938123E-04
    1616   4.171694077E-04
    1617   4.166537472E-04
    1618   4.161390421E-04
    1619   4.156252902E-04
    1620   4.151124891E-04
    1621   4.113758434E-04
    1622   4.108689107E-04
    1623   4.103629145E-04
    1624   4.098578525E-04
    1625   4.093537223E-04
    1626   3.495270866E-04
    1627   3.490976921E-04
    1628   3.486690884E-04
    1629   3.482412736E-04
    1630   3.478142457E-04
    1631   1.838122845E-04
    1632   1.835871623E-04
    1633   1.833624534E-04
    1634   1.831381568E-04
    1635   1.829142716E-04
    1636  -1.238402033E-04
    1637  -1.236889943E-04
    1638  -1.235380620E-04
    1639  -1.233874058E-04
    1640  -1.232370251E-04
    1641  -6.006412592E-04
    1642  -5.999101074E-04
    1643  -5.991802897E-04
    1644  -5.984518031E-04
    1645  -5.977246441E-04
    1646  -1.230186032E-03
    1647  -1.228693088E-03
    1648  -1.227202860E-03
    1649  -1.225715341E-03
    1650  -1.224230525E-03
    1651  -1.887354897E-03
    1652  -1.885071346E-03
    1653  -1.882791937E-03
    1654  -1.880516659E-03
    1655  -1.878245504E-03
    1656  -2.380467996E-03
    1657  -2.377596503E-03
    1658  -2.374730202E-03
    1659  -2.371869081E-03
    1660  -2.369013128E-03
    1661  -2.613269606E-03
    1662  -2.610126768E-03
    1663  -2.606989596E-03
    1664  -2.603858077E-03
    1665  -2.600732197E-03
    1666  -2.687328358E-03
    1667  -2.684106142E-03
    1668  -2.680889717E-03
    1669  -2.677679071E-03
    1670  -2.674474189E-03
    1671  -2.461015579E-03
    1672  -2.458073540E-03
    1673  -2.455136774E-03
    1674  -2.452205267E-03
    1675  -2.449279008E-03
    1676  -1.842991110E-03
    1677  -1.840794458E-03
    1678  -1.838601731E-03
    1679  -1.836412919E-03
    1680  -1.834228014E-03
    1681  -6.099528223E-04
    1682  -6.092279824E-04
    1683  -6.085044337E-04
    1684  -6.077821733E-04
    1685  -6.070611980E-04
    1686   1.560743234E-03
    1687   1.558894012E-03
    1688   1.557048075E-03
    1689   1.555205414E-03
    1690   1.553366023E-03
    1691   4.986775897E-03
    1692   4.980884844E-03
    1693   4.975004225E-03
    1694   4.969134013E-03
    1695   4.963274185E-03
    1696   9.606604545E-03
    1697   9.595289345E-03
    1698   9.583994125E-03
    1699   9.572718838E-03
    1700   9.561463436E-03
    1701   1.482559999E-02
    1702   1.480818884E-02
    1703   1.479080833E-02
    1704   1.477345841E-02
    1705   1.475613900E-02
    1706   1.904802743E-02
    1707   1.902572295E-02
    1708   1.900345762E-02
    1709   1.898123135E-02
    1710   1.895904406E-02
    1711   2.199346707E-02
    1712   2.196778876E-02
    1713   2.194215541E-02
    1714   2.191656689E-02
    1715   2.189102310E-02
    1716   2.375954697E-02
    1717   2.373188743E-02
    1718   2.370427616E-02
    1719   2.367671305E-02
    1720   2.364919799E-02
    1721   2.385616635E-02
    1722   2.382847492E-02
    1723   2.380083168E-02
    1724   2.377323651E-02
    1725   2.374568931E-02
    1726   2.377617383E-02
    1727   2.374865511E-02
    1728   2.372118414E-02
    1729   2.369376081E-02
    1730   2.366638500E-02
    1731   2.244139349E-02
    1732   2.241549459E-02
    1733   2.238964051E-02
    1734   2.236383112E-02
    1735   2.233806634E-02
    1736   2.053613378E-02
    1737   2.051250187E-02
    1738   2.048891072E-02
    1739   2.046536025E-02
    1740   2.044185036E-02
    1741   1.734574080E-02
    1742   1.732583749E-02
    1743   1.730596841E-02
    1744   1.728613348E-02
    1745   1.726633264E-02
    1746   1.278495628E-02
    1747   1.277032818E-02
    1748   1.275572518E-02
    1749   1.274114721E-02
    1750   1.272659421E-02
    1751   7.932548366E-03
    1752   7.923498111E-03
    1753   7.914463335E-03
    1754   7.905444004E-03
    1755   7.896440081E-03
    1756   3.662190726E-03
    1757   3.658024411E-03
    1758   3.653865202E-03
    1759   3.649713082E-03
    1760   3.645568036E-03
    1761   7.351551419E-04
    1762   7.343211599E-04
    1763   7.334885962E-04
    1764   7.326574476E-04
    1765   7.318277110E-04
    1766  -1.005037816E-03
    1767  -1.003900895E-03
    1768  -1.002765903E-03
    1769  -1.001632834E-03
    1770  -1.000501685E-03
    1771  -1.926714113E-03
    1772  -1.924540719E-03
    1773  -1.922371000E-03
    1774  -1.920204948E-03
    1775  -1.918042555E-03
    1776  -2.358987291E-03
    1777  -2.356333762E-03
    1778  -2.353684708E-03
    1779  -2.351040118E-03
    1780  -2.348399983E-03
    1781  -2.451909684E-03
    1782  -2.449159365E-03
    1783  -2.446413671E-03
    1784  -2.443672591E-03
    1785  -2.440936115E-03
    1786  -2.342289423E-03
    1787  -2.339669413E-03
    1788  -2.337053796E-03
    1789  -2.334442562E-03
    1790  -2.331835703E-03
    1791  -2.002115054E-03
    1792  -1.999881797E-03
    1793  -1.997652274E-03
    1794  -1.995426478E-03
    1795  -1.993204399E-03
    1796  -1.546792094E-03
    1797  -1.545071524E-03
    1798  -1.543353824E-03
    1799  -1.541638986E-03
    1800  -1.539927005E-03
    1801  -9.735316977E-04
    1802  -9.724517957E-04
    1803  -9.713736895E-04
    1804  -9.702973752E-04
    1805  -9.692228487E-04
    1806  -4.789941626E-04
    1807  -4.784643018E-04
    1808  -4.779353197E-04
    1809  -4.774072144E-04
    1810  -4.768799839E-04
    1811  -1.193386437E-04
    1812  -1.192069960E-04
    1813  -1.190755660E-04
    1814  -1.189443532E-04
    1815  -1.188133572E-04
    1816   9.833916142E-05
    1817   9.823097753E-05
    1818   9.812297205E-05
    1819   9.801514461E-05
    1820   9.790749481E-05
    1821   2.096528549E-04
    1822   2.094228463E-04
    1823   2.091932159E-04
    1824   2.089639631E-04
    1825   2.087350869E-04
    1826   2.463284104E-04
    1827   2.460589045E-04
    1828   2.457898406E-04
    1829   2.455212179E-04
    1830   2.452530352E-04
    1831   2.450715338E-04
    1832   2.448041344E-04
    1833   2.445371725E-04
    1834   2.442706469E-04
    1835   2.440045569E-04
    1836   2.244909677E-04
    1837   2.242466902E-04
    1838   2.240028113E-04
    1839   2.237593300E-04
    1840   2.235162454E-04
    1841   1.886094376E-04
    1842   1.884047611E-04
    1843   1.882004175E-04
    1844   1.879964062E-04
    1845   1.877927265E-04
    1846   1.396110602E-04
    1847   1.394599660E-04
    1848   1.393091169E-04
    1849   1.391585125E-04
    1850   1.390081521E-04
    1851   8.510937474E-05
    1852   8.501751357E-05
    1853   8.492580104E-05
    1854   8.483423683E-05
    1855   8.474282063E-05
    1856   3.713585942E-05
    1857   3.709588541E-05
    1858   3.705597590E-05
    1859   3.701613077E-05
    1860   3.697634987E-05
    1861   3.051542779E-07
    1862   3.048266834E-07
    1863   3.044996162E-07
    1864   3.041730750E-07
    1865   3.038470589E-07
    1866  -2.500474579E-05
    1867  -2.497797411E-05
    1868  -2.495124541E-05
    1869  -2.492455958E-05
    1870  -2.489791655E-05
    1871  -4.027656541E-05
    1872  -4.023355787E-05
    1873  -4.019061917E-05
    1874  -4.014774918E-05
    1875  -4.010494774E-05
    1876  -4.588464870E-05
    1877  -4.583578326E-05
    1878  -4.578699583E-05
    1879  -4.573828626E-05
    1880  -4.568965438E-05
    1881  -4.661044883E-05
    1882  -4.656094225E-05
    1883  -4.651151449E-05
    1884  -4.646216541E-05
    1885  -4.641289482E-05
    1886  -4.247589378E-05
    1887  -4.243089813E-05
    1888  -4.238597394E-05
    1889  -4.234112106E-05
    1890  -4.229633933E-05
    1891  -3.681794535E-05
    1892  -3.677904631E-05
    1893  -3.674020888E-05
    1894  -3.670143293E-05
    1895  -3.666271834E-05
    1896  -2.977905593E-05
    1897  -2.974767653E-05
    1898  -2.971634669E-05
    1899  -2.968506633E-05
    1900  -2.965383533E-05
    1901  -2.112276464E-05
    1902  -2.110056520E-05
    1903  -2.107840074E-05
    1904  -2.105627118E-05
    1905  -2.103417646E-05
    1906  -1.437935665E-05
    1907  -1.436428395E-05
    1908  -1.434923493E-05
    1909  -1.433420956E-05
    1910  -1.431920777E-05
    1911  -9.097046915E-06
    1912  -9.087536150E-06
    1913  -9.078040292E-06
    1914  -9.068559310E-06
    1915  -9.059093173E-06
    1916  -5.583935524E-06
    1917  -5.578112859E-06
    1918  -5.572299297E-06
    1919  -5.566494818E-06
    1920  -5.560699405E-06
    1921  -3.631288562E-06
    1922  -3.627511871E-06
    1923  -3.623741068E-06
    1924  -3.619976143E-06
    1925  -3.616217081E-06
    1926  -2.944930517E-06
    1927  -2.941875610E-06
    1928  -2.938825454E-06
    1929  -2.935780039E-06
    1930  -2.932739355E-06
    1931  -3.179711134E-06
    1932  -3.176421210E-06
    1933  -3.173136390E-06
    1934  -3.169856662E-06
    1935  -3.166582017E-06
    1936  -3.650328728E-06
    1937  -3.646561619E-06
    1938  -3.642800338E-06
    1939  -3.639044874E-06
    1940  -3.635295214E-06
    1941  -3.991117942E-06
    1942  -3.987009740E-06
    1943  -3.982907878E-06
    1944  -3.978812343E-06
    1945  -3.974723122E-06
    1946  -4.109696574E-06
    1947  -4.105477173E-06
    1948  -4.101264266E-06
    1949  -4.097057841E-06
    1950  -4.092857885E-06
    1951  -3.872579710E-06
    1952  -3.868613934E-06
    1953  -3.864654247E-06
    1954  -3.860700637E-06
    1955  -3.856753090E-06
    1956  -3.872307117E-06
    1957  -3.868351747E-06
    1958  -3.864402434E-06
    1959  -3.860459167E-06
    1960  -3.856521931E-06
    1961  -3.900682997E-06
    1962  -3.896708791E-06
    1963  -3.892740656E-06
    1964  -3.888778579E-06
    1965  -3.884822548E-06
    1966  -4.310606235E-06
    1967  -4.306225538E-06
    1968  -4.301851515E-06
    1969  -4.297484153E-06
    1970  -4.293123439E-06
    1971  -4.771329347E-06
    1972  -4.766492724E-06
    1973  -4.761663450E-06
    1974  -4.756841513E-06
    1975  -4.752026896E-06
    1976  -5.051866291E-06
    1977  -5.046758237E-06
    1978  -5.041657925E-06
    1979  -5.036565341E-06
    1980  -5.031480470E-06
    1981  -5.125165459E-06
    1982  -5.119996356E-06
    1983  -5.114835070E-06
    1984  -5.109681583E-06
    1985  -5.104535882E-06
    1986  -4.890206159E-06
    1987  -4.885286434E-06
    1988  -4.880374130E-06
    1989  -4.875469231E-06
    1990  -4.870571723E-06
    1991  -4.633143833E-06
    1992  -4.628494416E-06
    1993  -4.623851995E-06
    1994  -4.619216554E-06
    1995  -4.614588081E-06
    1996  -4.189660991E-06
    1997  -4.185467137E-06
    1998  -4.181279576E-06
    1999  -4.177098296E-06
    2000  -4.172923285E-06
    2001  -3.710696557E-06
    2002  -3.706991418E-06
    2003  -3.703291826E-06
    2004  -3.699597769E-06
    2005  -3.695909237E-06
    2006  -3.368974236E-06
    2007  -3.365618684E-06
    2008  -3.362268142E-06
    2009  -3.358922602E-06
    2010  -3.355582052E-06
    2011  -3.115542341E-06
    2012  -3.112446919E-06
    2013  -3.109356108E-06
    2014  -3.106269898E-06
    2015  -3.103188281E-06
    2016  -2.969140098E-06
    2017  -2.966197442E-06
    2018  -2.963259158E-06
    2019  -2.960325238E-06
    2020  -2.957395673E-06
    2021  -2.839238721E-06
    2022  -2.836431763E-06
    2023  -2.833628964E-06
    2024  -2.830830319E-06
    2025  -2.828035817E-06
    2026  -2.769953880E-06
    2027  -2.767222170E-06
    2028  -2.764494499E-06
    2029  -2.761770859E-06
    2030  -2.759051242E-06
    2031  -2.805793737E-06
    2032  -2.803033487E-06
    2033  -2.800277309E-06
    2034  -2.797525194E-06
    2035  -2.794777134E-06
    2036  -2.761321932E-06
    2037  -2.758612097E-06
    2038  -2.755906249E-06
    2039  -2.753204380E-06
    2040  -2.750506482E-06
    2041  -2.762660900E-06
    2042  -2.759956386E-06
    2043  -2.757255842E-06
    2044  -2.754559259E-06
    2045  -2.751866630E-06
    2046  -2.598611381E-06
    2047  -2.596073675E-06
    2048  -2.593539684E-06
    2049  -2.591009401E-06
    2050  -2.588482820E-06
    2051  -2.456557793E-06
    2052  -2.454164654E-06
    2053  -2.451775009E-06
    2054  -2.449388854E-06
    2055  -2.447006180E-06
    2056  -2.291633121E-06
    2057  -2.289406072E-06
    2058  -2.287182268E-06
    2059  -2.284961703E-06
    2060  -2.282744370E-06
    2061  -2.153789129E-06
    2062  -2.151701112E-06
    2063  -2.149616130E-06
    2064  -2.147534178E-06
    2065  -2.145455248E-06
    2066  -2.074805924E-06
    2067  -2.072799341E-06
    2068  -2.070795669E-06
    2069  -2.068794900E-06
    2070  -2.066797030E-06
    2071  -2.006293542E-06
    2072  -2.004357899E-06
    2073  -2.002425056E-06
    2074  -2.000495008E-06
    2075  -1.998567749E-06
    2076  -2.021812781E-06
    2077  -2.019866859E-06
    2078  -2.017923745E-06
    2079  -2.015983434E-06
    2080  -2.014045920E-06
    2081  -2.022473076E-06
    2082  -2.020531191E-06
    2083  -2.018592102E-06
    2084  -2.016655803E-06
    2085  -2.014722288E-06
    2086  -1.989460271E-06
    2087  -1.987554658E-06
    2088  -1.985651781E-06
    2089  -1.983751636E-06
    2090  -1.981854217E-06
    2091  -1.899212067E-06
    2092  -1.897397244E-06
    2093  -1.895585022E-06
    2094  -1.893775394E-06
    2095  -1.891968356E-06
    2096  -1.812582664E-06
    2097  -1.810854749E-06
    2098  -1.809129304E-06
    2099  -1.807406324E-06
    2100  -1.805685804E-06
    2101  -1.760012071E-06
    2102  -1.758338261E-06
    2103  -1.756666836E-06
    2104  -1.754997794E-06
    2105  -1.753331130E-06
    2106  -1.678045016E-06
    2107  -1.676452943E-06
    2108  -1.674863135E-06
    2109  -1.673275587E-06
    2110  -1.671690295E-06
    2111  -1.652304113E-06
    2112  -1.650740172E-06
    2113  -1.649178450E-06
    2114  -1.647618943E-06
    2115  -1.646061647E-06
    2116  -1.629679703E-06
    2117  -1.628140817E-06
    2118  -1.626604110E-06
    2119  -1.625069578E-06
    2120  -1.623537216E-06
    2121  -1.608368228E-06
    2122  -1.606853044E-06
    2123  -1.605339999E-06
    2124  -1.603829091E-06
    2125  -1.602320315E-06
    2126  -1.578084354E-06
    2127  -1.576601192E-06
    2128  -1.575120120E-06
    2129  -1.573641134E-06
    2130  -1.572164230E-06
    2131  -1.569967394E-06
    2132  -1.568495320E-06
    2133  -1.567025315E-06
    2134  -1.565557375E-06
    2135  -1.564091498E-06
    2136  -1.540297597E-06
    2137  -1.538856720E-06
    2138  -1.537417864E-06
    2139  -1.535981025E-06
    2140  -1.534546199E-06
    2141  -1.483678940E-06
    2142  -1.482294265E-06
    2143  -1.480911528E-06
    2144  -1.479530725E-06
    2145  -1.478151852E-06
    2146  -1.430539832E-06
    2147  -1.429207858E-06
    2148  -1.427877743E-06
    2149  -1.426549485E-06
    2150  -1.425223079E-06
    2151  -1.346606707E-06
    2152  -1.345355795E-06
    2153  -1.344106625E-06
    2154  -1.342859194E-06
    2155  -1.341613499E-06
    2156  -1.281789863E-06
    2157  -1.280601921E-06
    2158  -1.279415629E-06
    2159  -1.278230985E-06
    2160  -1.277047985E-06
    2161  -1.247090640E-06
    2162  -1.245937528E-06
    2163  -1.244786014E-06
    2164  -1.243636097E-06
    2165  -1.242487771E-06
    2166  -1.200595490E-06
    2167  -1.199487929E-06
    2168  -1.198381901E-06
    2169  -1.197277401E-06
    2170  -1.196174428E-06
    2171  -1.178573485E-06
    2172  -1.177488742E-06
    2173  -1.176405495E-06
    2174  -1.175323743E-06
    2175  -1.174243482E-06
    2176  -1.164833761E-06
    2177  -1.163764125E-06
    2178  -1.162695961E-06
    2179  -1.161629268E-06
    2180  -1.160564041E-06
    2181  -1.165220027E-06
    2182  -1.164152487E-06
    2183  -1.163086413E-06
    2184  -1.162021803E-06
    2185  -1.160958654E-06
    2186  -1.147175714E-06
    2187  -1.146127107E-06
    2188  -1.145079937E-06
    2189  -1.144034202E-06
    2190  -1.142989899E-06
    2191  -1.095663003E-06
    2192  -1.094663767E-06
    2193  -1.093665896E-06
    2194  -1.092669390E-06
    2195  -1.091674245E-06
    2196  -1.067497313E-06
    2197  -1.066525978E-06
    2198  -1.065555968E-06
    2199  -1.064587280E-06
    2200  -1.063619913E-06
    2201  -9.988387616E-07
    2202  -9.979319629E-07
    2203  -9.970263985E-07
    2204  -9.961220662E-07
    2205  -9.952189637E-07
    2206  -9.672279421E-07
    2207  -9.663518298E-07
    2208  -9.654769074E-07
    2209  -9.646031727E-07
    2210  -9.637306234E-07
    2211  -9.242934987E-07
    2212  -9.234581679E-07
    2213  -9.226239690E-07
    2214  -9.217909000E-07
    2215  -9.209589587E-07
    2216  -8.963071960E-07
    2217  -8.954989839E-07
    2218  -8.946918645E-07
    2219  -8.938858358E-07
    2220  -8.930808958E-07
    2221  -8.941119503E-07
    2222  -8.933075310E-07
    2223  -8.925041969E-07
    2224  -8.917019460E-07
    2225  -8.909007762E-07
    2226  -8.818664491E-07
    2227  -8.810748275E-07
    2228  -8.802842714E-07
    2229  -8.794947788E-07
    2230  -8.787063478E-07
    2231  -8.735065687E-07
    2232  -8.727242073E-07
    2233  -8.719428964E-07
    2234  -8.711626343E-07
    2235  -8.703834191E-07
    2236  -8.459458961E-07
    2237  -8.451899122E-07
    2238  -8.444349413E-07
    2239  -8.436809816E-07
    2240  -8.429280311E-07
    2241  -8.143170842E-07
    2242  -8.135909879E-07
    2243  -8.128658622E-07
    2244  -8.121417055E-07
    2245  -8.114185161E-07
    2246  -7.872818410E-07
    2247  -7.865814123E-07
    2248  -7.858819179E-07
    2249  -7.851833562E-07
    2250  -7.844857255E-07
    2251  -7.321868933E-07
    2252  -7.315369271E-07
    2253  -7.308878261E-07
    2254  -7.302395885E-07
    2255  -7.295922130E-07
    2256  -7.079715444E-07
    2257  -7.073444660E-07
    2258  -7.067182204E-07
    2259  -7.060928060E-07
    2260  -7.054682215E-07
    2261  -6.725696021E-07
    2262  -6.719751968E-07
    2263  -6.713815791E-07
    2264  -6.707887477E-07
    2265  -6.701967012E-07
    2266  -6.558208744E-07
    2267  -6.552425491E-07
    2268  -6.546649884E-07
    2269  -6.540881911E-07
    2270  -6.535121557E-07
    2271  -6.459553300E-07
    2272  -6.453869575E-07
    2273  -6.448193348E-07
    2274  -6.442524607E-07
    2275  -6.436863337E-07
    2276  -6.303407479E-07
    2277  -6.297873320E-07
    2278  -6.292346445E-07
    2279  -6.286826843E-07
    2280  -6.281314500E-07
    2281  -6.251339375E-07
    2282  -6.245862950E-07
    2283  -6.240393718E-07
    2284  -6.234931667E-07
    2285  -6.229476783E-07
    2286  -6.026156593E-07
    2287  -6.020888974E-07
    2288  -6.015628258E-07
    2289  -6.010374435E-07
    2290  -6.005127491E-07
    2291  -5.801894148E-07
    2292  -5.796833621E-07
    2293  -5.791779712E-07
    2294  -5.786732409E-07
    2295  -5.781691702E-07
    2296  -5.422175017E-07
    2297  -5.417455978E-07
    2298  -5.412743098E-07
    2299  -5.408036365E-07
    2300  -5.403335768E-07
    2301  -5.001638944E-07
    2302  -4.997295359E-07
    2303  -4.992957429E-07
    2304  -4.988625145E-07
    2305  -4.984298497E-07
    2306  -4.792042491E-07
    2307  -4.787889941E-07
    2308  -4.783742787E-07
    2309  -4.779601018E-07
    2310  -4.775464626E-07
    2311  -4.505267783E-07
    2312  -4.501372177E-07
    2313  -4.497481622E-07
    2314  -4.493596109E-07
    2315  -4.489715629E-07
    2316  -4.371623279E-07
    2317  -4.367851386E-07
    2318  -4.364084373E-07
    2319  -4.360322232E-07
    2320  -4.356564953E-07
    2321  -4.255125759E-07
    2322  -4.251462284E-07
    2323  -4.247803539E-07
    2324  -4.244149514E-07
    2325  -4.240500203E-07
    2326  -4.184202008E-07
    2327  -4.180607332E-07
    2328  -4.177017287E-07
    2329  -4.173431865E-07
    2330  -4.169851057E-07
    2331  -4.139514297E-07
    2332  -4.135965635E-07
    2333  -4.132421534E-07
    2334  -4.128881987E-07
    2335  -4.125346985E-07
    2336  -4.001673032E-07
    2337  -3.998249873E-07
    2338  -3.994831105E-07
    2339  -3.991416719E-07
    2340  -3.988006709E-07
    2341  -3.848776993E-07
    2342  -3.845491652E-07
    2343  -3.842210515E-07
    2344  -3.838933577E-07
    2345  -3.835660829E-07
    2346  -3.626448516E-07
    2347  -3.623359548E-07
    2348  -3.620274525E-07
    2349  -3.617193440E-07
    2350  -3.614116287E-07
    2351  -3.399432646E-07
    2352  -3.396543200E-07
    2353  -3.393657437E-07
    2354  -3.390775350E-07
    2355  -3.387896933E-07
    2356  -3.185438049E-07
    2357  -3.182736236E-07
    2358  -3.180037858E-07
    2359  -3.177342911E-07
    2360  -3.174651388E-07
    2361  -3.064606128E-07
    2362  -3.062012302E-07
    2363  -3.059421767E-07
    2364  -3.056834518E-07
    2365  -3.054250550E-07
    2366  -3.006207074E-07
    2367  -3.003668048E-07
    2368  -3.001132237E-07
    2369  -2.998599636E-07
    2370  -2.996070239E-07
    2371  -2.890891929E-07
    2372  -2.888455442E-07
    2373  -2.886022034E-07
    2374  -2.883591699E-07
    2375  -2.881164434E-07
    2376  -2.842936624E-07
    2377  -2.840545592E-07
    2378  -2.838157576E-07
    2379  -2.835772570E-07
    2380  -2.833390568E-07
    2381  -2.799076752E-07
    2382  -2.796727547E-07
    2383  -2.794381300E-07
    2384  -2.792038003E-07
    2385  -2.789697652E-07
    2386  -2.684419444E-07
    2387  -2.682171187E-07
    2388  -2.679925752E-07
    2389  -2.677683137E-07
    2390  -2.675443335E-07
    2391  -2.562263714E-07
    2392  -2.560122248E-07
    2393  -2.557983466E-07
    2394  -2.555847363E-07
    2395  -2.553713934E-07
    2396  -2.362975997E-07
    2397  -2.361005208E-07
    2398  -2.359036884E-07
    2399  -2.357071020E-07
    2400  -2.355107612E-07
    2401  -2.207332318E-07
    2402  -2.205495171E-07
    2403  -2.203660317E-07
    2404  -2.201827751E-07
    2405  -2.199997470E-07
    2406  -2.013638080E-07
    2407  -2.011965623E-07
    2408  -2.010295249E-07
    2409  -2.008626954E-07
    2410  -2.006960735E-07
    2411  -1.898926776E-07
    2412  -1.897352862E-07
    2413  -1.895780904E-07
    2414  -1.894210899E-07
    2415  -1.892642844E-07
    2416  -1.835213197E-07
    2417  -1.833695237E-07
    2418  -1.832179160E-07
    2419  -1.830664962E-07
    2420  -1.829152641E-07
    2421  -1.774814943E-07
    2422  -1.773349970E-07
    2423  -1.771886810E-07
    2424  -1.770425460E-07
    2425  -1.768965917E-07
    2426  -1.743429276E-07
    2427  -1.741993173E-07
    2428  -1.740558844E-07
    2429  -1.739126285E-07
    2430  -1.737695494E-07
    2431  -1.675801652E-07
    2432  -1.674424092E-07
    2433  -1.673048230E-07
    2434  -1.671674063E-07
    2435  -1.670301588E-07
    2436  -1.622107459E-07
    2437  -1.620776772E-07
    2438  -1.619447722E-07
    2439  -1.618120306E-07
    2440  -1.616794521E-07
    2441  -1.534159755E-07
    2442  -1.532903792E-07
    2443  -1.531649370E-07
    2444  -1.530396487E-07
    2445  -1.529145140E-07
    2446  -1.417914269E-07
    2447  -1.416755843E-07
    2448  -1.415598835E-07
    2449  -1.414443244E-07
    2450  -1.413289068E-07
    2451  -1.336706696E-07
    2452  -1.335616841E-07
    2453  -1.334528319E-07
    2454  -1.333441127E-07
    2455  -1.332355263E-07
    2456  -1.242224134E-07
    2457  -1.241213374E-07
    2458  -1.240203847E-07
    2459  -1.239195551E-07
    2460  -1.238188485E-07
    2461  -1.182633680E-07
    2462  -1.181673360E-07
    2463  -1.180714209E-07
    2464  -1.179756226E-07
    2465  -1.178799409E-07
    2466  -1.135327632E-07
    2467  -1.134407593E-07
    2468  -1.133488673E-07
    2469  -1.132570868E-07
    2470  -1.131654178E-07
    2471  -1.099200975E-07
    2472  -1.098312013E-07
    2473  -1.097424130E-07
    2474  -1.096537322E-07
    2475  -1.095651590E-07
    2476  -1.071024616E-07
    2477  -1.070160189E-07
    2478  -1.069296809E-07
    2479  -1.068434472E-07
    2480  -1.067573179E-07
    2481  -1.022662591E-07
    2482  -1.021838860E-07
    2483  -1.021016123E-07
    2484  -1.020194380E-07
    2485  -1.019373628E-07
    2486  -9.846051715E-08
    2487  -9.838136883E-08
    2488  -9.830231590E-08
    2489  -9.822335822E-08
    2490  -9.814449562E-08
    2491  -9.251061680E-08
    2492  -9.243640050E-08
    2493  -9.236227348E-08
    2494  -9.228823558E-08
    2495  -9.221428668E-08
    2496  -8.537889369E-08
    2497  -8.531053589E-08
    2498  -8.524226015E-08
    2499  -8.517406634E-08
    2500  -8.510595433E-08
    2501  -7.759299579E-08
    2502  -7.753099579E-08
    2503  -7.746907007E-08
    2504  -7.740721852E-08
    2505  -7.734544101E-08
    2506  -6.977254263E-08
    2507  -6.971690265E-08
    2508  -6.966132919E-08
    2509  -6.960582215E-08
    2510  -6.955038144E-08
    2511  -6.603054481E-08
    2512  -6.597799364E-08
    2513  -6.592550518E-08
    2514  -6.587307933E-08
    2515  -6.582071599E-08
    2516  -6.249523565E-08
    2517  -6.244559686E-08
    2518  -6.239601719E-08
    2519  -6.234649654E-08
    2520  -6.229703483E-08
    2521  -6.038161206E-08
    2522  -6.033374713E-08
    2523  -6.028593909E-08
    2524  -6.023818785E-08
    2525  -6.019049332E-08
    2526  -5.826940413E-08
    2527  -5.822330491E-08
    2528  -5.817726039E-08
    2529  -5.813127046E-08
    2530  -5.808533504E-08
    2531  -5.627201845E-08
    2532  -5.622758733E-08
    2533  -5.618320881E-08
    2534  -5.613888280E-08
    2535  -5.609460924E-08
    2536  -5.468171519E-08
    2537  -5.463862479E-08
    2538  -5.459558531E-08
    2539  -5.455259666E-08
    2540  -5.450965876E-08
    2541  -5.042836843E-08
    2542  -5.038870790E-08
    2543  -5.034909414E-08
    2544  -5.030952707E-08
    2545  -5.027000662E-08
    2546  -4.651643495E-08
    2547  -4.647992284E-08
    2548  -4.644345370E-08
    2549  -4.640702746E-08
    2550  -4.637064406E-08
    2551  -4.205435578E-08
    2552  -4.202141073E-08
    2553  -4.198850438E-08
    2554  -4.195563667E-08
    2555  -4.192280753E-08
    2556  -3.830064284E-08
    2557  -3.827069706E-08
    2558  -3.824078640E-08
    2559  -3.821091078E-08
    2560  -3.818107017E-08
    2561  -3.547914585E-08
    2562  -3.545146021E-08
    2563  -3.542380697E-08
    2564  -3.539618607E-08
    2565  -3.536859746E-08
    2566  -3.391505391E-08
    2567  -3.388864032E-08
    2568  -3.386225757E-08
    2569  -3.383590562E-08
    2570  -3.380958442E-08
    2571  -3.283189526E-08
    2572  -3.280637493E-08
    2573  -3.278088435E-08
    2574  -3.275542347E-08
    2575  -3.272999224E-08
    2576  -3.131847296E-08
    2577  -3.129417624E-08
    2578  -3.126990778E-08
    2579  -3.124566755E-08
    2580  -3.122145548E-08
    2581  -3.050598015E-08
    2582  -3.048235957E-08
    2583  -3.045876641E-08
    2584  -3.043520063E-08
    2585  -3.041166219E-08
    2586  -2.892783767E-08
    2587  -2.890548231E-08
    2588  -2.888315285E-08
    2589  -2.886084926E-08
    2590  -2.883857149E-08
    2591  -2.694949154E-08
    2592  -2.692870520E-08
    2593  -2.690794290E-08
    2594  -2.688720460E-08
    2595  -2.686649027E-08
    2596  -2.460047571E-08
    2597  -2.458153770E-08
    2598  -2.456262154E-08
    2599  -2.454372722E-08
    2600  -2.452485469E-08
    2601  -2.161613038E-08
    2602  -2.159952176E-08
    2603  -2.158293226E-08
    2604  -2.156636187E-08
    2605  -2.154981056E-08
    2606  -1.961389252E-08
    2607  -1.959885119E-08
    2608  -1.958382716E-08
    2609  -1.956882040E-08
    2610  -1.955383087E-08
    2611  -1.757789222E-08
    2612  -1.756443804E-08
    2613  -1.755099929E-08
    2614  -1.753757597E-08
    2615  -1.752416803E-08
    2616  -1.673098114E-08
    2617  -1.671819964E-08
    2618  -1.670543278E-08
    2619  -1.669268054E-08
    2620  -1.667994290E-08
    2621  -1.577002051E-08
    2622  -1.575799609E-08
    2623  -1.574598543E-08
    2624  -1.573398849E-08
    2625  -1.572200525E-08
    2626  -1.540770739E-08
    2627  -1.539598159E-08
    2628  -1.538426916E-08
    2629  -1.537257010E-08
    2630  -1.536088438E-08
    2631  -1.490070351E-08
    2632  -1.488938509E-08
    2633  -1.487807956E-08
    2634  -1.486678690E-08
    2635  -1.485550709E-08
    2636  -1.404042587E-08
    2637  -1.402978112E-08
    2638  -1.401914847E-08
    2639  -1.400852790E-08
    2640  -1.399791940E-08
    2641  -1.316227234E-08
    2642  -1.315231224E-08
    2643  -1.314236344E-08
    2644  -1.313242592E-08
    2645  -1.312249967E-08
    2646  -1.189866027E-08
    2647  -1.188967336E-08
    2648  -1.188069664E-08
    2649  -1.187173007E-08
    2650  -1.186277366E-08
    2651  -1.060677850E-08
    2652  -1.059878244E-08
    2653  -1.059079541E-08
    2654  -1.058281741E-08
    2655  -1.057484842E-08
    2656  -9.673639905E-09
    2657  -9.666361019E-09
    2658  -9.659090345E-09
    2659  -9.651827871E-09
    2660  -9.644573585E-09
    2661  -8.804445959E-09
    2662  -8.797833532E-09
    2663  -8.791228552E-09
    2664  -8.784631007E-09
    2665  -8.778040887E-09
    2666  -8.506192315E-09
    2667  -8.499815859E-09
    2668  -8.493446571E-09
    2669  -8.487084438E-09
    2670  -8.480729452E-09
    2671  -8.124094316E-09
    2672  -8.118015682E-09
    2673  -8.111943868E-09
    2674  -8.105878863E-09
    2675  -8.099820658E-09
    2676  -7.684855091E-09
    2677  -7.679115841E-09
    2678  -7.673383019E-09
    2679  -7.667656614E-09
    2680  -7.661936616E-09
    2681  -7.439246060E-09
    2682  -7.433700592E-09
    2683  -7.428161322E-09
    2684  -7.422628241E-09
    2685  -7.417101339E-09
    2686  -7.008894933E-09
    2687  -7.003679982E-09
    2688  -6.998470848E-09
    2689  -6.993267524E-09
    2690  -6.988070001E-09
    2691  -6.560087666E-09
    2692  -6.555215710E-09
    2693  -6.550349180E-09
    2694  -6.545488068E-09
    2695  -6.540632365E-09
    2696  -5.926777369E-09
    2697  -5.922383909E-09
    2698  -5.917995332E-09
    2699  -5.913611632E-09
    2700  -5.909232801E-09
