      50   5.562676004E-07
      51   5.916190145E-07
      52   5.692937687E-07
      53   5.482088143E-07
      54   5.282739483E-07
      55   5.094070216E-07
      56   5.649224466E-07
      57   5.454423622E-07
      58   5.269527906E-07
      59   5.093876976E-07
      60   4.926864616E-07
      61   4.779892491E-07
      62   4.628149872E-07
      63   4.483520189E-07
      64   4.345565721E-07
      65   4.213881912E-07
      66   4.006781828E-07
      67   3.888935303E-07
      68   3.776212541E-07
      69   3.668320754E-07
      70   3.564987775E-07
      71   4.847782092E-07
      72   4.714966144E-07
      73   4.587534627E-07
      74   4.465200370E-07
      75   4.347695097E-07
      76   6.301524192E-07
      77   6.139946648E-07
      78   5.984504961E-07
      79   5.834892337E-07
      80   5.690820921E-07
      81   4.696663611E-07
      82   4.583490994E-07
      83   4.474360256E-07
      84   4.369081191E-07
      85   4.267474652E-07
      86   4.566026263E-07
      87   4.462252939E-07
      88   4.361977592E-07
      89   4.265044757E-07
      90   4.171307509E-07
      91   1.101725770E-06
      92   1.078032743E-06
      93   1.055095876E-06
      94   1.032883331E-06
      95   1.011364928E-06
      96   1.204495934E-06
      97   1.179914384E-06
      98   1.156077730E-06
      99   1.132956176E-06
     100   1.110521400E-06
     101   2.299331867E-06
     102   2.254684646E-06
     103   2.211325326E-06
     104   2.169204843E-06
     105   2.128276450E-06
     106   4.246646789E-06
     107   4.168005181E-06
     108   4.091528022E-06
     109   4.017136604E-06
     110   3.944755764E-06
     111   1.123937709E-05
     112   1.104045006E-05
     113   1.084675795E-05
     114   1.065811868E-05
     115   1.047435802E-05
     116   1.238042763E-05
     117   1.217058987E-05
     118   1.196604214E-05
     119   1.176660811E-05
     120   1.157211872E-05
     121   1.097124241E-05
     122   1.079284822E-05
     123   1.061877002E-05
     124   1.044886970E-05
     125   1.028301463E-05
     126   3.092125330E-05
     127   3.043810872E-05
     128   2.996620006E-05
     129   2.950518160E-05
     130   2.905472081E-05
     131   2.590316994E-05
     132   2.551364858E-05
     133   2.513284786E-05
     134   2.476050937E-05
     135   2.439638423E-05
     136   2.863462785E-05
     137   2.821963325E-05
     138   2.781359536E-05
     139   2.741625828E-05
     140   2.702737518E-05
     141   3.106570918E-05
     142   3.063122374E-05
     143   3.020579008E-05
     144   2.978915849E-05
     145   2.938108782E-05
     146   2.747505509E-05
     147   2.710377056E-05
     148   2.673996156E-05
     149   2.638342874E-05
     150   2.603397935E-05
     151   3.253888817E-05
     152   3.211354323E-05
     153   3.169648422E-05
     154   3.128749733E-05
     155   3.088637557E-05
     156   3.074847936E-05
     157   3.035925811E-05
     158   2.997738065E-05
     159   2.960266339E-05
     160   2.923492844E-05
     161   3.102468650E-05
     162   3.064401550E-05
     163   3.027030799E-05
     164   2.990339517E-05
     165   2.954311330E-05
     166   3.258116962E-05
     167   3.219329856E-05
     168   3.181231277E-05
     169   3.143805027E-05
     170   3.107035378E-05
     171   3.343760586E-05
     172   3.305104395E-05
     173   3.267114689E-05
     174   3.229776235E-05
     175   3.193074233E-05
     176   3.116846430E-05
     177   3.081825683E-05
     178   3.047391877E-05
     179   3.013531967E-05
     180   2.980233271E-05
     181   3.524689082E-05
     182   3.486167889E-05
     183   3.448274760E-05
     184   3.410996114E-05
     185   3.374318737E-05
     186   3.170144492E-05
     187   3.136419551E-05
     188   3.103229926E-05
     189   3.070564348E-05
     190   3.038411841E-05
     191   3.351670902E-05
     192   3.316938561E-05
     193   3.282743318E-05
     194   3.249074156E-05
     195   3.215920338E-05
     196   3.072375330E-05
     197   3.041341235E-05
     198   3.010774992E-05
     199   2.980667242E-05
     200   2.951008861E-05
     201   2.767671787E-05
     202   2.740404085E-05
     203   2.713537378E-05
     204   2.687063843E-05
     205   2.660975844E-05
     206   3.409594720E-05
     207   3.376810155E-05
     208   3.344496182E-05
     209   3.312643838E-05
     210   3.281244370E-05
     211   2.862724828E-05
     212   2.835844782E-05
     213   2.809341560E-05
     214   2.783208150E-05
     215   2.757437705E-05
     216   3.387452589E-05
     217   3.356375042E-05
     218   3.325723216E-05
     219   3.295489368E-05
     220   3.265665935E-05
     221   3.182587972E-05
     222   3.154044582E-05
     223   3.125883469E-05
     224   3.098097839E-05
     225   3.070681044E-05
     226   2.881568271E-05
     227   2.856291356E-05
     228   2.831345580E-05
     229   2.806725184E-05
     230   2.782424533E-05
     231   3.173190266E-05
     232   3.145952581E-05
     233   3.119064097E-05
     234   3.092518871E-05
     235   3.066311084E-05
     236   2.748577647E-05
     237   2.725480355E-05
     238   2.702672988E-05
     239   2.680150714E-05
     240   2.657908799E-05
     241   3.316667208E-05
     242   3.289369536E-05
     243   3.262407490E-05
     244   3.235775592E-05
     245   3.209468474E-05
     246   3.066934465E-05
     247   3.042201123E-05
     248   3.017765772E-05
     249   2.993623646E-05
     250   2.969770071E-05
     251   2.836670841E-05
     252   2.814246565E-05
     253   2.792087144E-05
     254   2.770188421E-05
     255   2.748546324E-05
     256   3.093855509E-05
     257   3.069872133E-05
     258   3.046166557E-05
     259   3.022734506E-05
     260   2.999571790E-05
     261   2.833461953E-05
     262   2.811914714E-05
     263   2.790612330E-05
     264   2.769551104E-05
     265   2.748727412E-05
     266   3.192210435E-05
     267   3.168387969E-05
     268   3.144831182E-05
     269   3.121536136E-05
     270   3.098498969E-05
     271   2.921045609E-05
     272   2.899646007E-05
     273   2.878480708E-05
     274   2.857546303E-05
     275   2.836839445E-05
     276   3.013162925E-05
     277   2.991485493E-05
     278   2.970041153E-05
     279   2.948826573E-05
     280   2.927838484E-05
     281   2.861840493E-05
     282   2.841615472E-05
     283   2.821604095E-05
     284   2.801803365E-05
     285   2.782210334E-05
     286   2.807944674E-05
     287   2.788445058E-05
     288   2.769147861E-05
     289   2.750050289E-05
     290   2.731149600E-05
     291   3.012569678E-05
     292   2.992006063E-05
     293   2.971652280E-05
     294   2.951505485E-05
     295   2.931562880E-05
     296   2.993827973E-05
     297   2.973735167E-05
     298   2.953843962E-05
     299   2.934151669E-05
     300   2.914655645E-05
     301   3.008052432E-05
     302   2.988197301E-05
     303   2.968538108E-05
     304   2.949072284E-05
     305   2.929797302E-05
     306   2.669341812E-05
     307   2.652008423E-05
     308   2.634843320E-05
     309   2.617844331E-05
     310   2.601009319E-05
     311   2.863953805E-05
     312   2.845653780E-05
     313   2.827528597E-05
     314   2.809576035E-05
     315   2.791793908E-05
     316   2.882006138E-05
     317   2.863880314E-05
     318   2.845924951E-05
     319   2.828137920E-05
     320   2.810517123E-05
     321   2.782677366E-05
     322   2.765447166E-05
     323   2.748376504E-05
     324   2.731463418E-05
     325   2.714705974E-05
     326   2.885972628E-05
     327   2.868375234E-05
     328   2.850938303E-05
     329   2.833659889E-05
     330   2.816538077E-05
     331   2.760282868E-05
     332   2.743704593E-05
     333   2.727275224E-05
     334   2.710992984E-05
     335   2.694856121E-05
     336   2.890824330E-05
     337   2.873718861E-05
     338   2.856764767E-05
     339   2.839960269E-05
     340   2.823303610E-05
     341   2.847637180E-05
     342   2.831032881E-05
     343   2.814573388E-05
     344   2.798257020E-05
     345   2.782082124E-05
     346   2.717158846E-05
     347   2.701542991E-05
     348   2.686061369E-05
     349   2.670712447E-05
     350   2.655494712E-05
     351   2.884641097E-05
     352   2.868297521E-05
     353   2.852092451E-05
     354   2.836024324E-05
     355   2.820091603E-05
     356   2.774254231E-05
     357   2.758755604E-05
     358   2.743386492E-05
     359   2.728145456E-05
     360   2.713031077E-05
     361   3.131239703E-05
     362   3.113987694E-05
     363   3.096877871E-05
     364   3.079908677E-05
     365   3.063078575E-05
     366   2.872278632E-05
     367   2.856668422E-05
     368   2.841185124E-05
     369   2.825827367E-05
     370   2.810593796E-05
     371   3.075717464E-05
     372   3.059225681E-05
     373   3.042866186E-05
     374   3.026637566E-05
     375   3.010538430E-05
     376   2.996235261E-05
     377   2.980382164E-05
     378   2.964654554E-05
     379   2.949051109E-05
     380   2.933570525E-05
     381   3.134515206E-05
     382   3.118146980E-05
     383   3.101906631E-05
     384   3.085792831E-05
     385   3.069804267E-05
     386   3.252648127E-05
     387   3.235881899E-05
     388   3.219244974E-05
     389   3.202736026E-05
     390   3.186353744E-05
     391   2.924323121E-05
     392   2.909441069E-05
     393   2.894672333E-05
     394   2.880015764E-05
     395   2.865470230E-05
     396   3.153251759E-05
     397   3.137406273E-05
     398   3.121679925E-05
     399   3.106071526E-05
     400   3.090579897E-05
     401   3.242604730E-05
     402   3.226512399E-05
     403   3.210539565E-05
     404   3.194685049E-05
     405   3.178947684E-05
     406   3.030917045E-05
     407   3.016059608E-05
     408   3.001311151E-05
     409   2.986670608E-05
     410   2.972136931E-05
     411   3.126576999E-05
     412   3.111436190E-05
     413   3.096405098E-05
     414   3.081482663E-05
     415   3.066667843E-05
     416   2.978434198E-05
     417   2.964183316E-05
     418   2.950034470E-05
     419   2.935986687E-05
     420   2.922039007E-05
     421   3.283354983E-05
     422   3.267830846E-05
     423   3.252416550E-05
     424   3.237111060E-05
     425   3.221913355E-05
     426   3.414255853E-05
     427   3.398301387E-05
     428   3.382458490E-05
     429   3.366726125E-05
     430   3.351103266E-05
     431   3.529855810E-05
     432   3.513551626E-05
     433   3.497360144E-05
     434   3.481280327E-05
     435   3.465311152E-05
     436   3.929757005E-05
     437   3.911812909E-05
     438   3.893991438E-05
     439   3.876291477E-05
     440   3.858711924E-05
     441   3.774023137E-05
     442   3.756984658E-05
     443   3.740061304E-05
     444   3.723252039E-05
     445   3.706555842E-05
     446   4.226043300E-05
     447   4.207177035E-05
     448   4.188436825E-05
     449   4.169821551E-05
     450   4.151330102E-05
     451   3.919715133E-05
     452   3.902409547E-05
     453   3.885218316E-05
     454   3.868140433E-05
     455   3.851174905E-05
     456   4.048438090E-05
     457   4.030759321E-05
     458   4.013196099E-05
     459   3.995747421E-05
     460   3.978412291E-05
     461   4.392533546E-05
     462   4.373559319E-05
     463   4.354707770E-05
     464   4.335977844E-05
     465   4.317368497E-05
     466   4.564721850E-05
     467   4.545214491E-05
     468   4.525831913E-05
     469   4.506573054E-05
     470   4.487436863E-05
     471   5.063149529E-05
     472   5.041740863E-05
     473   5.020467695E-05
     474   4.999328883E-05
     475   4.978323300E-05
     476   4.690493860E-05
     477   4.670868363E-05
     478   4.651365781E-05
     479   4.631985090E-05
     480   4.612725277E-05
     481   4.622052058E-05
     482   4.602913126E-05
     483   4.583892824E-05
     484   4.564990173E-05
     485   4.546204205E-05
     486   4.405408771E-05
     487   4.387353817E-05
     488   4.369409630E-05
     489   4.351575305E-05
     490   4.333849947E-05
     491   3.893855753E-05
     492   3.878059178E-05
     493   3.862358534E-05
     494   3.846753045E-05
     495   3.831241944E-05
     496   3.989612837E-05
     497   3.973590296E-05
     498   3.957664082E-05
     499   3.941833426E-05
     500   3.926097564E-05
     501   3.167523306E-05
     502   3.154928780E-05
     503   3.142409221E-05
     504   3.129964036E-05
     505   3.117592637E-05
     506   3.022904927E-05
     507   3.011003726E-05
     508   2.999172670E-05
     509   2.987411209E-05
     510   2.975718797E-05
     511   2.604425989E-05
     512   2.594272281E-05
     513   2.584177837E-05
     514   2.574142195E-05
     515   2.564164899E-05
     516   2.261475660E-05
     517   2.252744094E-05
     518   2.244062999E-05
     519   2.235431988E-05
     520   2.226850675E-05
     521   2.590847296E-05
     522   2.580939658E-05
     523   2.571088743E-05
     524   2.561294119E-05
     525   2.551555358E-05
     526   3.569242473E-05
     527   3.555722615E-05
     528   3.542279429E-05
     529   3.528912337E-05
     530   3.515620765E-05
     531   6.318530276E-05
     532   6.294820969E-05
     533   6.271244860E-05
     534   6.247800954E-05
     535   6.224488264E-05
     536   9.787021697E-05
     537   9.750638717E-05
     538   9.714458239E-05
     539   9.678478764E-05
     540   9.642698806E-05
     541   1.464426155E-04
     542   1.459032321E-04
     543   1.453668231E-04
     544   1.448333669E-04
     545   1.443028417E-04
     546   2.076817234E-04
     547   2.069237609E-04
     548   2.061699403E-04
     549   2.054202314E-04
     550   2.046746045E-04
     551   2.684253449E-04
     552   2.674545480E-04
     553   2.664890081E-04
     554   2.655286874E-04
     555   2.645735482E-04
     556   3.275878269E-04
     557   3.264136770E-04
     558   3.252458284E-04
     559   3.240842362E-04
     560   3.229288557E-04
     561   3.665073424E-04
     562   3.652053625E-04
     563   3.639103080E-04
     564   3.626221299E-04
     565   3.613407796E-04
     566   3.937760925E-04
     567   3.923895569E-04
     568   3.910103318E-04
     569   3.896383657E-04
     570   3.882736079E-04
     571   4.119270089E-04
     572   4.104892183E-04
     573   4.090589423E-04
     574   4.076361286E-04
     575   4.062207253E-04
     576   3.600798478E-04
     577   3.588338968E-04
     578   3.575944014E-04
     579   3.563613173E-04
     580   3.551346002E-04
     581   2.206846000E-04
     582   2.199275344E-04
     583   2.191743579E-04
     584   2.184250439E-04
     585   2.176795659E-04
     586  -3.501732770E-05
     587  -3.489822114E-05
     588  -3.477972124E-05
     589  -3.466182388E-05
     590  -3.454452498E-05
     591  -4.427636888E-04
     592  -4.412703880E-04
     593  -4.397846291E-04
     594  -4.383063615E-04
     595  -4.368355348E-04
     596  -9.904569206E-04
     597  -9.871443557E-04
     598  -9.838483812E-04
     599  -9.805688866E-04
     600  -9.773057622E-04
     601  -1.566323669E-03
     602  -1.561128566E-03
     603  -1.555959266E-03
     604  -1.550815599E-03
     605  -1.545697395E-03
     606  -1.938230805E-03
     607  -1.931855046E-03
     608  -1.925510695E-03
     609  -1.919197545E-03
     610  -1.912915393E-03
     611  -2.182906384E-03
     612  -2.175784341E-03
     613  -2.168697095E-03
     614  -2.161644422E-03
     615  -2.154626096E-03
     616  -2.345914456E-03
     617  -2.338322499E-03
     618  -2.330767338E-03
     619  -2.323248734E-03
     620  -2.315766451E-03
     621  -2.061076535E-03
     622  -2.054459917E-03
     623  -2.047875109E-03
     624  -2.041321909E-03
     625  -2.034800114E-03
     626  -1.530636382E-03
     627  -1.525761744E-03
     628  -1.520910355E-03
     629  -1.516082068E-03
     630  -1.511276737E-03
     631  -3.913823597E-04
     632  -3.901457646E-04
     633  -3.889150208E-04
     634  -3.876900916E-04
     635  -3.864709404E-04
     636   1.685631802E-03
     637   1.680347690E-03
     638   1.675088386E-03
     639   1.669853734E-03
     640   1.664643582E-03
     641   4.963288935E-03
     642   4.947851022E-03
     643   4.932485025E-03
     644   4.917190498E-03
     645   4.901966998E-03
     646   9.391485829E-03
     647   9.362499762E-03
     648   9.333647682E-03
     649   9.304928767E-03
     650   9.276342196E-03
     651   1.432596651E-02
     652   1.428208912E-02
     653   1.423841301E-02
     654   1.419493694E-02
     655   1.415165969E-02
     656   1.834415432E-02
     657   1.828839701E-02
     658   1.823289353E-02
     659   1.817764234E-02
     660   1.812264191E-02
     661   2.168770244E-02
     662   2.162227951E-02
     663   2.155715216E-02
     664   2.149231862E-02
     665   2.142777713E-02
     666   2.325507471E-02
     667   2.318544874E-02
     668   2.311613499E-02
     669   2.304713160E-02
     670   2.297843673E-02
     671   2.300352298E-02
     672   2.293516184E-02
     673   2.286710498E-02
     674   2.279935060E-02
     675   2.273189690E-02
     676   2.476289052E-02
     677   2.468984364E-02
     678   2.461711951E-02
     679   2.454471622E-02
     680   2.447263188E-02
     681   2.297468624E-02
     682   2.290741044E-02
     683   2.284042971E-02
     684   2.277374232E-02
     685   2.270734657E-02
     686   2.155238667E-02
     687   2.148973438E-02
     688   2.142735489E-02
     689   2.136524662E-02
     690   2.130340799E-02
     691   1.771464970E-02
     692   1.766352517E-02
     693   1.761262164E-02
     694   1.756193783E-02
     695   1.751147249E-02
     696   1.320295303E-02
     697   1.316512222E-02
     698   1.312745377E-02
     699   1.308994676E-02
     700   1.305260027E-02
     701   8.534150507E-03
     702   8.509871273E-03
     703   8.485695503E-03
     704   8.461622608E-03
     705   8.437652005E-03
     706   3.672741188E-03
     707   3.662366213E-03
     708   3.652035137E-03
     709   3.641747715E-03
     710   3.631503699E-03
     711   6.078145137E-04
     712   6.061095641E-04
     713   6.044117782E-04
     714   6.027211159E-04
     715   6.010375374E-04
     716  -1.291036234E-03
     717  -1.287440033E-03
     718  -1.283858837E-03
     719  -1.280292562E-03
     720  -1.276741127E-03
     721  -2.296111276E-03
     722  -2.289759654E-03
     723  -2.283434351E-03
     724  -2.277135222E-03
     725  -2.270862122E-03
     726  -2.789234806E-03
     727  -2.781572073E-03
     728  -2.773940874E-03
     729  -2.766341036E-03
     730  -2.758772388E-03
     731  -2.859550951E-03
     732  -2.851748630E-03
     733  -2.843978197E-03
     734  -2.836239481E-03
     735  -2.828532309E-03
     736  -2.813714969E-03
     737  -2.806089725E-03
     738  -2.798495436E-03
     739  -2.790931935E-03
     740  -2.783399055E-03
     741  -2.489292513E-03
     742  -2.482591860E-03
     743  -2.475918226E-03
     744  -2.469271465E-03
     745  -2.462651435E-03
     746  -1.898301168E-03
     747  -1.893225497E-03
     748  -1.888170155E-03
     749  -1.883135034E-03
     750  -1.878120028E-03
     751  -1.219038058E-03
     752  -1.215800241E-03
     753  -1.212575306E-03
     754  -1.209363186E-03
     755  -1.206163813E-03
     756  -6.104945547E-04
     757  -6.088837511E-04
     758  -6.072793144E-04
     759  -6.056812109E-04
     760  -6.040894075E-04
     761  -2.083982578E-04
     762  -2.078519976E-04
     763  -2.073078824E-04
     764  -2.067659010E-04
     765  -2.062260423E-04
     766   6.142993908E-05
     767   6.126996528E-05
     768   6.111061557E-05
     769   6.095188670E-05
     770   6.079377545E-05
     771   2.039508596E-04
     772   2.034231730E-04
     773   2.028975318E-04
     774   2.023739252E-04
     775   2.018523429E-04
     776   2.502777320E-04
     777   2.496343446E-04
     778   2.489934348E-04
     779   2.483549901E-04
     780   2.477189978E-04
     781   2.585687357E-04
     782   2.579082792E-04
     783   2.572503499E-04
     784   2.565949350E-04
     785   2.559420217E-04
     786   2.355231295E-04
     787   2.349253550E-04
     788   2.343298535E-04
     789   2.337366134E-04
     790   2.331456232E-04
     791   1.930136609E-04
     792   1.925268673E-04
     793   1.920419130E-04
     794   1.915587887E-04
     795   1.910774852E-04
     796   1.355817130E-04
     797   1.352419092E-04
     798   1.349033813E-04
     799   1.345661228E-04
     800   1.342301275E-04
     801   7.360909118E-05
     802   7.342575596E-05
     803   7.324310483E-05
     804   7.306113438E-05
     805   7.287984125E-05
     806   1.430097087E-05
     807   1.426557243E-05
     808   1.423030525E-05
     809   1.419516869E-05
     810   1.416016211E-05
     811  -3.148609299E-05
     812  -3.140863643E-05
     813  -3.133146533E-05
     814  -3.125457830E-05
     815  -3.117797394E-05
     816  -6.282822234E-05
     817  -6.267460810E-05
     818  -6.252155655E-05
     819  -6.236906495E-05
     820  -6.221713057E-05
     821  -8.231639104E-05
     822  -8.211635121E-05
     823  -8.191703968E-05
     824  -8.171845292E-05
     825  -8.152058741E-05
     826  -8.958564577E-05
     827  -8.936925532E-05
     828  -8.915364795E-05
     829  -8.893881988E-05
     830  -8.872476737E-05
     831  -9.194881754E-05
     832  -9.172805207E-05
     833  -9.150808072E-05
     834  -9.128889969E-05
     835  -9.107050519E-05
     836  -8.477985787E-05
     837  -8.457751930E-05
     838  -8.437590424E-05
     839  -8.417500923E-05
     840  -8.397483085E-05
     841  -7.627891624E-05
     842  -7.609794610E-05
     843  -7.591761921E-05
     844  -7.573793254E-05
     845  -7.555888305E-05
     846  -6.525975802E-05
     847  -6.510584350E-05
     848  -6.495247284E-05
     849  -6.479964349E-05
     850  -6.464735291E-05
     851  -5.131207460E-05
     852  -5.119176492E-05
     853  -5.107187789E-05
     854  -5.095241151E-05
     855  -5.083336382E-05
     856  -4.029751330E-05
     857  -4.020357970E-05
     858  -4.010997416E-05
     859  -4.001669515E-05
     860  -3.992374115E-05
     861  -3.110119421E-05
     862  -3.102911728E-05
     863  -3.095729062E-05
     864  -3.088571307E-05
     865  -3.081438348E-05
     866  -2.597521202E-05
     867  -2.591536130E-05
     868  -2.585571720E-05
     869  -2.579627877E-05
     870  -2.573704507E-05
     871  -2.319941860E-05
     872  -2.314626988E-05
     873  -2.309330358E-05
     874  -2.304051889E-05
     875  -2.298791497E-05
     876  -2.134259007E-05
     877  -2.129397369E-05
     878  -2.124552324E-05
     879  -2.119723796E-05
     880  -2.114911710E-05
     881  -2.125407245E-05
     882  -2.120593186E-05
     883  -2.115795464E-05
     884  -2.111014005E-05
     885  -2.106248736E-05
     886  -2.157955321E-05
     887  -2.153095061E-05
     888  -2.148251203E-05
     889  -2.143423672E-05
     890  -2.138612395E-05
     891  -2.174506444E-05
     892  -2.169636329E-05
     893  -2.164782556E-05
     894  -2.159945053E-05
     895  -2.155123747E-05
     896  -2.146454603E-05
     897  -2.141674080E-05
     898  -2.136909511E-05
     899  -2.132160823E-05
     900  -2.127427947E-05
     901  -2.003569601E-05
     902  -1.999132016E-05
     903  -1.994709157E-05
     904  -1.990300960E-05
     905  -1.985907360E-05
     906  -1.941750771E-05
     907  -1.937473787E-05
     908  -1.933210918E-05
     909  -1.928962103E-05
     910  -1.924727280E-05
     911  -1.899430429E-05
     912  -1.895269574E-05
     913  -1.891122375E-05
     914  -1.886988775E-05
     915  -1.882868712E-05
     916  -1.940698559E-05
     917  -1.936470457E-05
     918  -1.932256158E-05
     919  -1.928055601E-05
     920  -1.923868727E-05
     921  -1.965044725E-05
     922  -1.960786773E-05
     923  -1.956542646E-05
     924  -1.952312283E-05
     925  -1.948095626E-05
     926  -1.981208052E-05
     927  -1.976938207E-05
     928  -1.972682151E-05
     929  -1.968439824E-05
     930  -1.964211167E-05
     931  -2.049650635E-05
     932  -2.045256957E-05
     933  -2.040877392E-05
     934  -2.036511879E-05
     935  -2.032160357E-05
     936  -1.928159932E-05
     937  -1.924048717E-05
     938  -1.919950636E-05
     939  -1.915865635E-05
     940  -1.911793657E-05
     941  -1.878952873E-05
     942  -1.874967819E-05
     943  -1.870995430E-05
     944  -1.867035651E-05
     945  -1.863088430E-05
     946  -1.772242492E-05
     947  -1.768503584E-05
     948  -1.764776495E-05
     949  -1.761061176E-05
     950  -1.757357578E-05
     951  -1.689616069E-05
     952  -1.686070180E-05
     953  -1.682535442E-05
     954  -1.679011807E-05
     955  -1.675499230E-05
     956  -1.578246917E-05
     957  -1.574952039E-05
     958  -1.571667467E-05
     959  -1.568393160E-05
     960  -1.565129074E-05
     961  -1.482197192E-05
     962  -1.479118901E-05
     963  -1.476050189E-05
     964  -1.472991018E-05
     965  -1.469941347E-05
     966  -1.506191302E-05
     967  -1.503079336E-05
     968  -1.499977005E-05
     969  -1.496884269E-05
     970  -1.493801089E-05
     971  -1.423368122E-05
     972  -1.420442391E-05
     973  -1.417525671E-05
     974  -1.414617926E-05
     975  -1.411719119E-05
     976  -1.451919438E-05
     977  -1.448950278E-05
     978  -1.445990216E-05
     979  -1.443039215E-05
     980  -1.440097239E-05
     981  -1.405489982E-05
     982  -1.402630389E-05
     983  -1.399779514E-05
     984  -1.396937322E-05
     985  -1.394103778E-05
     986  -1.380933330E-05
     987  -1.378137919E-05
     988  -1.375350987E-05
     989  -1.372572500E-05
     990  -1.369802424E-05
     991  -1.363421704E-05
     992  -1.360675639E-05
     993  -1.357937861E-05
     994  -1.355208337E-05
     995  -1.352487035E-05
     996  -1.319047793E-05
     997  -1.316404411E-05
     998  -1.313768967E-05
     999  -1.311141429E-05
    1000  -1.308521765E-05
    1001  -1.262722961E-05
    1002  -1.260205069E-05
    1003  -1.257694700E-05
    1004  -1.255191825E-05
    1005  -1.252696414E-05
    1006  -1.198608700E-05
    1007  -1.196230509E-05
    1008  -1.193859388E-05
    1009  -1.191495310E-05
    1010  -1.189138247E-05
    1011  -1.150498611E-05
    1012  -1.148227143E-05
    1013  -1.145962396E-05
    1014  -1.143704342E-05
    1015  -1.141452955E-05
    1016  -1.164058709E-05
    1017  -1.161771756E-05
    1018  -1.159491537E-05
    1019  -1.157218024E-05
    1020  -1.154951192E-05
    1021  -1.139862560E-05
    1022  -1.137634090E-05
    1023  -1.135412148E-05
    1024  -1.133196710E-05
    1025  -1.130987749E-05
    1026  -1.129964694E-05
    1027  -1.127766319E-05
    1028  -1.125574353E-05
    1029  -1.123388772E-05
    1030  -1.121209550E-05
    1031  -1.113834745E-05
    1032  -1.111678240E-05
    1033  -1.109527992E-05
    1034  -1.107383977E-05
    1035  -1.105246170E-05
    1036  -1.097237698E-05
    1037  -1.095123560E-05
    1038  -1.093015526E-05
    1039  -1.090913573E-05
    1040  -1.088817678E-05
    1041  -1.087344562E-05
    1042  -1.085259529E-05
    1043  -1.083180488E-05
    1044  -1.081107415E-05
    1045  -1.079040288E-05
    1046  -1.047842524E-05
    1047  -1.045842824E-05
    1048  -1.043848844E-05
    1049  -1.041860560E-05
    1050  -1.039877952E-05
    1051  -1.042831331E-05
    1052  -1.040850645E-05
    1053  -1.038875596E-05
    1054  -1.036906164E-05
    1055  -1.034942327E-05
    1056  -1.012153625E-05
    1057  -1.010240291E-05
    1058  -1.008332377E-05
    1059  -1.006429863E-05
    1060  -1.004532729E-05
    1061  -1.004744735E-05
    1062  -1.002854340E-05
    1063  -1.000969276E-05
    1064  -9.990895213E-06
    1065  -9.972150569E-06
    1066  -1.001924269E-05
    1067  -1.000048006E-05
    1068  -9.981770087E-06
    1069  -9.963112573E-06
    1070  -9.944507320E-06
    1071  -9.981575872E-06
    1072  -9.962970885E-06
    1073  -9.944417866E-06
    1074  -9.925916624E-06
    1075  -9.907466965E-06
    1076  -9.723175840E-06
    1077  -9.705136553E-06
    1078  -9.687147421E-06
    1079  -9.669208260E-06
    1080  -9.651318883E-06
    1081  -9.876596224E-06
    1082  -9.858356895E-06
    1083  -9.840168045E-06
    1084  -9.822029486E-06
    1085  -9.803941034E-06
    1086  -9.643337844E-06
    1087  -9.625611120E-06
    1088  -9.607933230E-06
    1089  -9.590303995E-06
    1090  -9.572723236E-06
    1091  -9.445202789E-06
    1092  -9.427919710E-06
    1093  -9.410684025E-06
    1094  -9.393495561E-06
    1095  -9.376354146E-06
    1096  -9.141178675E-06
    1097  -9.124528076E-06
    1098  -9.107922929E-06
    1099  -9.091363070E-06
    1100  -9.074848332E-06
    1101  -8.947508311E-06
    1102  -8.931284361E-06
    1103  -8.915104498E-06
    1104  -8.898968562E-06
    1105  -8.882876395E-06
    1106  -8.543321813E-06
    1107  -8.527900655E-06
    1108  -8.512521212E-06
    1109  -8.497183336E-06
    1110  -8.481886877E-06
    1111  -8.432209839E-06
    1112  -8.417057620E-06
    1113  -8.401946206E-06
    1114  -8.386875450E-06
    1115  -8.371845208E-06
    1116  -8.240702778E-06
    1117  -8.225960913E-06
    1118  -8.211258570E-06
    1119  -8.196595608E-06
    1120  -8.181971887E-06
    1121  -8.285592597E-06
    1122  -8.270836422E-06
    1123  -8.256119631E-06
    1124  -8.241442085E-06
    1125  -8.226803644E-06
    1126  -8.147019567E-06
    1127  -8.132574497E-06
    1128  -8.118167811E-06
    1129  -8.103799372E-06
    1130  -8.089469046E-06
    1131  -8.093332386E-06
    1132  -8.079045833E-06
    1133  -8.064797075E-06
    1134  -8.050585979E-06
    1135  -8.036412412E-06
    1136  -7.998516448E-06
    1137  -7.984459301E-06
    1138  -7.970439179E-06
    1139  -7.956455953E-06
    1140  -7.942509492E-06
    1141  -7.921245082E-06
    1142  -7.907384636E-06
    1143  -7.893560537E-06
    1144  -7.879772658E-06
    1145  -7.866020874E-06
    1146  -7.810801402E-06
    1147  -7.797193734E-06
    1148  -7.783621595E-06
    1149  -7.770084862E-06
    1150  -7.756583411E-06
    1151  -7.419799958E-06
    1152  -7.406929533E-06
    1153  -7.394092567E-06
    1154  -7.381288943E-06
    1155  -7.368518547E-06
    1156  -7.338714916E-06
    1157  -7.326040106E-06
    1158  -7.313398104E-06
    1159  -7.300788797E-06
    1160  -7.288212073E-06
    1161  -7.072985180E-06
    1162  -7.060821834E-06
    1163  -7.048689838E-06
    1164  -7.036589083E-06
    1165  -7.024519462E-06
    1166  -7.067918974E-06
    1167  -7.055816373E-06
    1168  -7.043744831E-06
    1169  -7.031704242E-06
    1170  -7.019694499E-06
    1171  -7.063452355E-06
    1172  -7.051408958E-06
    1173  -7.039396336E-06
    1174  -7.027414385E-06
    1175  -7.015463000E-06
    1176  -6.858850851E-06
    1177  -6.847205942E-06
    1178  -6.835590665E-06
    1179  -6.824004918E-06
    1180  -6.812448602E-06
    1181  -6.885962206E-06
    1182  -6.874320681E-06
    1183  -6.862708653E-06
    1184  -6.851126022E-06
    1185  -6.839572690E-06
    1186  -6.766319583E-06
    1187  -6.754928472E-06
    1188  -6.743566103E-06
    1189  -6.732232379E-06
    1190  -6.720927203E-06
    1191  -6.573202829E-06
    1192  -6.562183210E-06
    1193  -6.551191278E-06
    1194  -6.540226941E-06
    1195  -6.529290107E-06
    1196  -6.436936436E-06
    1197  -6.426190299E-06
    1198  -6.415471049E-06
    1199  -6.404778597E-06
    1200  -6.394112854E-06
    1201  -6.186154457E-06
    1202  -6.175869911E-06
    1203  -6.165610991E-06
    1204  -6.155377612E-06
    1205  -6.145169689E-06
    1206  -6.039168236E-06
    1207  -6.029169613E-06
    1208  -6.019195801E-06
    1209  -6.009246717E-06
    1210  -5.999322280E-06
    1211  -5.706063779E-06
    1212  -5.696655595E-06
    1213  -5.687270660E-06
    1214  -5.677908898E-06
    1215  -5.668570232E-06
    1216  -5.698720680E-06
    1217  -5.689363175E-06
    1218  -5.680028699E-06
    1219  -5.670717176E-06
    1220  -5.661428532E-06
    1221  -5.709555841E-06
    1222  -5.700218873E-06
    1223  -5.690904790E-06
    1224  -5.681613517E-06
    1225  -5.672344979E-06
    1226  -5.563273502E-06
    1227  -5.554212796E-06
    1228  -5.545174207E-06
    1229  -5.536157663E-06
    1230  -5.527163094E-06
    1231  -5.680158094E-06
    1232  -5.670944537E-06
    1233  -5.661753379E-06
    1234  -5.652584547E-06
    1235  -5.643437970E-06
    1236  -5.450848830E-06
    1237  -5.442042935E-06
    1238  -5.433258362E-06
    1239  -5.424495042E-06
    1240  -5.415752907E-06
    1241  -5.238366665E-06
    1242  -5.229938078E-06
    1243  -5.221529817E-06
    1244  -5.213141818E-06
    1245  -5.204774014E-06
    1246  -5.096539639E-06
    1247  -5.088372108E-06
    1248  -5.080224194E-06
    1249  -5.072095835E-06
    1250  -5.063986969E-06
    1251  -4.782467192E-06
    1252  -4.774833565E-06
    1253  -4.767218200E-06
    1254  -4.759621040E-06
    1255  -4.752042025E-06
    1256  -4.678612899E-06
    1257  -4.671174722E-06
    1258  -4.663754270E-06
    1259  -4.656351485E-06
    1260  -4.648966313E-06
    1261  -4.418692494E-06
    1262  -4.411695357E-06
    1263  -4.404714826E-06
    1264  -4.397750850E-06
    1265  -4.390803376E-06
    1266  -4.398573303E-06
    1267  -4.391635490E-06
    1268  -4.384714079E-06
    1269  -4.377809017E-06
    1270  -4.370920254E-06
    1271  -4.303558518E-06
    1272  -4.296797232E-06
    1273  -4.290051867E-06
    1274  -4.283322374E-06
    1275  -4.276608702E-06
    1276  -4.213956720E-06
    1277  -4.207362109E-06
    1278  -4.200782966E-06
    1279  -4.194219242E-06
    1280  -4.187670891E-06
    1281  -4.160702832E-06
    1282  -4.154216935E-06
    1283  -4.147746192E-06
    1284  -4.141290556E-06
    1285  -4.134849980E-06
    1286  -4.063463914E-06
    1287  -4.057154187E-06
    1288  -4.050859146E-06
    1289  -4.044578744E-06
    1290  -4.038312937E-06
    1291  -4.029290007E-06
    1292  -4.023057540E-06
    1293  -4.016839522E-06
    1294  -4.010635909E-06
    1295  -4.004446656E-06
    1296  -3.803675824E-06
    1297  -3.797814998E-06
    1298  -3.791967708E-06
    1299  -3.786133912E-06
    1300  -3.780313567E-06
    1301  -3.642205391E-06
    1302  -3.636614899E-06
    1303  -3.631037269E-06
    1304  -3.625472460E-06
    1305  -3.619920435E-06
    1306  -3.485154389E-06
    1307  -3.479825407E-06
    1308  -3.474508638E-06
    1309  -3.469204044E-06
    1310  -3.463911590E-06
    1311  -3.368852280E-06
    1312  -3.363720746E-06
    1313  -3.358600927E-06
    1314  -3.353492789E-06
    1315  -3.348396295E-06
    1316  -3.348215419E-06
    1317  -3.343134668E-06
    1318  -3.338065472E-06
    1319  -3.333007797E-06
    1320  -3.327961608E-06
    1321  -3.227525929E-06
    1322  -3.222646827E-06
    1323  -3.217778781E-06
    1324  -3.212921756E-06
    1325  -3.208075720E-06
    1326  -3.204622416E-06
    1327  -3.199796177E-06
    1328  -3.194980833E-06
    1329  -3.190176351E-06
    1330  -3.185382697E-06
    1331  -3.143648715E-06
    1332  -3.138932063E-06
    1333  -3.134226018E-06
    1334  -3.129530548E-06
    1335  -3.124845622E-06
    1336  -3.062447497E-06
    1337  -3.057869848E-06
    1338  -3.053302455E-06
    1339  -3.048745287E-06
    1340  -3.044198314E-06
    1341  -2.942238524E-06
    1342  -2.937856933E-06
    1343  -2.933485122E-06
    1344  -2.929123063E-06
    1345  -2.924770725E-06
    1346  -2.799071401E-06
    1347  -2.794918476E-06
    1348  -2.790774786E-06
    1349  -2.786640305E-06
    1350  -2.782515005E-06
    1351  -2.631035195E-06
    1352  -2.627146008E-06
    1353  -2.623265438E-06
    1354  -2.619393459E-06
    1355  -2.615530047E-06
    1356  -2.540233914E-06
    1357  -2.536492774E-06
    1358  -2.532759893E-06
    1359  -2.529035246E-06
    1360  -2.525318809E-06
    1361  -2.403518652E-06
    1362  -2.399991846E-06
    1363  -2.396472796E-06
    1364  -2.392961481E-06
    1365  -2.389457877E-06
    1366  -2.295936929E-06
    1367  -2.292580296E-06
    1368  -2.289231019E-06
    1369  -2.285889076E-06
    1370  -2.282554446E-06
    1371  -2.236911742E-06
    1372  -2.233653312E-06
    1373  -2.230401998E-06
    1374  -2.227157777E-06
    1375  -2.223920629E-06
    1376  -2.232236503E-06
    1377  -2.228996682E-06
    1378  -2.225763909E-06
    1379  -2.222538164E-06
    1380  -2.219319427E-06
    1381  -2.171875608E-06
    1382  -2.168734790E-06
    1383  -2.165600780E-06
    1384  -2.162473559E-06
    1385  -2.159353106E-06
    1386  -2.159108601E-06
    1387  -2.155997494E-06
    1388  -2.152893106E-06
    1389  -2.149795418E-06
    1390  -2.146704411E-06
    1391  -2.032469692E-06
    1392  -2.029551573E-06
    1393  -2.026639734E-06
    1394  -2.023734158E-06
    1395  -2.020834825E-06
    1396  -1.960488690E-06
    1397  -1.957683985E-06
    1398  -1.954885294E-06
    1399  -1.952092601E-06
    1400  -1.949305888E-06
    1401  -1.834038377E-06
    1402  -1.831423924E-06
    1403  -1.828815058E-06
    1404  -1.826211763E-06
    1405  -1.823614022E-06
    1406  -1.719317608E-06
    1407  -1.716875395E-06
    1408  -1.714438383E-06
    1409  -1.712006555E-06
    1410  -1.709579898E-06
    1411  -1.659355922E-06
    1412  -1.657007223E-06
    1413  -1.654663507E-06
    1414  -1.652324760E-06
    1415  -1.649990968E-06
    1416  -1.612123613E-06
    1417  -1.609849814E-06
    1418  -1.607580822E-06
    1419  -1.605316623E-06
    1420  -1.603057205E-06
    1421  -1.577622165E-06
    1422  -1.575404846E-06
    1423  -1.573192199E-06
    1424  -1.570984210E-06
    1425  -1.568780866E-06
    1426  -1.574526265E-06
    1427  -1.572321046E-06
    1428  -1.570120457E-06
    1429  -1.567924484E-06
    1430  -1.565733115E-06
    1431  -1.525703423E-06
    1432  -1.523574039E-06
    1433  -1.521449110E-06
    1434  -1.519328624E-06
    1435  -1.517212567E-06
    1436  -1.468282471E-06
    1437  -1.466240354E-06
    1438  -1.464202494E-06
    1439  -1.462168879E-06
    1440  -1.460139498E-06
    1441  -1.388016761E-06
    1442  -1.386092968E-06
    1443  -1.384173172E-06
    1444  -1.382257361E-06
    1445  -1.380345525E-06
    1446  -1.307610664E-06
    1447  -1.305804572E-06
    1448  -1.304002219E-06
    1449  -1.302203595E-06
    1450  -1.300408690E-06
    1451  -1.220668513E-06
    1452  -1.218988308E-06
    1453  -1.217311571E-06
    1454  -1.215638290E-06
    1455  -1.213968457E-06
    1456  -1.111855647E-06
    1457  -1.110330468E-06
    1458  -1.108808425E-06
    1459  -1.107289509E-06
    1460  -1.105773712E-06
    1461  -1.069565950E-06
    1462  -1.068103795E-06
    1463  -1.066644637E-06
    1464  -1.065188467E-06
    1465  -1.063735276E-06
    1466  -1.007092061E-06
    1467  -1.005720001E-06
    1468  -1.004350743E-06
    1469  -1.002984279E-06
    1470  -1.001620603E-06
    1471  -9.949907490E-07
    1472  -9.936397771E-07
    1473  -9.922915549E-07
    1474  -9.909460748E-07
    1475  -9.896033295E-07
    1476  -9.655532408E-07
    1477  -9.642466735E-07
    1478  -9.629427564E-07
    1479  -9.616414824E-07
    1480  -9.603428444E-07
    1481  -9.478044627E-07
    1482  -9.465262369E-07
    1483  -9.452505951E-07
    1484  -9.439775303E-07
    1485  -9.427070356E-07
    1486  -9.243264589E-07
    1487  -9.230840846E-07
    1488  -9.218442134E-07
    1489  -9.206068386E-07
    1490  -9.193719535E-07
    1491  -8.687941695E-07
    1492  -8.676303461E-07
    1493  -8.664688597E-07
    1494  -8.653097041E-07
    1495  -8.641528729E-07
    1496  -8.129948647E-07
    1497  -8.119094243E-07
    1498  -8.108261563E-07
    1499  -8.097450547E-07
    1500  -8.086661139E-07
    1501  -7.639688540E-07
    1502  -7.629522620E-07
    1503  -7.619376978E-07
    1504  -7.609251560E-07
    1505  -7.599146313E-07
    1506  -7.069292298E-07
    1507  -7.059916578E-07
    1508  -7.050559499E-07
    1509  -7.041221009E-07
    1510  -7.031901061E-07
    1511  -6.661536600E-07
    1512  -6.652730868E-07
    1513  -6.643942584E-07
    1514  -6.635171703E-07
    1515  -6.626418178E-07
    1516  -6.439557941E-07
    1517  -6.431073675E-07
    1518  -6.422606166E-07
    1519  -6.414155368E-07
    1520  -6.405721239E-07
    1521  -6.232541589E-07
    1522  -6.224357030E-07
    1523  -6.216188583E-07
    1524  -6.208036204E-07
    1525  -6.199899853E-07
    1526  -6.156542242E-07
    1527  -6.148483941E-07
    1528  -6.140441450E-07
    1529  -6.132414729E-07
    1530  -6.124403737E-07
    1531  -5.973726301E-07
    1532  -5.965932790E-07
    1533  -5.958154520E-07
    1534  -5.950391453E-07
    1535  -5.942643547E-07
    1536  -5.672789788E-07
    1537  -5.665412948E-07
    1538  -5.658050488E-07
    1539  -5.650702371E-07
    1540  -5.643368558E-07
    1541  -5.316853351E-07
    1542  -5.309961772E-07
    1543  -5.303083583E-07
    1544  -5.296218750E-07
    1545  -5.289367238E-07
    1546  -4.954653748E-07
    1547  -4.948252386E-07
    1548  -4.941863423E-07
    1549  -4.935486825E-07
    1550  -4.929122561E-07
    1551  -4.459943312E-07
    1552  -4.454199663E-07
    1553  -4.448467102E-07
    1554  -4.442745601E-07
    1555  -4.437035131E-07
    1556  -4.147208265E-07
    1557  -4.141884506E-07
    1558  -4.136570992E-07
    1559  -4.131267696E-07
    1560  -4.125974592E-07
    1561  -3.838012275E-07
    1562  -3.833101190E-07
    1563  -3.828199527E-07
    1564  -3.823307259E-07
    1565  -3.818424363E-07
    1566  -3.627737432E-07
    1567  -3.623110216E-07
    1568  -3.618491847E-07
    1569  -3.613882304E-07
    1570  -3.609281562E-07
    1571  -3.516196084E-07
    1572  -3.511725396E-07
    1573  -3.507263229E-07
    1574  -3.502809561E-07
    1575  -3.498364371E-07
    1576  -3.411100739E-07
    1577  -3.406777417E-07
    1578  -3.402462310E-07
    1579  -3.398155395E-07
    1580  -3.393856654E-07
    1581  -3.343790530E-07
    1582  -3.339565905E-07
    1583  -3.335349281E-07
    1584  -3.331140639E-07
    1585  -3.326939957E-07
    1586  -3.215304361E-07
    1587  -3.211254859E-07
    1588  -3.207213003E-07
    1589  -3.203178773E-07
    1590  -3.199152150E-07
    1591  -3.042991674E-07
    1592  -3.039171220E-07
    1593  -3.035357956E-07
    1594  -3.031551864E-07
    1595  -3.027752927E-07
    1596  -2.775616079E-07
    1597  -2.772142216E-07
    1598  -2.768674871E-07
    1599  -2.765214028E-07
    1600  -2.761759669E-07
    1601  -2.556771972E-07
    1602  -2.553581988E-07
    1603  -2.550397970E-07
    1604  -2.547219904E-07
    1605  -2.544047775E-07
    1606  -2.366264573E-07
    1607  -2.363321458E-07
    1608  -2.360383830E-07
    1609  -2.357451676E-07
    1610  -2.354524983E-07
    1611  -2.221305254E-07
    1612  -2.218551000E-07
    1613  -2.215801867E-07
    1614  -2.213057840E-07
    1615  -2.210318907E-07
    1616  -2.103907347E-07
    1617  -2.101306720E-07
    1618  -2.098710912E-07
    1619  -2.096119911E-07
    1620  -2.093533705E-07
    1621  -2.015325997E-07
    1622  -2.012842539E-07
    1623  -2.010363669E-07
    1624  -2.007889376E-07
    1625  -2.005419647E-07
    1626  -1.974906403E-07
    1627  -1.972480228E-07
    1628  -1.970058521E-07
    1629  -1.967641272E-07
    1630  -1.965228468E-07
    1631  -1.924772680E-07
    1632  -1.922415334E-07
    1633  -1.920062316E-07
    1634  -1.917713616E-07
    1635  -1.915369223E-07
    1636  -1.821397207E-07
    1637  -1.819173279E-07
    1638  -1.816953421E-07
    1639  -1.814737624E-07
    1640  -1.812525878E-07
    1641  -1.718075734E-07
    1642  -1.715984345E-07
    1643  -1.713896773E-07
    1644  -1.711813008E-07
    1645  -1.709733040E-07
    1646  -1.583062970E-07
    1647  -1.581141777E-07
    1648  -1.579224079E-07
    1649  -1.577309868E-07
    1650  -1.575399135E-07
    1651  -1.428144898E-07
    1652  -1.426416955E-07
    1653  -1.424692146E-07
    1654  -1.422970463E-07
    1655  -1.421251900E-07
    1656  -1.280184821E-07
    1657  -1.278640569E-07
    1658  -1.277099110E-07
    1659  -1.275560436E-07
    1660  -1.274024541E-07
    1661  -1.164318289E-07
    1662  -1.162918027E-07
    1663  -1.161520289E-07
    1664  -1.160125069E-07
    1665  -1.158732362E-07
    1666  -1.122315934E-07
    1667  -1.120970231E-07
    1668  -1.119626947E-07
    1669  -1.118286077E-07
    1670  -1.116947614E-07
    1671  -1.086065017E-07
    1672  -1.084766673E-07
    1673  -1.083470655E-07
    1674  -1.082176959E-07
    1675  -1.080885578E-07
    1676  -1.055453077E-07
    1677  -1.054195088E-07
    1678  -1.052939346E-07
    1679  -1.051685847E-07
    1680  -1.050434585E-07
    1681  -1.019145553E-07
    1682  -1.017934447E-07
    1683  -1.016725499E-07
    1684  -1.015518703E-07
    1685  -1.014314054E-07
    1686  -9.723119495E-08
    1687  -9.711599211E-08
    1688  -9.700099389E-08
    1689  -9.688619982E-08
    1690  -9.677160940E-08
    1691  -9.190888353E-08
    1692  -9.180030836E-08
    1693  -9.169192547E-08
    1694  -9.158373441E-08
    1695  -9.147573472E-08
    1696  -8.522670339E-08
    1697  -8.512631858E-08
    1698  -8.502611102E-08
    1699  -8.492608031E-08
    1700  -8.482622601E-08
    1701  -7.978416641E-08
    1702  -7.969046804E-08
    1703  -7.959693462E-08
    1704  -7.950356578E-08
    1705  -7.941036114E-08
    1706  -7.372970555E-08
    1707  -7.364337100E-08
    1708  -7.355718801E-08
    1709  -7.347115621E-08
    1710  -7.338527525E-08
    1711  -6.984098680E-08
    1712  -6.975944449E-08
    1713  -6.967804491E-08
    1714  -6.959678771E-08
    1715  -6.951567257E-08
    1716  -6.787558271E-08
    1717  -6.779656573E-08
    1718  -6.771768665E-08
    1719  -6.763894516E-08
    1720  -6.756034092E-08
    1721  -6.474521433E-08
    1722  -6.467006028E-08
    1723  -6.459503701E-08
    1724  -6.452014422E-08
    1725  -6.444538159E-08
    1726  -6.390566837E-08
    1727  -6.383170347E-08
    1728  -6.375786692E-08
    1729  -6.368415840E-08
    1730  -6.361057763E-08
    1731  -6.168476936E-08
    1732  -6.161358093E-08
    1733  -6.154251567E-08
    1734  -6.147157329E-08
    1735  -6.140075351E-08
    1736  -6.051007927E-08
    1737  -6.044044742E-08
    1738  -6.037093569E-08
    1739  -6.030154381E-08
    1740  -6.023227150E-08
    1741  -5.882478401E-08
    1742  -5.875728569E-08
    1743  -5.868990348E-08
    1744  -5.862263712E-08
    1745  -5.855548633E-08
    1746  -5.612031866E-08
    1747  -5.605610777E-08
    1748  -5.599200701E-08
    1749  -5.592801615E-08
    1750  -5.586413492E-08
    1751  -5.405432543E-08
    1752  -5.399265478E-08
    1753  -5.393108961E-08
    1754  -5.386962968E-08
    1755  -5.380827475E-08
    1756  -5.157811982E-08
    1757  -5.151944164E-08
    1758  -5.146086353E-08
    1759  -5.140238528E-08
    1760  -5.134400665E-08
    1761  -5.036798136E-08
    1762  -5.031084241E-08
    1763  -5.025380064E-08
    1764  -5.019685583E-08
    1765  -5.014000774E-08
    1766  -4.816875782E-08
    1767  -4.811426827E-08
    1768  -4.805987114E-08
    1769  -4.800556620E-08
    1770  -4.795135325E-08
    1771  -4.770829181E-08
    1772  -4.765447535E-08
    1773  -4.760074990E-08
    1774  -4.754711525E-08
    1775  -4.749357120E-08
    1776  -4.748500347E-08
    1777  -4.743158952E-08
    1778  -4.737826564E-08
    1779  -4.732503163E-08
    1780  -4.727188730E-08
    1781  -4.667603174E-08
    1782  -4.662367500E-08
    1783  -4.657140631E-08
    1784  -4.651922546E-08
    1785  -4.646713227E-08
    1786  -4.616960499E-08
    1787  -4.611796114E-08
    1788  -4.606640389E-08
    1789  -4.601493305E-08
    1790  -4.596354842E-08
    1791  -4.494988886E-08
    1792  -4.489974955E-08
    1793  -4.484969409E-08
    1794  -4.479972228E-08
    1795  -4.474983395E-08
    1796  -4.519757031E-08
    1797  -4.514729493E-08
    1798  -4.509710338E-08
    1799  -4.504699549E-08
    1800  -4.499697107E-08
    1801  -4.431279501E-08
    1802  -4.426364050E-08
    1803  -4.421456772E-08
    1804  -4.416557651E-08
    1805  -4.411666668E-08
    1806  -4.422349877E-08
    1807  -4.417457897E-08
    1808  -4.412574030E-08
    1809  -4.407698258E-08
    1810  -4.402830562E-08
    1811  -4.390306141E-08
    1812  -4.385463002E-08
    1813  -4.380627872E-08
    1814  -4.375800734E-08
    1815  -4.370981570E-08
    1816  -4.308179640E-08
    1817  -4.303440168E-08
    1818  -4.298708513E-08
    1819  -4.293984658E-08
    1820  -4.289268585E-08
    1821  -4.281199844E-08
    1822  -4.276502971E-08
    1823  -4.271813823E-08
    1824  -4.267132383E-08
    1825  -4.262458634E-08
    1826  -4.157694025E-08
    1827  -4.153145125E-08
    1828  -4.148603687E-08
    1829  -4.144069694E-08
    1830  -4.139543130E-08
    1831  -4.104468637E-08
    1832  -4.099990221E-08
    1833  -4.095519130E-08
    1834  -4.091055349E-08
    1835  -4.086598862E-08
    1836  -4.145254109E-08
    1837  -4.140743496E-08
    1838  -4.136240240E-08
    1839  -4.131744327E-08
    1840  -4.127255740E-08
    1841  -4.199584225E-08
    1842  -4.195026890E-08
    1843  -4.190476969E-08
    1844  -4.185934446E-08
    1845  -4.181399306E-08
    1846  -4.248197094E-08
    1847  -4.243599478E-08
    1848  -4.239009321E-08
    1849  -4.234426609E-08
    1850  -4.229851323E-08
    1851  -4.250223105E-08
    1852  -4.245635708E-08
    1853  -4.241055734E-08
    1854  -4.236483168E-08
    1855  -4.231917992E-08
    1856  -4.284807348E-08
    1857  -4.280195068E-08
    1858  -4.275590232E-08
    1859  -4.270992824E-08
    1860  -4.266402826E-08
    1861  -4.299767793E-08
    1862  -4.295151832E-08
    1863  -4.290543300E-08
    1864  -4.285942181E-08
    1865  -4.281348460E-08
    1866  -4.281604858E-08
    1867  -4.277020699E-08
    1868  -4.272443898E-08
    1869  -4.267874439E-08
    1870  -4.263312307E-08
    1871  -4.295139794E-08
    1872  -4.290553419E-08
    1873  -4.285974387E-08
    1874  -4.281402681E-08
    1875  -4.276838286E-08
    1876  -4.196545818E-08
    1877  -4.192076654E-08
    1878  -4.187614624E-08
    1879  -4.183159715E-08
    1880  -4.178711911E-08
    1881  -4.214759918E-08
    1882  -4.210283275E-08
    1883  -4.205813760E-08
    1884  -4.201351358E-08
    1885  -4.196896054E-08
    1886  -4.167093248E-08
    1887  -4.162678954E-08
    1888  -4.158271671E-08
    1889  -4.153871383E-08
    1890  -4.149478077E-08
    1891  -4.181341831E-08
    1892  -4.176924143E-08
    1893  -4.172513452E-08
    1894  -4.168109744E-08
    1895  -4.163713004E-08
    1896  -4.265764481E-08
    1897  -4.261269471E-08
    1898  -4.256781562E-08
    1899  -4.252300740E-08
    1900  -4.247826988E-08
    1901  -4.208765744E-08
    1902  -4.204342448E-08
    1903  -4.199926122E-08
    1904  -4.195516751E-08
    1905  -4.191114320E-08
    1906  -4.310335680E-08
    1907  -4.305817509E-08
    1908  -4.301306437E-08
    1909  -4.296802452E-08
    1910  -4.292305536E-08
    1911  -4.306687231E-08
    1912  -4.302184683E-08
    1913  -4.297689192E-08
    1914  -4.293200744E-08
    1915  -4.288719324E-08
    1916  -4.279359440E-08
    1917  -4.274897126E-08
    1918  -4.270441787E-08
    1919  -4.265993410E-08
    1920  -4.261551981E-08
    1921  -4.250264567E-08
    1922  -4.245844115E-08
    1923  -4.241430556E-08
    1924  -4.237023875E-08
    1925  -4.232624058E-08
    1926  -4.200812602E-08
    1927  -4.196454912E-08
    1928  -4.192104000E-08
    1929  -4.187759851E-08
    1930  -4.183422451E-08
    1931  -4.228186329E-08
    1932  -4.223811589E-08
    1933  -4.219443635E-08
    1934  -4.215082453E-08
    1935  -4.210728029E-08
    1936  -4.175714726E-08
    1937  -4.171405423E-08
    1938  -4.167102787E-08
    1939  -4.162806805E-08
    1940  -4.158517463E-08
    1941  -4.150228841E-08
    1942  -4.145956861E-08
    1943  -4.141691473E-08
    1944  -4.137432664E-08
    1945  -4.133180421E-08
    1946  -4.235373160E-08
    1947  -4.231024727E-08
    1948  -4.226682988E-08
    1949  -4.222347929E-08
    1950  -4.218019535E-08
    1951  -4.168491878E-08
    1952  -4.164223069E-08
    1953  -4.159960814E-08
    1954  -4.155705100E-08
    1955  -4.151455913E-08
    1956  -4.280951173E-08
    1957  -4.276578394E-08
    1958  -4.272212311E-08
    1959  -4.267852911E-08
    1960  -4.263500179E-08
    1961  -4.141285940E-08
    1962  -4.137066596E-08
    1963  -4.132853697E-08
    1964  -4.128647230E-08
    1965  -4.124447182E-08
    1966  -4.145160911E-08
    1967  -4.140948349E-08
    1968  -4.136742205E-08
    1969  -4.132542467E-08
    1970  -4.128349121E-08
    1971  -4.129207704E-08
    1972  -4.125021990E-08
    1973  -4.120842636E-08
    1974  -4.116669631E-08
    1975  -4.112502961E-08
    1976  -4.075138473E-08
    1977  -4.071018009E-08
    1978  -4.066903792E-08
    1979  -4.062795809E-08
    1980  -4.058694046E-08
    1981  -4.051479843E-08
    1982  -4.047393630E-08
    1983  -4.043313596E-08
    1984  -4.039239729E-08
    1985  -4.035172015E-08
    1986  -3.973364959E-08
    1987  -3.969367610E-08
    1988  -3.965376291E-08
    1989  -3.961390988E-08
    1990  -3.957411690E-08
    1991  -4.024238633E-08
    1992  -4.020200260E-08
    1993  -4.016167962E-08
    1994  -4.012141729E-08
    1995  -4.008121547E-08
    1996  -4.001441731E-08
    1997  -3.997436284E-08
    1998  -3.993436848E-08
    1999  -3.989443411E-08
    2000  -3.985455961E-08
    2001  -3.946685744E-08
    2002  -3.942744969E-08
    2003  -3.938810094E-08
    2004  -3.934881106E-08
    2005  -3.930957995E-08
    2006  -3.931979583E-08
    2007  -3.928063269E-08
    2008  -3.924152803E-08
    2009  -3.920248173E-08
    2010  -3.916349369E-08
    2011  -3.887029450E-08
    2012  -3.883167523E-08
    2013  -3.879311349E-08
    2014  -3.875460916E-08
    2015  -3.871616212E-08
    2016  -3.861455573E-08
    2017  -3.857628561E-08
    2018  -3.853807235E-08
    2019  -3.849991584E-08
    2020  -3.846181597E-08
    2021  -3.775567073E-08
    2022  -3.771834432E-08
    2023  -3.768107322E-08
    2024  -3.764385735E-08
    2025  -3.760669658E-08
    2026  -3.691436666E-08
    2027  -3.687796196E-08
    2028  -3.684161108E-08
    2029  -3.680531393E-08
    2030  -3.676907039E-08
    2031  -3.689206693E-08
    2032  -3.685577370E-08
    2033  -3.681953400E-08
    2034  -3.678334772E-08
    2035  -3.674721477E-08
    2036  -3.580678654E-08
    2037  -3.577164740E-08
    2038  -3.573655996E-08
    2039  -3.570152411E-08
    2040  -3.566653977E-08
    2041  -3.590996450E-08
    2042  -3.587481035E-08
    2043  -3.583970780E-08
    2044  -3.580465674E-08
    2045  -3.576965707E-08
    2046  -3.486384890E-08
    2047  -3.482980218E-08
    2048  -3.479580530E-08
    2049  -3.476185817E-08
    2050  -3.472796070E-08
    2051  -3.479645479E-08
    2052  -3.476255664E-08
    2053  -3.472870800E-08
    2054  -3.469490877E-08
    2055  -3.466115885E-08
    2056  -3.438997077E-08
    2057  -3.435655001E-08
    2058  -3.432317793E-08
    2059  -3.428985446E-08
    2060  -3.425657949E-08
    2061  -3.367314920E-08
    2062  -3.364050436E-08
    2063  -3.360790698E-08
    2064  -3.357535695E-08
    2065  -3.354285418E-08
    2066  -3.297660854E-08
    2067  -3.294471627E-08
    2068  -3.291287024E-08
    2069  -3.288107037E-08
    2070  -3.284931656E-08
    2071  -3.185424779E-08
    2072  -3.182351528E-08
    2073  -3.179282722E-08
    2074  -3.176218353E-08
    2075  -3.173158412E-08
    2076  -3.184611310E-08
    2077  -3.181546236E-08
    2078  -3.178485586E-08
    2079  -3.175429349E-08
    2080  -3.172377519E-08
    2081  -3.168348891E-08
    2082  -3.165306789E-08
    2083  -3.162269067E-08
    2084  -3.159235715E-08
    2085  -3.156206726E-08
    2086  -3.132316483E-08
    2087  -3.129316180E-08
    2088  -3.126320186E-08
    2089  -3.123328492E-08
    2090  -3.120341090E-08
    2091  -3.034168139E-08
    2092  -3.031268791E-08
    2093  -3.028373596E-08
    2094  -3.025482547E-08
    2095  -3.022595636E-08
    2096  -2.966277806E-08
    2097  -2.963450087E-08
    2098  -2.960626409E-08
    2099  -2.957806764E-08
    2100  -2.954991146E-08
    2101  -2.951457971E-08
    2102  -2.948651068E-08
    2103  -2.945848168E-08
    2104  -2.943049262E-08
    2105  -2.940254344E-08
    2106  -2.860798541E-08
    2107  -2.858084310E-08
    2108  -2.855373941E-08
    2109  -2.852667426E-08
    2110  -2.849964756E-08
    2111  -2.829536694E-08
    2112  -2.826858477E-08
    2113  -2.824184060E-08
    2114  -2.821513437E-08
    2115  -2.818846600E-08
    2116  -2.776802990E-08
    2117  -2.774180891E-08
    2118  -2.771562504E-08
    2119  -2.768947823E-08
    2120  -2.766336839E-08
    2121  -2.716735758E-08
    2122  -2.714176421E-08
    2123  -2.711620700E-08
    2124  -2.709068586E-08
    2125  -2.706520074E-08
    2126  -2.643333090E-08
    2127  -2.640848754E-08
    2128  -2.638367920E-08
    2129  -2.635890579E-08
    2130  -2.633416726E-08
    2131  -2.614221500E-08
    2132  -2.611770285E-08
    2133  -2.609322515E-08
    2134  -2.606878185E-08
    2135  -2.604437288E-08
    2136  -2.564267247E-08
    2137  -2.561868493E-08
    2138  -2.559473105E-08
    2139  -2.557081074E-08
    2140  -2.554692394E-08
    2141  -2.492814627E-08
    2142  -2.490488155E-08
    2143  -2.488164939E-08
    2144  -2.485844971E-08
    2145  -2.483528247E-08
    2146  -2.453911911E-08
    2147  -2.451627077E-08
    2148  -2.449345432E-08
    2149  -2.447066971E-08
    2150  -2.444791688E-08
    2151  -2.376875605E-08
    2152  -2.374667639E-08
    2153  -2.372462748E-08
    2154  -2.370260927E-08
    2155  -2.368062169E-08
    2156  -2.321365587E-08
    2157  -2.319214182E-08
    2158  -2.317065767E-08
    2159  -2.314920336E-08
    2160  -2.312777883E-08
    2161  -2.294121007E-08
    2162  -2.291999767E-08
    2163  -2.289881468E-08
    2164  -2.287766104E-08
    2165  -2.285653670E-08
    2166  -2.215587961E-08
    2167  -2.213544061E-08
    2168  -2.211502987E-08
    2169  -2.209464736E-08
    2170  -2.207429301E-08
    2171  -2.162352221E-08
    2172  -2.160362022E-08
    2173  -2.158374568E-08
    2174  -2.156389856E-08
    2175  -2.154407880E-08
    2176  -2.115558070E-08
    2177  -2.113615409E-08
    2178  -2.111675423E-08
    2179  -2.109738106E-08
    2180  -2.107803454E-08
    2181  -2.095972627E-08
    2182  -2.094052359E-08
    2183  -2.092134729E-08
    2184  -2.090219731E-08
    2185  -2.088307362E-08
    2186  -2.052786503E-08
    2187  -2.050910098E-08
    2188  -2.049036265E-08
    2189  -2.047164999E-08
    2190  -2.045296295E-08
    2191  -1.965350988E-08
    2192  -1.963558603E-08
    2193  -1.961768668E-08
    2194  -1.959981179E-08
    2195  -1.958196133E-08
    2196  -1.933406669E-08
    2197  -1.931647427E-08
    2198  -1.929890585E-08
    2199  -1.928136139E-08
    2200  -1.926384085E-08
    2201  -1.832719879E-08
    2202  -1.831056039E-08
    2203  -1.829394463E-08
    2204  -1.827735149E-08
    2205  -1.826078091E-08
    2206  -1.791675528E-08
    2207  -1.790052634E-08
    2208  -1.788431943E-08
    2209  -1.786813453E-08
    2210  -1.785197159E-08
    2211  -1.716591014E-08
    2212  -1.715039644E-08
    2213  -1.713490376E-08
    2214  -1.711943207E-08
    2215  -1.710398132E-08
    2216  -1.658718861E-08
    2217  -1.657223172E-08
    2218  -1.655729505E-08
    2219  -1.654237857E-08
    2220  -1.652748224E-08
    2221  -1.642852856E-08
    2222  -1.641374805E-08
    2223  -1.639898749E-08
    2224  -1.638424683E-08
    2225  -1.636952603E-08
    2226  -1.608167163E-08
    2227  -1.606723566E-08
    2228  -1.605281912E-08
    2229  -1.603842197E-08
    2230  -1.602404419E-08
    2231  -1.581812753E-08
    2232  -1.580395993E-08
    2233  -1.578981135E-08
    2234  -1.577568177E-08
    2235  -1.576157114E-08
    2236  -1.528328424E-08
    2237  -1.526962626E-08
    2238  -1.525598658E-08
    2239  -1.524236516E-08
    2240  -1.522876198E-08
    2241  -1.476436173E-08
    2242  -1.475119689E-08
    2243  -1.473804966E-08
    2244  -1.472491999E-08
    2245  -1.471180786E-08
    2246  -1.441993174E-08
    2247  -1.440710262E-08
    2248  -1.439429062E-08
    2249  -1.438149569E-08
    2250  -1.436871782E-08
    2251  -1.360090758E-08
    2252  -1.358883398E-08
    2253  -1.357677645E-08
    2254  -1.356473497E-08
    2255  -1.355270949E-08
    2256  -1.329650406E-08
    2257  -1.328472682E-08
    2258  -1.327296522E-08
    2259  -1.326121923E-08
    2260  -1.324948883E-08
    2261  -1.268774638E-08
    2262  -1.267653318E-08
    2263  -1.266533482E-08
    2264  -1.265415131E-08
    2265  -1.264298259E-08
    2266  -1.234398919E-08
    2267  -1.233310384E-08
    2268  -1.232223288E-08
    2269  -1.231137629E-08
    2270  -1.230053404E-08
    2271  -1.207688347E-08
    2272  -1.206625708E-08
    2273  -1.205564472E-08
    2274  -1.204504635E-08
    2275  -1.203446195E-08
    2276  -1.169320654E-08
    2277  -1.168294034E-08
    2278  -1.167268765E-08
    2279  -1.166244845E-08
    2280  -1.165222271E-08
    2281  -1.152914452E-08
    2282  -1.151904453E-08
    2283  -1.150895780E-08
    2284  -1.149888431E-08
    2285  -1.148882404E-08
    2286  -1.109823868E-08
    2287  -1.108853742E-08
    2288  -1.107884888E-08
    2289  -1.106917303E-08
    2290  -1.105950985E-08
    2291  -1.076248944E-08
    2292  -1.075310218E-08
    2293  -1.074372720E-08
    2294  -1.073436447E-08
    2295  -1.072501398E-08
    2296  -1.021962193E-08
    2297  -1.021072756E-08
    2298  -1.020184481E-08
    2299  -1.019297364E-08
    2300  -1.018411403E-08
    2301  -9.631457690E-09
    2302  -9.623093419E-09
    2303  -9.614740039E-09
    2304  -9.606397532E-09
    2305  -9.598065877E-09
    2306  -9.406169139E-09
    2307  -9.398018213E-09
    2308  -9.389877876E-09
    2309  -9.381748112E-09
    2310  -9.373628901E-09
    2311  -8.938064955E-09
    2312  -8.930336408E-09
    2313  -8.922617880E-09
    2314  -8.914909355E-09
    2315  -8.907210815E-09
    2316  -8.684799829E-09
    2317  -8.677306472E-09
    2318  -8.669822810E-09
    2319  -8.662348825E-09
    2320  -8.654884500E-09
    2321  -8.416359164E-09
    2322  -8.409113052E-09
    2323  -8.401876293E-09
    2324  -8.394648873E-09
    2325  -8.387430774E-09
    2326  -8.220578970E-09
    2327  -8.213516617E-09
    2328  -8.206463361E-09
    2329  -8.199419186E-09
    2330  -8.192384078E-09
    2331  -8.089458146E-09
    2332  -8.082523334E-09
    2333  -8.075597436E-09
    2334  -8.068680436E-09
    2335  -8.061772319E-09
    2336  -7.798759930E-09
    2337  -7.792088621E-09
    2338  -7.785425869E-09
    2339  -7.778771659E-09
    2340  -7.772125976E-09
    2341  -7.514385095E-09
    2342  -7.507970767E-09
    2343  -7.501564649E-09
    2344  -7.495166726E-09
    2345  -7.488776985E-09
    2346  -7.124079638E-09
    2347  -7.118011427E-09
    2348  -7.111950966E-09
    2349  -7.105898242E-09
    2350  -7.099853241E-09
    2351  -6.738926834E-09
    2352  -6.733198890E-09
    2353  -6.727478245E-09
    2354  -6.721764888E-09
    2355  -6.716058806E-09
    2356  -6.362680268E-09
    2357  -6.357283593E-09
    2358  -6.351893780E-09
    2359  -6.346510820E-09
    2360  -6.341134699E-09
    2361  -6.135277593E-09
    2362  -6.130084806E-09
    2363  -6.124898609E-09
    2364  -6.119718991E-09
    2365  -6.114545940E-09
    2366  -5.997618284E-09
    2367  -5.992552728E-09
    2368  -5.987493587E-09
    2369  -5.982440849E-09
    2370  -5.977394505E-09
    2371  -5.733162464E-09
    2372  -5.728330469E-09
    2373  -5.723504580E-09
    2374  -5.718684786E-09
    2375  -5.713871079E-09
    2376  -5.597242627E-09
    2377  -5.592535106E-09
    2378  -5.587833521E-09
    2379  -5.583137863E-09
    2380  -5.578448121E-09
    2381  -5.477731390E-09
    2382  -5.473134049E-09
    2383  -5.468542494E-09
    2384  -5.463956714E-09
    2385  -5.459376700E-09
    2386  -5.248008947E-09
    2387  -5.243613630E-09
    2388  -5.239223832E-09
    2389  -5.234839544E-09
    2390  -5.230460757E-09
    2391  -5.046346112E-09
    2392  -5.042128522E-09
    2393  -5.037916218E-09
    2394  -5.033709190E-09
    2395  -5.029507429E-09
    2396  -4.738033604E-09
    2397  -4.734081950E-09
    2398  -4.730135237E-09
    2399  -4.726193458E-09
    2400  -4.722256603E-09
    2401  -4.533381463E-09
    2402  -4.529608362E-09
    2403  -4.525839969E-09
    2404  -4.522076276E-09
    2405  -4.518317277E-09
    2406  -4.230611041E-09
    2407  -4.227097244E-09
    2408  -4.223587824E-09
    2409  -4.220082771E-09
    2410  -4.216582081E-09
    2411  -4.046008368E-09
    2412  -4.042654859E-09
    2413  -4.039305518E-09
    2414  -4.035960338E-09
    2415  -4.032619311E-09
    2416  -3.928694141E-09
    2417  -3.925444601E-09
    2418  -3.922199090E-09
    2419  -3.918957604E-09
    2420  -3.915720133E-09
    2421  -3.793719155E-09
    2422  -3.790587731E-09
    2423  -3.787460184E-09
    2424  -3.784336505E-09
    2425  -3.781216689E-09
    2426  -3.711954666E-09
    2427  -3.708897042E-09
    2428  -3.705843195E-09
    2429  -3.702793119E-09
    2430  -3.699746806E-09
    2431  -3.556431454E-09
    2432  -3.553507959E-09
    2433  -3.550588068E-09
    2434  -3.547671774E-09
    2435  -3.544759071E-09
    2436  -3.443326737E-09
    2437  -3.440502023E-09
    2438  -3.437680783E-09
    2439  -3.434863012E-09
    2440  -3.432048704E-09
    2441  -3.274912227E-09
    2442  -3.272231169E-09
    2443  -3.269553402E-09
    2444  -3.266878921E-09
    2445  -3.264207720E-09
    2446  -3.063301684E-09
    2447  -3.060798986E-09
    2448  -3.058299354E-09
    2449  -3.055802784E-09
    2450  -3.053309268E-09
    2451  -2.932363547E-09
    2452  -2.929972709E-09
    2453  -2.927584793E-09
    2454  -2.925199795E-09
    2455  -2.922817711E-09
    2456  -2.762635940E-09
    2457  -2.760388067E-09
    2458  -2.758142936E-09
    2459  -2.755900544E-09
    2460  -2.753660885E-09
    2461  -2.647062908E-09
    2462  -2.644913446E-09
    2463  -2.642766600E-09
    2464  -2.640622368E-09
    2465  -2.638480744E-09
    2466  -2.542042773E-09
    2467  -2.539982771E-09
    2468  -2.537925272E-09
    2469  -2.535870272E-09
    2470  -2.533817766E-09
    2471  -2.452179242E-09
    2472  -2.450196081E-09
    2473  -2.448215324E-09
    2474  -2.446236968E-09
    2475  -2.444261010E-09
    2476  -2.376633385E-09
    2477  -2.374715199E-09
    2478  -2.372799333E-09
    2479  -2.370885785E-09
    2480  -2.368974551E-09
    2481  -2.264306232E-09
    2482  -2.262482385E-09
    2483  -2.260660740E-09
    2484  -2.258841295E-09
    2485  -2.257024046E-09
    2486  -2.186458929E-09
    2487  -2.184701325E-09
    2488  -2.182945840E-09
    2489  -2.181192470E-09
    2490  -2.179441211E-09
    2491  -2.078906852E-09
    2492  -2.077239057E-09
    2493  -2.075573267E-09
    2494  -2.073909481E-09
    2495  -2.072247695E-09
    2496  -1.962145576E-09
    2497  -1.960574603E-09
    2498  -1.959005515E-09
    2499  -1.957438311E-09
    2500  -1.955872986E-09
    2501  -1.838283372E-09
    2502  -1.836814508E-09
    2503  -1.835347403E-09
    2504  -1.833882056E-09
    2505  -1.832418463E-09
    2506  -1.702421315E-09
    2507  -1.701063723E-09
    2508  -1.699707753E-09
    2509  -1.698353404E-09
    2510  -1.697000674E-09
    2511  -1.645370680E-09
    2512  -1.644061192E-09
    2513  -1.642753268E-09
    2514  -1.641446903E-09
    2515  -1.640142097E-09
    2516  -1.572066382E-09
    2517  -1.570817719E-09
    2518  -1.569570544E-09
    2519  -1.568324853E-09
    2520  -1.567080644E-09
    2521  -1.521376281E-09
    2522  -1.520170275E-09
    2523  -1.518965703E-09
    2524  -1.517762561E-09
    2525  -1.516560849E-09
    2526  -1.465357416E-09
    2527  -1.464198114E-09
    2528  -1.463040187E-09
    2529  -1.461883634E-09
    2530  -1.460728451E-09
    2531  -1.412691009E-09
    2532  -1.411575580E-09
    2533  -1.410461472E-09
    2534  -1.409348681E-09
    2535  -1.408237208E-09
    2536  -1.374731952E-09
    2537  -1.373648633E-09
    2538  -1.372566593E-09
    2539  -1.371485832E-09
    2540  -1.370406347E-09
    2541  -1.277950106E-09
    2542  -1.276945033E-09
    2543  -1.275941145E-09
    2544  -1.274938441E-09
    2545  -1.273936918E-09
    2546  -1.199598939E-09
    2547  -1.198657339E-09
    2548  -1.197716846E-09
    2549  -1.196777461E-09
    2550  -1.195839180E-09
    2551  -1.110389514E-09
    2552  -1.109519644E-09
    2553  -1.108650795E-09
    2554  -1.107782967E-09
    2555  -1.106916157E-09
    2556  -1.033932096E-09
    2557  -1.033123705E-09
    2558  -1.032316261E-09
    2559  -1.031509764E-09
    2560  -1.030704212E-09
    2561  -9.715675454E-10
    2562  -9.708093968E-10
    2563  -9.700521351E-10
    2564  -9.692957592E-10
    2565  -9.685402676E-10
    2566  -9.335360720E-10
    2567  -9.328090190E-10
    2568  -9.320828150E-10
    2569  -9.313574587E-10
    2570  -9.306329488E-10
    2571  -9.041195077E-10
    2572  -9.034167332E-10
    2573  -9.027147777E-10
    2574  -9.020136400E-10
    2575  -9.013133188E-10
    2576  -8.600088314E-10
    2577  -8.593416407E-10
    2578  -8.586752261E-10
    2579  -8.580095864E-10
    2580  -8.573447204E-10
    2581  -8.373982577E-10
    2582  -8.367498657E-10
    2583  -8.361022265E-10
    2584  -8.354553389E-10
    2585  -8.348092017E-10
    2586  -7.994120177E-10
    2587  -7.987942340E-10
    2588  -7.981771663E-10
    2589  -7.975608132E-10
    2590  -7.969451738E-10
    2591  -7.585207864E-10
    2592  -7.579357337E-10
    2593  -7.573513577E-10
    2594  -7.567676572E-10
    2595  -7.561846313E-10
    2596  -7.156448739E-10
    2597  -7.150939541E-10
    2598  -7.145436702E-10
    2599  -7.139940212E-10
    2600  -7.134450062E-10
    2601  -6.560191101E-10
    2602  -6.555150616E-10
    2603  -6.550115938E-10
    2604  -6.545087058E-10
    2605  -6.540063967E-10
    2606  -6.205425006E-10
    2607  -6.200666244E-10
    2608  -6.195912955E-10
    2609  -6.191165129E-10
    2610  -6.186422758E-10
    2611  -5.734876676E-10
    2612  -5.730487180E-10
    2613  -5.726102721E-10
    2614  -5.721723293E-10
    2615  -5.717348886E-10
    2616  -5.549915037E-10
    2617  -5.545675224E-10
    2618  -5.541440268E-10
    2619  -5.537210160E-10
    2620  -5.532984895E-10
    2621  -5.264115339E-10
    2622  -5.260101526E-10
    2623  -5.256092303E-10
    2624  -5.252087661E-10
    2625  -5.248087594E-10
    2626  -5.147726866E-10
    2627  -5.143809266E-10
    2628  -5.139896136E-10
    2629  -5.135987469E-10
    2630  -5.132083260E-10
    2631  -4.983034743E-10
    2632  -4.979249680E-10
    2633  -4.975468929E-10
    2634  -4.971692482E-10
    2635  -4.967920333E-10
    2636  -4.716827288E-10
    2637  -4.713251225E-10
    2638  -4.709679227E-10
    2639  -4.706111289E-10
    2640  -4.702547403E-10
    2641  -4.474560870E-10
    2642  -4.471174899E-10
    2643  -4.467792769E-10
    2644  -4.464414476E-10
    2645  -4.461040013E-10
    2646  -4.130738475E-10
    2647  -4.127618582E-10
    2648  -4.124502222E-10
    2649  -4.121389391E-10
    2650  -4.118280081E-10
    2651  -3.784720407E-10
    2652  -3.781867244E-10
    2653  -3.779017306E-10
    2654  -3.776170589E-10
    2655  -3.773327087E-10
    2656  -3.544634428E-10
    2657  -3.541967284E-10
    2658  -3.539303149E-10
    2659  -3.536642019E-10
    2660  -3.533983889E-10
    2661  -3.283779782E-10
    2662  -3.281313556E-10
    2663  -3.278850108E-10
    2664  -3.276389432E-10
    2665  -3.273931526E-10
    2666  -3.198134098E-10
    2667  -3.195736696E-10
    2668  -3.193341989E-10
    2669  -3.190949973E-10
    2670  -3.188560643E-10
    2671  -3.060050765E-10
    2672  -3.057761164E-10
    2673  -3.055474133E-10
    2674  -3.053189666E-10
    2675  -3.050907760E-10
    2676  -2.895771665E-10
    2677  -2.893609028E-10
    2678  -2.891448812E-10
    2679  -2.889291014E-10
    2680  -2.887135631E-10
    2681  -2.807898896E-10
    2682  -2.805805792E-10
    2683  -2.803715028E-10
    2684  -2.801626599E-10
    2685  -2.799540504E-10
    2686  -2.669996752E-10
    2687  -2.668010147E-10
    2688  -2.666025759E-10
    2689  -2.664043584E-10
    2690  -2.662063618E-10
    2691  -2.551667752E-10
    2692  -2.549772715E-10
    2693  -2.547879788E-10
    2694  -2.545988968E-10
    2695  -2.544100252E-10
    2696  -2.391468251E-10
    2697  -2.389695479E-10
    2698  -2.387924679E-10
    2699  -2.386155846E-10
    2700  -2.384388977E-10
