       0     675   1.892465319E+03
       1     725   2.027289769E+03
       2     775   2.545768321E+03
       3     825   2.443972075E+03
       4     875   2.309450373E+03
       5     925   1.654333106E+03
       6     975   1.228783837E+03
       7    1025   1.119465348E+03
       8    1075   1.149107096E+03
       9    1125   1.244685962E+03
      10    1175   1.177188954E+03
      11    1225   9.932277754E+02
      12    1275   8.140939480E+02
      13    1325   7.434204581E+02
      14    1375   7.948193256E+02
      15    1425   8.473907604E+02
      16    1475   8.084146507E+02
      17    1525   6.104796452E+02
      18    1575   5.026308140E+02
      19    1625   4.125808266E+02
      20    1675   4.262095438E+02
      21    1725   4.134426981E+02
      22    1775   4.525422724E+02
      23    1825   3.614333892E+02
      24    1875   3.094632315E+02
      25    1925   2.909767007E+02
      26    1975   2.574398902E+02
      27    2025   2.730584437E+02
      28    2075   2.846706118E+02
      29    2125   3.119055402E+02
      30    2175   8.927481860E+01
      31    2225   2.731899229E+02
      32    2275   1.096791735E+02
      33    2325   7.065248971E+01
      34    2375   1.256784631E+02
      35    2425  -2.782386961E+01
      36    2475  -8.112335940E+01
      37    2525   1.911175317E+02
      38    2575   2.895254424E+02
      39    2625   1.352718872E+02
      40    2675   5.199302610E+02
      41    2725   9.444183675E+02
      42    2775   1.407298009E+02
