       0     675   1.910717043E+03
       1     725   1.971170554E+03
       2     775   2.452895163E+03
       3     825   2.595963071E+03
       4     875   2.212101089E+03
       5     925   1.730843511E+03
       6     975   1.217992444E+03
       7    1025   1.059468873E+03
       8    1075   1.197736953E+03
       9    1125   1.300390832E+03
      10    1175   1.129170102E+03
      11    1225   1.020923649E+03
      12    1275   7.853309209E+02
      13    1325   7.493422498E+02
      14    1375   8.044799039E+02
      15    1425   8.344670376E+02
      16    1475   7.831618483E+02
      17    1525   6.527980832E+02
      18    1575   5.059564205E+02
      19    1625   4.255843646E+02
      20    1675   4.333506806E+02
      21    1725   4.338118072E+02
      22    1775   4.410593437E+02
      23    1825   3.886812364E+02
      24    1875   3.261332762E+02
      25    1925   2.901796331E+02
      26    1975   2.780576626E+02
      27    2025   2.833789788E+02
      28    2075   2.678458888E+02
      29    2125   2.356958197E+02
      30    2175   1.501890085E+02
      31    2225   1.464454027E+02
      32    2275   1.153536434E+02
      33    2325   1.071443121E+02
      34    2375   3.205240599E+02
      35    2425  -3.431857802E-01
      36    2475   5.811136583E+02
      37    2525   9.559392623E+01
      38    2575   2.089138923E+00
      39    2625   1.013615370E+02
      40    2675  -2.694545899E+02
      41    2725   7.693592592E+02
      42    2775  -2.793675492E+02
