       0     675   1.768319954E+03
       1     725   2.086864077E+03
       2     775   2.516941616E+03
       3     825   2.667047512E+03
       4     875   2.237493053E+03
       5     925   1.650018948E+03
       6     975   1.198403898E+03
       7    1025   1.075203050E+03
       8    1075   1.150404375E+03
       9    1125   1.232064917E+03
      10    1175   1.226371913E+03
      11    1225   9.694689336E+02
      12    1275   8.025648970E+02
      13    1325   7.911474199E+02
      14    1375   7.677072465E+02
      15    1425   8.743006777E+02
      16    1475   8.042203339E+02
      17    1525   6.381965797E+02
      18    1575   5.250793539E+02
      19    1625   4.078304083E+02
      20    1675   4.100854779E+02
      21    1725   4.575565725E+02
      22    1775   4.044326675E+02
      23    1825   3.804956766E+02
      24    1875   2.953815374E+02
      25    1925   2.694837790E+02
      26    1975   3.062657010E+02
      27    2025   2.664960032E+02
      28    2075   2.819382908E+02
      29    2125   2.206347780E+02
      30    2175   1.290001598E+02
      31    2225   7.655860803E+01
      32    2275   2.368963188E+02
      33    2325   1.074005688E+02
      34    2375   1.059270490E+02
      35    2425   2.524997716E+02
      36    2475   4.769398704E+02
      37    2525  -7.883864738E+01
      38    2575  -2.475606722E+02
      39    2625   3.952636003E+02
      40    2675   4.951717271E+02
      41    2725   9.193332757E+01
      42    2775  -1.239601238E+03
