       0     675   1.794479131E+03
       1     725   2.102344843E+03
       2     775   2.402678640E+03
       3     825   2.555563521E+03
       4     875   2.269189360E+03
       5     925   1.664833996E+03
       6     975   1.239123339E+03
       7    1025   1.086968608E+03
       8    1075   1.158513344E+03
       9    1125   1.311159578E+03
      10    1175   1.216602833E+03
      11    1225   1.001144428E+03
      12    1275   7.869197940E+02
      13    1325   7.313526747E+02
      14    1375   8.005137893E+02
      15    1425   8.539384591E+02
      16    1475   7.869626658E+02
      17    1525   6.461248368E+02
      18    1575   4.913368636E+02
      19    1625   4.297320423E+02
      20    1675   4.317271013E+02
      21    1725   4.270749074E+02
      22    1775   4.322925577E+02
      23    1825   3.739934591E+02
      24    1875   3.255122227E+02
      25    1925   2.617535971E+02
      26    1975   2.867177310E+02
      27    2025   2.786634201E+02
      28    2075   2.804375268E+02
      29    2125   2.478281260E+02
      30    2175   2.186836495E+02
      31    2225   2.318119205E+02
      32    2275   1.377293826E+02
      33    2325   3.439016113E+02
      34    2375   3.178131180E+02
      35    2425   1.288363487E+02
      36    2475  -7.306782829E+01
      37    2525  -7.457292678E+01
      38    2575   6.158573431E+02
      39    2625  -2.004708913E+02
      40    2675   4.341953459E+01
      41    2725  -4.655153737E+02
      42    2775   7.824923346E+02
