       0     675   1.840942247E+03
       1     725   1.996360146E+03
       2     775   2.439799676E+03
       3     825   2.493297343E+03
       4     875   2.240216357E+03
       5     925   1.649478005E+03
       6     975   1.204047606E+03
       7    1025   1.084256251E+03
       8    1075   1.220337096E+03
       9    1125   1.245295595E+03
      10    1175   1.138535204E+03
      11    1225   9.754272818E+02
      12    1275   7.609737738E+02
      13    1325   7.338411252E+02
      14    1375   8.426436596E+02
      15    1425   8.479348147E+02
      16    1475   8.074453506E+02
      17    1525   6.499192103E+02
      18    1575   5.153745438E+02
      19    1625   4.204420222E+02
      20    1675   4.377210358E+02
      21    1725   4.390767245E+02
      22    1775   4.201132401E+02
      23    1825   3.739860317E+02
      24    1875   3.210158159E+02
      25    1925   2.979715307E+02
      26    1975   2.608224840E+02
      27    2025   2.406343261E+02
      28    2075   2.407463215E+02
      29    2125   2.447129443E+02
      30    2175   1.990363065E+02
      31    2225   1.657546167E+02
      32    2275   1.015932212E+02
      33    2325   1.003314826E+02
      34    2375   7.214060146E+01
      35    2425   3.053964629E+02
      36    2475  -5.182400871E+01
      37    2525   6.102273285E+01
      38    2575   6.601220264E+02
      39    2625   7.821578295E+02
      40    2675   3.934318085E+02
      41    2725  -7.898533478E+02
      42    2775   1.336038824E+03
