       0     675   1.910482507E+03
       1     725   2.024261951E+03
       2     775   2.471771821E+03
       3     825   2.593838068E+03
       4     875   2.271575050E+03
       5     925   1.641043877E+03
       6     975   1.241183348E+03
       7    1025   1.079045819E+03
       8    1075   1.179660579E+03
       9    1125   1.293845063E+03
      10    1175   1.190361437E+03
      11    1225   9.628145137E+02
      12    1275   7.712774742E+02
      13    1325   7.214945856E+02
      14    1375   8.594485885E+02
      15    1425   8.704690198E+02
      16    1475   7.998885115E+02
      17    1525   6.375365249E+02
      18    1575   4.762228932E+02
      19    1625   4.275568194E+02
      20    1675   4.179539058E+02
      21    1725   4.291702678E+02
      22    1775   4.380947940E+02
      23    1825   3.863001374E+02
      24    1875   3.067486010E+02
      25    1925   3.011464935E+02
      26    1975   2.502168550E+02
      27    2025   2.551451416E+02
      28    2075   2.995167586E+02
      29    2125   2.173413019E+02
      30    2175   1.986806193E+02
      31    2225   1.133808915E+02
      32    2275   2.540790370E+02
      33    2325   5.592193924E+01
      34    2375   1.976192498E+02
      35    2425   6.017671237E+01
      36    2475   2.189194981E+02
      37    2525   2.029233163E+02
      38    2575  -1.075255295E+01
      39    2625  -3.014472915E+02
      40    2675   4.358652962E+02
      41    2725  -2.235543776E+02
      42    2775  -2.181956416E+02
