       0     675   1.858995425E+03
       1     725   2.044440940E+03
       2     775   2.513001996E+03
       3     825   2.621619825E+03
       4     875   2.335568131E+03
       5     925   1.668139475E+03
       6     975   1.239634842E+03
       7    1025   1.040873622E+03
       8    1075   1.162336545E+03
       9    1125   1.339152450E+03
      10    1175   1.202006649E+03
      11    1225   9.912991838E+02
      12    1275   8.170489462E+02
      13    1325   7.502620161E+02
      14    1375   8.168522894E+02
      15    1425   8.581932724E+02
      16    1475   7.915149454E+02
      17    1525   6.478378474E+02
      18    1575   5.224254949E+02
      19    1625   4.184188431E+02
      20    1675   4.383596362E+02
      21    1725   4.370076282E+02
      22    1775   3.916451403E+02
      23    1825   3.522408950E+02
      24    1875   3.010155636E+02
      25    1925   2.662037401E+02
      26    1975   2.805078040E+02
      27    2025   2.662283822E+02
      28    2075   2.526884278E+02
      29    2125   1.749136300E+02
      30    2175   2.551099523E+02
      31    2225   2.223080584E+02
      32    2275   1.379184593E+02
      33    2325   2.692885934E+02
      34    2375   3.303392744E+02
      35    2425   3.037442280E+01
      36    2475   2.804760144E+01
      37    2525   1.763167007E+02
      38    2575  -2.555054640E+02
      39    2625   2.636904858E+02
      40    2675   2.791567187E+02
      41    2725   3.414459667E+02
      42    2775   8.561137770E+02
