       0     675   1.791223914E+03
       1     725   2.045231056E+03
       2     775   2.301216910E+03
       3     825   2.543319226E+03
       4     875   2.282121062E+03
       5     925   1.750961926E+03
       6     975   1.239117849E+03
       7    1025   1.092132849E+03
       8    1075   1.162195445E+03
       9    1125   1.300101074E+03
      10    1175   1.188066836E+03
      11    1225   9.766379977E+02
      12    1275   7.973606903E+02
      13    1325   7.771951167E+02
      14    1375   8.193430666E+02
      15    1425   8.708687346E+02
      16    1475   7.740895622E+02
      17    1525   6.574289194E+02
      18    1575   5.083461160E+02
      19    1625   4.467744400E+02
      20    1675   4.094859163E+02
      21    1725   4.424823942E+02
      22    1775   3.930902637E+02
      23    1825   3.661100455E+02
      24    1875   3.227123759E+02
      25    1925   2.743730411E+02
      26    1975   2.582441973E+02
      27    2025   2.895506389E+02
      28    2075   2.512728813E+02
      29    2125   2.226867638E+02
      30    2175   2.267376660E+02
      31    2225   1.885248532E+02
      32    2275   2.201112694E+02
      33    2325   2.374809705E+02
      34    2375   2.162326054E+02
      35    2425   2.854402862E+02
      36    2475  -1.696283413E+02
      37    2525   8.953108191E+01
      38    2575   4.106331446E+02
      39    2625   1.484347933E+02
      40    2675   2.619228213E+02
      41    2725   2.434683259E+02
      42    2775   4.952122812E+01
