       0     675   1.804546257E+03
       1     725   2.113680945E+03
       2     775   2.445897105E+03
       3     825   2.602366196E+03
       4     875   2.359731485E+03
       5     925   1.690802444E+03
       6     975   1.167115843E+03
       7    1025   1.111397900E+03
       8    1075   1.203034215E+03
       9    1125   1.282285581E+03
      10    1175   1.209916915E+03
      11    1225   9.822282113E+02
      12    1275   8.131150865E+02
      13    1325   7.541093231E+02
      14    1375   8.256698490E+02
      15    1425   8.392610221E+02
      16    1475   7.969143437E+02
      17    1525   6.454744843E+02
      18    1575   5.000690522E+02
      19    1625   4.281364626E+02
      20    1675   4.333313282E+02
      21    1725   4.322643021E+02
      22    1775   4.169047178E+02
      23    1825   3.937163594E+02
      24    1875   3.171456027E+02
      25    1925   2.936140242E+02
      26    1975   3.150818988E+02
      27    2025   2.507400384E+02
      28    2075   2.634401497E+02
      29    2125   3.158828161E+02
      30    2175   1.084709452E+02
      31    2225   1.277245077E+02
      32    2275   1.269629293E+02
      33    2325   1.003421444E+02
      34    2375  -4.295967160E+00
      35    2425   8.538394246E+01
      36    2475   1.087552336E+02
      37    2525  -1.475114604E+02
      38    2575   3.989986702E+02
      39    2625   3.777994135E+01
      40    2675   7.898178974E+02
      41    2725  -2.781846105E+02
      42    2775   9.238391646E+02
