       0     675   1.730021141E+03
       1     725   2.134827583E+03
       2     775   2.394129405E+03
       3     825   2.605864206E+03
       4     875   2.173077548E+03
       5     925   1.706323063E+03
       6     975   1.222229289E+03
       7    1025   1.035248999E+03
       8    1075   1.212113999E+03
       9    1125   1.261144748E+03
      10    1175   1.189340226E+03
      11    1225   9.544631587E+02
      12    1275   7.959685293E+02
      13    1325   7.378207694E+02
      14    1375   8.196915787E+02
      15    1425   8.384967399E+02
      16    1475   8.278544510E+02
      17    1525   6.601756594E+02
      18    1575   5.041052843E+02
      19    1625   4.456316463E+02
      20    1675   4.188799223E+02
      21    1725   4.326945877E+02
      22    1775   4.248414869E+02
      23    1825   3.760419898E+02
      24    1875   2.995533564E+02
      25    1925   3.014558265E+02
      26    1975   2.461501816E+02
      27    2025   2.200819883E+02
      28    2075   2.671687156E+02
      29    2125   2.387942262E+02
      30    2175   1.557531867E+02
      31    2225   1.754415276E+02
      32    2275   1.555663554E+02
      33    2325  -2.299695389E+01
      34    2375   2.184389360E+02
      35    2425   4.285697712E+02
      36    2475   1.747501272E+02
      37    2525   4.792327493E+02
      38    2575   2.343719794E+02
      39    2625  -2.339988497E+02
      40    2675  -3.600338721E+02
      41    2725  -4.371831424E+02
      42    2775   2.719493068E+03
