       0     675   1.820580912E+03
       1     725   2.083444709E+03
       2     775   2.358710525E+03
       3     825   2.624656629E+03
       4     875   2.272427164E+03
       5     925   1.641328657E+03
       6     975   1.210779138E+03
       7    1025   1.104062333E+03
       8    1075   1.170183519E+03
       9    1125   1.302110144E+03
      10    1175   1.210912771E+03
      11    1225   9.704686407E+02
      12    1275   7.848898615E+02
      13    1325   7.914279506E+02
      14    1375   8.241676976E+02
      15    1425   8.397018447E+02
      16    1475   8.001973517E+02
      17    1525   6.423212275E+02
      18    1575   5.034177567E+02
      19    1625   4.231766641E+02
      20    1675   4.234029856E+02
      21    1725   4.479986862E+02
      22    1775   4.264126796E+02
      23    1825   3.346663879E+02
      24    1875   3.341843281E+02
      25    1925   2.512977970E+02
      26    1975   2.836158067E+02
      27    2025   2.446561980E+02
      28    2075   2.781496359E+02
      29    2125   2.122689115E+02
      30    2175   2.244249332E+02
      31    2225   2.772209678E+02
      32    2275   1.547354723E+02
      33    2325   9.399497801E+01
      34    2375   7.610849921E+00
      35    2425   9.485234809E+01
      36    2475   2.315321697E+02
      37    2525   1.248771386E+02
      38    2575  -2.740078020E+01
      39    2625   3.865606002E+01
      40    2675  -1.952158417E+02
      41    2725   9.051127364E+02
      42    2775   5.783129598E+01
