       0     675   1.833758304E+03
       1     725   2.006265890E+03
       2     775   2.497166120E+03
       3     825   2.575413344E+03
       4     875   2.178140909E+03
       5     925   1.702030923E+03
       6     975   1.179027006E+03
       7    1025   1.099442563E+03
       8    1075   1.183524676E+03
       9    1125   1.280130919E+03
      10    1175   1.161797522E+03
      11    1225   1.000555526E+03
      12    1275   7.944737981E+02
      13    1325   7.462358867E+02
      14    1375   7.977386757E+02
      15    1425   8.329169843E+02
      16    1475   8.198017278E+02
      17    1525   6.453105285E+02
      18    1575   5.086172832E+02
      19    1625   4.239293248E+02
      20    1675   4.366741465E+02
      21    1725   4.309037273E+02
      22    1775   4.170262753E+02
      23    1825   3.733763398E+02
      24    1875   3.000278598E+02
      25    1925   2.972104355E+02
      26    1975   2.627178942E+02
      27    2025   3.040277957E+02
      28    2075   2.855573419E+02
      29    2125   2.711539358E+02
      30    2175   7.995813768E+01
      31    2225   2.226501256E+02
      32    2275   2.138164279E+02
      33    2325   4.358405867E+00
      34    2375   6.582194056E+01
      35    2425   2.789851090E+02
      36    2475   2.557596645E+02
      37    2525  -8.415892570E-01
      38    2575  -1.939722200E+02
      39    2625  -1.112179557E+02
      40    2675   2.635896618E+02
      41    2725  -3.146652843E+02
      42    2775   2.566899638E+02
