       0     675   1.834097372E+03
       1     725   2.040083928E+03
       2     775   2.440643691E+03
       3     825   2.585996327E+03
       4     875   2.307753144E+03
       5     925   1.665182747E+03
       6     975   1.257882909E+03
       7    1025   1.065378307E+03
       8    1075   1.220679260E+03
       9    1125   1.254934401E+03
      10    1175   1.170762323E+03
      11    1225   1.006969198E+03
      12    1275   8.007000566E+02
      13    1325   7.513813330E+02
      14    1375   7.748248862E+02
      15    1425   8.620837997E+02
      16    1475   7.805652808E+02
      17    1525   6.503748366E+02
      18    1575   5.244098424E+02
      19    1625   4.300272358E+02
      20    1675   4.255393914E+02
      21    1725   4.213316350E+02
      22    1775   3.897325591E+02
      23    1825   3.882889441E+02
      24    1875   3.072340304E+02
      25    1925   2.654529671E+02
      26    1975   2.847882917E+02
      27    2025   2.751922426E+02
      28    2075   2.602205197E+02
      29    2125   2.205488776E+02
      30    2175   1.429944597E+02
      31    2225   1.827435705E+02
      32    2275   5.346734971E+01
      33    2325   1.799762347E+02
      34    2375   5.453596135E+01
      35    2425   1.218099827E+02
      36    2475   3.344218719E+02
      37    2525   8.713849842E+01
      38    2575   1.108295216E+02
      39    2625   3.439254941E+02
      40    2675   1.382683462E+02
      41    2725   7.316857965E+02
      42    2775   8.821275927E+02
