       0     675   1.838734072E+03
       1     725   2.040975541E+03
       2     775   2.447415498E+03
       3     825   2.634097570E+03
       4     875   2.180459837E+03
       5     925   1.687468278E+03
       6     975   1.175023509E+03
       7    1025   1.059685834E+03
       8    1075   1.178455683E+03
       9    1125   1.280760179E+03
      10    1175   1.163604234E+03
      11    1225   9.755714373E+02
      12    1275   8.134634299E+02
      13    1325   7.629517152E+02
      14    1375   8.259916882E+02
      15    1425   8.478382978E+02
      16    1475   8.037094101E+02
      17    1525   6.567496421E+02
      18    1575   5.100161484E+02
      19    1625   4.309858801E+02
      20    1675   4.309269310E+02
      21    1725   4.466572581E+02
      22    1775   4.031626101E+02
      23    1825   3.558447329E+02
      24    1875   2.914292757E+02
      25    1925   3.296493758E+02
      26    1975   2.436719392E+02
      27    2025   2.141226260E+02
      28    2075   2.627066783E+02
      29    2125   1.745288210E+02
      30    2175   2.923783535E+02
      31    2225   1.953512355E+02
      32    2275   1.032052803E+02
      33    2325   2.042520176E+02
      34    2375   6.392352770E+01
      35    2425   2.660733633E+02
      36    2475  -1.179556076E+02
      37    2525   6.395432207E+02
      38    2575  -1.634643329E+02
      39    2625   5.549479360E+02
      40    2675   6.346990267E+02
      41    2725  -6.769514619E+00
      42    2775  -1.439941902E+02
