       0     675   1.761295884E+03
       1     725   1.955557708E+03
       2     775   2.537750737E+03
       3     825   2.548733289E+03
       4     875   2.272441029E+03
       5     925   1.719012671E+03
       6     975   1.216224058E+03
       7    1025   1.090629221E+03
       8    1075   1.185500887E+03
       9    1125   1.311904510E+03
      10    1175   1.220750073E+03
      11    1225   1.006208540E+03
      12    1275   7.918799082E+02
      13    1325   7.524586418E+02
      14    1375   8.144969211E+02
      15    1425   8.331923317E+02
      16    1475   7.616218749E+02
      17    1525   6.497731456E+02
      18    1575   5.136704731E+02
      19    1625   4.327841616E+02
      20    1675   4.196060212E+02
      21    1725   4.283049727E+02
      22    1775   4.120994472E+02
      23    1825   3.430331184E+02
      24    1875   3.150804100E+02
      25    1925   3.020395978E+02
      26    1975   2.634444965E+02
      27    2025   2.526391574E+02
      28    2075   1.915941069E+02
      29    2125   2.773047907E+02
      30    2175   1.640691487E+02
      31    2225   1.871164321E+02
      32    2275   1.797638345E+02
      33    2325   1.557530836E+02
      34    2375   1.097052400E+02
      35    2425   2.537821612E+02
      36    2475   2.885159442E+02
      37    2525   1.854910917E+02
      38    2575   1.844882242E+02
      39    2625   1.016964141E+02
      40    2675   4.312435030E+01
      41    2725  -1.800537393E+00
      42    2775  -7.567274170E+02
