       0     675   1.843844739E+03
       1     725   2.146954411E+03
       2     775   2.380989521E+03
       3     825   2.614163757E+03
       4     875   2.280934045E+03
       5     925   1.704975697E+03
       6     975   1.184903070E+03
       7    1025   1.053082917E+03
       8    1075   1.209232235E+03
       9    1125   1.296510966E+03
      10    1175   1.189787241E+03
      11    1225   9.715097458E+02
      12    1275   7.500025918E+02
      13    1325   7.604753190E+02
      14    1375   8.249857450E+02
      15    1425   8.661561787E+02
      16    1475   7.771141662E+02
      17    1525   6.679646214E+02
      18    1575   5.091037095E+02
      19    1625   4.228726956E+02
      20    1675   4.237071664E+02
      21    1725   4.627739978E+02
      22    1775   4.124688949E+02
      23    1825   3.531113730E+02
      24    1875   3.032012436E+02
      25    1925   2.871770472E+02
      26    1975   2.719464318E+02
      27    2025   2.659363715E+02
      28    2075   2.187789750E+02
      29    2125   2.731772838E+02
      30    2175   1.747408769E+02
      31    2225   2.046416108E+02
      32    2275   1.677770774E+02
      33    2325   2.902194141E+02
      34    2375   1.474472787E+02
      35    2425   2.123340765E+02
      36    2475   1.578838153E+02
      37    2525   3.784774444E+02
      38    2575   4.634358369E+02
      39    2625  -1.734911131E+02
      40    2675   1.706472429E+02
      41    2725   6.456147533E+02
      42    2775   6.679793008E+02
