       0     675   1.760667841E+03
       1     725   1.948222501E+03
       2     775   2.462828922E+03
       3     825   2.629892139E+03
       4     875   2.287073735E+03
       5     925   1.604215838E+03
       6     975   1.228164843E+03
       7    1025   1.072633287E+03
       8    1075   1.162446317E+03
       9    1125   1.291541687E+03
      10    1175   1.195237328E+03
      11    1225   9.962394661E+02
      12    1275   7.631325490E+02
      13    1325   7.423203944E+02
      14    1375   7.830628718E+02
      15    1425   8.557381621E+02
      16    1475   7.918943742E+02
      17    1525   6.310882616E+02
      18    1575   5.126543102E+02
      19    1625   4.212219377E+02
      20    1675   4.268782563E+02
      21    1725   4.267616535E+02
      22    1775   4.244531190E+02
      23    1825   3.741174628E+02
      24    1875   2.967971709E+02
      25    1925   2.815175877E+02
      26    1975   2.517675817E+02
      27    2025   2.880388426E+02
      28    2075   2.719002891E+02
      29    2125   2.196626104E+02
      30    2175   1.588127670E+02
      31    2225   2.229523285E+02
      32    2275   7.688184638E+01
      33    2325   3.876707820E+02
      34    2375  -5.769555081E+00
      35    2425   1.618273367E+02
      36    2475   3.137405271E+02
      37    2525   2.136112156E+02
      38    2575   6.073782114E+02
      39    2625   4.078631088E+02
      40    2675   1.225051375E+02
      41    2725   1.790536278E+02
      42    2775  -4.996841430E+02
