       0     675   1.758447423E+03
       1     725   2.022561271E+03
       2     775   2.527147808E+03
       3     825   2.502584493E+03
       4     875   2.325142415E+03
       5     925   1.665155614E+03
       6     975   1.206575394E+03
       7    1025   1.083776937E+03
       8    1075   1.201007185E+03
       9    1125   1.259739769E+03
      10    1175   1.179107773E+03
      11    1225   9.480445501E+02
      12    1275   7.783338653E+02
      13    1325   7.482488064E+02
      14    1375   8.293805917E+02
      15    1425   8.463142882E+02
      16    1475   7.921935924E+02
      17    1525   6.362799659E+02
      18    1575   5.153961526E+02
      19    1625   4.416319694E+02
      20    1675   4.465735426E+02
      21    1725   4.306849556E+02
      22    1775   4.340954878E+02
      23    1825   3.661051767E+02
      24    1875   2.942568898E+02
      25    1925   2.796967685E+02
      26    1975   2.948002953E+02
      27    2025   2.662529506E+02
      28    2075   2.206758898E+02
      29    2125   2.326316848E+02
      30    2175   2.089744275E+02
      31    2225   2.151359051E+02
      32    2275   1.516536412E+02
      33    2325   9.374884294E+01
      34    2375   1.696469201E+02
      35    2425   3.131078095E+02
      36    2475   1.245631654E+02
      37    2525  -2.012125533E+02
      38    2575  -1.522798540E+02
      39    2625   8.262562716E+01
      40    2675   2.771937078E+02
      41    2725   1.890161785E+02
      42    2775   6.960010807E+00
