       0     675   1.948208148E+03
       1     725   2.120130519E+03
       2     775   2.455658091E+03
       3     825   2.463870003E+03
       4     875   2.174502903E+03
       5     925   1.661838956E+03
       6     975   1.244632964E+03
       7    1025   1.059546361E+03
       8    1075   1.230545267E+03
       9    1125   1.245778641E+03
      10    1175   1.171427178E+03
      11    1225   9.819512760E+02
      12    1275   8.183740786E+02
      13    1325   7.563151962E+02
      14    1375   7.946863475E+02
      15    1425   8.759148410E+02
      16    1475   7.789388318E+02
      17    1525   6.458998707E+02
      18    1575   5.185035548E+02
      19    1625   4.312985480E+02
      20    1675   4.274141627E+02
      21    1725   4.500583937E+02
      22    1775   4.168247736E+02
      23    1825   3.669272642E+02
      24    1875   3.054457999E+02
      25    1925   2.776630539E+02
      26    1975   2.651553488E+02
      27    2025   2.649144241E+02
      28    2075   2.442158303E+02
      29    2125   2.276061272E+02
      30    2175   2.380592250E+02
      31    2225   1.592076666E+02
      32    2275   1.914336981E+02
      33    2325   1.500957075E+02
      34    2375   1.907745810E+02
      35    2425   8.215946945E+01
      36    2475  -1.029356135E+02
      37    2525   1.941401102E+02
      38    2575   1.065230422E+02
      39    2625  -3.779384005E+02
      40    2675   4.930817108E+02
      41    2725  -6.866189167E+02
      42    2775   8.385270915E+02
