       0     675   1.961877585E+03
       1     725   2.171824287E+03
       2     775   2.560272070E+03
       3     825   2.587368339E+03
       4     875   2.266947197E+03
       5     925   1.734694035E+03
       6     975   1.168867131E+03
       7    1025   1.078595698E+03
       8    1075   1.176060166E+03
       9    1125   1.212401331E+03
      10    1175   1.142241353E+03
      11    1225   9.715796945E+02
      12    1275   8.108412883E+02
      13    1325   7.596179451E+02
      14    1375   8.202569977E+02
      15    1425   8.409901667E+02
      16    1475   8.089824156E+02
      17    1525   6.478718149E+02
      18    1575   4.905684633E+02
      19    1625   4.261960491E+02
      20    1675   4.360135256E+02
      21    1725   4.305970908E+02
      22    1775   4.065820531E+02
      23    1825   3.633317822E+02
      24    1875   3.353627558E+02
      25    1925   2.578036921E+02
      26    1975   2.584095447E+02
      27    2025   2.677046814E+02
      28    2075   2.386170947E+02
      29    2125   2.511344246E+02
      30    2175   1.464630389E+02
      31    2225   1.296900313E+02
      32    2275   2.529703684E+02
      33    2325   1.369017921E+02
      34    2375   1.070212754E+02
      35    2425   3.139639721E+01
      36    2475  -8.546493246E+01
      37    2525  -2.195639354E+02
      38    2575   2.249108442E+02
      39    2625   1.040263616E+02
      40    2675   5.405880116E+02
      41    2725   1.090037615E+03
      42    2775  -1.597879079E+03
