       0     675   1.791265164E+03
       1     725   1.983766169E+03
       2     775   2.436781561E+03
       3     825   2.622125822E+03
       4     875   2.305404340E+03
       5     925   1.612865166E+03
       6     975   1.220419876E+03
       7    1025   1.058126751E+03
       8    1075   1.212249821E+03
       9    1125   1.310524297E+03
      10    1175   1.200181189E+03
      11    1225   9.799237262E+02
      12    1275   8.048609355E+02
      13    1325   7.401510010E+02
      14    1375   8.012275462E+02
      15    1425   8.655631994E+02
      16    1475   8.053433819E+02
      17    1525   6.780846018E+02
      18    1575   4.914488594E+02
      19    1625   4.324372821E+02
      20    1675   4.257244588E+02
      21    1725   4.360678334E+02
      22    1775   4.378282000E+02
      23    1825   3.806326629E+02
      24    1875   3.324173769E+02
      25    1925   2.518128314E+02
      26    1975   3.044519016E+02
      27    2025   2.172487802E+02
      28    2075   3.320933405E+02
      29    2125   2.526695773E+02
      30    2175   2.457642573E+02
      31    2225   1.994397511E+02
      32    2275   1.845794147E+01
      33    2325   1.214489486E+02
      34    2375   8.233349211E+01
      35    2425  -1.126433118E+02
      36    2475   3.099456018E+02
      37    2525   2.350547821E+02
      38    2575  -3.829523519E+02
      39    2625  -1.436870276E+02
      40    2675   7.777220928E+02
      41    2725  -3.391346493E+02
      42    2775   7.327752780E+02
