       0     675   1.769023095E+03
       1     725   1.999725261E+03
       2     775   2.421282929E+03
       3     825   2.597465494E+03
       4     875   2.245949966E+03
       5     925   1.638795805E+03
       6     975   1.272294007E+03
       7    1025   1.099871228E+03
       8    1075   1.200633867E+03
       9    1125   1.275965888E+03
      10    1175   1.206259405E+03
      11    1225   9.783103000E+02
      12    1275   8.315979313E+02
      13    1325   7.630384512E+02
      14    1375   8.245270464E+02
      15    1425   8.292343700E+02
      16    1475   7.918794623E+02
      17    1525   6.311113524E+02
      18    1575   5.123901440E+02
      19    1625   4.285893642E+02
      20    1675   4.247647814E+02
      21    1725   4.226250299E+02
      22    1775   4.225068012E+02
      23    1825   3.517927605E+02
      24    1875   3.064050450E+02
      25    1925   2.708659011E+02
      26    1975   2.609028435E+02
      27    2025   2.763751122E+02
      28    2075   2.937763604E+02
      29    2125   2.078348181E+02
      30    2175   2.751582258E+02
      31    2225   1.620266788E+02
      32    2275   2.388818933E+02
      33    2325   2.113527838E+02
      34    2375  -2.492336886E+01
      35    2425   1.941535957E+02
      36    2475   1.208823840E+02
      37    2525   2.249428065E+02
      38    2575  -5.225704973E+02
      39    2625   5.332791658E+02
      40    2675   4.868480702E+02
      41    2725  -1.671722611E+02
      42    2775  -5.927726785E+02
