       0     675   1.779841702E+03
       1     725   1.995433562E+03
       2     775   2.451591447E+03
       3     825   2.570782813E+03
       4     875   2.274688219E+03
       5     925   1.639688966E+03
       6     975   1.193179017E+03
       7    1025   1.111779014E+03
       8    1075   1.211646993E+03
       9    1125   1.269251698E+03
      10    1175   1.187920167E+03
      11    1225   9.951876470E+02
      12    1275   7.686278141E+02
      13    1325   7.410861206E+02
      14    1375   8.273161092E+02
      15    1425   8.358298402E+02
      16    1475   7.822642786E+02
      17    1525   6.639121047E+02
      18    1575   5.101783624E+02
      19    1625   4.293622467E+02
      20    1675   4.363233519E+02
      21    1725   4.171147605E+02
      22    1775   4.401382850E+02
      23    1825   3.644392162E+02
      24    1875   3.306654358E+02
      25    1925   2.581742671E+02
      26    1975   2.721617278E+02
      27    2025   3.202396939E+02
      28    2075   2.926678861E+02
      29    2125   2.467196868E+02
      30    2175   1.406046050E+02
      31    2225   1.314869151E+02
      32    2275   1.929751008E+02
      33    2325   1.053211810E+02
      34    2375   1.512576714E+02
      35    2425   9.309933546E+01
      36    2475   3.140975329E+02
      37    2525  -6.875597125E+01
      38    2575   2.549150346E+02
      39    2625  -5.273892714E+00
      40    2675  -6.724982583E+02
      41    2725   1.810408034E+03
      42    2775   1.996933941E+02
