       0     675   1.802532542E+03
       1     725   2.042698552E+03
       2     775   2.459462766E+03
       3     825   2.473537775E+03
       4     875   2.311702117E+03
       5     925   1.667378384E+03
       6     975   1.173712452E+03
       7    1025   1.118915427E+03
       8    1075   1.167902573E+03
       9    1125   1.316880477E+03
      10    1175   1.186575969E+03
      11    1225   9.845521171E+02
      12    1275   8.056015708E+02
      13    1325   7.569311615E+02
      14    1375   8.110779844E+02
      15    1425   8.617365229E+02
      16    1475   8.308735351E+02
      17    1525   6.571512245E+02
      18    1575   5.150101341E+02
      19    1625   4.249515168E+02
      20    1675   4.421405023E+02
      21    1725   4.422813437E+02
      22    1775   4.469082383E+02
      23    1825   3.647408886E+02
      24    1875   3.210539244E+02
      25    1925   2.689676099E+02
      26    1975   2.522205215E+02
      27    2025   2.882141367E+02
      28    2075   2.598886226E+02
      29    2125   2.352210400E+02
      30    2175   2.096402110E+02
      31    2225   1.611209561E+02
      32    2275   8.379590450E+01
      33    2325   1.623728979E+02
      34    2375   2.798914202E+02
      35    2425   5.964708955E+01
      36    2475   1.889534424E+02
      37    2525   2.552506064E+02
      38    2575  -3.906013130E+02
      39    2625   7.008257005E+01
      40    2675  -1.041222086E+03
      41    2725   4.890825141E+02
      42    2775   7.841477343E+02
