       0     675   1.798465925E+03
       1     725   1.992947952E+03
       2     775   2.369059122E+03
       3     825   2.509518765E+03
       4     875   2.219326735E+03
       5     925   1.670356250E+03
       6     975   1.194602211E+03
       7    1025   1.097725215E+03
       8    1075   1.149587262E+03
       9    1125   1.285967688E+03
      10    1175   1.162925726E+03
      11    1225   1.001336561E+03
      12    1275   7.857232029E+02
      13    1325   7.632448906E+02
      14    1375   7.931862754E+02
      15    1425   8.310120858E+02
      16    1475   7.672544105E+02
      17    1525   6.070142111E+02
      18    1575   5.116479904E+02
      19    1625   4.316586623E+02
      20    1675   4.340917760E+02
      21    1725   4.320103862E+02
      22    1775   4.574659483E+02
      23    1825   3.578477446E+02
      24    1875   3.222835091E+02
      25    1925   2.419561044E+02
      26    1975   2.350964116E+02
      27    2025   2.938502269E+02
      28    2075   2.778844684E+02
      29    2125   2.300354857E+02
      30    2175   1.846902550E+02
      31    2225   2.340986778E+02
      32    2275   1.013218800E+02
      33    2325   7.141239281E+01
      34    2375   1.511087458E+02
      35    2425   2.127780868E+02
      36    2475  -2.257245385E+02
      37    2525   1.711903094E+02
      38    2575  -5.383878384E+00
      39    2625   6.940051736E+02
      40    2675  -1.134364408E+02
      41    2725  -4.275572576E+02
      42    2775   4.476910459E+02
