       0     675   1.897162263E+03
       1     725   2.015531905E+03
       2     775   2.569387962E+03
       3     825   2.593881853E+03
       4     875   2.247700201E+03
       5     925   1.650110576E+03
       6     975   1.215043432E+03
       7    1025   1.118046945E+03
       8    1075   1.187387625E+03
       9    1125   1.273450992E+03
      10    1175   1.199454934E+03
      11    1225   9.729618196E+02
      12    1275   7.886208635E+02
      13    1325   7.727649820E+02
      14    1375   8.519356477E+02
      15    1425   8.456104257E+02
      16    1475   7.836629130E+02
      17    1525   6.592329958E+02
      18    1575   4.939564329E+02
      19    1625   4.225849972E+02
      20    1675   4.461423938E+02
      21    1725   4.062808539E+02
      22    1775   4.277502092E+02
      23    1825   3.662340964E+02
      24    1875   3.203515795E+02
      25    1925   2.580281134E+02
      26    1975   2.579028371E+02
      27    2025   3.038886252E+02
      28    2075   2.379624617E+02
      29    2125   2.270608097E+02
      30    2175   2.000189405E+02
      31    2225   1.851470230E+02
      32    2275   7.782556046E+01
      33    2325  -2.068631137E+01
      34    2375   3.188220870E+01
      35    2425  -3.440892100E+01
      36    2475   6.787558113E+01
      37    2525   3.179006814E+02
      38    2575  -1.907049434E+01
      39    2625   4.443114145E+02
      40    2675  -3.594028650E+02
      41    2725   6.818110456E+02
      42    2775  -2.786343420E+02
