       0     675   1.870437499E+03
       1     725   1.991712395E+03
       2     775   2.448347728E+03
       3     825   2.679273901E+03
       4     875   2.208206239E+03
       5     925   1.652228093E+03
       6     975   1.257062847E+03
       7    1025   1.134498984E+03
       8    1075   1.208095169E+03
       9    1125   1.255006520E+03
      10    1175   1.160804132E+03
      11    1225   1.006905620E+03
      12    1275   7.788789451E+02
      13    1325   7.781616784E+02
      14    1375   8.118774207E+02
      15    1425   8.172327540E+02
      16    1475   7.785799327E+02
      17    1525   6.673725555E+02
      18    1575   4.918854185E+02
      19    1625   4.464096931E+02
      20    1675   4.241892993E+02
      21    1725   4.294778215E+02
      22    1775   4.212304691E+02
      23    1825   3.453620232E+02
      24    1875   3.189607940E+02
      25    1925   2.626435528E+02
      26    1975   2.899996912E+02
      27    2025   2.364778840E+02
      28    2075   2.375782089E+02
      29    2125   2.436639943E+02
      30    2175   1.935275574E+02
      31    2225   1.826328515E+02
      32    2275   2.013520236E+02
      33    2325  -5.850187441E+01
      34    2375   4.342442441E+01
      35    2425  -9.274362920E+01
      36    2475   2.515929072E+02
      37    2525   1.933029652E+01
      38    2575   1.197891522E+02
      39    2625  -2.807190376E+01
      40    2675   4.588065906E+02
      41    2725  -1.842541704E+03
      42    2775   3.793356592E+02
