       0     675   1.834338437E+03
       1     725   2.056479953E+03
       2     775   2.425685043E+03
       3     825   2.525836861E+03
       4     875   2.227020310E+03
       5     925   1.695521928E+03
       6     975   1.191032946E+03
       7    1025   1.070410650E+03
       8    1075   1.167394964E+03
       9    1125   1.254730259E+03
      10    1175   1.211431208E+03
      11    1225   9.832306855E+02
      12    1275   8.118932187E+02
      13    1325   7.395509932E+02
      14    1375   7.916892511E+02
      15    1425   8.540875094E+02
      16    1475   7.864026394E+02
      17    1525   6.641052413E+02
      18    1575   4.952366445E+02
      19    1625   4.359457685E+02
      20    1675   4.268928985E+02
      21    1725   4.346911866E+02
      22    1775   4.357370105E+02
      23    1825   3.825616347E+02
      24    1875   3.138116545E+02
      25    1925   2.700625796E+02
      26    1975   2.803260686E+02
      27    2025   2.596212227E+02
      28    2075   2.471088072E+02
      29    2125   2.678760067E+02
      30    2175   2.299630073E+02
      31    2225   1.601026786E+02
      32    2275   1.280627344E+02
      33    2325   2.884964886E+02
      34    2375   3.295345125E+02
      35    2425   6.890927827E+01
      36    2475   2.293029748E+02
      37    2525  -1.003174680E+02
      38    2575   3.154316907E+02
      39    2625   2.357526803E+01
      40    2675   7.174916909E+02
      41    2725  -6.902576913E+02
      42    2775  -8.127874619E+02
