       0     675   1.933568932E+03
       1     725   2.125767234E+03
       2     775   2.393210742E+03
       3     825   2.536756379E+03
       4     875   2.338031536E+03
       5     925   1.676204808E+03
       6     975   1.165240757E+03
       7    1025   1.092195177E+03
       8    1075   1.117920369E+03
       9    1125   1.295514181E+03
      10    1175   1.239854569E+03
      11    1225   9.753415946E+02
      12    1275   8.307006659E+02
      13    1325   7.301188612E+02
      14    1375   8.305477180E+02
      15    1425   8.457577467E+02
      16    1475   7.991729411E+02
      17    1525   6.599912381E+02
      18    1575   5.106986405E+02
      19    1625   4.485546405E+02
      20    1675   4.355633275E+02
      21    1725   4.202078739E+02
      22    1775   4.336438585E+02
      23    1825   3.666850132E+02
      24    1875   3.338176250E+02
      25    1925   2.905216361E+02
      26    1975   2.606965284E+02
      27    2025   2.891324991E+02
      28    2075   2.055711901E+02
      29    2125   2.647252588E+02
      30    2175   2.059894927E+02
      31    2225   9.010574522E+01
      32    2275   9.897413352E+01
      33    2325   3.969687247E+02
      34    2375   1.984645550E+02
      35    2425   1.492295417E+02
      36    2475  -6.577780059E+01
      37    2525   1.075395229E+01
      38    2575   1.977001304E+02
      39    2625   3.101316455E+02
      40    2675  -4.671111292E+02
      41    2725   1.112419211E+03
      42    2775  -1.569614589E+03
