       0     675   1.956019780E+03
       1     725   2.045701717E+03
       2     775   2.584073590E+03
       3     825   2.517466749E+03
       4     875   2.320688849E+03
       5     925   1.677767966E+03
       6     975   1.224673171E+03
       7    1025   1.105601636E+03
       8    1075   1.180801480E+03
       9    1125   1.282939732E+03
      10    1175   1.224005748E+03
      11    1225   9.975499696E+02
      12    1275   8.113247321E+02
      13    1325   7.402890020E+02
      14    1375   8.183149549E+02
      15    1425   8.831475367E+02
      16    1475   7.830214405E+02
      17    1525   6.558527482E+02
      18    1575   4.945531948E+02
      19    1625   4.422336620E+02
      20    1675   4.091405363E+02
      21    1725   4.507772467E+02
      22    1775   4.111026313E+02
      23    1825   3.686409913E+02
      24    1875   2.978599661E+02
      25    1925   2.850481869E+02
      26    1975   2.509500430E+02
      27    2025   2.692409016E+02
      28    2075   2.743283190E+02
      29    2125   2.519611806E+02
      30    2175   2.125000051E+02
      31    2225   1.358953221E+02
      32    2275   1.320870109E+02
      33    2325   7.530911139E+01
      34    2375   1.675006973E+02
      35    2425   1.343108731E+02
      36    2475   4.312428575E+02
      37    2525  -2.015420645E+01
      38    2575  -4.377355153E+01
      39    2625   1.232934436E+02
      40    2675  -3.723750433E+02
      41    2725   9.864923261E+02
      42    2775  -1.611563342E+03
