       0     675   1.890507859E+03
       1     725   2.067192116E+03
       2     775   2.455222681E+03
       3     825   2.740362555E+03
       4     875   2.268501325E+03
       5     925   1.700719046E+03
       6     975   1.210681283E+03
       7    1025   1.047783885E+03
       8    1075   1.196191088E+03
       9    1125   1.275298213E+03
      10    1175   1.193636373E+03
      11    1225   9.763832711E+02
      12    1275   7.945370158E+02
      13    1325   7.564650470E+02
      14    1375   8.195106479E+02
      15    1425   8.449497187E+02
      16    1475   8.057390589E+02
      17    1525   6.434967996E+02
      18    1575   5.152791241E+02
      19    1625   4.273455146E+02
      20    1675   4.467003559E+02
      21    1725   3.982112586E+02
      22    1775   4.230360047E+02
      23    1825   3.594045002E+02
      24    1875   3.317633146E+02
      25    1925   3.077884478E+02
      26    1975   2.472138050E+02
      27    2025   2.548794321E+02
      28    2075   2.808234089E+02
      29    2125   2.367596409E+02
      30    2175   1.872760781E+02
      31    2225   7.029750037E+01
      32    2275   2.504730492E+02
      33    2325   1.851038398E+01
      34    2375   1.606471260E+02
      35    2425   2.320973957E+02
      36    2475  -6.250054930E+00
      37    2525   3.987432947E+02
      38    2575  -3.949480473E+01
      39    2625   5.065521559E+01
      40    2675   6.317331079E+02
      41    2725   3.831213920E+02
      42    2775  -1.877631363E+03
