       0     675   1.802518121E+03
       1     725   2.009772296E+03
       2     775   2.453618668E+03
       3     825   2.651256537E+03
       4     875   2.308627998E+03
       5     925   1.679074234E+03
       6     975   1.218979770E+03
       7    1025   1.086173131E+03
       8    1075   1.194201592E+03
       9    1125   1.277171442E+03
      10    1175   1.157671518E+03
      11    1225   1.003126867E+03
      12    1275   7.771593478E+02
      13    1325   7.418220009E+02
      14    1375   8.132151948E+02
      15    1425   8.490555490E+02
      16    1475   7.936730182E+02
      17    1525   6.400338710E+02
      18    1575   5.060754000E+02
      19    1625   4.222135391E+02
      20    1675   4.152110661E+02
      21    1725   4.658356165E+02
      22    1775   4.184858444E+02
      23    1825   3.744032682E+02
      24    1875   3.193836314E+02
      25    1925   2.817187476E+02
      26    1975   2.776514908E+02
      27    2025   2.961658965E+02
      28    2075   2.780012017E+02
      29    2125   1.958330213E+02
      30    2175   1.704766775E+02
      31    2225   1.039393667E+02
      32    2275   2.676269858E+02
      33    2325   1.715859030E+01
      34    2375   3.952675207E+02
      35    2425   1.356150709E+02
      36    2475   1.947174827E+02
      37    2525  -7.540309874E+01
      38    2575   5.905603673E+02
      39    2625  -4.570602455E+01
      40    2675   4.889494181E+02
      41    2725  -3.730348550E+02
      42    2775  -1.249919552E+01
