       0     675   1.801365214E+03
       1     725   2.037221658E+03
       2     775   2.412279871E+03
       3     825   2.648821458E+03
       4     875   2.351632892E+03
       5     925   1.762873450E+03
       6     975   1.176012950E+03
       7    1025   1.107366151E+03
       8    1075   1.185060129E+03
       9    1125   1.211016531E+03
      10    1175   1.206008039E+03
      11    1225   9.865461138E+02
      12    1275   7.833754311E+02
      13    1325   7.523784356E+02
      14    1375   7.936000303E+02
      15    1425   8.460241011E+02
      16    1475   7.923143090E+02
      17    1525   6.692656683E+02
      18    1575   5.184233186E+02
      19    1625   4.375432830E+02
      20    1675   4.279559301E+02
      21    1725   4.312549923E+02
      22    1775   4.218020409E+02
      23    1825   3.602158709E+02
      24    1875   3.193514278E+02
      25    1925   3.138090176E+02
      26    1975   2.640798443E+02
      27    2025   3.082489252E+02
      28    2075   2.223730746E+02
      29    2125   2.154107997E+02
      30    2175   2.633574249E+02
      31    2225   2.143151753E+02
      32    2275   7.118712446E+01
      33    2325   1.744043377E+02
      34    2375   1.160447388E+02
      35    2425   1.037528423E+02
      36    2475  -8.270841942E+01
      37    2525   3.796904827E+02
      38    2575   3.045283625E+02
      39    2625  -5.662276110E+02
      40    2675   8.486155108E+01
      41    2725   1.659008942E+02
      42    2775   3.770018426E+02
