       0     675   1.879205159E+03
       1     725   2.027741745E+03
       2     775   2.409037919E+03
       3     825   2.612333178E+03
       4     875   2.170357300E+03
       5     925   1.640149985E+03
       6     975   1.210091880E+03
       7    1025   1.139474462E+03
       8    1075   1.220105146E+03
       9    1125   1.252256842E+03
      10    1175   1.168734583E+03
      11    1225   1.000701883E+03
      12    1275   8.031424062E+02
      13    1325   7.424914587E+02
      14    1375   8.154309551E+02
      15    1425   8.199932897E+02
      16    1475   7.860932357E+02
      17    1525   6.517204354E+02
      18    1575   5.304583007E+02
      19    1625   4.435723917E+02
      20    1675   4.204250577E+02
      21    1725   4.120360377E+02
      22    1775   4.368983374E+02
      23    1825   3.429217346E+02
      24    1875   3.296699917E+02
      25    1925   3.040118435E+02
      26    1975   2.714987713E+02
      27    2025   2.868281176E+02
      28    2075   3.363722490E+02
      29    2125   2.716552194E+02
      30    2175   2.377867422E+02
      31    2225   1.326416913E+02
      32    2275   1.596968108E+02
      33    2325   1.977015965E+02
      34    2375   1.387751485E+02
      35    2425   1.902775859E+02
      36    2475   2.972437653E+02
      37    2525   1.931277365E+02
      38    2575   1.165587366E+02
      39    2625   6.991542239E+02
      40    2675   3.521792167E+02
      41    2725   1.315610241E+03
      42    2775  -4.136592972E+02
