       0     675   1.843984258E+03
       1     725   2.065771180E+03
       2     775   2.585568985E+03
       3     825   2.617000609E+03
       4     875   2.194621602E+03
       5     925   1.732096514E+03
       6     975   1.163555903E+03
       7    1025   1.089497809E+03
       8    1075   1.214658938E+03
       9    1125   1.265571434E+03
      10    1175   1.178445844E+03
      11    1225   9.694550992E+02
      12    1275   7.643383351E+02
      13    1325   7.600215827E+02
      14    1375   8.333935818E+02
      15    1425   8.307850195E+02
      16    1475   8.393702515E+02
      17    1525   6.538537342E+02
      18    1575   5.035634615E+02
      19    1625   4.408890370E+02
      20    1675   4.228875138E+02
      21    1725   4.392659672E+02
      22    1775   4.294819204E+02
      23    1825   3.857530999E+02
      24    1875   3.404119634E+02
      25    1925   3.109725778E+02
      26    1975   2.787884054E+02
      27    2025   3.009025420E+02
      28    2075   2.231967530E+02
      29    2125   2.124982786E+02
      30    2175   2.373631080E+02
      31    2225   1.868073509E+02
      32    2275   1.766984514E+02
      33    2325   7.077938663E+01
      34    2375   2.617851021E+02
      35    2425   2.382863364E+02
      36    2475   2.264242126E+02
      37    2525  -1.563877296E+02
      38    2575   3.911339496E+02
      39    2625   3.750136295E+02
      40    2675   2.435086169E+02
      41    2725   1.872738745E+01
      42    2775   5.900154206E+02
