       0     675   1.800860254E+03
       1     725   2.040906518E+03
       2     775   2.508579492E+03
       3     825   2.369782231E+03
       4     875   2.207305041E+03
       5     925   1.620741583E+03
       6     975   1.226269245E+03
       7    1025   1.079660549E+03
       8    1075   1.189213583E+03
       9    1125   1.262747883E+03
      10    1175   1.206103143E+03
      11    1225   9.850216045E+02
      12    1275   7.987916956E+02
      13    1325   7.538905555E+02
      14    1375   8.011146267E+02
      15    1425   8.908258878E+02
      16    1475   7.578640010E+02
      17    1525   6.631792361E+02
      18    1575   4.813475027E+02
      19    1625   4.451553964E+02
      20    1675   4.248293093E+02
      21    1725   4.611633720E+02
      22    1775   4.273584420E+02
      23    1825   3.831100699E+02
      24    1875   3.089578518E+02
      25    1925   2.945565730E+02
      26    1975   2.704002582E+02
      27    2025   2.755262056E+02
      28    2075   2.723307501E+02
      29    2125   2.340380708E+02
      30    2175   3.087507657E+02
      31    2225   7.357270598E+01
      32    2275   3.855603209E+02
      33    2325   7.345726608E+01
      34    2375   2.660927829E+01
      35    2425   8.922126311E+01
      36    2475   1.125560765E+02
      37    2525  -3.108202966E+02
      38    2575   3.310277485E+02
      39    2625  -2.386982831E+02
      40    2675  -5.569667616E+02
      41    2725   9.989584408E+01
      42    2775   7.308885130E+01
