       0     675   1.794891468E+03
       1     725   2.059701988E+03
       2     775   2.521017396E+03
       3     825   2.629314016E+03
       4     875   2.335011968E+03
       5     925   1.635256636E+03
       6     975   1.179398810E+03
       7    1025   1.053608102E+03
       8    1075   1.228385653E+03
       9    1125   1.280207290E+03
      10    1175   1.165285067E+03
      11    1225   9.980173053E+02
      12    1275   7.830583281E+02
      13    1325   7.534769233E+02
      14    1375   8.101008760E+02
      15    1425   8.574223150E+02
      16    1475   7.950704462E+02
      17    1525   6.606967109E+02
      18    1575   4.984466315E+02
      19    1625   4.247733464E+02
      20    1675   4.191497266E+02
      21    1725   4.465057938E+02
      22    1775   4.205693740E+02
      23    1825   3.662054503E+02
      24    1875   3.109151302E+02
      25    1925   2.802345327E+02
      26    1975   2.716194134E+02
      27    2025   2.537884698E+02
      28    2075   2.492975950E+02
      29    2125   2.173513031E+02
      30    2175   1.812948407E+02
      31    2225   2.308147479E+02
      32    2275   1.852071593E+02
      33    2325   1.281715428E+02
      34    2375   3.034006165E+02
      35    2425   3.647962634E+01
      36    2475   1.602541056E+02
      37    2525   3.594591165E+02
      38    2575  -7.222385227E+01
      39    2625   1.084742532E+02
      40    2675  -4.522275418E+02
      41    2725   3.072820297E+02
      42    2775  -3.491631769E+02
