       0     675   1.815228460E+03
       1     725   2.165219464E+03
       2     775   2.406861966E+03
       3     825   2.621093903E+03
       4     875   2.280284659E+03
       5     925   1.671492822E+03
       6     975   1.268336136E+03
       7    1025   1.061900765E+03
       8    1075   1.188140658E+03
       9    1125   1.283552882E+03
      10    1175   1.191400491E+03
      11    1225   9.661278927E+02
      12    1275   7.743820846E+02
      13    1325   7.536222784E+02
      14    1375   7.931410790E+02
      15    1425   8.417992908E+02
      16    1475   7.810104169E+02
      17    1525   6.471464992E+02
      18    1575   5.134834748E+02
      19    1625   4.191461031E+02
      20    1675   3.979444981E+02
      21    1725   4.387362102E+02
      22    1775   3.978455159E+02
      23    1825   3.799335914E+02
      24    1875   2.906377115E+02
      25    1925   2.561471723E+02
      26    1975   2.390258249E+02
      27    2025   2.924133499E+02
      28    2075   2.787715475E+02
      29    2125   1.855975580E+02
      30    2175   1.909576910E+02
      31    2225   2.507627369E+02
      32    2275   2.763896584E+02
      33    2325   1.956783143E+02
      34    2375   2.048859070E+02
      35    2425   6.737446815E+01
      36    2475   8.108530173E+01
      37    2525   6.167594740E+02
      38    2575   3.211087824E+02
      39    2625  -1.327545661E+02
      40    2675   5.247353318E+02
      41    2725  -7.112503760E+02
      42    2775  -9.377927702E+02
