       0     675   1.789017331E+03
       1     725   2.092943441E+03
       2     775   2.376169550E+03
       3     825   2.576763419E+03
       4     875   2.228246081E+03
       5     925   1.649844382E+03
       6     975   1.237311139E+03
       7    1025   1.041676460E+03
       8    1075   1.216444611E+03
       9    1125   1.272369338E+03
      10    1175   1.176138085E+03
      11    1225   9.641937174E+02
      12    1275   7.935534529E+02
      13    1325   7.711556374E+02
      14    1375   8.067423628E+02
      15    1425   8.357106166E+02
      16    1475   8.121344195E+02
      17    1525   6.728854519E+02
      18    1575   4.874463173E+02
      19    1625   4.286863168E+02
      20    1675   4.179006376E+02
      21    1725   4.498991674E+02
      22    1775   4.406347700E+02
      23    1825   3.768428615E+02
      24    1875   3.228840713E+02
      25    1925   2.578786109E+02
      26    1975   2.870946564E+02
      27    2025   2.775272939E+02
      28    2075   2.175263953E+02
      29    2125   2.239335126E+02
      30    2175   1.654862820E+02
      31    2225   1.404397053E+02
      32    2275   1.601512020E+02
      33    2325   6.580393593E+01
      34    2375   1.162504891E+02
      35    2425   2.738107411E+02
      36    2475   1.100937450E+02
      37    2525  -5.239635333E+01
      38    2575   5.743880974E+02
      39    2625  -3.400907562E+02
      40    2675   1.885543933E+02
      41    2725   1.165009680E+02
      42    2775   4.526564729E+02
