       0     675   1.845428992E+03
       1     725   2.004819778E+03
       2     775   2.360330078E+03
       3     825   2.676145090E+03
       4     875   2.284793650E+03
       5     925   1.631183370E+03
       6     975   1.238804759E+03
       7    1025   1.099780316E+03
       8    1075   1.212856436E+03
       9    1125   1.235263252E+03
      10    1175   1.153698483E+03
      11    1225   9.818015248E+02
      12    1275   7.981626374E+02
      13    1325   7.429277438E+02
      14    1375   8.141073075E+02
      15    1425   8.885941525E+02
      16    1475   8.106664534E+02
      17    1525   6.237731745E+02
      18    1575   5.105085739E+02
      19    1625   4.368770376E+02
      20    1675   4.250184761E+02
      21    1725   4.273817715E+02
      22    1775   4.335724262E+02
      23    1825   3.901376951E+02
      24    1875   3.117323333E+02
      25    1925   2.601111112E+02
      26    1975   2.583541407E+02
      27    2025   3.129639962E+02
      28    2075   2.754211139E+02
      29    2125   2.820025873E+02
      30    2175   2.201150688E+02
      31    2225   1.644828807E+02
      32    2275   1.793297446E+02
      33    2325   1.861241508E+02
      34    2375   1.768258129E+02
      35    2425   1.695508324E+02
      36    2475  -5.670667520E+01
      37    2525   1.216168744E+01
      38    2575  -3.972218938E+02
      39    2625   9.196088338E+01
      40    2675   2.695388941E+02
      41    2725  -6.441366159E+02
      42    2775  -5.438027840E+02
