       0     675   1.865204458E+03
       1     725   2.045511099E+03
       2     775   2.469344586E+03
       3     825   2.547353021E+03
       4     875   2.235866473E+03
       5     925   1.640161274E+03
       6     975   1.167540190E+03
       7    1025   1.117089793E+03
       8    1075   1.129438320E+03
       9    1125   1.291312714E+03
      10    1175   1.172995714E+03
      11    1225   9.418170574E+02
      12    1275   8.116344804E+02
      13    1325   7.449993048E+02
      14    1375   8.376167561E+02
      15    1425   8.778061167E+02
      16    1475   7.920728379E+02
      17    1525   6.292520001E+02
      18    1575   5.312661996E+02
      19    1625   4.222413336E+02
      20    1675   4.429364583E+02
      21    1725   4.362220927E+02
      22    1775   4.034617757E+02
      23    1825   3.915444972E+02
      24    1875   3.070573395E+02
      25    1925   2.971229025E+02
      26    1975   2.998134677E+02
      27    2025   2.770605545E+02
      28    2075   2.505837035E+02
      29    2125   2.650744496E+02
      30    2175   1.790507026E+02
      31    2225   1.934248084E+02
      32    2275   1.999977995E+02
      33    2325   3.331249820E+02
      34    2375   7.906619906E+00
      35    2425   2.161289369E+02
      36    2475   2.303042557E+01
      37    2525   3.886478820E+02
      38    2575   6.638045740E+02
      39    2625   2.856820991E+02
      40    2675  -7.711980977E+02
      41    2725  -2.819392530E+01
      42    2775   1.229879737E+03
