       0     675   1.795327673E+03
       1     725   2.095331349E+03
       2     775   2.415454579E+03
       3     825   2.545589940E+03
       4     875   2.260381579E+03
       5     925   1.650130271E+03
       6     975   1.216181880E+03
       7    1025   1.075838409E+03
       8    1075   1.209520027E+03
       9    1125   1.271003648E+03
      10    1175   1.208343078E+03
      11    1225   9.513163018E+02
      12    1275   8.198957189E+02
      13    1325   7.790053026E+02
      14    1375   8.225551705E+02
      15    1425   8.700249065E+02
      16    1475   7.861212824E+02
      17    1525   6.361119230E+02
      18    1575   4.906606091E+02
      19    1625   4.380689078E+02
      20    1675   4.202843136E+02
      21    1725   4.269830894E+02
      22    1775   4.168890171E+02
      23    1825   3.730494489E+02
      24    1875   3.054039075E+02
      25    1925   2.674092768E+02
      26    1975   2.586205301E+02
      27    2025   2.526190670E+02
      28    2075   2.776048734E+02
      29    2125   2.446720757E+02
      30    2175   1.440956359E+02
      31    2225   1.222774997E+02
      32    2275   5.162660130E+01
      33    2325   3.239838182E+02
      34    2375   1.100707459E+02
      35    2425  -1.942121666E+02
      36    2475   1.711086469E+02
      37    2525  -2.057161788E+01
      38    2575  -6.951827626E+01
      39    2625   2.548449086E+02
      40    2675   1.115450504E+02
      41    2725  -1.299763158E+03
      42    2775   8.908459321E+02
