       0     675   1.825139649E+03
       1     725   2.049208978E+03
       2     775   2.429620167E+03
       3     825   2.470247571E+03
       4     875   2.281945392E+03
       5     925   1.691016795E+03
       6     975   1.237982519E+03
       7    1025   1.142735172E+03
       8    1075   1.169903618E+03
       9    1125   1.279155441E+03
      10    1175   1.227935317E+03
      11    1225   9.658379758E+02
      12    1275   8.091406397E+02
      13    1325   7.516758195E+02
      14    1375   8.226762038E+02
      15    1425   8.895107948E+02
      16    1475   7.904300048E+02
      17    1525   6.559553599E+02
      18    1575   5.354797069E+02
      19    1625   4.359171547E+02
      20    1675   4.135506088E+02
      21    1725   4.215289654E+02
      22    1775   4.248990697E+02
      23    1825   3.469551731E+02
      24    1875   3.127473074E+02
      25    1925   2.684642320E+02
      26    1975   2.804772402E+02
      27    2025   3.385282995E+02
      28    2075   1.855104603E+02
      29    2125   2.967317190E+02
      30    2175   1.739201272E+02
      31    2225   2.047805841E+02
      32    2275   2.545004072E+02
      33    2325   1.675622163E+02
      34    2375   1.617290742E+02
      35    2425  -9.921998523E+01
      36    2475  -7.548310275E+01
      37    2525   1.765026457E+02
      38    2575   2.515297970E+02
      39    2625  -2.288065114E+02
      40    2675   4.502684400E+02
      41    2725  -4.152592870E+02
      42    2775  -1.155121623E+02
