       0     675   1.874974331E+03
       1     725   1.959007117E+03
       2     775   2.517949944E+03
       3     825   2.569958882E+03
       4     875   2.307277883E+03
       5     925   1.688467657E+03
       6     975   1.235676329E+03
       7    1025   1.135656169E+03
       8    1075   1.199683204E+03
       9    1125   1.241401209E+03
      10    1175   1.172696089E+03
      11    1225   9.664122773E+02
      12    1275   8.202494449E+02
      13    1325   7.286500875E+02
      14    1375   8.253598952E+02
      15    1425   8.606391119E+02
      16    1475   7.934471625E+02
      17    1525   6.475208586E+02
      18    1575   5.112117587E+02
      19    1625   4.204567858E+02
      20    1675   4.248060065E+02
      21    1725   4.519432906E+02
      22    1775   4.387806431E+02
      23    1825   3.683265508E+02
      24    1875   3.178414798E+02
      25    1925   2.622558313E+02
      26    1975   2.644155239E+02
      27    2025   2.571544001E+02
      28    2075   2.618867225E+02
      29    2125   2.473359878E+02
      30    2175   1.253017701E+02
      31    2225   1.512761246E+02
      32    2275   1.540548291E+02
      33    2325   2.031705150E+02
      34    2375   2.397061701E+02
      35    2425   2.876317332E+02
      36    2475   1.407247083E+02
      37    2525   1.564783883E+02
      38    2575   1.431519723E+02
      39    2625  -3.022278089E+02
      40    2675   8.706925733E+01
      41    2725   3.945043923E+02
      42    2775   1.156174266E+03
