       0     675   1.818712445E+03
       1     725   2.040243236E+03
       2     775   2.475541849E+03
       3     825   2.559705306E+03
       4     875   2.210817628E+03
       5     925   1.639255476E+03
       6     975   1.185808823E+03
       7    1025   1.090398476E+03
       8    1075   1.195721929E+03
       9    1125   1.243711451E+03
      10    1175   1.222985759E+03
      11    1225   1.003440496E+03
      12    1275   8.068937695E+02
      13    1325   7.452935067E+02
      14    1375   7.939012448E+02
      15    1425   8.463955760E+02
      16    1475   7.854551655E+02
      17    1525   6.503858289E+02
      18    1575   5.189016618E+02
      19    1625   4.381188034E+02
      20    1675   4.173767480E+02
      21    1725   4.313982668E+02
      22    1775   4.110052697E+02
      23    1825   3.724565961E+02
      24    1875   2.797083172E+02
      25    1925   2.665860714E+02
      26    1975   3.039105472E+02
      27    2025   2.941863260E+02
      28    2075   2.751777303E+02
      29    2125   1.961487230E+02
      30    2175   2.410777216E+02
      31    2225   2.422712619E+02
      32    2275   1.330549745E+02
      33    2325   1.578476626E+02
      34    2375   2.630269139E+02
      35    2425   1.931677821E+02
      36    2475  -1.172162806E+02
      37    2525   1.305789019E+02
      38    2575   3.437059284E+02
      39    2625   4.937874779E+02
      40    2675   4.651640856E+02
      41    2725  -2.107007999E+02
      42    2775  -1.278104989E+03
