       0     675   1.830121737E+03
       1     725   2.194894672E+03
       2     775   2.440420682E+03
       3     825   2.583522655E+03
       4     875   2.203386531E+03
       5     925   1.650980851E+03
       6     975   1.187080069E+03
       7    1025   1.067466826E+03
       8    1075   1.209147220E+03
       9    1125   1.275122011E+03
      10    1175   1.220217199E+03
      11    1225   1.016923906E+03
      12    1275   8.246352130E+02
      13    1325   7.954764200E+02
      14    1375   7.882528719E+02
      15    1425   8.451320604E+02
      16    1475   7.838073688E+02
      17    1525   6.395780779E+02
      18    1575   5.106386518E+02
      19    1625   4.264835217E+02
      20    1675   4.580538658E+02
      21    1725   4.234260155E+02
      22    1775   4.268309819E+02
      23    1825   3.672511030E+02
      24    1875   3.177158956E+02
      25    1925   2.389066930E+02
      26    1975   2.938669811E+02
      27    2025   2.503268962E+02
      28    2075   3.305671934E+02
      29    2125   1.781628280E+02
      30    2175   2.497224370E+02
      31    2225   2.425880329E+02
      32    2275   1.683047756E+02
      33    2325   1.756602332E+02
      34    2375   1.692825066E+01
      35    2425   2.175201233E+02
      36    2475   1.385209464E+02
      37    2525   2.181364042E+02
      38    2575  -2.495479020E+02
      39    2625  -5.989915323E+01
      40    2675  -8.997313675E+02
      41    2725  -4.265842762E+01
      42    2775   1.090699803E+03
