       0     675   1.815883087E+03
       1     725   2.030932663E+03
       2     775   2.470625244E+03
       3     825   2.630573978E+03
       4     875   2.269417950E+03
       5     925   1.674465360E+03
       6     975   1.185132846E+03
       7    1025   1.102105725E+03
       8    1075   1.194968057E+03
       9    1125   1.305487086E+03
      10    1175   1.170746367E+03
      11    1225   9.817848139E+02
      12    1275   8.177811570E+02
      13    1325   7.528988200E+02
      14    1375   8.250385421E+02
      15    1425   8.292428543E+02
      16    1475   7.934236529E+02
      17    1525   6.444741414E+02
      18    1575   4.962699929E+02
      19    1625   4.473410944E+02
      20    1675   4.309571175E+02
      21    1725   4.159219981E+02
      22    1775   4.257413701E+02
      23    1825   3.762278122E+02
      24    1875   3.221904210E+02
      25    1925   3.051860689E+02
      26    1975   2.881500849E+02
      27    2025   3.050184192E+02
      28    2075   2.303254608E+02
      29    2125   2.415811723E+02
      30    2175   8.114835756E+01
      31    2225   2.221341956E+02
      32    2275  -5.856129244E+01
      33    2325   1.775754215E+02
      34    2375   2.059819482E+02
      35    2425   1.181776923E+02
      36    2475  -1.600547702E+02
      37    2525   1.718119833E+02
      38    2575  -2.509497120E+02
      39    2625   1.826808185E+02
      40    2675   1.175680963E+03
      41    2725  -6.476221571E+02
      42    2775   1.534783407E+03
