       0     675   1.859036130E+03
       1     725   1.967537671E+03
       2     775   2.436816276E+03
       3     825   2.613410588E+03
       4     875   2.296874728E+03
       5     925   1.709046043E+03
       6     975   1.233710116E+03
       7    1025   1.085372628E+03
       8    1075   1.184624781E+03
       9    1125   1.248201999E+03
      10    1175   1.208062894E+03
      11    1225   9.586983298E+02
      12    1275   7.927523162E+02
      13    1325   7.409666284E+02
      14    1375   8.112300880E+02
      15    1425   8.779005700E+02
      16    1475   7.567087423E+02
      17    1525   6.444591379E+02
      18    1575   4.920962827E+02
      19    1625   4.358972125E+02
      20    1675   4.328876706E+02
      21    1725   4.377495122E+02
      22    1775   4.141483552E+02
      23    1825   3.707286876E+02
      24    1875   3.239786055E+02
      25    1925   2.820624252E+02
      26    1975   2.794833658E+02
      27    2025   2.302963852E+02
      28    2075   2.944281485E+02
      29    2125   2.939561832E+02
      30    2175   1.274407989E+02
      31    2225   3.206784949E+02
      32    2275   2.311557594E+02
      33    2325   2.568181419E+01
      34    2375   1.594286802E+02
      35    2425   1.719133560E+02
      36    2475   1.625019390E+02
      37    2525  -2.845324894E+02
      38    2575  -3.524373873E+01
      39    2625   1.393778585E+02
      40    2675   1.026420823E+03
      41    2725   6.759020370E+02
      42    2775  -7.742148215E+02
