       0     675   1.855253303E+03
       1     725   2.076547260E+03
       2     775   2.393181974E+03
       3     825   2.675464623E+03
       4     875   2.251911346E+03
       5     925   1.644761337E+03
       6     975   1.156410460E+03
       7    1025   1.100960904E+03
       8    1075   1.203667058E+03
       9    1125   1.304597520E+03
      10    1175   1.186655420E+03
      11    1225   9.759143347E+02
      12    1275   7.982327431E+02
      13    1325   7.592661569E+02
      14    1375   7.903518413E+02
      15    1425   8.830822955E+02
      16    1475   7.894119604E+02
      17    1525   6.222069147E+02
      18    1575   5.170815776E+02
      19    1625   4.259712302E+02
      20    1675   4.238536082E+02
      21    1725   4.152282604E+02
      22    1775   4.023626172E+02
      23    1825   3.751073786E+02
      24    1875   2.942402291E+02
      25    1925   2.767265343E+02
      26    1975   2.559847680E+02
      27    2025   2.523411991E+02
      28    2075   2.370794614E+02
      29    2125   2.508376200E+02
      30    2175   1.969827756E+02
      31    2225   2.074633442E+02
      32    2275   1.485277207E+02
      33    2325   1.149930280E+02
      34    2375   2.485468081E+01
      35    2425   1.220270561E+02
      36    2475   2.653755946E+02
      37    2525   1.835811294E+02
      38    2575  -1.749546541E+02
      39    2625   3.752832329E+02
      40    2675   1.377007781E+01
      41    2725   5.749376780E+02
      42    2775   5.563922265E+01
