       0     675   1.856054420E+03
       1     725   2.085582674E+03
       2     775   2.435325799E+03
       3     825   2.593635163E+03
       4     875   2.330242252E+03
       5     925   1.700165840E+03
       6     975   1.176570120E+03
       7    1025   1.095426113E+03
       8    1075   1.203593699E+03
       9    1125   1.251751583E+03
      10    1175   1.211308191E+03
      11    1225   9.538357970E+02
      12    1275   7.944921532E+02
      13    1325   7.711546007E+02
      14    1375   8.115118118E+02
      15    1425   8.533901397E+02
      16    1475   7.568867414E+02
      17    1525   6.676240104E+02
      18    1575   5.024074486E+02
      19    1625   4.371169785E+02
      20    1675   4.144476198E+02
      21    1725   4.299632423E+02
      22    1775   4.174090790E+02
      23    1825   3.853297684E+02
      24    1875   3.049235086E+02
      25    1925   2.890502919E+02
      26    1975   2.698749585E+02
      27    2025   2.944789292E+02
      28    2075   2.404092333E+02
      29    2125   2.557266687E+02
      30    2175   1.699047438E+02
      31    2225   2.096916739E+02
      32    2275   1.079240042E+02
      33    2325   1.698600237E+02
      34    2375   3.012609862E+02
      35    2425   5.716146770E+01
      36    2475   2.437791722E+02
      37    2525  -1.729320964E+02
      38    2575   2.886186218E+02
      39    2625  -2.796850011E+02
      40    2675   7.915534102E+02
      41    2725  -1.342695083E+03
      42    2775   3.160216468E+03
