       0     675   1.958177173E+03
       1     725   2.123866905E+03
       2     775   2.355770409E+03
       3     825   2.558821901E+03
       4     875   2.282195110E+03
       5     925   1.614744437E+03
       6     975   1.195017464E+03
       7    1025   1.166495745E+03
       8    1075   1.149320038E+03
       9    1125   1.301707605E+03
      10    1175   1.177985279E+03
      11    1225   9.769955419E+02
      12    1275   7.826496844E+02
      13    1325   7.680805387E+02
      14    1375   8.164021799E+02
      15    1425   8.147954323E+02
      16    1475   8.061087925E+02
      17    1525   6.293899089E+02
      18    1575   5.052097451E+02
      19    1625   4.402474009E+02
      20    1675   4.120726311E+02
      21    1725   4.434892096E+02
      22    1775   4.288733394E+02
      23    1825   3.841945948E+02
      24    1875   3.440827094E+02
      25    1925   2.498069160E+02
      26    1975   2.884141589E+02
      27    2025   2.864912178E+02
      28    2075   2.453669541E+02
      29    2125   2.485388603E+02
      30    2175   1.756002501E+02
      31    2225   2.075882491E+02
      32    2275   3.360675266E+02
      33    2325  -2.308023346E+01
      34    2375   2.230314340E+02
      35    2425   3.885337197E+02
      36    2475   2.506743054E+02
      37    2525  -1.452998734E+01
      38    2575  -3.644035095E+01
      39    2625  -5.295502103E+02
      40    2675  -6.343436065E+02
      41    2725  -5.923244695E+02
      42    2775  -4.803276064E+02
