       0     675   1.867267556E+03
       1     725   2.156937256E+03
       2     775   2.310047488E+03
       3     825   2.689171204E+03
       4     875   2.258758003E+03
       5     925   1.686773688E+03
       6     975   1.227453401E+03
       7    1025   1.100545432E+03
       8    1075   1.223095537E+03
       9    1125   1.298597929E+03
      10    1175   1.162378144E+03
      11    1225   9.803162290E+02
      12    1275   7.908863417E+02
      13    1325   7.622556298E+02
      14    1375   8.082003430E+02
      15    1425   8.479535413E+02
      16    1475   7.800771780E+02
      17    1525   6.404452690E+02
      18    1575   5.013919101E+02
      19    1625   4.503109368E+02
      20    1675   4.053048563E+02
      21    1725   4.315927625E+02
      22    1775   4.235303385E+02
      23    1825   3.567891897E+02
      24    1875   3.040717167E+02
      25    1925   2.471559916E+02
      26    1975   3.012955856E+02
      27    2025   2.805320464E+02
      28    2075   2.031046980E+02
      29    2125   1.916626997E+02
      30    2175   1.548843429E+02
      31    2225   2.285421393E+02
      32    2275   1.113169973E+02
      33    2325   4.829249698E+01
      34    2375   1.922341728E+02
      35    2425   4.756059644E+01
      36    2475   3.448701760E+02
      37    2525   2.979773706E+02
      38    2575  -2.266554001E+02
      39    2625   5.352274240E+02
      40    2675   1.078513018E+02
      41    2725  -2.695725243E+02
      42    2775  -1.021437725E+03
