       0     675   1.869895299E+03
       1     725   2.117371657E+03
       2     775   2.442270521E+03
       3     825   2.675631563E+03
       4     875   2.194268714E+03
       5     925   1.681600958E+03
       6     975   1.176650711E+03
       7    1025   1.084370917E+03
       8    1075   1.160810207E+03
       9    1125   1.297099039E+03
      10    1175   1.208142741E+03
      11    1225   9.851027326E+02
      12    1275   7.766401721E+02
      13    1325   7.733508750E+02
      14    1375   8.053532329E+02
      15    1425   8.426577463E+02
      16    1475   7.790876149E+02
      17    1525   6.549178846E+02
      18    1575   5.110193667E+02
      19    1625   4.422447074E+02
      20    1675   4.246515151E+02
      21    1725   4.271489778E+02
      22    1775   4.157583830E+02
      23    1825   3.532534999E+02
      24    1875   3.408741450E+02
      25    1925   2.859579610E+02
      26    1975   2.748096926E+02
      27    2025   2.442350244E+02
      28    2075   2.194027986E+02
      29    2125   2.114183296E+02
      30    2175   2.530109968E+02
      31    2225   2.010259595E+02
      32    2275   1.848345703E+02
      33    2325   3.312944036E+02
      34    2375   1.391795521E+02
      35    2425   6.068271888E+00
      36    2475  -1.586342550E+02
      37    2525   3.023577527E+02
      38    2575  -1.474149991E+02
      39    2625   3.926085198E+02
      40    2675   4.643240126E+02
      41    2725  -8.610812895E+02
      42    2775  -4.728920016E+01
