       0     675   1.812127857E+03
       1     725   1.966252082E+03
       2     775   2.384333674E+03
       3     825   2.647697259E+03
       4     875   2.228776579E+03
       5     925   1.706636870E+03
       6     975   1.261090343E+03
       7    1025   1.112174131E+03
       8    1075   1.197580723E+03
       9    1125   1.270596549E+03
      10    1175   1.242756874E+03
      11    1225   9.695989332E+02
      12    1275   8.137759193E+02
      13    1325   7.235885962E+02
      14    1375   8.231340813E+02
      15    1425   8.381259359E+02
      16    1475   8.308832098E+02
      17    1525   6.381196216E+02
      18    1575   4.934944665E+02
      19    1625   4.288901492E+02
      20    1675   4.230094787E+02
      21    1725   4.068458304E+02
      22    1775   4.163791307E+02
      23    1825   3.631190860E+02
      24    1875   3.383635816E+02
      25    1925   2.826547976E+02
      26    1975   2.286630506E+02
      27    2025   2.593848737E+02
      28    2075   3.038179986E+02
      29    2125   2.552031586E+02
      30    2175   2.168353418E+02
      31    2225   1.631331522E+02
      32    2275   1.778098930E+02
      33    2325   2.216791984E+02
      34    2375   5.644082318E+01
      35    2425  -2.518810479E+01
      36    2475   1.898550986E+02
      37    2525   5.935027817E+02
      38    2575   1.131461846E+02
      39    2625  -1.163361175E+02
      40    2675  -5.659988795E+02
      41    2725  -2.943410690E+02
      42    2775  -1.570269345E+03
