       0     675   1.833776258E+03
       1     725   2.066965237E+03
       2     775   2.421503545E+03
       3     825   2.684539746E+03
       4     875   2.256733321E+03
       5     925   1.657769942E+03
       6     975   1.203769035E+03
       7    1025   1.042593225E+03
       8    1075   1.219100811E+03
       9    1125   1.223615094E+03
      10    1175   1.200555273E+03
      11    1225   9.692913950E+02
      12    1275   7.785915224E+02
      13    1325   7.758692559E+02
      14    1375   7.852957824E+02
      15    1425   8.725810135E+02
      16    1475   7.990057342E+02
      17    1525   6.432880100E+02
      18    1575   4.981569202E+02
      19    1625   4.402199815E+02
      20    1675   4.300328789E+02
      21    1725   4.273352429E+02
      22    1775   4.373286174E+02
      23    1825   3.158710806E+02
      24    1875   2.998233977E+02
      25    1925   2.652860646E+02
      26    1975   2.435359356E+02
      27    2025   2.953431233E+02
      28    2075   2.447980591E+02
      29    2125   1.831888485E+02
      30    2175   2.205816112E+02
      31    2225   8.783167899E+01
      32    2275   2.048029664E+02
      33    2325   1.296917137E+02
      34    2375  -1.841297453E+02
      35    2425   1.769304617E+02
      36    2475  -6.697518377E+00
      37    2525   2.503047333E+02
      38    2575  -3.436372456E+02
      39    2625  -8.947301111E+00
      40    2675   8.436412898E+02
      41    2725  -4.232873062E+02
      42    2775  -5.747012098E+02
