       0     675   1.856176867E+03
       1     725   2.043752587E+03
       2     775   2.499204709E+03
       3     825   2.589752947E+03
       4     875   2.248880703E+03
       5     925   1.641630146E+03
       6     975   1.250510755E+03
       7    1025   1.125872730E+03
       8    1075   1.185716764E+03
       9    1125   1.285138444E+03
      10    1175   1.231766618E+03
      11    1225   9.917756858E+02
      12    1275   8.055733845E+02
      13    1325   7.657578901E+02
      14    1375   8.203781359E+02
      15    1425   8.437049458E+02
      16    1475   7.993138122E+02
      17    1525   6.545871938E+02
      18    1575   4.974215757E+02
      19    1625   4.329218220E+02
      20    1675   4.197767872E+02
      21    1725   4.374497823E+02
      22    1775   4.359028850E+02
      23    1825   3.706316781E+02
      24    1875   3.111318425E+02
      25    1925   2.931874676E+02
      26    1975   2.726048569E+02
      27    2025   2.943982935E+02
      28    2075   2.714649697E+02
      29    2125   2.543147022E+02
      30    2175   2.041365186E+02
      31    2225   1.392511705E+02
      32    2275   1.628920418E+02
      33    2325   2.274376496E+02
      34    2375   1.076185568E+00
      35    2425   2.356564167E+02
      36    2475  -8.078060669E+01
      37    2525  -1.178063870E+02
      38    2575  -9.871533986E+01
      39    2625  -1.593222189E+02
      40    2675  -1.922950473E+02
      41    2725  -5.371877124E+02
      42    2775  -1.133739006E+03
