       0     675   1.830212337E+03
       1     725   1.991807962E+03
       2     775   2.494217765E+03
       3     825   2.572817918E+03
       4     875   2.317775943E+03
       5     925   1.638179603E+03
       6     975   1.174276953E+03
       7    1025   1.077460734E+03
       8    1075   1.179438886E+03
       9    1125   1.271708711E+03
      10    1175   1.212662173E+03
      11    1225   9.921726753E+02
      12    1275   7.988548917E+02
      13    1325   7.496023731E+02
      14    1375   7.951993395E+02
      15    1425   8.861943048E+02
      16    1475   7.825937933E+02
      17    1525   6.693857586E+02
      18    1575   4.981630095E+02
      19    1625   4.189820120E+02
      20    1675   4.350834828E+02
      21    1725   4.463751764E+02
      22    1775   3.987107693E+02
      23    1825   4.068497019E+02
      24    1875   2.701471838E+02
      25    1925   2.908155313E+02
      26    1975   2.471053889E+02
      27    2025   2.357954191E+02
      28    2075   3.132221574E+02
      29    2125   2.244089166E+02
      30    2175   2.581775699E+02
      31    2225   1.931643760E+02
      32    2275   1.438679533E+02
      33    2325   2.245173926E+02
      34    2375  -1.270034622E+02
      35    2425   1.611039228E+01
      36    2475   4.437932663E+02
      37    2525   1.422552453E+02
      38    2575   1.019069536E+03
      39    2625  -7.331754983E+02
      40    2675   1.009492425E+03
      41    2725   2.733069197E+02
      42    2775   5.757293961E+02
