       0     675   1.903388880E+03
       1     725   1.995035903E+03
       2     775   2.413386253E+03
       3     825   2.503185959E+03
       4     875   2.310144966E+03
       5     925   1.668087578E+03
       6     975   1.212562872E+03
       7    1025   1.084879142E+03
       8    1075   1.242489538E+03
       9    1125   1.313616595E+03
      10    1175   1.141023660E+03
      11    1225   9.916060094E+02
      12    1275   8.048737558E+02
      13    1325   7.255765418E+02
      14    1375   7.908963436E+02
      15    1425   8.814187306E+02
      16    1475   8.084638787E+02
      17    1525   6.436629784E+02
      18    1575   5.234078877E+02
      19    1625   4.069748175E+02
      20    1675   4.282914632E+02
      21    1725   4.540545719E+02
      22    1775   4.120554544E+02
      23    1825   3.728237584E+02
      24    1875   2.967004509E+02
      25    1925   2.709216978E+02
      26    1975   2.743016984E+02
      27    2025   2.796554043E+02
      28    2075   2.318748076E+02
      29    2125   2.321295379E+02
      30    2175   1.657555154E+02
      31    2225   1.002439091E+02
      32    2275   2.226907022E+02
      33    2325   3.164084700E+02
      34    2375  -2.094461443E+01
      35    2425   1.762654205E+02
      36    2475  -9.904084017E+01
      37    2525   2.610788695E+01
      38    2575   1.953773512E+02
      39    2625   2.603455481E+02
      40    2675   7.410266823E+02
      41    2725  -5.838774092E+01
      42    2775   5.293149489E+02
