       0     675   1.879376708E+03
       1     725   2.019608188E+03
       2     775   2.321957951E+03
       3     825   2.619409022E+03
       4     875   2.271773534E+03
       5     925   1.669938540E+03
       6     975   1.266472944E+03
       7    1025   1.055583786E+03
       8    1075   1.192252752E+03
       9    1125   1.322952866E+03
      10    1175   1.211482761E+03
      11    1225   1.022332250E+03
      12    1275   7.804059704E+02
      13    1325   7.506233317E+02
      14    1375   8.097672580E+02
      15    1425   8.442269876E+02
      16    1475   7.809167852E+02
      17    1525   6.497297465E+02
      18    1575   5.154016336E+02
      19    1625   4.182369356E+02
      20    1675   4.213341993E+02
      21    1725   4.344905270E+02
      22    1775   4.319471103E+02
      23    1825   3.809891905E+02
      24    1875   3.211744238E+02
      25    1925   2.742930000E+02
      26    1975   2.827595962E+02
      27    2025   2.978126994E+02
      28    2075   1.757632291E+02
      29    2125   2.980307248E+02
      30    2175   2.023785002E+02
      31    2225   1.862491243E+02
      32    2275   2.053749482E+02
      33    2325   3.183333469E+02
      34    2375   2.496357147E+02
      35    2425  -1.349872590E+02
      36    2475   3.460665755E+02
      37    2525  -7.569898169E+01
      38    2575   5.210816558E+02
      39    2625   5.431045988E+00
      40    2675  -4.786556477E+02
      41    2725   9.384262664E+02
      42    2775  -9.880997424E+02
