       0     675   1.862729064E+03
       1     725   2.077885671E+03
       2     775   2.327774721E+03
       3     825   2.635286699E+03
       4     875   2.277537698E+03
       5     925   1.632762946E+03
       6     975   1.252633794E+03
       7    1025   1.087617868E+03
       8    1075   1.178946795E+03
       9    1125   1.272933119E+03
      10    1175   1.196636818E+03
      11    1225   9.974911967E+02
      12    1275   7.659772452E+02
      13    1325   7.970317083E+02
      14    1375   8.182237875E+02
      15    1425   8.891565300E+02
      16    1475   7.742968678E+02
      17    1525   6.420699694E+02
      18    1575   5.013004176E+02
      19    1625   4.330469958E+02
      20    1675   4.192867694E+02
      21    1725   4.504065882E+02
      22    1775   4.390143055E+02
      23    1825   4.046571226E+02
      24    1875   2.823391493E+02
      25    1925   2.738956682E+02
      26    1975   3.007432558E+02
      27    2025   2.752347723E+02
      28    2075   2.396183841E+02
      29    2125   2.421096165E+02
      30    2175   1.297323285E+02
      31    2225   1.028461045E+02
      32    2275   2.599642180E+02
      33    2325   1.119536753E+02
      34    2375   3.220085700E+02
      35    2425   9.504072740E+01
      36    2475  -2.359598049E+02
      37    2525   1.079106048E+02
      38    2575   1.638220611E+02
      39    2625   2.340489705E+01
      40    2675   9.987165450E+02
      41    2725   6.446672111E+02
      42    2775  -1.398655890E+02
