       0     675   1.959396266E+03
       1     725   1.933079700E+03
       2     775   2.567200351E+03
       3     825   2.532210353E+03
       4     875   2.207575848E+03
       5     925   1.743175138E+03
       6     975   1.216198782E+03
       7    1025   1.057264577E+03
       8    1075   1.213438111E+03
       9    1125   1.294511425E+03
      10    1175   1.184536156E+03
      11    1225   9.438565272E+02
      12    1275   7.846115108E+02
      13    1325   7.757789659E+02
      14    1375   7.949499812E+02
      15    1425   8.346255160E+02
      16    1475   8.134941171E+02
      17    1525   6.636331758E+02
      18    1575   5.099245930E+02
      19    1625   4.597114323E+02
      20    1675   4.403357610E+02
      21    1725   4.058999675E+02
      22    1775   4.189260131E+02
      23    1825   3.568945212E+02
      24    1875   3.121077370E+02
      25    1925   2.897956909E+02
      26    1975   2.413020117E+02
      27    2025   2.326120705E+02
      28    2075   1.784948201E+02
      29    2125   2.153792007E+02
      30    2175   2.051806091E+02
      31    2225   1.570345681E+02
      32    2275   2.329421866E+02
      33    2325   2.850923602E+02
      34    2375   1.280416261E+02
      35    2425   2.740585594E+02
      36    2475   2.125396889E+02
      37    2525   4.049087610E+02
      38    2575   4.136422293E+02
      39    2625  -1.203672217E+02
      40    2675  -6.253604751E+02
      41    2725   1.232058085E+03
      42    2775  -1.140073569E+03
