       0     675   1.859744369E+03
       1     725   2.052833171E+03
       2     775   2.540621908E+03
       3     825   2.593185727E+03
       4     875   2.187945150E+03
       5     925   1.665295328E+03
       6     975   1.188108465E+03
       7    1025   1.113433666E+03
       8    1075   1.172036137E+03
       9    1125   1.244584356E+03
      10    1175   1.245836973E+03
      11    1225   9.786714385E+02
      12    1275   7.789030898E+02
      13    1325   7.657231887E+02
      14    1375   8.010188385E+02
      15    1425   8.443708602E+02
      16    1475   8.007398827E+02
      17    1525   6.273172069E+02
      18    1575   5.072860232E+02
      19    1625   4.366225478E+02
      20    1675   4.138342757E+02
      21    1725   4.407233821E+02
      22    1775   4.362080851E+02
      23    1825   3.393852038E+02
      24    1875   3.175669958E+02
      25    1925   2.793089070E+02
      26    1975   2.442867355E+02
      27    2025   2.592336836E+02
      28    2075   2.531906975E+02
      29    2125   2.429631984E+02
      30    2175   2.042882366E+02
      31    2225   2.114258826E+02
      32    2275   4.941130680E+01
      33    2325   1.959727087E+02
      34    2375   2.651118135E+02
      35    2425   6.846965513E+01
      36    2475  -4.416586565E-01
      37    2525   6.452284460E+01
      38    2575   2.418480725E+02
      39    2625   3.449091587E+02
      40    2675  -4.612576685E+02
      41    2725   8.860085159E+02
      42    2775  -8.219371476E+02
