       0     675   1.808933019E+03
       1     725   2.067705434E+03
       2     775   2.428492833E+03
       3     825   2.532111142E+03
       4     875   2.263729971E+03
       5     925   1.622281039E+03
       6     975   1.199769747E+03
       7    1025   1.063650770E+03
       8    1075   1.228718523E+03
       9    1125   1.279012504E+03
      10    1175   1.184606391E+03
      11    1225   1.002357514E+03
      12    1275   7.821773347E+02
      13    1325   7.623136019E+02
      14    1375   8.148739199E+02
      15    1425   8.671516589E+02
      16    1475   7.912005416E+02
      17    1525   6.524899813E+02
      18    1575   5.274674416E+02
      19    1625   4.228408532E+02
      20    1675   4.349082574E+02
      21    1725   4.374352831E+02
      22    1775   3.946927529E+02
      23    1825   3.659499312E+02
      24    1875   2.895633116E+02
      25    1925   2.860648039E+02
      26    1975   2.818635095E+02
      27    2025   2.829864445E+02
      28    2075   2.811556717E+02
      29    2125   2.613033704E+02
      30    2175   2.025303544E+02
      31    2225   2.128925447E+02
      32    2275   1.794943501E+02
      33    2325   2.288030667E+02
      34    2375   3.117478339E+02
      35    2425   1.552334902E+02
      36    2475   3.264924431E+02
      37    2525   4.775092929E+02
      38    2575  -3.491299040E+02
      39    2625   2.133639416E+02
      40    2675   2.532026357E+02
      41    2725  -5.463284580E+02
      42    2775   3.548572617E+02
