       0     675   1.822495260E+03
       1     725   2.068302269E+03
       2     775   2.619111368E+03
       3     825   2.486383036E+03
       4     875   2.258126401E+03
       5     925   1.681538115E+03
       6     975   1.125550640E+03
       7    1025   1.078133060E+03
       8    1075   1.188392059E+03
       9    1125   1.228806056E+03
      10    1175   1.191918885E+03
      11    1225   9.772028184E+02
      12    1275   7.955343202E+02
      13    1325   7.664218394E+02
      14    1375   7.602790288E+02
      15    1425   8.793455238E+02
      16    1475   7.653544407E+02
      17    1525   6.401939739E+02
      18    1575   5.069987022E+02
      19    1625   4.339517992E+02
      20    1675   4.299069938E+02
      21    1725   4.160288665E+02
      22    1775   4.335958887E+02
      23    1825   3.449703733E+02
      24    1875   3.148416759E+02
      25    1925   2.691613770E+02
      26    1975   2.625147822E+02
      27    2025   2.481457301E+02
      28    2075   2.342351245E+02
      29    2125   2.589948147E+02
      30    2175   1.207903091E+02
      31    2225   1.998389591E+02
      32    2275  -7.568522334E+01
      33    2325   1.778104950E+02
      34    2375   4.856000060E+01
      35    2425   4.577137175E+02
      36    2475   2.419935707E+01
      37    2525  -1.168002794E+02
      38    2575   3.765258638E+02
      39    2625   2.006171330E+02
      40    2675  -2.075183322E+02
      41    2725  -8.098462506E+01
      42    2775  -5.742738684E+02
