       0     675   1.826454460E+03
       1     725   2.003711810E+03
       2     775   2.414660792E+03
       3     825   2.556543063E+03
       4     875   2.227569375E+03
       5     925   1.702399295E+03
       6     975   1.240200347E+03
       7    1025   1.076021963E+03
       8    1075   1.205186242E+03
       9    1125   1.249027049E+03
      10    1175   1.208270802E+03
      11    1225   9.696767453E+02
      12    1275   7.664262532E+02
      13    1325   7.592336939E+02
      14    1375   8.139637319E+02
      15    1425   8.543344975E+02
      16    1475   8.095718097E+02
      17    1525   6.417750236E+02
      18    1575   5.274220597E+02
      19    1625   4.358776517E+02
      20    1675   4.148194363E+02
      21    1725   4.415226367E+02
      22    1775   4.338630147E+02
      23    1825   3.407918125E+02
      24    1875   3.077470374E+02
      25    1925   2.713101458E+02
      26    1975   2.861691076E+02
      27    2025   2.401030863E+02
      28    2075   2.077243841E+02
      29    2125   1.671947017E+02
      30    2175   2.186595812E+02
      31    2225   2.569030072E+02
      32    2275   1.562785311E+02
      33    2325   1.504699233E+02
      34    2375   6.720515796E+01
      35    2425   3.067906182E+02
      36    2475   2.129491953E+02
      37    2525   1.228417023E+01
      38    2575  -2.523213255E+02
      39    2625   5.409739543E+02
      40    2675   2.559965477E+02
      41    2725   3.748344233E+02
      42    2775  -9.715361886E+01
