       0     675   1.828361702E+03
       1     725   2.003459264E+03
       2     775   2.471926705E+03
       3     825   2.583056312E+03
       4     875   2.228222778E+03
       5     925   1.684974431E+03
       6     975   1.205983336E+03
       7    1025   1.120240908E+03
       8    1075   1.174874196E+03
       9    1125   1.315711413E+03
      10    1175   1.193315193E+03
      11    1225   9.688378255E+02
      12    1275   8.100061383E+02
      13    1325   7.272068178E+02
      14    1375   8.291944609E+02
      15    1425   8.297753623E+02
      16    1475   7.916094347E+02
      17    1525   6.366909154E+02
      18    1575   5.051058708E+02
      19    1625   4.202237360E+02
      20    1675   4.343927482E+02
      21    1725   4.524332317E+02
      22    1775   3.903181455E+02
      23    1825   3.767434976E+02
      24    1875   3.079293740E+02
      25    1925   2.729685798E+02
      26    1975   2.661020449E+02
      27    2025   2.980273187E+02
      28    2075   2.505041864E+02
      29    2125   2.984202877E+02
      30    2175   1.935025885E+02
      31    2225   2.203756493E+02
      32    2275   1.374817617E+02
      33    2325   1.965720103E+02
      34    2375   1.134165410E+02
      35    2425   4.457638034E+02
      36    2475  -1.409163760E+02
      37    2525   3.422957404E+02
      38    2575   1.280954237E+02
      39    2625   6.294935629E+01
      40    2675  -7.245526485E+00
      41    2725  -4.650300158E+02
      42    2775  -4.526587731E+01
