       0     675   1.853449490E+03
       1     725   2.009815021E+03
       2     775   2.579354788E+03
       3     825   2.616635928E+03
       4     875   2.280129741E+03
       5     925   1.713872939E+03
       6     975   1.205351502E+03
       7    1025   1.086550080E+03
       8    1075   1.186237276E+03
       9    1125   1.287464760E+03
      10    1175   1.181141546E+03
      11    1225   9.804224766E+02
      12    1275   7.919174698E+02
      13    1325   7.474080617E+02
      14    1375   8.124336644E+02
      15    1425   8.591741841E+02
      16    1475   7.863144194E+02
      17    1525   6.526245029E+02
      18    1575   5.153332567E+02
      19    1625   4.408373972E+02
      20    1675   4.064749018E+02
      21    1725   4.360013268E+02
      22    1775   4.301446359E+02
      23    1825   4.192952522E+02
      24    1875   3.060231141E+02
      25    1925   2.857479658E+02
      26    1975   2.541737417E+02
      27    2025   2.776245772E+02
      28    2075   2.732891390E+02
      29    2125   2.268089954E+02
      30    2175   2.194495001E+02
      31    2225   1.159750156E+02
      32    2275   2.172234406E+02
      33    2325   1.568110236E+02
      34    2375   1.516046402E+02
      35    2425  -5.660988666E+00
      36    2475   2.301973936E+02
      37    2525   1.875447943E+02
      38    2575   2.305391638E+02
      39    2625   5.334817523E+02
      40    2675   2.186535704E+02
      41    2725   2.732136650E+02
      42    2775  -2.756973455E+01
