       0     675   1.766817336E+03
       1     725   2.112027833E+03
       2     775   2.519546266E+03
       3     825   2.591505992E+03
       4     875   2.291784878E+03
       5     925   1.697804235E+03
       6     975   1.154035221E+03
       7    1025   1.126538970E+03
       8    1075   1.181765195E+03
       9    1125   1.239650264E+03
      10    1175   1.192909808E+03
      11    1225   9.697201073E+02
      12    1275   7.849277119E+02
      13    1325   7.231196399E+02
      14    1375   8.217364833E+02
      15    1425   8.515149362E+02
      16    1475   8.183358059E+02
      17    1525   6.534608137E+02
      18    1575   5.255894929E+02
      19    1625   4.372068581E+02
      20    1675   4.365651193E+02
      21    1725   4.264457190E+02
      22    1775   4.195383372E+02
      23    1825   3.858656385E+02
      24    1875   2.942999778E+02
      25    1925   2.479734264E+02
      26    1975   3.015039996E+02
      27    2025   2.563891970E+02
      28    2075   2.738827612E+02
      29    2125   2.406059838E+02
      30    2175   1.669195273E+02
      31    2225   2.493307262E+02
      32    2275   1.097964615E+02
      33    2325   1.472432111E+02
      34    2375   1.783328501E+02
      35    2425   2.533029066E+02
      36    2475   2.823306294E+02
      37    2525   1.300631784E+02
      38    2575   3.433445982E+01
      39    2625   3.571180621E+00
      40    2675   1.413158665E+03
      41    2725   1.585866332E+02
      42    2775   1.063989864E+03
