       0     675   1.869121553E+03
       1     725   2.023579709E+03
       2     775   2.513446655E+03
       3     825   2.602029588E+03
       4     875   2.164864047E+03
       5     925   1.714811158E+03
       6     975   1.251040658E+03
       7    1025   1.106515510E+03
       8    1075   1.171376817E+03
       9    1125   1.313122608E+03
      10    1175   1.189445955E+03
      11    1225   9.370434241E+02
      12    1275   7.912220890E+02
      13    1325   7.808071796E+02
      14    1375   7.924289379E+02
      15    1425   8.590340356E+02
      16    1475   8.038854840E+02
      17    1525   6.082090515E+02
      18    1575   5.068150416E+02
      19    1625   4.367092534E+02
      20    1675   4.020396021E+02
      21    1725   4.348244139E+02
      22    1775   4.036877213E+02
      23    1825   3.520538051E+02
      24    1875   3.239196652E+02
      25    1925   2.745408143E+02
      26    1975   2.563419064E+02
      27    2025   2.551391313E+02
      28    2075   2.346326063E+02
      29    2125   2.498449342E+02
      30    2175   2.130181363E+02
      31    2225   2.140923514E+02
      32    2275   2.072025876E+02
      33    2325   7.664602121E+01
      34    2375   3.542617604E+02
      35    2425   6.306916498E+01
      36    2475  -1.229235779E+02
      37    2525   3.884996721E+01
      38    2575  -3.277748751E+02
      39    2625  -1.000578862E+02
      40    2675   3.413187217E+02
      41    2725   2.663177514E+02
      42    2775   5.917005304E+02
