       0     675   1.814339965E+03
       1     725   2.077326659E+03
       2     775   2.441841322E+03
       3     825   2.472373979E+03
       4     875   2.209848068E+03
       5     925   1.650682389E+03
       6     975   1.199189594E+03
       7    1025   1.121143049E+03
       8    1075   1.169626927E+03
       9    1125   1.275853748E+03
      10    1175   1.191474801E+03
      11    1225   9.858779755E+02
      12    1275   8.243025175E+02
      13    1325   7.546542905E+02
      14    1375   7.927444370E+02
      15    1425   8.584668808E+02
      16    1475   8.060226818E+02
      17    1525   6.581130973E+02
      18    1575   4.820952726E+02
      19    1625   4.341752882E+02
      20    1675   4.185238439E+02
      21    1725   4.211965005E+02
      22    1775   3.984971878E+02
      23    1825   3.517172291E+02
      24    1875   3.250324392E+02
      25    1925   2.879327649E+02
      26    1975   2.653596625E+02
      27    2025   2.309968406E+02
      28    2075   2.711613247E+02
      29    2125   2.549151100E+02
      30    2175   1.784142626E+02
      31    2225   2.243549501E+02
      32    2275   6.182140026E+01
      33    2325   6.895755255E+01
      34    2375   2.238462304E+02
      35    2425   3.574635590E+02
      36    2475   2.674192585E+01
      37    2525   1.758887472E+02
      38    2575   1.962402462E+02
      39    2625   9.651265515E+02
      40    2675  -5.732339999E+02
      41    2725   1.145605251E+03
      42    2775  -2.635286987E+02
