       0     675   1.891172684E+03
       1     725   1.963519462E+03
       2     775   2.458668741E+03
       3     825   2.575374260E+03
       4     875   2.270105607E+03
       5     925   1.641436559E+03
       6     975   1.285287100E+03
       7    1025   1.070932359E+03
       8    1075   1.218183674E+03
       9    1125   1.241530524E+03
      10    1175   1.202409335E+03
      11    1225   9.895889141E+02
      12    1275   7.981813234E+02
      13    1325   7.553707507E+02
      14    1375   7.824692770E+02
      15    1425   8.464809956E+02
      16    1475   7.950637683E+02
      17    1525   6.393815470E+02
      18    1575   4.904335730E+02
      19    1625   4.347469193E+02
      20    1675   3.961449495E+02
      21    1725   4.305031253E+02
      22    1775   4.134714964E+02
      23    1825   3.742405964E+02
      24    1875   3.386489488E+02
      25    1925   2.667783869E+02
      26    1975   2.836380209E+02
      27    2025   2.820196652E+02
      28    2075   2.225144797E+02
      29    2125   2.655441410E+02
      30    2175   3.030892755E+02
      31    2225   7.908584591E+01
      32    2275   2.416539476E+02
      33    2325   2.141173848E+02
      34    2375   1.038825847E+02
      35    2425   3.806473884E+02
      36    2475   1.318927450E+02
      37    2525   4.062789940E+02
      38    2575   1.108681622E+02
      39    2625   8.826697388E+01
      40    2675   5.890328383E+02
      41    2725   2.083527076E+02
      42    2775  -6.535870525E+02
