       0     675   1.839594562E+03
       1     725   2.077511099E+03
       2     775   2.408580425E+03
       3     825   2.709546934E+03
       4     875   2.233492837E+03
       5     925   1.715085930E+03
       6     975   1.141931264E+03
       7    1025   1.078588307E+03
       8    1075   1.158081655E+03
       9    1125   1.280689875E+03
      10    1175   1.217653783E+03
      11    1225   9.477894400E+02
      12    1275   8.024572958E+02
      13    1325   7.425951323E+02
      14    1375   8.150581906E+02
      15    1425   8.366423142E+02
      16    1475   7.687162280E+02
      17    1525   6.708206553E+02
      18    1575   4.865347136E+02
      19    1625   4.237003788E+02
      20    1675   4.399838947E+02
      21    1725   4.000018775E+02
      22    1775   4.346500646E+02
      23    1825   3.669952131E+02
      24    1875   2.995810302E+02
      25    1925   2.649335753E+02
      26    1975   2.247412350E+02
      27    2025   2.780902115E+02
      28    2075   2.888604097E+02
      29    2125   1.950231672E+02
      30    2175   2.235246028E+02
      31    2225   1.590600583E+02
      32    2275   1.306966963E+02
      33    2325   1.533392016E+02
      34    2375   2.232669871E+01
      35    2425   1.839748885E+02
      36    2475   9.843603794E+01
      37    2525  -7.662346454E+01
      38    2575   3.662473023E+02
      39    2625   5.072854444E+01
      40    2675   1.850268299E+02
      41    2725   5.366224965E+02
      42    2775   1.352654017E+03
