       0     675   1.763800943E+03
       1     725   2.028250104E+03
       2     775   2.453415607E+03
       3     825   2.575222982E+03
       4     875   2.283802730E+03
       5     925   1.628497148E+03
       6     975   1.208314087E+03
       7    1025   1.091215816E+03
       8    1075   1.179435961E+03
       9    1125   1.282696254E+03
      10    1175   1.158488851E+03
      11    1225   9.935527486E+02
      12    1275   8.062723299E+02
      13    1325   7.450163271E+02
      14    1375   8.023806508E+02
      15    1425   8.694998642E+02
      16    1475   7.968384242E+02
      17    1525   6.399172796E+02
      18    1575   4.975189897E+02
      19    1625   4.284014299E+02
      20    1675   4.202866424E+02
      21    1725   4.393969912E+02
      22    1775   4.216731363E+02
      23    1825   3.570032581E+02
      24    1875   3.181280864E+02
      25    1925   2.759709427E+02
      26    1975   2.916147833E+02
      27    2025   2.221125904E+02
      28    2075   2.721584186E+02
      29    2125   2.089575008E+02
      30    2175   1.807505581E+02
      31    2225   7.240459610E+01
      32    2275   1.522597191E+02
      33    2325   1.889999892E+02
      34    2375  -1.496911145E+02
      35    2425   9.271862038E+01
      36    2475  -2.808450750E+02
      37    2525   3.320741410E+02
      38    2575   1.727360637E+02
      39    2625   2.984167440E+02
      40    2675  -3.381788569E+02
      41    2725   1.324633463E+03
      42    2775   3.782640788E+02
