       0     675   1.845692346E+03
       1     725   2.088229868E+03
       2     775   2.358520471E+03
       3     825   2.526862266E+03
       4     875   2.217103735E+03
       5     925   1.707988904E+03
       6     975   1.247165564E+03
       7    1025   1.097870512E+03
       8    1075   1.225759853E+03
       9    1125   1.275250631E+03
      10    1175   1.183415129E+03
      11    1225   9.813901819E+02
      12    1275   8.039559183E+02
      13    1325   7.772253282E+02
      14    1375   8.008292851E+02
      15    1425   8.590095578E+02
      16    1475   7.549893773E+02
      17    1525   6.531136093E+02
      18    1575   4.880668278E+02
      19    1625   4.445197649E+02
      20    1675   4.101710258E+02
      21    1725   4.266303189E+02
      22    1775   4.243730805E+02
      23    1825   3.689617965E+02
      24    1875   3.442231374E+02
      25    1925   3.098964242E+02
      26    1975   2.918868653E+02
      27    2025   2.710298653E+02
      28    2075   2.280825778E+02
      29    2125   1.784747728E+02
      30    2175   2.381406276E+02
      31    2225   2.417468518E+02
      32    2275   6.101337656E+01
      33    2325   1.855961371E+02
      34    2375   1.696784194E+02
      35    2425   3.318876378E+02
      36    2475   1.380566586E+02
      37    2525   3.437548724E+02
      38    2575  -1.933360011E+01
      39    2625  -6.414841149E+02
      40    2675   4.173420978E+02
      41    2725   1.002825557E+03
      42    2775   2.093552941E+03
