       0     675   1.849909191E+03
       1     725   1.994477529E+03
       2     775   2.392188970E+03
       3     825   2.677470388E+03
       4     875   2.252668889E+03
       5     925   1.649198708E+03
       6     975   1.164630549E+03
       7    1025   1.116839774E+03
       8    1075   1.178982505E+03
       9    1125   1.295048592E+03
      10    1175   1.192561028E+03
      11    1225   9.621237197E+02
      12    1275   7.935467720E+02
      13    1325   7.282803056E+02
      14    1375   7.989204224E+02
      15    1425   8.451490183E+02
      16    1475   7.865627547E+02
      17    1525   6.562555216E+02
      18    1575   4.899886000E+02
      19    1625   4.281916707E+02
      20    1675   4.125036167E+02
      21    1725   4.438836386E+02
      22    1775   4.169491036E+02
      23    1825   3.813537384E+02
      24    1875   3.218029552E+02
      25    1925   2.683157457E+02
      26    1975   2.880130924E+02
      27    2025   2.694686187E+02
      28    2075   2.748218345E+02
      29    2125   2.877179820E+02
      30    2175   1.896895475E+02
      31    2225   2.516798949E+02
      32    2275   9.529898733E+01
      33    2325   1.380267763E+02
      34    2375   1.296432502E+01
      35    2425   3.914875068E+02
      36    2475   2.878129154E+02
      37    2525   6.204571805E+01
      38    2575   7.831540811E+01
      39    2625  -1.081343003E+02
      40    2675  -2.197731132E+01
      41    2725   1.155946614E+03
      42    2775  -7.834265892E+02
