       0     675   1.806859403E+03
       1     725   2.131780427E+03
       2     775   2.499874750E+03
       3     825   2.583067328E+03
       4     875   2.263554709E+03
       5     925   1.690557213E+03
       6     975   1.171383298E+03
       7    1025   1.142995229E+03
       8    1075   1.172802228E+03
       9    1125   1.294237114E+03
      10    1175   1.158861710E+03
      11    1225   9.685477152E+02
      12    1275   8.151867615E+02
      13    1325   7.643586607E+02
      14    1375   8.119093398E+02
      15    1425   8.226512478E+02
      16    1475   7.949311622E+02
      17    1525   6.600683522E+02
      18    1575   4.860777753E+02
      19    1625   4.472017183E+02
      20    1675   4.133475844E+02
      21    1725   4.415127239E+02
      22    1775   4.472638173E+02
      23    1825   3.424622818E+02
      24    1875   3.176313565E+02
      25    1925   2.907935970E+02
      26    1975   3.043200932E+02
      27    2025   2.650258795E+02
      28    2075   2.586901456E+02
      29    2125   2.352844838E+02
      30    2175   2.640605952E+02
      31    2225   1.897421597E+02
      32    2275   2.261111787E+02
      33    2325   5.460418188E+01
      34    2375   9.648434462E+01
      35    2425   2.609036835E+02
      36    2475   1.902564840E+02
      37    2525   3.831193336E+02
      38    2575   4.229098372E+02
      39    2625  -6.801851034E+02
      40    2675   9.104675224E+02
      41    2725  -5.064271284E+02
      42    2775   1.346378595E+03
