       0     675   1.840719629E+03
       1     725   2.116456248E+03
       2     775   2.344972433E+03
       3     825   2.518477047E+03
       4     875   2.222919024E+03
       5     925   1.633950667E+03
       6     975   1.250056344E+03
       7    1025   1.090568263E+03
       8    1075   1.208240918E+03
       9    1125   1.312816856E+03
      10    1175   1.137618934E+03
      11    1225   9.938268624E+02
      12    1275   8.006873409E+02
      13    1325   7.761903280E+02
      14    1375   8.117094180E+02
      15    1425   8.692920892E+02
      16    1475   7.771286957E+02
      17    1525   6.642967006E+02
      18    1575   4.808612979E+02
      19    1625   4.463229893E+02
      20    1675   4.223433910E+02
      21    1725   4.260475916E+02
      22    1775   4.176078199E+02
      23    1825   3.962789710E+02
      24    1875   3.286496577E+02
      25    1925   2.699299904E+02
      26    1975   2.450529789E+02
      27    2025   2.086101698E+02
      28    2075   3.189732094E+02
      29    2125   2.201063256E+02
      30    2175   1.889163793E+02
      31    2225   2.558290132E+02
      32    2275   1.794381544E+02
      33    2325   1.340184645E+02
      34    2375   5.569173499E+01
      35    2425   2.654016804E+02
      36    2475   3.637103315E+02
      37    2525   5.434369727E+02
      38    2575  -1.751394539E+02
      39    2625  -4.347765828E+02
      40    2675  -5.122319967E+02
      41    2725  -3.054542391E+02
      42    2775  -2.613472761E+02
