       0     675   1.843734254E+03
       1     725   2.084504102E+03
       2     775   2.514635701E+03
       3     825   2.516104174E+03
       4     875   2.291796097E+03
       5     925   1.654327861E+03
       6     975   1.150692305E+03
       7    1025   1.107446033E+03
       8    1075   1.232597106E+03
       9    1125   1.278053028E+03
      10    1175   1.150876089E+03
      11    1225   1.011552428E+03
      12    1275   7.542904868E+02
      13    1325   7.572911043E+02
      14    1375   7.965576147E+02
      15    1425   8.615579003E+02
      16    1475   7.522815195E+02
      17    1525   6.493298153E+02
      18    1575   5.089333374E+02
      19    1625   4.450627380E+02
      20    1675   4.347299642E+02
      21    1725   4.449638118E+02
      22    1775   4.075067876E+02
      23    1825   3.654061578E+02
      24    1875   2.989571111E+02
      25    1925   2.830131743E+02
      26    1975   2.678166002E+02
      27    2025   3.149837353E+02
      28    2075   1.748450769E+02
      29    2125   1.916688883E+02
      30    2175   1.358086126E+02
      31    2225   2.074528337E+02
      32    2275   2.332828568E+02
      33    2325   1.185979094E+02
      34    2375   1.066398311E+02
      35    2425   1.507712760E+02
      36    2475   1.978141329E+02
      37    2525   2.326564817E+02
      38    2575   2.259551801E+02
      39    2625   2.669663565E+02
      40    2675   1.924852666E+02
      41    2725  -8.756609852E+02
      42    2775   1.746118387E+01
