       0     675   1.901775336E+03
       1     725   2.036785272E+03
       2     775   2.502549015E+03
       3     825   2.624849970E+03
       4     875   2.226493395E+03
       5     925   1.740282447E+03
       6     975   1.263238651E+03
       7    1025   1.079027931E+03
       8    1075   1.212011600E+03
       9    1125   1.287161820E+03
      10    1175   1.166308568E+03
      11    1225   9.971621672E+02
      12    1275   7.902563273E+02
      13    1325   7.502994952E+02
      14    1375   8.016451062E+02
      15    1425   8.547494441E+02
      16    1475   8.319790905E+02
      17    1525   6.263316412E+02
      18    1575   5.008049368E+02
      19    1625   4.234433198E+02
      20    1675   4.143076730E+02
      21    1725   4.374495915E+02
      22    1775   3.877104463E+02
      23    1825   3.694749855E+02
      24    1875   3.089801936E+02
      25    1925   2.626093848E+02
      26    1975   2.544794359E+02
      27    2025   2.613397459E+02
      28    2075   2.225119406E+02
      29    2125   2.650016094E+02
      30    2175   2.600043354E+02
      31    2225   8.941546427E+01
      32    2275   1.480196377E+02
      33    2325   2.630970001E+02
      34    2375   1.611147311E+02
      35    2425   9.706630525E+01
      36    2475  -1.120893145E+02
      37    2525   1.861112530E+02
      38    2575   1.117845403E+02
      39    2625   7.908619383E+02
      40    2675   2.086195572E+02
      41    2725   2.244093757E+02
      42    2775   2.515758900E+02
