       0     675   1.825265224E+03
       1     725   2.007654701E+03
       2     775   2.465892777E+03
       3     825   2.636560160E+03
       4     875   2.168663454E+03
       5     925   1.718525032E+03
       6     975   1.236525258E+03
       7    1025   1.105020506E+03
       8    1075   1.155372672E+03
       9    1125   1.339968830E+03
      10    1175   1.193379806E+03
      11    1225   9.797124592E+02
      12    1275   8.048034367E+02
      13    1325   7.609245789E+02
      14    1375   8.326205940E+02
      15    1425   8.739028448E+02
      16    1475   8.115399988E+02
      17    1525   6.557803380E+02
      18    1575   4.685064316E+02
      19    1625   4.388020193E+02
      20    1675   4.276698210E+02
      21    1725   4.318966285E+02
      22    1775   4.333343754E+02
      23    1825   3.708803926E+02
      24    1875   3.310399548E+02
      25    1925   2.691591437E+02
      26    1975   2.883454959E+02
      27    2025   2.872093217E+02
      28    2075   2.125130215E+02
      29    2125   2.520355582E+02
      30    2175   1.097098157E+02
      31    2225   9.874699874E+01
      32    2275   1.705232182E+02
      33    2325  -1.692096070E+01
      34    2375   1.417761674E+02
      35    2425   1.481774879E+02
      36    2475   1.947012864E+02
      37    2525   1.702402332E+02
      38    2575   7.677849888E+02
      39    2625  -1.036408676E+02
      40    2675  -4.178193581E+02
      41    2725   1.790165775E+03
      42    2775   3.943106732E+01
