       0     675   1.795089421E+03
       1     725   2.063722550E+03
       2     775   2.394270973E+03
       3     825   2.572747092E+03
       4     875   2.286252195E+03
       5     925   1.691088395E+03
       6     975   1.242532929E+03
       7    1025   1.137305376E+03
       8    1075   1.128550295E+03
       9    1125   1.273530379E+03
      10    1175   1.175268878E+03
      11    1225   9.814721246E+02
      12    1275   8.176049568E+02
      13    1325   7.526210881E+02
      14    1375   8.069624601E+02
      15    1425   8.394163550E+02
      16    1475   7.983534037E+02
      17    1525   6.527341768E+02
      18    1575   5.211934422E+02
      19    1625   4.283530093E+02
      20    1675   4.232535962E+02
      21    1725   4.258069364E+02
      22    1775   4.191795144E+02
      23    1825   3.749373854E+02
      24    1875   3.447459424E+02
      25    1925   2.619585068E+02
      26    1975   2.490071431E+02
      27    2025   2.675811000E+02
      28    2075   2.998598212E+02
      29    2125   1.749580956E+02
      30    2175   2.328723478E+02
      31    2225   8.957787216E+01
      32    2275   1.452245833E+02
      33    2325   6.049214752E+01
      34    2375   1.134637900E+02
      35    2425   1.753452848E+02
      36    2475   3.607450785E+01
      37    2525   1.475728490E+02
      38    2575  -4.127902541E+01
      39    2625   1.337885614E+02
      40    2675   1.026272051E+02
      41    2725  -1.411855230E+02
      42    2775  -7.193839193E+02
