       0     675   1.842756436E+03
       1     725   2.081751114E+03
       2     775   2.413620512E+03
       3     825   2.467417799E+03
       4     875   2.269315805E+03
       5     925   1.666675696E+03
       6     975   1.236120134E+03
       7    1025   1.086772064E+03
       8    1075   1.193955539E+03
       9    1125   1.274429205E+03
      10    1175   1.185432275E+03
      11    1225   9.747791018E+02
      12    1275   8.079924737E+02
      13    1325   7.527521483E+02
      14    1375   8.068297023E+02
      15    1425   8.512324008E+02
      16    1475   7.929410148E+02
      17    1525   6.369320748E+02
      18    1575   4.960854170E+02
      19    1625   4.399218763E+02
      20    1675   4.195938684E+02
      21    1725   4.209312255E+02
      22    1775   4.376642711E+02
      23    1825   3.520567796E+02
      24    1875   3.106085081E+02
      25    1925   2.791470018E+02
      26    1975   3.039240752E+02
      27    2025   2.835422270E+02
      28    2075   2.488342690E+02
      29    2125   3.041632447E+02
      30    2175   1.918797947E+02
      31    2225   1.090465994E+02
      32    2275   1.635604157E+02
      33    2325   3.362160869E+01
      34    2375   2.572559610E+02
      35    2425   1.219055214E+01
      36    2475   1.298137904E+02
      37    2525   1.678338456E+02
      38    2575   3.460211075E+02
      39    2625  -1.998475230E+02
      40    2675   1.686037489E+02
      41    2725  -2.316897679E+02
      42    2775   1.856403959E+02
