       0     675   1.847911065E+03
       1     725   2.122520861E+03
       2     775   2.454596669E+03
       3     825   2.657855668E+03
       4     875   2.246775156E+03
       5     925   1.676808746E+03
       6     975   1.229171069E+03
       7    1025   1.122183317E+03
       8    1075   1.232479512E+03
       9    1125   1.311028166E+03
      10    1175   1.258997665E+03
      11    1225   9.948323772E+02
      12    1275   7.723065725E+02
      13    1325   7.498756153E+02
      14    1375   8.189271734E+02
      15    1425   8.587102315E+02
      16    1475   7.918986734E+02
      17    1525   6.649007345E+02
      18    1575   4.964534545E+02
      19    1625   4.571398957E+02
      20    1675   4.187748796E+02
      21    1725   4.541496012E+02
      22    1775   4.292777899E+02
      23    1825   3.432654430E+02
      24    1875   3.000361088E+02
      25    1925   2.919357559E+02
      26    1975   2.939969689E+02
      27    2025   2.940206221E+02
      28    2075   2.461303342E+02
      29    2125   1.873245137E+02
      30    2175   2.510372926E+02
      31    2225   1.782385941E+02
      32    2275   7.227599349E+01
      33    2325   1.197301172E+02
      34    2375   8.944626860E+01
      35    2425   2.489289920E+02
      36    2475   1.333279336E+02
      37    2525  -1.093916569E+02
      38    2575  -2.830306851E+02
      39    2625   6.100348867E+02
      40    2675   1.177388922E+02
      41    2725  -4.594695397E+02
      42    2775  -1.987755750E+03
