       0     675   1.782649801E+03
       1     725   2.112775338E+03
       2     775   2.452436093E+03
       3     825   2.687475754E+03
       4     875   2.111830282E+03
       5     925   1.693800278E+03
       6     975   1.207551763E+03
       7    1025   1.085715313E+03
       8    1075   1.229674892E+03
       9    1125   1.305275103E+03
      10    1175   1.203947294E+03
      11    1225   9.832336079E+02
      12    1275   7.721606792E+02
      13    1325   7.687074617E+02
      14    1375   8.142561911E+02
      15    1425   8.525514270E+02
      16    1475   8.098059890E+02
      17    1525   6.406687126E+02
      18    1575   4.904289559E+02
      19    1625   4.357755425E+02
      20    1675   4.116627899E+02
      21    1725   4.206024435E+02
      22    1775   4.368142692E+02
      23    1825   3.545215270E+02
      24    1875   3.284385024E+02
      25    1925   2.782298831E+02
      26    1975   2.790465865E+02
      27    2025   2.490532387E+02
      28    2075   2.402350553E+02
      29    2125   3.344660554E+02
      30    2175   1.548316249E+02
      31    2225   9.013205369E+01
      32    2275   1.901202581E+02
      33    2325   1.389093485E+02
      34    2375   7.650824925E+01
      35    2425   3.614271503E+02
      36    2475   1.591992540E+02
      37    2525   1.054213514E+02
      38    2575  -2.288718382E+02
      39    2625   2.401139283E+02
      40    2675  -1.080978665E+02
      41    2725  -1.322852908E+03
      42    2775   1.488376620E+03
