       0     675   1.737580097E+03
       1     725   2.086733740E+03
       2     775   2.536572631E+03
       3     825   2.554512985E+03
       4     875   2.360883723E+03
       5     925   1.620633858E+03
       6     975   1.240021929E+03
       7    1025   1.092533376E+03
       8    1075   1.192204933E+03
       9    1125   1.285409669E+03
      10    1175   1.175832922E+03
      11    1225   9.714643872E+02
      12    1275   7.738695148E+02
      13    1325   7.465809725E+02
      14    1375   8.351005442E+02
      15    1425   8.565205567E+02
      16    1475   8.051352050E+02
      17    1525   6.671226785E+02
      18    1575   4.925634903E+02
      19    1625   4.091104040E+02
      20    1675   4.396732552E+02
      21    1725   4.486517536E+02
      22    1775   4.083705621E+02
      23    1825   3.440527063E+02
      24    1875   3.238219461E+02
      25    1925   2.724564398E+02
      26    1975   2.459442139E+02
      27    2025   2.311417819E+02
      28    2075   2.506582948E+02
      29    2125   1.467231983E+02
      30    2175   1.710029220E+02
      31    2225   1.843081457E+02
      32    2275   2.163958123E+02
      33    2325   1.444143293E+02
      34    2375   3.418727241E+01
      35    2425  -4.249931785E+01
      36    2475   6.419070570E+01
      37    2525  -3.929156997E+01
      38    2575   4.060155449E+02
      39    2625   3.068235077E+02
      40    2675  -4.272592569E+02
      41    2725   9.367080852E+02
      42    2775  -2.885913752E+01
