       0     675   1.848893469E+03
       1     725   2.057905254E+03
       2     775   2.451327852E+03
       3     825   2.675051363E+03
       4     875   2.235228357E+03
       5     925   1.622153374E+03
       6     975   1.256920786E+03
       7    1025   1.082908978E+03
       8    1075   1.186708347E+03
       9    1125   1.236223519E+03
      10    1175   1.151322793E+03
      11    1225   9.709356222E+02
      12    1275   7.752683996E+02
      13    1325   7.469816850E+02
      14    1375   7.918380370E+02
      15    1425   8.418941514E+02
      16    1475   8.150730484E+02
      17    1525   6.450996819E+02
      18    1575   5.138572669E+02
      19    1625   4.378217909E+02
      20    1675   4.074507471E+02
      21    1725   4.293401646E+02
      22    1775   4.141383303E+02
      23    1825   3.687240560E+02
      24    1875   3.144027155E+02
      25    1925   3.267762278E+02
      26    1975   2.566289352E+02
      27    2025   2.748271219E+02
      28    2075   2.796177440E+02
      29    2125   1.858073566E+02
      30    2175   2.862392284E+02
      31    2225   2.085611366E+02
      32    2275   8.210259118E+01
      33    2325   1.563554502E+02
      34    2375   1.585663370E+02
      35    2425   7.493650985E+01
      36    2475   3.637860159E+02
      37    2525   5.520487047E+01
      38    2575   3.866454914E+02
      39    2625  -4.023522580E+02
      40    2675   1.042748715E+02
      41    2725  -6.097219789E+02
      42    2775   2.111045263E+03
