       0     675   1.809937950E+03
       1     725   2.105489256E+03
       2     775   2.498074487E+03
       3     825   2.594790024E+03
       4     875   2.263589141E+03
       5     925   1.646692975E+03
       6     975   1.240101562E+03
       7    1025   1.044517203E+03
       8    1075   1.218472644E+03
       9    1125   1.273945673E+03
      10    1175   1.224126220E+03
      11    1225   9.832770831E+02
      12    1275   7.873061948E+02
      13    1325   7.219342832E+02
      14    1375   8.486810630E+02
      15    1425   8.460068450E+02
      16    1475   8.030131673E+02
      17    1525   6.417047417E+02
      18    1575   5.099692061E+02
      19    1625   4.274609747E+02
      20    1675   4.357220432E+02
      21    1725   4.330269000E+02
      22    1775   4.144453378E+02
      23    1825   3.802416479E+02
      24    1875   3.135307915E+02
      25    1925   3.044400787E+02
      26    1975   2.596679925E+02
      27    2025   2.539872272E+02
      28    2075   2.288965684E+02
      29    2125   2.533058407E+02
      30    2175   1.455448685E+02
      31    2225   1.805453044E+02
      32    2275   1.856056689E+02
      33    2325   1.853332484E+02
      34    2375   6.236466121E+01
      35    2425   2.540622500E+02
      36    2475  -8.453529820E+01
      37    2525  -9.441815400E+01
      38    2575  -4.037162151E+00
      39    2625   6.142990449E+02
      40    2675   5.004436977E+02
      41    2725  -1.377734654E+03
      42    2775  -9.951203269E+02
