       0     675   1.854577374E+03
       1     725   2.110823605E+03
       2     775   2.481664798E+03
       3     825   2.590774854E+03
       4     875   2.239290761E+03
       5     925   1.674144490E+03
       6     975   1.207740201E+03
       7    1025   1.050500593E+03
       8    1075   1.236699550E+03
       9    1125   1.223170706E+03
      10    1175   1.229119226E+03
      11    1225   9.918352186E+02
      12    1275   7.848566094E+02
      13    1325   7.519856108E+02
      14    1375   8.209552213E+02
      15    1425   8.492345608E+02
      16    1475   7.951814339E+02
      17    1525   6.363469685E+02
      18    1575   5.119879196E+02
      19    1625   4.363644361E+02
      20    1675   3.992257795E+02
      21    1725   4.366573379E+02
      22    1775   4.333429977E+02
      23    1825   3.597944408E+02
      24    1875   3.367892760E+02
      25    1925   2.618509915E+02
      26    1975   2.509642941E+02
      27    2025   2.330385961E+02
      28    2075   2.546609946E+02
      29    2125   2.597934419E+02
      30    2175   1.952387555E+02
      31    2225   2.100363127E+02
      32    2275   1.371058340E+02
      33    2325   2.631019422E+02
      34    2375  -2.754102290E+01
      35    2425   1.590812657E+02
      36    2475   1.377782566E+02
      37    2525   2.787626215E+02
      38    2575   3.618306956E+02
      39    2625   6.379000241E+02
      40    2675   4.540100306E+02
      41    2725  -6.583302505E+02
      42    2775   1.880369132E+02
