       0     675   1.853651246E+03
       1     725   1.977364066E+03
       2     775   2.428013017E+03
       3     825   2.575652028E+03
       4     875   2.260263499E+03
       5     925   1.594843951E+03
       6     975   1.203788049E+03
       7    1025   1.079675052E+03
       8    1075   1.211880296E+03
       9    1125   1.291119913E+03
      10    1175   1.200602955E+03
      11    1225   1.023254018E+03
      12    1275   8.022615493E+02
      13    1325   7.518781006E+02
      14    1375   8.009671188E+02
      15    1425   8.393934538E+02
      16    1475   8.065105331E+02
      17    1525   6.286684729E+02
      18    1575   4.982023165E+02
      19    1625   4.376525021E+02
      20    1675   4.289062280E+02
      21    1725   4.153152771E+02
      22    1775   4.032530616E+02
      23    1825   3.552354847E+02
      24    1875   2.910088891E+02
      25    1925   3.184494566E+02
      26    1975   2.734517679E+02
      27    2025   2.310607794E+02
      28    2075   3.125779053E+02
      29    2125   2.072536691E+02
      30    2175   2.182793501E+02
      31    2225   1.237795963E+02
      32    2275   1.308660924E+02
      33    2325   2.045372956E+02
      34    2375   3.671225509E+02
      35    2425   1.060227466E+02
      36    2475   1.156378651E+02
      37    2525  -3.582357583E+01
      38    2575  -3.856266130E+02
      39    2625  -4.038530428E+02
      40    2675   3.599113970E+02
      41    2725  -2.399530002E+02
      42    2775   1.437035430E+03
