       0     675   1.851261592E+03
       1     725   2.122413895E+03
       2     775   2.388473628E+03
       3     825   2.548526809E+03
       4     875   2.303451565E+03
       5     925   1.635201233E+03
       6     975   1.205441941E+03
       7    1025   1.068664190E+03
       8    1075   1.233843454E+03
       9    1125   1.236138599E+03
      10    1175   1.214171428E+03
      11    1225   9.693629041E+02
      12    1275   7.984176726E+02
      13    1325   7.649886866E+02
      14    1375   7.931926107E+02
      15    1425   8.598085506E+02
      16    1475   7.903097691E+02
      17    1525   6.305822802E+02
      18    1575   5.238224287E+02
      19    1625   4.348539145E+02
      20    1675   4.092561251E+02
      21    1725   4.343294620E+02
      22    1775   4.227205430E+02
      23    1825   3.683431318E+02
      24    1875   2.828607011E+02
      25    1925   2.759305649E+02
      26    1975   2.283773009E+02
      27    2025   2.901826124E+02
      28    2075   2.805851615E+02
      29    2125   2.941142389E+02
      30    2175   9.572567511E+01
      31    2225   2.145477275E+02
      32    2275   1.808117516E+02
      33    2325   1.115931567E+02
      34    2375   1.183046532E+02
      35    2425   1.687435136E+02
      36    2475   1.475814819E+02
      37    2525   1.820578842E+02
      38    2575  -3.028361551E+02
      39    2625   2.467162663E+02
      40    2675   2.051273351E+02
      41    2725  -2.242256091E+01
      42    2775  -7.903374380E+02
