       0     675   1.909084867E+03
       1     725   2.064256618E+03
       2     775   2.486000495E+03
       3     825   2.751917891E+03
       4     875   2.279893577E+03
       5     925   1.619517496E+03
       6     975   1.173690589E+03
       7    1025   1.108282902E+03
       8    1075   1.191565344E+03
       9    1125   1.303066432E+03
      10    1175   1.173954668E+03
      11    1225   9.827466445E+02
      12    1275   8.124924958E+02
      13    1325   7.480580583E+02
      14    1375   8.183233086E+02
      15    1425   8.402962498E+02
      16    1475   7.808111324E+02
      17    1525   6.430706216E+02
      18    1575   5.115806559E+02
      19    1625   4.228475133E+02
      20    1675   4.311403475E+02
      21    1725   3.995694472E+02
      22    1775   4.265786448E+02
      23    1825   3.590829398E+02
      24    1875   3.028044054E+02
      25    1925   2.591673677E+02
      26    1975   2.979339013E+02
      27    2025   2.600470479E+02
      28    2075   2.825983563E+02
      29    2125   2.589006132E+02
      30    2175   1.347612742E+02
      31    2225   2.301211047E+02
      32    2275   1.597508995E+02
      33    2325   9.443655008E+01
      34    2375   1.151907168E+02
      35    2425   2.374431225E+02
      36    2475   1.650514009E+02
      37    2525   2.623423845E+02
      38    2575  -7.433949392E+01
      39    2625   3.084487182E+02
      40    2675   2.105652050E+02
      41    2725  -4.127999585E+02
      42    2775   1.637967269E+02
