       0     675   1.795769152E+03
       1     725   2.054215371E+03
       2     775   2.473726655E+03
       3     825   2.530970740E+03
       4     875   2.285102095E+03
       5     925   1.706948629E+03
       6     975   1.248033072E+03
       7    1025   1.086604791E+03
       8    1075   1.192413693E+03
       9    1125   1.239111678E+03
      10    1175   1.207276815E+03
      11    1225   9.494241405E+02
      12    1275   8.228855956E+02
      13    1325   7.587807967E+02
      14    1375   8.162341730E+02
      15    1425   8.344737641E+02
      16    1475   7.982563237E+02
      17    1525   6.816216997E+02
      18    1575   4.990717466E+02
      19    1625   4.256481169E+02
      20    1675   4.312397031E+02
      21    1725   4.500833976E+02
      22    1775   4.168669463E+02
      23    1825   3.619465631E+02
      24    1875   3.267868496E+02
      25    1925   2.546123401E+02
      26    1975   2.432042164E+02
      27    2025   2.473692183E+02
      28    2075   2.804010963E+02
      29    2125   3.178181637E+02
      30    2175   1.293111866E+02
      31    2225   1.961306864E+02
      32    2275   1.532185379E+02
      33    2325   2.275361964E+02
      34    2375   2.200863102E+02
      35    2425  -2.088570790E+01
      36    2475   3.316642493E+02
      37    2525  -1.071618357E+01
      38    2575  -1.154505856E+02
      39    2625  -2.597539460E+02
      40    2675   2.253205101E+02
      41    2725  -2.268173489E+02
      42    2775   1.369509189E+03
