       0     675   1.832057033E+03
       1     725   2.046010473E+03
       2     775   2.524016379E+03
       3     825   2.592963052E+03
       4     875   2.305525922E+03
       5     925   1.672804362E+03
       6     975   1.220822255E+03
       7    1025   1.079965026E+03
       8    1075   1.188594359E+03
       9    1125   1.317936026E+03
      10    1175   1.191846100E+03
      11    1225   9.919646450E+02
      12    1275   7.874975614E+02
      13    1325   7.291296301E+02
      14    1375   8.045187420E+02
      15    1425   8.588156911E+02
      16    1475   8.124187269E+02
      17    1525   6.334551319E+02
      18    1575   5.028302816E+02
      19    1625   4.543510256E+02
      20    1675   4.059360287E+02
      21    1725   4.466777124E+02
      22    1775   3.812602819E+02
      23    1825   3.578330204E+02
      24    1875   3.116277292E+02
      25    1925   2.803834498E+02
      26    1975   2.853489404E+02
      27    2025   2.500170709E+02
      28    2075   2.351500962E+02
      29    2125   2.249305724E+02
      30    2175   2.522319017E+02
      31    2225   1.648923781E+02
      32    2275   1.361911214E+02
      33    2325   2.167674468E+02
      34    2375   5.244565212E+00
      35    2425   2.420634353E+02
      36    2475  -3.298442462E+01
      37    2525  -6.709533084E+01
      38    2575   7.374240855E+01
      39    2625   1.122120295E+03
      40    2675  -5.036213051E+02
      41    2725   2.888781640E+02
      42    2775  -1.124946287E+03
