       0     675   1.748340098E+03
       1     725   2.103265002E+03
       2     775   2.418182096E+03
       3     825   2.686720674E+03
       4     875   2.123328659E+03
       5     925   1.712404346E+03
       6     975   1.188846936E+03
       7    1025   1.069545438E+03
       8    1075   1.175779762E+03
       9    1125   1.300965631E+03
      10    1175   1.196495299E+03
      11    1225   9.834584063E+02
      12    1275   7.831517043E+02
      13    1325   7.516239513E+02
      14    1375   8.180974157E+02
      15    1425   8.298814682E+02
      16    1475   8.132543699E+02
      17    1525   6.515565494E+02
      18    1575   5.115110336E+02
      19    1625   4.257830261E+02
      20    1675   4.183890329E+02
      21    1725   4.321244807E+02
      22    1775   4.385162672E+02
      23    1825   3.454047766E+02
      24    1875   3.092858400E+02
      25    1925   2.593004871E+02
      26    1975   2.746637851E+02
      27    2025   2.272036457E+02
      28    2075   3.196841878E+02
      29    2125   2.492477252E+02
      30    2175   2.026970828E+02
      31    2225   1.858290299E+02
      32    2275   1.294019876E+02
      33    2325   2.169061467E+02
      34    2375   2.298541432E+02
      35    2425   1.748994251E+02
      36    2475   2.050566778E+02
      37    2525   6.470550631E+01
      38    2575  -4.145848579E+02
      39    2625   2.092085738E+01
      40    2675   5.263203439E+00
      41    2725  -1.939950184E+02
      42    2775   1.163484487E+03
