       0     675   1.809149851E+03
       1     725   1.967930382E+03
       2     775   2.410693346E+03
       3     825   2.572766408E+03
       4     875   2.216396740E+03
       5     925   1.653256478E+03
       6     975   1.193599800E+03
       7    1025   1.075325918E+03
       8    1075   1.220206844E+03
       9    1125   1.285463708E+03
      10    1175   1.136321291E+03
      11    1225   9.892289460E+02
      12    1275   7.879886044E+02
      13    1325   7.639339926E+02
      14    1375   8.057132116E+02
      15    1425   8.455545943E+02
      16    1475   8.006765446E+02
      17    1525   6.533049102E+02
      18    1575   4.938366402E+02
      19    1625   4.168581881E+02
      20    1675   4.402353901E+02
      21    1725   4.053438116E+02
      22    1775   4.270609802E+02
      23    1825   3.775992116E+02
      24    1875   3.042985922E+02
      25    1925   2.972685287E+02
      26    1975   2.519803828E+02
      27    2025   3.402884223E+02
      28    2075   1.900634677E+02
      29    2125   2.065451603E+02
      30    2175   1.771270572E+02
      31    2225   1.356049010E+02
      32    2275   7.721233201E+01
      33    2325   6.575652149E+01
      34    2375   1.156830124E+02
      35    2425   1.366403475E+02
      36    2475  -1.876517636E+02
      37    2525   2.595896003E+02
      38    2575  -2.091975393E+02
      39    2625   2.399287729E+02
      40    2675   5.798205188E+02
      41    2725   1.069614369E+03
      42    2775  -4.399221938E+02
