       0     675   1.824986619E+03
       1     725   2.070194862E+03
       2     775   2.422531948E+03
       3     825   2.656847909E+03
       4     875   2.288995184E+03
       5     925   1.669136055E+03
       6     975   1.203019865E+03
       7    1025   1.068926748E+03
       8    1075   1.220674249E+03
       9    1125   1.252371853E+03
      10    1175   1.203320342E+03
      11    1225   9.750581202E+02
      12    1275   8.086228567E+02
      13    1325   7.471418774E+02
      14    1375   8.197013768E+02
      15    1425   8.335518820E+02
      16    1475   8.329719656E+02
      17    1525   6.326843311E+02
      18    1575   4.798570175E+02
      19    1625   4.545535851E+02
      20    1675   4.124942384E+02
      21    1725   4.358861225E+02
      22    1775   3.944501175E+02
      23    1825   3.856448569E+02
      24    1875   3.129473147E+02
      25    1925   2.654376662E+02
      26    1975   2.488878598E+02
      27    2025   2.833315117E+02
      28    2075   2.335708634E+02
      29    2125   2.294114197E+02
      30    2175   2.477559554E+02
      31    2225   2.060981690E+02
      32    2275   5.080221471E+00
      33    2325   8.413369617E+01
      34    2375   2.475603124E+02
      35    2425  -4.684370606E+01
      36    2475   3.370606802E+02
      37    2525   1.335855491E+02
      38    2575  -1.730678713E+02
      39    2625   4.399178568E+02
      40    2675  -3.944239042E+01
      41    2725   2.851431671E+02
      42    2775   7.071065615E+02
