       0     675   1.778456631E+03
       1     725   2.046496501E+03
       2     775   2.490488821E+03
       3     825   2.569334966E+03
       4     875   2.196187346E+03
       5     925   1.700066391E+03
       6     975   1.214245643E+03
       7    1025   1.091844912E+03
       8    1075   1.216664619E+03
       9    1125   1.289743108E+03
      10    1175   1.187663470E+03
      11    1225   1.000541324E+03
      12    1275   7.732714588E+02
      13    1325   7.781440719E+02
      14    1375   8.034002792E+02
      15    1425   8.341345974E+02
      16    1475   7.988568533E+02
      17    1525   6.607865419E+02
      18    1575   5.022756888E+02
      19    1625   4.328886397E+02
      20    1675   4.111580804E+02
      21    1725   4.199161534E+02
      22    1775   4.302179081E+02
      23    1825   3.718319168E+02
      24    1875   3.104220745E+02
      25    1925   2.757612678E+02
      26    1975   2.833785333E+02
      27    2025   2.537860028E+02
      28    2075   2.859485608E+02
      29    2125   2.074610620E+02
      30    2175   2.196494189E+02
      31    2225   1.041728867E+02
      32    2275   2.597111741E+02
      33    2325   6.915763393E+01
      34    2375   2.442506591E+02
      35    2425   1.423743056E+02
      36    2475   9.942624982E+01
      37    2525   1.076412384E+01
      38    2575   4.894212848E+01
      39    2625  -7.440564025E+01
      40    2675   2.436901278E+02
      41    2725   5.186768709E+02
      42    2775   1.383886014E+03
