       0     675   1.862756708E+03
       1     725   2.013355324E+03
       2     775   2.575694351E+03
       3     825   2.580187751E+03
       4     875   2.244656342E+03
       5     925   1.746898724E+03
       6     975   1.195673936E+03
       7    1025   1.057692360E+03
       8    1075   1.207033605E+03
       9    1125   1.286461607E+03
      10    1175   1.194069418E+03
      11    1225   9.843195352E+02
      12    1275   8.223324521E+02
      13    1325   7.195257747E+02
      14    1375   8.172621771E+02
      15    1425   8.137511066E+02
      16    1475   7.965060657E+02
      17    1525   6.757322391E+02
      18    1575   5.182748744E+02
      19    1625   4.209556268E+02
      20    1675   4.228816279E+02
      21    1725   4.549039724E+02
      22    1775   4.115012281E+02
      23    1825   3.978716965E+02
      24    1875   2.849707000E+02
      25    1925   3.077053261E+02
      26    1975   2.569391402E+02
      27    2025   2.663531964E+02
      28    2075   3.354043181E+02
      29    2125   1.481789215E+02
      30    2175   3.684591668E+02
      31    2225   1.649294467E+02
      32    2275   1.026650481E+01
      33    2325   1.970932460E+02
      34    2375   6.991413893E+01
      35    2425   1.506015418E+02
      36    2475   3.245661973E+01
      37    2525   1.947117002E+02
      38    2575   3.325141545E+02
      39    2625   1.047910607E+02
      40    2675   3.867738112E+01
      41    2725   7.986822634E+02
      42    2775  -1.007527441E+03
