       0     675   1.864344511E+03
       1     725   1.977321864E+03
       2     775   2.412600465E+03
       3     825   2.703656863E+03
       4     875   2.213475721E+03
       5     925   1.655052668E+03
       6     975   1.221477933E+03
       7    1025   1.094893073E+03
       8    1075   1.216350144E+03
       9    1125   1.296542963E+03
      10    1175   1.236204718E+03
      11    1225   1.000292203E+03
      12    1275   7.970560371E+02
      13    1325   7.401665283E+02
      14    1375   8.172839235E+02
      15    1425   8.422562563E+02
      16    1475   7.745281221E+02
      17    1525   6.511044797E+02
      18    1575   4.970471825E+02
      19    1625   4.344262889E+02
      20    1675   4.068356367E+02
      21    1725   4.271900751E+02
      22    1775   4.210093324E+02
      23    1825   3.584952721E+02
      24    1875   3.232684425E+02
      25    1925   2.940145375E+02
      26    1975   2.709748149E+02
      27    2025   2.302995159E+02
      28    2075   2.959272728E+02
      29    2125   2.537978968E+02
      30    2175   1.928033788E+02
      31    2225   2.206679915E+02
      32    2275   1.785027218E+02
      33    2325   1.460959486E+02
      34    2375   1.659900233E+02
      35    2425   9.660513197E+01
      36    2475   3.356643129E+02
      37    2525   3.318044330E+02
      38    2575   4.022622028E+02
      39    2625   5.064060452E+02
      40    2675   1.124405374E+02
      41    2725  -4.171972417E+02
      42    2775  -1.611506508E+03
