       0     675   1.820481468E+03
       1     725   2.012457308E+03
       2     775   2.518394639E+03
       3     825   2.498940106E+03
       4     875   2.255358358E+03
       5     925   1.661778211E+03
       6     975   1.233819655E+03
       7    1025   1.040744337E+03
       8    1075   1.149758549E+03
       9    1125   1.302013537E+03
      10    1175   1.224719260E+03
      11    1225   9.672859819E+02
      12    1275   7.854393948E+02
      13    1325   7.418231270E+02
      14    1375   8.304604141E+02
      15    1425   8.382705198E+02
      16    1475   7.986620789E+02
      17    1525   6.376823113E+02
      18    1575   5.086756362E+02
      19    1625   4.325936136E+02
      20    1675   4.360935918E+02
      21    1725   4.526627147E+02
      22    1775   4.424120526E+02
      23    1825   3.527798798E+02
      24    1875   3.434956913E+02
      25    1925   2.724319654E+02
      26    1975   2.624060606E+02
      27    2025   2.880581916E+02
      28    2075   2.426823763E+02
      29    2125   3.139309286E+02
      30    2175   2.140711372E+02
      31    2225   1.245060483E+02
      32    2275   2.927241077E+02
      33    2325   1.606633356E+02
      34    2375   7.816016776E+01
      35    2425   2.902942848E+02
      36    2475   5.808707378E+01
      37    2525   3.636276755E+01
      38    2575   9.067746742E+01
      39    2625   6.157281605E+02
      40    2675  -2.622276192E+02
      41    2725  -7.899380916E+00
      42    2775  -9.047396210E+02
