       0     675   1.884372962E+03
       1     725   2.035238804E+03
       2     775   2.538475064E+03
       3     825   2.670690585E+03
       4     875   2.169944397E+03
       5     925   1.647139819E+03
       6     975   1.235618265E+03
       7    1025   1.113678838E+03
       8    1075   1.239921674E+03
       9    1125   1.250167145E+03
      10    1175   1.243064972E+03
      11    1225   9.707184182E+02
      12    1275   8.125699845E+02
      13    1325   7.230597470E+02
      14    1375   8.155293383E+02
      15    1425   8.595273444E+02
      16    1475   7.722902540E+02
      17    1525   6.630973488E+02
      18    1575   5.064106398E+02
      19    1625   4.405864325E+02
      20    1675   4.272408280E+02
      21    1725   4.368401536E+02
      22    1775   4.127980447E+02
      23    1825   3.786434098E+02
      24    1875   3.317529013E+02
      25    1925   2.763385806E+02
      26    1975   2.856693251E+02
      27    2025   2.869152449E+02
      28    2075   2.825838004E+02
      29    2125   1.959048988E+02
      30    2175   2.557578019E+02
      31    2225   1.933519477E+02
      32    2275   2.207768137E+02
      33    2325   1.746234357E+02
      34    2375   7.201837539E+01
      35    2425   1.063624574E+02
      36    2475  -1.710663974E+02
      37    2525   4.688613697E+02
      38    2575  -3.946839200E+02
      39    2625   1.118491941E+03
      40    2675  -1.456923894E+02
      41    2725  -6.191926911E+00
      42    2775   4.001839807E+02
