       0     675   1.776039472E+03
       1     725   2.077075299E+03
       2     775   2.392079501E+03
       3     825   2.592750876E+03
       4     875   2.236575731E+03
       5     925   1.698794392E+03
       6     975   1.188640054E+03
       7    1025   1.087205902E+03
       8    1075   1.173519025E+03
       9    1125   1.292987461E+03
      10    1175   1.226359118E+03
      11    1225   9.966889535E+02
      12    1275   7.730341720E+02
      13    1325   7.861327123E+02
      14    1375   8.147217241E+02
      15    1425   8.720092583E+02
      16    1475   7.767130599E+02
      17    1525   6.354776828E+02
      18    1575   4.996515008E+02
      19    1625   4.393619974E+02
      20    1675   4.172228286E+02
      21    1725   4.262423967E+02
      22    1775   4.337110354E+02
      23    1825   3.714586883E+02
      24    1875   3.144632583E+02
      25    1925   2.464455486E+02
      26    1975   2.836747866E+02
      27    2025   2.677542739E+02
      28    2075   2.678619529E+02
      29    2125   1.529266000E+02
      30    2175   1.674950852E+02
      31    2225   2.165781562E+02
      32    2275   2.350093834E+02
      33    2325   6.315368044E+01
      34    2375   1.731086450E+02
      35    2425   4.441046869E+01
      36    2475   2.369242664E+02
      37    2525  -8.743030934E+01
      38    2575  -1.545601149E+02
      39    2625  -2.155680118E+02
      40    2675   5.066611826E+02
      41    2725   2.350648398E+02
      42    2775   1.821907461E+03
