       0     675   1.811028104E+03
       1     725   1.971779469E+03
       2     775   2.451271736E+03
       3     825   2.575771982E+03
       4     875   2.239774956E+03
       5     925   1.651178618E+03
       6     975   1.226949748E+03
       7    1025   1.119815961E+03
       8    1075   1.177134580E+03
       9    1125   1.231865875E+03
      10    1175   1.193522896E+03
      11    1225   9.602477274E+02
      12    1275   8.245057630E+02
      13    1325   7.598607305E+02
      14    1375   7.920648679E+02
      15    1425   8.538354753E+02
      16    1475   7.549393657E+02
      17    1525   6.632860261E+02
      18    1575   4.925991172E+02
      19    1625   4.482125286E+02
      20    1675   4.222737529E+02
      21    1725   4.193152436E+02
      22    1775   4.398399315E+02
      23    1825   3.945015625E+02
      24    1875   3.326020054E+02
      25    1925   2.769122593E+02
      26    1975   2.554576525E+02
      27    2025   2.812195171E+02
      28    2075   2.072396358E+02
      29    2125   2.777637122E+02
      30    2175   9.180027925E+01
      31    2225   1.752112115E+02
      32    2275   1.977779384E+02
      33    2325   1.406004971E+02
      34    2375   1.425648361E+02
      35    2425   4.773899108E+01
      36    2475  -4.375655844E+01
      37    2525  -1.167735418E+02
      38    2575   3.345594085E+02
      39    2625  -2.568735348E+02
      40    2675   3.988254495E+02
      41    2725   2.528526285E+02
      42    2775  -9.446656286E+01
