       0     675   1.672375075E+03
       1     725   2.119328833E+03
       2     775   2.469215867E+03
       3     825   2.547551786E+03
       4     875   2.288076311E+03
       5     925   1.680099053E+03
       6     975   1.204017471E+03
       7    1025   1.070227055E+03
       8    1075   1.239753412E+03
       9    1125   1.252772480E+03
      10    1175   1.157749941E+03
      11    1225   9.783709688E+02
      12    1275   8.256654701E+02
      13    1325   7.466081175E+02
      14    1375   8.021335811E+02
      15    1425   8.075224257E+02
      16    1475   8.009314764E+02
      17    1525   6.714760370E+02
      18    1575   5.002376589E+02
      19    1625   4.425432777E+02
      20    1675   4.159698563E+02
      21    1725   4.151827073E+02
      22    1775   4.277103279E+02
      23    1825   3.796520578E+02
      24    1875   2.944117507E+02
      25    1925   3.184149233E+02
      26    1975   2.812309414E+02
      27    2025   2.722826850E+02
      28    2075   2.957974995E+02
      29    2125   3.037725807E+02
      30    2175   1.358870112E+02
      31    2225   1.042381184E+02
      32    2275   2.003323999E+02
      33    2325   2.730005291E+01
      34    2375   4.313524201E+01
      35    2425   5.822510565E+01
      36    2475   2.174264460E+02
      37    2525  -2.852761836E+02
      38    2575   4.447763581E+02
      39    2625  -3.137688550E+02
      40    2675   1.422136350E+02
      41    2725   1.246101671E+03
      42    2775  -3.667225398E+02
