       0     675   1.961545853E+03
       1     725   2.021990519E+03
       2     775   2.534972176E+03
       3     825   2.538361438E+03
       4     875   2.272944746E+03
       5     925   1.678365528E+03
       6     975   1.229113309E+03
       7    1025   1.099928704E+03
       8    1075   1.188448353E+03
       9    1125   1.296861642E+03
      10    1175   1.225683147E+03
      11    1225   9.623385570E+02
      12    1275   7.996920897E+02
      13    1325   7.260568394E+02
      14    1375   8.091140572E+02
      15    1425   8.433190678E+02
      16    1475   7.853558434E+02
      17    1525   6.367114693E+02
      18    1575   5.106407615E+02
      19    1625   4.232072064E+02
      20    1675   4.193815620E+02
      21    1725   4.350339966E+02
      22    1775   4.222097411E+02
      23    1825   3.712188223E+02
      24    1875   3.269604590E+02
      25    1925   2.828684495E+02
      26    1975   2.662519783E+02
      27    2025   2.371435149E+02
      28    2075   2.383384502E+02
      29    2125   2.514909826E+02
      30    2175   2.740409993E+02
      31    2225   1.592339751E+02
      32    2275   1.769619800E+02
      33    2325   3.916076447E+01
      34    2375   3.168052842E+02
      35    2425  -1.173958011E+01
      36    2475  -8.585360064E+01
      37    2525   3.469579779E+00
      38    2575   2.215545459E+01
      39    2625  -2.969791935E+02
      40    2675   9.847168659E+02
      41    2725   3.926679470E+02
      42    2775   1.352043568E+03
