       0     675   1.823371971E+03
       1     725   2.007494365E+03
       2     775   2.415809846E+03
       3     825   2.522704256E+03
       4     875   2.318544632E+03
       5     925   1.601491916E+03
       6     975   1.201909792E+03
       7    1025   1.112958719E+03
       8    1075   1.135240014E+03
       9    1125   1.357033621E+03
      10    1175   1.217131994E+03
      11    1225   9.772347463E+02
      12    1275   7.835337696E+02
      13    1325   7.608277697E+02
      14    1375   7.957084926E+02
      15    1425   8.755094084E+02
      16    1475   7.858895392E+02
      17    1525   6.311489639E+02
      18    1575   5.063573664E+02
      19    1625   4.445937218E+02
      20    1675   4.106528550E+02
      21    1725   4.185855162E+02
      22    1775   4.189069757E+02
      23    1825   3.647600852E+02
      24    1875   3.167833778E+02
      25    1925   2.476194076E+02
      26    1975   2.845872530E+02
      27    2025   2.381344398E+02
      28    2075   2.984054534E+02
      29    2125   2.412442784E+02
      30    2175   1.699760634E+02
      31    2225   1.438549804E+02
      32    2275   3.085447223E+02
      33    2325   1.997346749E+02
      34    2375   1.707971812E+02
      35    2425   2.635909786E+02
      36    2475   8.295184435E+01
      37    2525   4.733787478E+02
      38    2575  -2.132534390E+02
      39    2625   1.364647464E+02
      40    2675  -7.135929258E+02
      41    2725   1.236413366E+03
      42    2775   3.389111622E+02
