       0     675   1.782444853E+03
       1     725   2.091790521E+03
       2     775   2.365596609E+03
       3     825   2.525300213E+03
       4     875   2.321513580E+03
       5     925   1.662989186E+03
       6     975   1.235233841E+03
       7    1025   1.101351186E+03
       8    1075   1.177101419E+03
       9    1125   1.261771016E+03
      10    1175   1.212917727E+03
      11    1225   9.891348291E+02
      12    1275   8.066672102E+02
      13    1325   7.591247441E+02
      14    1375   8.209063172E+02
      15    1425   8.772195702E+02
      16    1475   7.794502889E+02
      17    1525   6.355271399E+02
      18    1575   5.033517187E+02
      19    1625   4.347833662E+02
      20    1675   4.365804742E+02
      21    1725   4.278181763E+02
      22    1775   4.171236488E+02
      23    1825   3.893335463E+02
      24    1875   2.947013864E+02
      25    1925   2.853260427E+02
      26    1975   2.774584729E+02
      27    2025   2.647661762E+02
      28    2075   2.611218789E+02
      29    2125   2.103396917E+02
      30    2175   2.013290233E+02
      31    2225   2.265537614E+02
      32    2275   2.116050741E+02
      33    2325   1.057021459E+02
      34    2375   1.337064034E+02
      35    2425   2.312652263E+02
      36    2475   1.355722710E+01
      37    2525   1.924691406E+02
      38    2575   4.285921140E+02
      39    2625  -6.534360706E+02
      40    2675  -1.067429203E+02
      41    2725   2.105247653E+03
      42    2775  -1.629560752E+03
