       0     675   1.837711026E+03
       1     725   2.065269506E+03
       2     775   2.312847179E+03
       3     825   2.587470222E+03
       4     875   2.270610658E+03
       5     925   1.678690529E+03
       6     975   1.202770196E+03
       7    1025   1.070671562E+03
       8    1075   1.210334820E+03
       9    1125   1.314641926E+03
      10    1175   1.225617309E+03
      11    1225   9.776888452E+02
      12    1275   7.620997613E+02
      13    1325   8.061742217E+02
      14    1375   8.172015230E+02
      15    1425   8.514593392E+02
      16    1475   8.135077762E+02
      17    1525   6.398132717E+02
      18    1575   5.057410263E+02
      19    1625   4.226874426E+02
      20    1675   4.462519990E+02
      21    1725   4.442132477E+02
      22    1775   4.431164393E+02
      23    1825   3.763867333E+02
      24    1875   3.026805976E+02
      25    1925   2.595702729E+02
      26    1975   2.529920073E+02
      27    2025   3.233652427E+02
      28    2075   2.424339548E+02
      29    2125   2.294413983E+02
      30    2175   2.146059130E+02
      31    2225   2.211229851E+02
      32    2275   2.000297373E+02
      33    2325   5.633139634E+01
      34    2375   8.954654132E+01
      35    2425  -3.451465526E+01
      36    2475  -1.806021280E+01
      37    2525   1.245090687E+02
      38    2575  -2.298908131E+02
      39    2625  -3.606365461E+02
      40    2675  -3.556417231E+02
      41    2725   3.734893090E+02
      42    2775   6.051178972E+02
