       0     675   1.799463716E+03
       1     725   2.074931916E+03
       2     775   2.432127030E+03
       3     825   2.580700661E+03
       4     875   2.249046998E+03
       5     925   1.653776204E+03
       6     975   1.217916199E+03
       7    1025   1.098892925E+03
       8    1075   1.139299077E+03
       9    1125   1.318398667E+03
      10    1175   1.171429635E+03
      11    1225   9.884333237E+02
      12    1275   7.810300872E+02
      13    1325   7.627584615E+02
      14    1375   8.112879999E+02
      15    1425   8.378653576E+02
      16    1475   7.930358263E+02
      17    1525   6.499322616E+02
      18    1575   4.988325580E+02
      19    1625   4.401270990E+02
      20    1675   4.198609853E+02
      21    1725   4.378964277E+02
      22    1775   4.049280143E+02
      23    1825   3.626431495E+02
      24    1875   3.190429025E+02
      25    1925   2.651291923E+02
      26    1975   2.293457654E+02
      27    2025   2.823826839E+02
      28    2075   3.183361256E+02
      29    2125   2.180823284E+02
      30    2175   1.946900558E+02
      31    2225   8.949367174E+01
      32    2275   1.567469530E+02
      33    2325   2.013272148E+01
      34    2375   4.803346324E+02
      35    2425   3.981469723E+01
      36    2475   3.249142106E+02
      37    2525  -2.735335373E+02
      38    2575   3.722000084E+02
      39    2625   1.824189464E+02
      40    2675   2.136000995E+02
      41    2725  -1.956491162E+02
      42    2775  -4.413472039E+01
