       0     675   1.803099566E+03
       1     725   2.048414168E+03
       2     775   2.410258375E+03
       3     825   2.582621013E+03
       4     875   2.152554167E+03
       5     925   1.617614590E+03
       6     975   1.199397161E+03
       7    1025   1.093527335E+03
       8    1075   1.220851417E+03
       9    1125   1.308347762E+03
      10    1175   1.216329716E+03
      11    1225   9.700030608E+02
      12    1275   7.994642752E+02
      13    1325   7.509360706E+02
      14    1375   7.552079805E+02
      15    1425   8.681248617E+02
      16    1475   7.902413520E+02
      17    1525   6.442802936E+02
      18    1575   5.041869903E+02
      19    1625   4.214312499E+02
      20    1675   4.232959959E+02
      21    1725   4.279106148E+02
      22    1775   4.243642185E+02
      23    1825   3.806584137E+02
      24    1875   2.950570574E+02
      25    1925   2.734210192E+02
      26    1975   2.312582781E+02
      27    2025   2.597759198E+02
      28    2075   2.975672927E+02
      29    2125   2.011307034E+02
      30    2175   1.983418917E+02
      31    2225   2.508716949E+02
      32    2275   1.648101543E+02
      33    2325   3.511806430E+02
      34    2375   5.306885730E+01
      35    2425   2.845755531E+01
      36    2475   3.750642707E+01
      37    2525   8.561160113E+01
      38    2575   1.183379195E+02
      39    2625  -3.984735114E+02
      40    2675  -3.023403208E+02
      41    2725   2.517463459E+02
      42    2775  -6.997929020E+02
