       0     675   1.833715877E+03
       1     725   2.061510858E+03
       2     775   2.415123154E+03
       3     825   2.653625637E+03
       4     875   2.153803441E+03
       5     925   1.661719096E+03
       6     975   1.128129659E+03
       7    1025   1.101240437E+03
       8    1075   1.178722519E+03
       9    1125   1.302682032E+03
      10    1175   1.186100065E+03
      11    1225   9.863298499E+02
      12    1275   7.975743454E+02
      13    1325   7.690253362E+02
      14    1375   7.956187818E+02
      15    1425   8.539242029E+02
      16    1475   8.160988381E+02
      17    1525   6.696409888E+02
      18    1575   5.105277284E+02
      19    1625   4.337335054E+02
      20    1675   4.252029581E+02
      21    1725   4.296918460E+02
      22    1775   4.257744915E+02
      23    1825   3.736555648E+02
      24    1875   3.231686913E+02
      25    1925   2.846408807E+02
      26    1975   2.997992214E+02
      27    2025   2.648810695E+02
      28    2075   2.883092689E+02
      29    2125   2.086677123E+02
      30    2175   1.933258062E+02
      31    2225   1.488192504E+02
      32    2275   9.814168434E+01
      33    2325   2.644060663E+02
      34    2375   1.839439573E+02
      35    2425   1.661579289E+02
      36    2475   9.113296511E+01
      37    2525   1.834510055E+02
      38    2575  -4.364078887E+00
      39    2625   3.217731809E+02
      40    2675  -4.419162837E+02
      41    2725   1.384140949E+03
      42    2775  -5.004334736E+00
