       0     675   1.962323916E+03
       1     725   2.047184086E+03
       2     775   2.381859292E+03
       3     825   2.524368091E+03
       4     875   2.276425445E+03
       5     925   1.691399385E+03
       6     975   1.247358384E+03
       7    1025   1.128905445E+03
       8    1075   1.169792180E+03
       9    1125   1.301541531E+03
      10    1175   1.234450032E+03
      11    1225   9.822141586E+02
      12    1275   8.016883965E+02
      13    1325   7.625849115E+02
      14    1375   8.084164203E+02
      15    1425   8.378781445E+02
      16    1475   7.669154683E+02
      17    1525   6.529115612E+02
      18    1575   5.034332332E+02
      19    1625   4.330841833E+02
      20    1675   4.172435177E+02
      21    1725   4.338498933E+02
      22    1775   4.249082567E+02
      23    1825   3.877320037E+02
      24    1875   3.338631224E+02
      25    1925   2.608861191E+02
      26    1975   2.785904746E+02
      27    2025   2.876797895E+02
      28    2075   2.724827693E+02
      29    2125   2.573763073E+02
      30    2175   2.006345709E+02
      31    2225   1.480884086E+02
      32    2275   1.712398034E+02
      33    2325   1.142767593E+02
      34    2375   1.429561859E+02
      35    2425   2.086486031E+02
      36    2475   2.606811749E+02
      37    2525  -5.898311644E+01
      38    2575   1.988144574E+01
      39    2625  -2.871295954E+02
      40    2675   7.740348666E+02
      41    2725   6.772607919E+02
      42    2775   2.798786374E+02
