       0     675   1.942514002E+03
       1     725   2.027423797E+03
       2     775   2.576478802E+03
       3     825   2.551576771E+03
       4     875   2.222377244E+03
       5     925   1.675621448E+03
       6     975   1.229923083E+03
       7    1025   1.077189440E+03
       8    1075   1.199743957E+03
       9    1125   1.280872949E+03
      10    1175   1.194274967E+03
      11    1225   9.787841970E+02
      12    1275   7.767891820E+02
      13    1325   7.361349735E+02
      14    1375   8.042734969E+02
      15    1425   8.442440806E+02
      16    1475   7.774525218E+02
      17    1525   6.398541043E+02
      18    1575   5.128659882E+02
      19    1625   4.390412048E+02
      20    1675   4.230295986E+02
      21    1725   4.382484533E+02
      22    1775   4.111689139E+02
      23    1825   3.680066829E+02
      24    1875   2.993396620E+02
      25    1925   2.836696887E+02
      26    1975   2.686081270E+02
      27    2025   3.305534495E+02
      28    2075   2.524755192E+02
      29    2125   2.071330561E+02
      30    2175   2.427705150E+02
      31    2225   2.222416500E+02
      32    2275   2.034852999E+02
      33    2325   7.373864167E+01
      34    2375   1.549565939E+02
      35    2425   2.605156521E+02
      36    2475  -1.923208149E+02
      37    2525   1.412833650E+02
      38    2575   3.695013152E+02
      39    2625  -1.588308715E+02
      40    2675  -4.773561905E+01
      41    2725  -3.702603676E+02
      42    2775  -1.152896073E+02
