       0     675   1.889377240E+03
       1     725   2.068940950E+03
       2     775   2.482739015E+03
       3     825   2.660002957E+03
       4     875   2.234224504E+03
       5     925   1.678417623E+03
       6     975   1.223584960E+03
       7    1025   1.105722852E+03
       8    1075   1.194756731E+03
       9    1125   1.281428582E+03
      10    1175   1.179202250E+03
      11    1225   1.012742637E+03
      12    1275   7.867974087E+02
      13    1325   7.691617436E+02
      14    1375   8.138711837E+02
      15    1425   8.789528026E+02
      16    1475   7.438399228E+02
      17    1525   6.599167471E+02
      18    1575   5.056038172E+02
      19    1625   4.360482375E+02
      20    1675   4.297821643E+02
      21    1725   4.312473369E+02
      22    1775   4.208386076E+02
      23    1825   3.694148391E+02
      24    1875   3.077894254E+02
      25    1925   2.259019836E+02
      26    1975   2.666115926E+02
      27    2025   2.871083176E+02
      28    2075   2.077401048E+02
      29    2125   2.511144545E+02
      30    2175   2.025225292E+02
      31    2225   1.138101986E+02
      32    2275   9.303852382E+01
      33    2325   1.912029799E+02
      34    2375   1.438719721E+02
      35    2425   2.315691929E+02
      36    2475   1.141965309E+02
      37    2525  -1.441203218E+02
      38    2575   3.339491494E+02
      39    2625   4.184030185E+02
      40    2675  -5.249290829E+02
      41    2725  -3.000463783E+02
      42    2775  -1.719893120E+03
