       0     675   1.874741150E+03
       1     725   2.026097921E+03
       2     775   2.443794866E+03
       3     825   2.594816045E+03
       4     875   2.258630571E+03
       5     925   1.665868141E+03
       6     975   1.230898314E+03
       7    1025   1.085912295E+03
       8    1075   1.216707119E+03
       9    1125   1.304503390E+03
      10    1175   1.154722784E+03
      11    1225   9.675497647E+02
      12    1275   8.059652381E+02
      13    1325   7.588888316E+02
      14    1375   8.024945430E+02
      15    1425   8.735755394E+02
      16    1475   8.051595350E+02
      17    1525   6.495161089E+02
      18    1575   4.925767421E+02
      19    1625   4.626228248E+02
      20    1675   4.096719905E+02
      21    1725   4.285161581E+02
      22    1775   4.209497616E+02
      23    1825   3.492970744E+02
      24    1875   3.009276651E+02
      25    1925   3.020567490E+02
      26    1975   2.571669266E+02
      27    2025   2.410748028E+02
      28    2075   2.500370133E+02
      29    2125   2.067022888E+02
      30    2175   2.086494371E+02
      31    2225   2.936359491E+02
      32    2275   1.546392113E+00
      33    2325   1.741952549E+02
      34    2375   2.961938404E+01
      35    2425  -2.816034394E+01
      36    2475   1.950800457E+02
      37    2525   1.224400904E+02
      38    2575  -1.509551482E+02
      39    2625   5.410611839E+02
      40    2675   9.091050084E+02
      41    2725   8.221045909E+02
      42    2775   1.069641676E+03
