       0     675   1.866052159E+03
       1     725   2.104664884E+03
       2     775   2.513053751E+03
       3     825   2.500415035E+03
       4     875   2.272489981E+03
       5     925   1.685828292E+03
       6     975   1.177964169E+03
       7    1025   1.067067102E+03
       8    1075   1.160015770E+03
       9    1125   1.335004485E+03
      10    1175   1.172989918E+03
      11    1225   1.016934559E+03
      12    1275   8.016749345E+02
      13    1325   7.444765355E+02
      14    1375   8.360497275E+02
      15    1425   8.363296402E+02
      16    1475   8.042862662E+02
      17    1525   6.579673861E+02
      18    1575   5.273835945E+02
      19    1625   4.528644462E+02
      20    1675   4.182785680E+02
      21    1725   4.446066922E+02
      22    1775   4.100298414E+02
      23    1825   3.934798362E+02
      24    1875   3.314965162E+02
      25    1925   3.073575801E+02
      26    1975   2.879519170E+02
      27    2025   2.951681736E+02
      28    2075   2.753501310E+02
      29    2125   2.695464716E+02
      30    2175   2.081908276E+02
      31    2225   1.679629441E+02
      32    2275   1.885472841E+02
      33    2325   9.645107284E+01
      34    2375   8.201955080E+01
      35    2425   3.193004129E+02
      36    2475  -2.285440505E+02
      37    2525   2.054577516E+02
      38    2575   9.496623003E+01
      39    2625  -9.250453226E+01
      40    2675   1.173623783E+00
      41    2725   8.584466461E+02
      42    2775   1.710075595E+02
