       0     675   1.889669283E+03
       1     725   2.077272317E+03
       2     775   2.465989184E+03
       3     825   2.599998343E+03
       4     875   2.275276425E+03
       5     925   1.688285589E+03
       6     975   1.262597858E+03
       7    1025   1.065249677E+03
       8    1075   1.157436340E+03
       9    1125   1.302019515E+03
      10    1175   1.185407111E+03
      11    1225   9.716120758E+02
      12    1275   7.700228538E+02
      13    1325   7.772877382E+02
      14    1375   8.215473410E+02
      15    1425   8.396001245E+02
      16    1475   7.761642575E+02
      17    1525   6.338525777E+02
      18    1575   5.236099288E+02
      19    1625   4.114095973E+02
      20    1675   4.389310672E+02
      21    1725   4.260520772E+02
      22    1775   4.253982542E+02
      23    1825   3.655694154E+02
      24    1875   3.056196781E+02
      25    1925   2.543303559E+02
      26    1975   3.158265681E+02
      27    2025   2.453377727E+02
      28    2075   2.723855269E+02
      29    2125   1.853211421E+02
      30    2175   1.892192827E+02
      31    2225   1.927425336E+02
      32    2275   1.297321084E+02
      33    2325   1.032286988E+02
      34    2375   7.453640988E+01
      35    2425   2.959469099E+02
      36    2475   7.542776349E+01
      37    2525  -7.725809997E+01
      38    2575   2.929193928E+02
      39    2625  -4.843059775E+02
      40    2675  -4.112274053E+02
      41    2725   1.412218439E+02
      42    2775  -1.978943892E+03
