       0     675   1.869585649E+03
       1     725   2.051716495E+03
       2     775   2.484162861E+03
       3     825   2.602579946E+03
       4     875   2.237776637E+03
       5     925   1.688058039E+03
       6     975   1.238319050E+03
       7    1025   1.072954191E+03
       8    1075   1.218998320E+03
       9    1125   1.263772809E+03
      10    1175   1.178948573E+03
      11    1225   9.728464531E+02
      12    1275   7.784362304E+02
      13    1325   7.569997082E+02
      14    1375   8.315077138E+02
      15    1425   8.570593087E+02
      16    1475   7.866041451E+02
      17    1525   6.548852328E+02
      18    1575   4.928162347E+02
      19    1625   4.210684650E+02
      20    1675   4.243543225E+02
      21    1725   4.306336587E+02
      22    1775   4.287944469E+02
      23    1825   3.612217360E+02
      24    1875   3.441877989E+02
      25    1925   2.719029682E+02
      26    1975   3.038366524E+02
      27    2025   2.181950196E+02
      28    2075   2.446804491E+02
      29    2125   2.390606007E+02
      30    2175   2.047507817E+02
      31    2225   2.207655465E+02
      32    2275   2.233676028E+02
      33    2325   1.696899227E+02
      34    2375   1.218628352E+02
      35    2425   2.880037781E+02
      36    2475   2.316473650E+02
      37    2525   1.989187654E+02
      38    2575   4.067309563E+02
      39    2625  -2.206328276E+02
      40    2675   5.814773654E+02
      41    2725  -1.284130387E+02
      42    2775   4.053139229E+02
