       0     675   1.785255487E+03
       1     725   2.037268554E+03
       2     775   2.442680363E+03
       3     825   2.494248706E+03
       4     875   2.235920425E+03
       5     925   1.670874940E+03
       6     975   1.248824984E+03
       7    1025   1.084109805E+03
       8    1075   1.203752552E+03
       9    1125   1.292377053E+03
      10    1175   1.207733242E+03
      11    1225   9.364135286E+02
      12    1275   8.200439654E+02
      13    1325   7.492110742E+02
      14    1375   8.112022917E+02
      15    1425   8.325492606E+02
      16    1475   7.867335639E+02
      17    1525   6.613320874E+02
      18    1575   5.286787693E+02
      19    1625   4.309087143E+02
      20    1675   4.197803512E+02
      21    1725   4.151046200E+02
      22    1775   4.298363193E+02
      23    1825   3.513718282E+02
      24    1875   3.059474259E+02
      25    1925   2.952448127E+02
      26    1975   2.835848491E+02
      27    2025   2.918472577E+02
      28    2075   2.321476740E+02
      29    2125   2.370391918E+02
      30    2175   2.191208300E+02
      31    2225   2.209445431E+02
      32    2275   8.621410204E+01
      33    2325   8.334337637E+01
      34    2375   5.880632789E+01
      35    2425   1.544159406E+02
      36    2475  -1.398284210E+01
      37    2525   3.299522965E+02
      38    2575  -5.740784824E+01
      39    2625  -3.758982401E+02
      40    2675   3.251410454E+02
      41    2725   8.185843850E+02
      42    2775  -7.356981494E+02
