       0     675   1.796372978E+03
       1     725   2.135126682E+03
       2     775   2.394293711E+03
       3     825   2.634852445E+03
       4     875   2.281838955E+03
       5     925   1.620486043E+03
       6     975   1.192469692E+03
       7    1025   1.050812790E+03
       8    1075   1.232521557E+03
       9    1125   1.321677352E+03
      10    1175   1.213628398E+03
      11    1225   9.933726801E+02
      12    1275   7.946310160E+02
      13    1325   7.683459315E+02
      14    1375   7.878622451E+02
      15    1425   8.759455645E+02
      16    1475   7.766838664E+02
      17    1525   6.461740198E+02
      18    1575   5.107180329E+02
      19    1625   4.405664775E+02
      20    1675   4.106969927E+02
      21    1725   4.413995689E+02
      22    1775   4.139005145E+02
      23    1825   3.587632240E+02
      24    1875   3.021401010E+02
      25    1925   2.613938626E+02
      26    1975   2.755748480E+02
      27    2025   2.800567908E+02
      28    2075   2.948579682E+02
      29    2125   2.750529948E+02
      30    2175   1.701841522E+02
      31    2225   1.925020366E+02
      32    2275   1.989779444E+02
      33    2325   1.300785600E+02
      34    2375   2.426082037E+02
      35    2425   1.573673324E+02
      36    2475   2.803289991E+02
      37    2525   1.056020876E+02
      38    2575   2.725840703E+02
      39    2625  -5.902969507E+00
      40    2675   6.289129612E+02
      41    2725   9.838225200E+02
      42    2775  -1.399674669E+03
