       0     675   1.823269475E+03
       1     725   2.066375962E+03
       2     775   2.362921631E+03
       3     825   2.624742226E+03
       4     875   2.299497082E+03
       5     925   1.670574040E+03
       6     975   1.159270647E+03
       7    1025   1.066957109E+03
       8    1075   1.220149457E+03
       9    1125   1.300795638E+03
      10    1175   1.232359695E+03
      11    1225   9.733343045E+02
      12    1275   7.949346192E+02
      13    1325   7.546278692E+02
      14    1375   8.090048352E+02
      15    1425   8.455720483E+02
      16    1475   7.886033058E+02
      17    1525   6.689243903E+02
      18    1575   5.090649631E+02
      19    1625   4.071191600E+02
      20    1675   4.219294797E+02
      21    1725   4.387455636E+02
      22    1775   4.425701748E+02
      23    1825   3.686799659E+02
      24    1875   2.941435989E+02
      25    1925   2.940419169E+02
      26    1975   2.615921285E+02
      27    2025   3.284447122E+02
      28    2075   2.479150211E+02
      29    2125   2.239438553E+02
      30    2175   1.738247564E+02
      31    2225   1.713767257E+02
      32    2275   2.622707096E+02
      33    2325   4.674148937E+01
      34    2375   2.386901293E+02
      35    2425  -1.289081566E+02
      36    2475   5.730026805E+01
      37    2525  -1.640463305E+02
      38    2575   3.021808765E+02
      39    2625   2.334494778E+02
      40    2675   3.817348267E+02
      41    2725  -1.956050287E+02
      42    2775  -4.192755288E+02
