       0     675   1.863720285E+03
       1     725   2.020691315E+03
       2     775   2.350757733E+03
       3     825   2.683460704E+03
       4     875   2.332660015E+03
       5     925   1.676726210E+03
       6     975   1.226691955E+03
       7    1025   1.088089581E+03
       8    1075   1.217818952E+03
       9    1125   1.309477884E+03
      10    1175   1.237019899E+03
      11    1225   9.930375004E+02
      12    1275   7.964155158E+02
      13    1325   7.415875198E+02
      14    1375   7.963821910E+02
      15    1425   8.393128091E+02
      16    1475   7.805244379E+02
      17    1525   6.555857336E+02
      18    1575   5.092963689E+02
      19    1625   4.493731825E+02
      20    1675   4.279433137E+02
      21    1725   4.255538868E+02
      22    1775   4.033284739E+02
      23    1825   3.729633759E+02
      24    1875   2.745742390E+02
      25    1925   2.862591646E+02
      26    1975   2.928836444E+02
      27    2025   2.503637841E+02
      28    2075   2.339262638E+02
      29    2125   2.620830249E+02
      30    2175   1.820116568E+02
      31    2225   2.219569903E+02
      32    2275   2.724041698E+02
      33    2325   2.805555579E+02
      34    2375   1.691475955E+02
      35    2425  -2.503163432E+01
      36    2475   9.246810822E+01
      37    2525  -1.334725487E+02
      38    2575   4.229979344E+02
      39    2625   2.850842818E+02
      40    2675  -4.802032931E+01
      41    2725   4.883023260E+02
      42    2775   9.788634966E+02
