       0     675   1.869595374E+03
       1     725   2.054993805E+03
       2     775   2.389992323E+03
       3     825   2.678903586E+03
       4     875   2.263304963E+03
       5     925   1.690231998E+03
       6     975   1.215742406E+03
       7    1025   1.120095628E+03
       8    1075   1.169992445E+03
       9    1125   1.305818708E+03
      10    1175   1.186500971E+03
      11    1225   9.714869332E+02
      12    1275   7.874791134E+02
      13    1325   7.725174323E+02
      14    1375   8.256813124E+02
      15    1425   8.509839449E+02
      16    1475   7.931584187E+02
      17    1525   6.497504036E+02
      18    1575   5.162213123E+02
      19    1625   4.288086082E+02
      20    1675   3.961109744E+02
      21    1725   4.296941823E+02
      22    1775   3.910085323E+02
      23    1825   3.502934458E+02
      24    1875   2.947491156E+02
      25    1925   2.754271409E+02
      26    1975   2.481100547E+02
      27    2025   2.670477724E+02
      28    2075   3.188447821E+02
      29    2125   2.345408025E+02
      30    2175   1.775092929E+02
      31    2225   1.402246322E+02
      32    2275   3.509352318E+02
      33    2325   1.679998030E+02
      34    2375   2.509918497E+02
      35    2425   8.955903630E+01
      36    2475  -9.838042876E+01
      37    2525  -6.868998181E+00
      38    2575  -2.085750185E+01
      39    2625   4.370920966E+02
      40    2675  -1.324481460E+03
      41    2725   4.706601824E+02
      42    2775  -3.818337136E+02
