       0     675   1.843459105E+03
       1     725   2.075945680E+03
       2     775   2.361282744E+03
       3     825   2.638562082E+03
       4     875   2.276205007E+03
       5     925   1.619544182E+03
       6     975   1.196097785E+03
       7    1025   1.138573752E+03
       8    1075   1.175554757E+03
       9    1125   1.299322100E+03
      10    1175   1.158067227E+03
      11    1225   9.524776331E+02
      12    1275   8.055660058E+02
      13    1325   7.339186826E+02
      14    1375   8.282261496E+02
      15    1425   8.353599972E+02
      16    1475   8.110371058E+02
      17    1525   6.370802537E+02
      18    1575   4.892446278E+02
      19    1625   4.475290057E+02
      20    1675   4.352101501E+02
      21    1725   4.383859635E+02
      22    1775   4.176565056E+02
      23    1825   3.863793277E+02
      24    1875   3.066111595E+02
      25    1925   2.810658593E+02
      26    1975   3.304177535E+02
      27    2025   2.449216683E+02
      28    2075   2.679147128E+02
      29    2125   2.597199238E+02
      30    2175   1.065261448E+02
      31    2225   1.485642676E+02
      32    2275   7.686042428E+01
      33    2325   1.796362591E+02
      34    2375   1.522917875E+02
      35    2425   3.083586588E+02
      36    2475   1.716215927E+02
      37    2525   3.126605344E+02
      38    2575  -9.504661446E+01
      39    2625   6.993219169E+00
      40    2675  -2.965911808E+02
      41    2725  -9.453212759E+02
      42    2775  -2.886201650E+02
