       0     675   1.715847551E+03
       1     725   2.089135316E+03
       2     775   2.342831255E+03
       3     825   2.580361465E+03
       4     875   2.179006576E+03
       5     925   1.666502915E+03
       6     975   1.207562422E+03
       7    1025   1.097668929E+03
       8    1075   1.215139695E+03
       9    1125   1.266658633E+03
      10    1175   1.137877331E+03
      11    1225   9.558173116E+02
      12    1275   8.110263875E+02
      13    1325   7.449607102E+02
      14    1375   8.293593456E+02
      15    1425   8.540018501E+02
      16    1475   7.808261373E+02
      17    1525   6.299048809E+02
      18    1575   5.421981586E+02
      19    1625   4.305774080E+02
      20    1675   4.168074367E+02
      21    1725   4.396509021E+02
      22    1775   4.157884034E+02
      23    1825   3.550613152E+02
      24    1875   3.238229600E+02
      25    1925   2.835763508E+02
      26    1975   2.505104360E+02
      27    2025   2.901842662E+02
      28    2075   2.718297511E+02
      29    2125   2.925264641E+02
      30    2175   1.589458314E+02
      31    2225   2.362025825E+02
      32    2275   6.162400272E+01
      33    2325   1.246867256E+02
      34    2375   2.735677573E+02
      35    2425   1.099674633E+02
      36    2475   1.149120492E+02
      37    2525   1.087139022E+01
      38    2575   1.411098717E+02
      39    2625  -4.228407675E+02
      40    2675  -2.379066518E+02
      41    2725   4.799068699E+02
      42    2775   9.229007978E+02
