       0     675   1.864616710E+03
       1     725   2.004324605E+03
       2     775   2.425589575E+03
       3     825   2.512905599E+03
       4     875   2.298052812E+03
       5     925   1.690338528E+03
       6     975   1.225842682E+03
       7    1025   1.041124551E+03
       8    1075   1.127112635E+03
       9    1125   1.266545637E+03
      10    1175   1.257012344E+03
      11    1225   9.889315520E+02
      12    1275   7.994455541E+02
      13    1325   7.711993433E+02
      14    1375   8.285648491E+02
      15    1425   8.309172910E+02
      16    1475   7.969410902E+02
      17    1525   6.725502904E+02
      18    1575   4.991607452E+02
      19    1625   4.505779635E+02
      20    1675   4.292446527E+02
      21    1725   4.296225365E+02
      22    1775   4.510548016E+02
      23    1825   3.626350580E+02
      24    1875   3.289415317E+02
      25    1925   2.579711854E+02
      26    1975   2.679949926E+02
      27    2025   3.099181814E+02
      28    2075   2.881376335E+02
      29    2125   1.946956847E+02
      30    2175   1.845624224E+02
      31    2225   1.796086653E+02
      32    2275   2.370107199E+02
      33    2325   1.808119529E+02
      34    2375   3.136430927E+02
      35    2425   1.338847213E+02
      36    2475   3.030479216E+02
      37    2525   2.768269030E+02
      38    2575  -1.299178884E+02
      39    2625   2.692073478E+02
      40    2675   4.411048982E+02
      41    2725   1.739032791E+01
      42    2775  -2.277511673E+02
