       0     675   1.860115569E+03
       1     725   2.105743938E+03
       2     775   2.414797356E+03
       3     825   2.667080209E+03
       4     875   2.112341020E+03
       5     925   1.720526601E+03
       6     975   1.214906046E+03
       7    1025   1.088654062E+03
       8    1075   1.197696820E+03
       9    1125   1.284904716E+03
      10    1175   1.198932285E+03
      11    1225   1.008744420E+03
      12    1275   7.834218739E+02
      13    1325   7.766358044E+02
      14    1375   8.304617660E+02
      15    1425   8.392983692E+02
      16    1475   7.641043688E+02
      17    1525   6.340716795E+02
      18    1575   5.051977542E+02
      19    1625   3.977944953E+02
      20    1675   4.268631621E+02
      21    1725   4.209172057E+02
      22    1775   4.087173336E+02
      23    1825   3.815472964E+02
      24    1875   2.896777847E+02
      25    1925   2.684919035E+02
      26    1975   2.676648645E+02
      27    2025   2.293414636E+02
      28    2075   2.184883076E+02
      29    2125   2.536985900E+02
      30    2175   1.984518713E+02
      31    2225   1.445777814E+02
      32    2275   3.330631492E+02
      33    2325   1.546741442E+02
      34    2375   2.309209090E+01
      35    2425   2.100298524E+02
      36    2475   2.303056007E+02
      37    2525  -1.547334694E+02
      38    2575   1.978411240E+02
      39    2625  -5.320376300E+02
      40    2675  -8.390678655E+01
      41    2725  -6.125481450E+02
      42    2775   2.011814660E+03
