       0     675   1.827766728E+03
       1     725   1.996640521E+03
       2     775   2.440343334E+03
       3     825   2.611451679E+03
       4     875   2.343994917E+03
       5     925   1.662693192E+03
       6     975   1.250605699E+03
       7    1025   1.097813374E+03
       8    1075   1.189670534E+03
       9    1125   1.297545606E+03
      10    1175   1.198308156E+03
      11    1225   9.891619322E+02
      12    1275   7.702001277E+02
      13    1325   7.513959954E+02
      14    1375   8.182703635E+02
      15    1425   8.412625867E+02
      16    1475   8.100045368E+02
      17    1525   6.808080717E+02
      18    1575   5.029719870E+02
      19    1625   4.176507194E+02
      20    1675   4.273906185E+02
      21    1725   4.413918419E+02
      22    1775   3.964878211E+02
      23    1825   3.354092827E+02
      24    1875   3.098012541E+02
      25    1925   2.791861133E+02
      26    1975   2.602430961E+02
      27    2025   2.271239485E+02
      28    2075   2.418781099E+02
      29    2125   2.028740984E+02
      30    2175   2.448242061E+02
      31    2225   1.494347144E+02
      32    2275   1.081469732E+02
      33    2325   1.613804546E+02
      34    2375   1.599188297E+02
      35    2425   1.415432438E+02
      36    2475   6.545512834E+01
      37    2525   3.734765396E+02
      38    2575   5.930555555E+01
      39    2625   7.512909991E+02
      40    2675   2.357748748E+02
      41    2725   3.478980995E+02
      42    2775   2.590316892E+02
