       0     675   1.852349348E+03
       1     725   1.982895593E+03
       2     775   2.504452948E+03
       3     825   2.568507176E+03
       4     875   2.286398960E+03
       5     925   1.657329301E+03
       6     975   1.229999851E+03
       7    1025   1.028818657E+03
       8    1075   1.235263532E+03
       9    1125   1.258721351E+03
      10    1175   1.167457164E+03
      11    1225   9.579536767E+02
      12    1275   7.915454193E+02
      13    1325   7.550422560E+02
      14    1375   8.056057677E+02
      15    1425   8.487532773E+02
      16    1475   8.294917606E+02
      17    1525   6.665991755E+02
      18    1575   4.967695084E+02
      19    1625   4.357292875E+02
      20    1675   4.287077379E+02
      21    1725   4.290581183E+02
      22    1775   4.519247540E+02
      23    1825   3.565261654E+02
      24    1875   3.302859046E+02
      25    1925   2.718753233E+02
      26    1975   2.693006822E+02
      27    2025   2.767863199E+02
      28    2075   2.658377960E+02
      29    2125   1.470377219E+02
      30    2175   2.162561496E+02
      31    2225   2.888377613E+02
      32    2275   2.805154903E+02
      33    2325   1.697398673E+02
      34    2375   1.310430776E+02
      35    2425   1.463478577E+02
      36    2475   3.128117440E+02
      37    2525   3.402478698E+02
      38    2575   4.437349085E+02
      39    2625   5.896054905E+01
      40    2675   6.252746149E+00
      41    2725  -1.514139189E+03
      42    2775   8.406014504E+02
