       0     675   1.836381476E+03
       1     725   2.106014500E+03
       2     775   2.496304992E+03
       3     825   2.555865124E+03
       4     875   2.179291283E+03
       5     925   1.610541522E+03
       6     975   1.189049708E+03
       7    1025   1.113430816E+03
       8    1075   1.191917476E+03
       9    1125   1.281094451E+03
      10    1175   1.200026528E+03
      11    1225   9.778140508E+02
      12    1275   7.727304267E+02
      13    1325   7.681218176E+02
      14    1375   8.265548502E+02
      15    1425   8.664681373E+02
      16    1475   7.670764857E+02
      17    1525   6.509984588E+02
      18    1575   5.123315200E+02
      19    1625   4.355746932E+02
      20    1675   4.186708550E+02
      21    1725   4.355065072E+02
      22    1775   4.169809152E+02
      23    1825   3.872694036E+02
      24    1875   3.102651038E+02
      25    1925   3.019037960E+02
      26    1975   2.574665888E+02
      27    2025   2.471202190E+02
      28    2075   2.515201880E+02
      29    2125   2.334745870E+02
      30    2175   2.539731769E+02
      31    2225   2.256275948E+02
      32    2275   1.823374016E+02
      33    2325   1.192974522E+02
      34    2375   3.410384332E+02
      35    2425  -3.742316922E+00
      36    2475   3.747171568E+02
      37    2525   1.253630216E+02
      38    2575   3.124792470E+02
      39    2625   2.280665112E+02
      40    2675  -1.088178547E+02
      41    2725   8.976027312E+00
      42    2775  -3.100460349E+01
