       0     675   1.827826259E+03
       1     725   2.010249223E+03
       2     775   2.415539477E+03
       3     825   2.607713298E+03
       4     875   2.175509227E+03
       5     925   1.622022866E+03
       6     975   1.185027650E+03
       7    1025   1.052457737E+03
       8    1075   1.150049290E+03
       9    1125   1.259248534E+03
      10    1175   1.143126491E+03
      11    1225   9.592293241E+02
      12    1275   7.641183585E+02
      13    1325   7.483680328E+02
      14    1375   7.566673550E+02
      15    1425   8.214055863E+02
      16    1475   7.700939882E+02
      17    1525   6.329582636E+02
      18    1575   5.107718180E+02
      19    1625   4.028495621E+02
      20    1675   4.181625816E+02
      21    1725   4.267425731E+02
      22    1775   3.994935382E+02
      23    1825   3.534907026E+02
      24    1875   2.892340465E+02
      25    1925   2.491793401E+02
      26    1975   2.477307500E+02
      27    2025   2.516297431E+02
      28    2075   2.372744130E+02
      29    2125   2.121009837E+02
      30    2175   1.746395995E+02
      31    2225   1.523240444E+02
      32    2275   1.353565941E+02
      33    2325   1.363192738E+02
      34    2375   1.294764651E+02
      35    2425   1.222318991E+02
      36    2475   1.058469296E+02
      37    2525   9.512876099E+01
      38    2575   9.057963332E+01
      39    2625   8.814242534E+01
      40    2675   8.801816416E+01
      41    2725   7.702237253E+01
      42    2775   7.256897917E+01
      43    2825   6.611275156E+01
      44    2875   6.118602151E+01
      45    2925   6.149447618E+01
      46    2975   6.142807390E+01
