       0     675   1.813287156E+03
       1     725   1.909280063E+03
       2     775   2.369217715E+03
       3     825   2.479893424E+03
       4     875   2.064047181E+03
       5     925   1.638708355E+03
       6     975   1.185333376E+03
       7    1025   1.032312581E+03
       8    1075   1.131719379E+03
       9    1125   1.263575648E+03
      10    1175   1.189890381E+03
      11    1225   9.491097430E+02
      12    1275   7.442046905E+02
      13    1325   7.112585182E+02
      14    1375   7.882009351E+02
      15    1425   8.659763460E+02
      16    1475   7.593045859E+02
      17    1525   6.171410381E+02
      18    1575   4.936533675E+02
      19    1625   4.131272138E+02
      20    1675   3.874094720E+02
      21    1725   4.185855995E+02
      22    1775   3.882166721E+02
      23    1825   3.470990574E+02
      24    1875   2.852849431E+02
      25    1925   2.560602598E+02
      26    1975   2.522545264E+02
      27    2025   2.460100077E+02
      28    2075   2.435021044E+02
      29    2125   2.092628839E+02
      30    2175   1.732700546E+02
      31    2225   1.482587516E+02
      32    2275   1.350357669E+02
      33    2325   1.344401719E+02
      34    2375   1.333580289E+02
      35    2425   1.213160722E+02
      36    2475   1.063224963E+02
      37    2525   1.021470882E+02
      38    2575   8.848917904E+01
      39    2625   8.389985785E+01
      40    2675   8.614830923E+01
      41    2725   8.459193299E+01
      42    2775   7.524711247E+01
      43    2825   7.157216752E+01
      44    2875   5.833255549E+01
      45    2925   6.349813387E+01
      46    2975   5.884902956E+01
