       0     675   1.721528126E+03
       1     725   2.005871192E+03
       2     775   2.334380930E+03
       3     825   2.548521841E+03
       4     875   2.274633580E+03
       5     925   1.629005733E+03
       6     975   1.215042696E+03
       7    1025   1.007292705E+03
       8    1075   1.256773577E+03
       9    1125   1.245805430E+03
      10    1175   1.162835810E+03
      11    1225   9.754758448E+02
      12    1275   7.497903759E+02
      13    1325   7.451388082E+02
      14    1375   7.993000455E+02
      15    1425   8.350969107E+02
      16    1475   7.782075266E+02
      17    1525   6.247829318E+02
      18    1575   4.652163141E+02
      19    1625   4.059520313E+02
      20    1675   4.117516582E+02
      21    1725   4.173113718E+02
      22    1775   4.005670290E+02
      23    1825   3.572380404E+02
      24    1875   2.925191701E+02
      25    1925   2.535550128E+02
      26    1975   2.518676814E+02
      27    2025   2.465685982E+02
      28    2075   2.410480023E+02
      29    2125   2.090474386E+02
      30    2175   1.775181888E+02
      31    2225   1.527976715E+02
      32    2275   1.391154680E+02
      33    2325   1.389320548E+02
      34    2375   1.300317218E+02
      35    2425   1.199820019E+02
      36    2475   1.106947071E+02
      37    2525   9.816368044E+01
      38    2575   9.017530550E+01
      39    2625   8.938514799E+01
      40    2675   8.905483739E+01
      41    2725   8.003502620E+01
      42    2775   7.710088028E+01
      43    2825   6.449427098E+01
      44    2875   6.316780449E+01
      45    2925   6.085207623E+01
      46    2975   6.323029471E+01
