       0     675   1.784192020E+03
       1     725   2.048628499E+03
       2     775   2.330598451E+03
       3     825   2.640208871E+03
       4     875   2.186813047E+03
       5     925   1.639541175E+03
       6     975   1.174327202E+03
       7    1025   1.060810947E+03
       8    1075   1.206357777E+03
       9    1125   1.246859964E+03
      10    1175   1.174960197E+03
      11    1225   9.781780549E+02
      12    1275   7.767512077E+02
      13    1325   7.364308976E+02
      14    1375   7.720340829E+02
      15    1425   8.470219778E+02
      16    1475   7.765239019E+02
      17    1525   6.207979446E+02
      18    1575   4.957232361E+02
      19    1625   4.127240294E+02
      20    1675   4.127127481E+02
      21    1725   4.001264916E+02
      22    1775   4.024436127E+02
      23    1825   3.425511475E+02
      24    1875   3.001315553E+02
      25    1925   2.474869076E+02
      26    1975   2.481666082E+02
      27    2025   2.506388569E+02
      28    2075   2.366293398E+02
      29    2125   2.125079675E+02
      30    2175   1.754314568E+02
      31    2225   1.497720093E+02
      32    2275   1.461835029E+02
      33    2325   1.363551350E+02
      34    2375   1.328759173E+02
      35    2425   1.257039066E+02
      36    2475   1.067185346E+02
      37    2525   9.980807984E+01
      38    2575   9.303101860E+01
      39    2625   9.269122451E+01
      40    2675   8.324849909E+01
      41    2725   7.921027279E+01
      42    2775   7.228049022E+01
      43    2825   6.673572368E+01
      44    2875   6.630420213E+01
      45    2925   5.878000447E+01
      46    2975   6.136634681E+01
