       0     675   1.669262690E+03
       1     725   1.881224203E+03
       2     775   2.436926293E+03
       3     825   2.637640805E+03
       4     875   2.225210490E+03
       5     925   1.629211486E+03
       6     975   1.205592639E+03
       7    1025   1.037615100E+03
       8    1075   1.153024040E+03
       9    1125   1.257921190E+03
      10    1175   1.197631469E+03
      11    1225   1.009251391E+03
      12    1275   7.860863270E+02
      13    1325   7.233049374E+02
      14    1375   7.881085564E+02
      15    1425   8.445669414E+02
      16    1475   7.625363683E+02
      17    1525   6.412569078E+02
      18    1575   4.986782799E+02
      19    1625   3.987563586E+02
      20    1675   4.146540444E+02
      21    1725   4.121780954E+02
      22    1775   3.981703496E+02
      23    1825   3.633738916E+02
      24    1875   2.914169313E+02
      25    1925   2.603168066E+02
      26    1975   2.534886666E+02
      27    2025   2.514181264E+02
      28    2075   2.326183764E+02
      29    2125   2.093193848E+02
      30    2175   1.865462775E+02
      31    2225   1.510489507E+02
      32    2275   1.380868976E+02
      33    2325   1.380159584E+02
      34    2375   1.303473054E+02
      35    2425   1.179820110E+02
      36    2475   1.099903336E+02
      37    2525   1.002287786E+02
      38    2575   8.917794948E+01
      39    2625   9.183672912E+01
      40    2675   8.460678486E+01
      41    2725   8.122428501E+01
      42    2775   7.683333477E+01
      43    2825   6.804310835E+01
      44    2875   6.247210019E+01
      45    2925   6.301880402E+01
      46    2975   6.187335069E+01
