       0     675   1.767996515E+03
       1     725   2.139151283E+03
       2     775   2.238624401E+03
       3     825   2.526559004E+03
       4     875   2.270082458E+03
       5     925   1.609810844E+03
       6     975   1.184670109E+03
       7    1025   1.073121897E+03
       8    1075   1.097345246E+03
       9    1125   1.205558935E+03
      10    1175   1.180994487E+03
      11    1225   9.297411897E+02
      12    1275   7.621063566E+02
      13    1325   7.329554292E+02
      14    1375   7.941694707E+02
      15    1425   8.229995213E+02
      16    1475   7.726360501E+02
      17    1525   6.259870567E+02
      18    1575   4.884356837E+02
      19    1625   4.072877699E+02
      20    1675   4.137011527E+02
      21    1725   4.127070339E+02
      22    1775   4.034497135E+02
      23    1825   3.437585407E+02
      24    1875   2.860863310E+02
      25    1925   2.603939671E+02
      26    1975   2.482659706E+02
      27    2025   2.488091435E+02
      28    2075   2.421519178E+02
      29    2125   2.095124491E+02
      30    2175   1.783807727E+02
      31    2225   1.562358569E+02
      32    2275   1.406536315E+02
      33    2325   1.353563657E+02
      34    2375   1.283345539E+02
      35    2425   1.205818481E+02
      36    2475   1.054116771E+02
      37    2525   1.034094454E+02
      38    2575   8.654389511E+01
      39    2625   8.587799628E+01
      40    2675   8.681093092E+01
      41    2725   7.876173759E+01
      42    2775   7.435638863E+01
      43    2825   6.692317265E+01
      44    2875   6.294323380E+01
      45    2925   6.409782134E+01
      46    2975   5.968761665E+01
