       0     675   1.697675886E+03
       1     725   1.954348173E+03
       2     775   2.372055015E+03
       3     825   2.442947297E+03
       4     875   2.286077466E+03
       5     925   1.585418030E+03
       6     975   1.136787657E+03
       7    1025   1.077048412E+03
       8    1075   1.180913776E+03
       9    1125   1.291183057E+03
      10    1175   1.177776412E+03
      11    1225   9.663319361E+02
      12    1275   7.770947208E+02
      13    1325   7.613853827E+02
      14    1375   7.875142907E+02
      15    1425   8.017397793E+02
      16    1475   7.771651486E+02
      17    1525   6.221173485E+02
      18    1575   4.671079779E+02
      19    1625   4.159963015E+02
      20    1675   4.052639663E+02
      21    1725   4.205105690E+02
      22    1775   3.854525575E+02
      23    1825   3.463220250E+02
      24    1875   2.939937905E+02
      25    1925   2.569807902E+02
      26    1975   2.541011501E+02
      27    2025   2.469142886E+02
      28    2075   2.351110239E+02
      29    2125   2.142144300E+02
      30    2175   1.787680677E+02
      31    2225   1.561864287E+02
      32    2275   1.378450494E+02
      33    2325   1.367696117E+02
      34    2375   1.328448884E+02
      35    2425   1.153360089E+02
      36    2475   1.114585490E+02
      37    2525   9.593776931E+01
      38    2575   9.289340659E+01
      39    2625   8.736949917E+01
      40    2675   8.478721650E+01
      41    2725   8.079616532E+01
      42    2775   7.600459866E+01
      43    2825   6.449322207E+01
      44    2875   6.530771869E+01
      45    2925   6.175655453E+01
      46    2975   6.218696417E+01
