       0     675   1.724275127E+03
       1     725   2.019499668E+03
       2     775   2.468637456E+03
       3     825   2.507367542E+03
       4     875   2.162288858E+03
       5     925   1.753850367E+03
       6     975   1.166778354E+03
       7    1025   1.092968898E+03
       8    1075   1.195833900E+03
       9    1125   1.233613843E+03
      10    1175   1.171607942E+03
      11    1225   9.940200676E+02
      12    1275   7.352417822E+02
      13    1325   7.213369483E+02
      14    1375   7.996639446E+02
      15    1425   7.914076244E+02
      16    1475   7.801495900E+02
      17    1525   6.394823485E+02
      18    1575   4.852738386E+02
      19    1625   4.152790580E+02
      20    1675   4.050895868E+02
      21    1725   4.061528141E+02
      22    1775   3.955189645E+02
      23    1825   3.551486830E+02
      24    1875   2.877798899E+02
      25    1925   2.632714218E+02
      26    1975   2.563506000E+02
      27    2025   2.464811107E+02
      28    2075   2.389178890E+02
      29    2125   2.126763771E+02
      30    2175   1.804670842E+02
      31    2225   1.442259770E+02
      32    2275   1.366406192E+02
      33    2325   1.377454982E+02
      34    2375   1.275070761E+02
      35    2425   1.188465500E+02
      36    2475   1.104021240E+02
      37    2525   9.622263886E+01
      38    2575   8.889454616E+01
      39    2625   8.945157617E+01
      40    2675   8.307776830E+01
      41    2725   8.303455876E+01
      42    2775   6.956133663E+01
      43    2825   6.847435752E+01
      44    2875   6.266658604E+01
      45    2925   6.403315021E+01
      46    2975   5.824806914E+01
