       0     675   1.715408881E+03
       1     725   1.999976246E+03
       2     775   2.372137938E+03
       3     825   2.500093460E+03
       4     875   2.200649562E+03
       5     925   1.627240463E+03
       6     975   1.139741832E+03
       7    1025   1.057462789E+03
       8    1075   1.141474032E+03
       9    1125   1.293606238E+03
      10    1175   1.171962531E+03
      11    1225   1.000715335E+03
      12    1275   7.755500143E+02
      13    1325   7.467899316E+02
      14    1375   7.937240771E+02
      15    1425   8.329965662E+02
      16    1475   7.445045043E+02
      17    1525   6.428968891E+02
      18    1575   4.776215515E+02
      19    1625   4.238281754E+02
      20    1675   4.076512706E+02
      21    1725   3.953482435E+02
      22    1775   3.997013133E+02
      23    1825   3.498639302E+02
      24    1875   2.929484256E+02
      25    1925   2.527905021E+02
      26    1975   2.496280881E+02
      27    2025   2.406449036E+02
      28    2075   2.477120377E+02
      29    2125   2.164205109E+02
      30    2175   1.812056175E+02
      31    2225   1.503566581E+02
      32    2275   1.388191453E+02
      33    2325   1.311484180E+02
      34    2375   1.263749077E+02
      35    2425   1.245150239E+02
      36    2475   1.042683369E+02
      37    2525   9.883909262E+01
      38    2575   9.056962393E+01
      39    2625   8.871382355E+01
      40    2675   8.752577182E+01
      41    2725   7.683185207E+01
      42    2775   7.271871252E+01
      43    2825   6.897701507E+01
      44    2875   6.415916097E+01
      45    2925   6.290815533E+01
      46    2975   5.789241138E+01
