       0     675   1.802671435E+03
       1     725   1.855165773E+03
       2     775   2.340870124E+03
       3     825   2.444096352E+03
       4     875   2.187815835E+03
       5     925   1.672836202E+03
       6     975   1.104286008E+03
       7    1025   1.067481319E+03
       8    1075   1.088799046E+03
       9    1125   1.167171291E+03
      10    1175   1.166528613E+03
      11    1225   9.465804437E+02
      12    1275   7.814399749E+02
      13    1325   7.373674605E+02
      14    1375   8.084220339E+02
      15    1425   8.068824873E+02
      16    1475   7.812854000E+02
      17    1525   6.355153784E+02
      18    1575   4.723289826E+02
      19    1625   4.142611878E+02
      20    1675   3.921327180E+02
      21    1725   4.108725152E+02
      22    1775   3.922009507E+02
      23    1825   3.553411728E+02
      24    1875   2.907267511E+02
      25    1925   2.538848159E+02
      26    1975   2.514391108E+02
      27    2025   2.483677291E+02
      28    2075   2.417227739E+02
      29    2125   2.158835658E+02
      30    2175   1.694346342E+02
      31    2225   1.525250139E+02
      32    2275   1.402671780E+02
      33    2325   1.350719881E+02
      34    2375   1.287191332E+02
      35    2425   1.253161482E+02
      36    2475   1.066536873E+02
      37    2525   9.895888017E+01
      38    2575   8.938127756E+01
      39    2625   8.784428735E+01
      40    2675   8.854096677E+01
      41    2725   7.432084219E+01
      42    2775   7.143503908E+01
      43    2825   6.524375909E+01
      44    2875   6.354326373E+01
      45    2925   6.022122504E+01
      46    2975   6.032286531E+01
