       0     675   1.864683081E+03
       1     725   1.876629148E+03
       2     775   2.523079442E+03
       3     825   2.533028296E+03
       4     875   2.193829889E+03
       5     925   1.623474630E+03
       6     975   1.157240971E+03
       7    1025   1.035729267E+03
       8    1075   1.145030142E+03
       9    1125   1.230695456E+03
      10    1175   1.155104945E+03
      11    1225   9.325524792E+02
      12    1275   7.606803034E+02
      13    1325   7.563498263E+02
      14    1375   7.972533839E+02
      15    1425   8.430618519E+02
      16    1475   7.539321540E+02
      17    1525   6.284190693E+02
      18    1575   4.815337846E+02
      19    1625   4.083628689E+02
      20    1675   4.103105360E+02
      21    1725   3.939690557E+02
      22    1775   3.988694574E+02
      23    1825   3.549043170E+02
      24    1875   2.956692032E+02
      25    1925   2.506487485E+02
      26    1975   2.452413420E+02
      27    2025   2.477304134E+02
      28    2075   2.347231390E+02
      29    2125   2.182992863E+02
      30    2175   1.731783449E+02
      31    2225   1.589528306E+02
      32    2275   1.358960320E+02
      33    2325   1.337088536E+02
      34    2375   1.301256940E+02
      35    2425   1.167631706E+02
      36    2475   1.088217608E+02
      37    2525   9.994699977E+01
      38    2575   9.171363893E+01
      39    2625   8.935503380E+01
      40    2675   8.940326537E+01
      41    2725   8.165980692E+01
      42    2775   7.384860147E+01
      43    2825   6.452181394E+01
      44    2875   6.356533632E+01
      45    2925   6.243310211E+01
      46    2975   5.793744707E+01
