       0     675   1.672727627E+03
       1     725   2.004173078E+03
       2     775   2.379547427E+03
       3     825   2.707303333E+03
       4     875   2.070238115E+03
       5     925   1.649406995E+03
       6     975   1.172119027E+03
       7    1025   1.020349436E+03
       8    1075   1.153566822E+03
       9    1125   1.229438905E+03
      10    1175   1.149069182E+03
      11    1225   9.569482584E+02
      12    1275   7.854330930E+02
      13    1325   7.218984060E+02
      14    1375   8.065896296E+02
      15    1425   8.268175043E+02
      16    1475   7.571165914E+02
      17    1525   6.133608304E+02
      18    1575   4.951886763E+02
      19    1625   4.134187238E+02
      20    1675   4.038270481E+02
      21    1725   3.991022959E+02
      22    1775   4.016243574E+02
      23    1825   3.492290275E+02
      24    1875   2.877973931E+02
      25    1925   2.611960216E+02
      26    1975   2.490109246E+02
      27    2025   2.504941125E+02
      28    2075   2.509674725E+02
      29    2125   2.069019325E+02
      30    2175   1.725459760E+02
      31    2225   1.551421191E+02
      32    2275   1.410914079E+02
      33    2325   1.370760645E+02
      34    2375   1.287212333E+02
      35    2425   1.202684517E+02
      36    2475   1.069429979E+02
      37    2525   9.799448565E+01
      38    2575   8.946135916E+01
      39    2625   8.737270896E+01
      40    2675   8.203953532E+01
      41    2725   8.084500848E+01
      42    2775   7.056758835E+01
      43    2825   6.877138924E+01
      44    2875   5.896746378E+01
      45    2925   5.941479672E+01
      46    2975   5.696425102E+01
