       0     675   1.607561087E+03
       1     725   2.054678834E+03
       2     775   2.255915786E+03
       3     825   2.539559867E+03
       4     875   2.047794497E+03
       5     925   1.757033384E+03
       6     975   1.120144128E+03
       7    1025   1.088524368E+03
       8    1075   1.157092105E+03
       9    1125   1.248531978E+03
      10    1175   1.184052835E+03
      11    1225   9.602954835E+02
      12    1275   7.898223650E+02
      13    1325   7.276283466E+02
      14    1375   7.875166491E+02
      15    1425   8.576728402E+02
      16    1475   7.864838595E+02
      17    1525   6.483412925E+02
      18    1575   4.644897288E+02
      19    1625   4.166653391E+02
      20    1675   4.035559634E+02
      21    1725   4.120430108E+02
      22    1775   4.016798605E+02
      23    1825   3.438172761E+02
      24    1875   2.890936994E+02
      25    1925   2.572925896E+02
      26    1975   2.469156852E+02
      27    2025   2.463842153E+02
      28    2075   2.371425284E+02
      29    2125   2.108920796E+02
      30    2175   1.755934113E+02
      31    2225   1.593265814E+02
      32    2275   1.389947069E+02
      33    2325   1.350163532E+02
      34    2375   1.296136180E+02
      35    2425   1.205175888E+02
      36    2475   1.065756779E+02
      37    2525   9.485405595E+01
      38    2575   9.345799129E+01
      39    2625   8.543100663E+01
      40    2675   8.383217122E+01
      41    2725   7.723859645E+01
      42    2775   7.642718355E+01
      43    2825   6.586050750E+01
      44    2875   6.455561717E+01
      45    2925   6.059644986E+01
      46    2975   5.953991719E+01
