       0     675   1.766793827E+03
       1     725   1.979599455E+03
       2     775   2.276501686E+03
       3     825   2.484663701E+03
       4     875   2.288018239E+03
       5     925   1.641264502E+03
       6     975   1.137654132E+03
       7    1025   1.073066237E+03
       8    1075   1.205532146E+03
       9    1125   1.224290100E+03
      10    1175   1.143875248E+03
      11    1225   9.496211369E+02
      12    1275   7.730401376E+02
      13    1325   7.462533306E+02
      14    1375   8.147461921E+02
      15    1425   8.404765967E+02
      16    1475   7.530312385E+02
      17    1525   6.375014760E+02
      18    1575   4.819623916E+02
      19    1625   4.102461709E+02
      20    1675   4.134771849E+02
      21    1725   4.105279087E+02
      22    1775   4.005357370E+02
      23    1825   3.471687863E+02
      24    1875   2.926347313E+02
      25    1925   2.451781459E+02
      26    1975   2.551916469E+02
      27    2025   2.432894752E+02
      28    2075   2.341819656E+02
      29    2125   2.144776785E+02
      30    2175   1.783318891E+02
      31    2225   1.478259518E+02
      32    2275   1.413290968E+02
      33    2325   1.340300895E+02
      34    2375   1.307642772E+02
      35    2425   1.190955773E+02
      36    2475   1.102606362E+02
      37    2525   9.937523887E+01
      38    2575   9.177639882E+01
      39    2625   9.000448360E+01
      40    2675   8.329794501E+01
      41    2725   8.058684824E+01
      42    2775   7.380810500E+01
      43    2825   6.725082007E+01
      44    2875   6.571568059E+01
      45    2925   6.380858706E+01
      46    2975   6.215235523E+01
