       0     675   1.732585131E+03
       1     725   1.982000193E+03
       2     775   2.367384500E+03
       3     825   2.590774525E+03
       4     875   2.102555771E+03
       5     925   1.595352022E+03
       6     975   1.150017776E+03
       7    1025   1.102053685E+03
       8    1075   1.154844113E+03
       9    1125   1.244569972E+03
      10    1175   1.190201222E+03
      11    1225   9.554641715E+02
      12    1275   7.740134849E+02
      13    1325   7.203051240E+02
      14    1375   7.902395860E+02
      15    1425   8.423572525E+02
      16    1475   7.848004850E+02
      17    1525   6.075346692E+02
      18    1575   4.809434804E+02
      19    1625   4.122859398E+02
      20    1675   3.901349671E+02
      21    1725   4.170993897E+02
      22    1775   3.992061523E+02
      23    1825   3.408051520E+02
      24    1875   2.894923944E+02
      25    1925   2.617069389E+02
      26    1975   2.526664276E+02
      27    2025   2.462357920E+02
      28    2075   2.389239935E+02
      29    2125   2.146536445E+02
      30    2175   1.770801915E+02
      31    2225   1.546605435E+02
      32    2275   1.404623471E+02
      33    2325   1.349686094E+02
      34    2375   1.315239088E+02
      35    2425   1.204746366E+02
      36    2475   1.110596491E+02
      37    2525   9.680944653E+01
      38    2575   9.225178884E+01
      39    2625   8.573118611E+01
      40    2675   8.699910096E+01
      41    2725   7.943234532E+01
      42    2775   7.642572045E+01
      43    2825   6.666436495E+01
      44    2875   6.365422494E+01
      45    2925   6.089364045E+01
      46    2975   5.784149142E+01
