       0     675   1.732885633E+03
       1     725   1.926205611E+03
       2     775   2.407443485E+03
       3     825   2.454577312E+03
       4     875   2.216816303E+03
       5     925   1.617227774E+03
       6     975   1.167696576E+03
       7    1025   1.024476605E+03
       8    1075   1.165191421E+03
       9    1125   1.225163945E+03
      10    1175   1.119178025E+03
      11    1225   9.605939487E+02
      12    1275   7.799616435E+02
      13    1325   7.281611923E+02
      14    1375   7.799162155E+02
      15    1425   8.603695769E+02
      16    1475   7.708997491E+02
      17    1525   6.288042853E+02
      18    1575   4.889657482E+02
      19    1625   3.922276069E+02
      20    1675   4.115571503E+02
      21    1725   4.022124454E+02
      22    1775   3.976166478E+02
      23    1825   3.500501845E+02
      24    1875   2.886018456E+02
      25    1925   2.598432886E+02
      26    1975   2.360158945E+02
      27    2025   2.482286583E+02
      28    2075   2.429960985E+02
      29    2125   2.099028556E+02
      30    2175   1.784869800E+02
      31    2225   1.505176470E+02
      32    2275   1.406768302E+02
      33    2325   1.364712594E+02
      34    2375   1.297504960E+02
      35    2425   1.207368762E+02
      36    2475   1.080400889E+02
      37    2525   1.032713029E+02
      38    2575   9.107773937E+01
      39    2625   8.579426242E+01
      40    2675   8.668800850E+01
      41    2725   7.800417495E+01
      42    2775   7.298090668E+01
      43    2825   6.623976565E+01
      44    2875   6.524851037E+01
      45    2925   6.182707725E+01
      46    2975   5.391721023E+01
