       0     675   1.766409905E+03
       1     725   2.005116661E+03
       2     775   2.449875602E+03
       3     825   2.537911831E+03
       4     875   2.143605559E+03
       5     925   1.613044832E+03
       6     975   1.202539540E+03
       7    1025   1.046706666E+03
       8    1075   1.153174855E+03
       9    1125   1.329148675E+03
      10    1175   1.157134224E+03
      11    1225   9.849214773E+02
      12    1275   7.647999218E+02
      13    1325   7.120471248E+02
      14    1375   7.934455753E+02
      15    1425   8.485836135E+02
      16    1475   7.913778341E+02
      17    1525   6.038794646E+02
      18    1575   4.743488335E+02
      19    1625   4.210902079E+02
      20    1675   4.115453887E+02
      21    1725   4.210329900E+02
      22    1775   3.917878470E+02
      23    1825   3.522228596E+02
      24    1875   2.898600277E+02
      25    1925   2.619723862E+02
      26    1975   2.454179721E+02
      27    2025   2.563971187E+02
      28    2075   2.426848059E+02
      29    2125   2.131643883E+02
      30    2175   1.725653271E+02
      31    2225   1.560127024E+02
      32    2275   1.351307603E+02
      33    2325   1.321385503E+02
      34    2375   1.314738205E+02
      35    2425   1.186407859E+02
      36    2475   1.137162228E+02
      37    2525   9.337489889E+01
      38    2575   9.150810840E+01
      39    2625   8.469563887E+01
      40    2675   8.418627981E+01
      41    2725   8.326427074E+01
      42    2775   7.457031143E+01
      43    2825   6.732307093E+01
      44    2875   6.327185910E+01
      45    2925   5.982412275E+01
      46    2975   6.186883437E+01
