       0     675   1.674723401E+03
       1     725   1.997570221E+03
       2     775   2.478546301E+03
       3     825   2.637373217E+03
       4     875   2.118659920E+03
       5     925   1.688379233E+03
       6     975   1.151893856E+03
       7    1025   1.017360018E+03
       8    1075   1.225158600E+03
       9    1125   1.257771520E+03
      10    1175   1.180953270E+03
      11    1225   9.627708000E+02
      12    1275   7.625982965E+02
      13    1325   7.404287859E+02
      14    1375   7.924223152E+02
      15    1425   8.350928157E+02
      16    1475   7.928943078E+02
      17    1525   6.407644119E+02
      18    1575   4.827379244E+02
      19    1625   4.131590502E+02
      20    1675   3.989266375E+02
      21    1725   4.066371271E+02
      22    1775   3.970363710E+02
      23    1825   3.565528458E+02
      24    1875   2.854089817E+02
      25    1925   2.610280265E+02
      26    1975   2.392019479E+02
      27    2025   2.433443971E+02
      28    2075   2.417718811E+02
      29    2125   2.117567680E+02
      30    2175   1.739002805E+02
      31    2225   1.520564310E+02
      32    2275   1.374500822E+02
      33    2325   1.375789469E+02
      34    2375   1.268148635E+02
      35    2425   1.227718530E+02
      36    2475   1.079998934E+02
      37    2525   9.667020058E+01
      38    2575   9.138236989E+01
      39    2625   8.439748480E+01
      40    2675   8.405803264E+01
      41    2725   7.808735902E+01
      42    2775   7.226773817E+01
      43    2825   6.727266885E+01
      44    2875   6.358108809E+01
      45    2925   5.585138599E+01
      46    2975   6.066655973E+01
