       0     675   1.742370530E+03
       1     725   1.933655164E+03
       2     775   2.473493117E+03
       3     825   2.476910246E+03
       4     875   2.228984999E+03
       5     925   1.627153655E+03
       6     975   1.150491644E+03
       7    1025   1.048630272E+03
       8    1075   1.145918931E+03
       9    1125   1.230868923E+03
      10    1175   1.158170954E+03
      11    1225   9.778074533E+02
      12    1275   8.112185534E+02
      13    1325   7.169336340E+02
      14    1375   7.990733021E+02
      15    1425   8.180011370E+02
      16    1475   7.684417113E+02
      17    1525   6.166796242E+02
      18    1575   4.822650095E+02
      19    1625   4.116175350E+02
      20    1675   3.993134992E+02
      21    1725   4.192975968E+02
      22    1775   4.032249659E+02
      23    1825   3.430594113E+02
      24    1875   2.875289169E+02
      25    1925   2.608690946E+02
      26    1975   2.489712828E+02
      27    2025   2.534341414E+02
      28    2075   2.389821725E+02
      29    2125   2.163881467E+02
      30    2175   1.780843853E+02
      31    2225   1.487958849E+02
      32    2275   1.363419085E+02
      33    2325   1.342727646E+02
      34    2375   1.286175779E+02
      35    2425   1.174278490E+02
      36    2475   1.108726863E+02
      37    2525   9.381658515E+01
      38    2575   8.896504925E+01
      39    2625   8.861906600E+01
      40    2675   8.339997802E+01
      41    2725   8.062025970E+01
      42    2775   6.945885657E+01
      43    2825   6.886014380E+01
      44    2875   6.228251246E+01
      45    2925   5.889743790E+01
      46    2975   6.060517753E+01
