       0     675   1.720466906E+03
       1     725   1.906139300E+03
       2     775   2.476045330E+03
       3     825   2.675771023E+03
       4     875   2.227668572E+03
       5     925   1.632973413E+03
       6     975   1.129223834E+03
       7    1025   1.053784463E+03
       8    1075   1.246467102E+03
       9    1125   1.282076691E+03
      10    1175   1.180669323E+03
      11    1225   9.891141507E+02
      12    1275   7.710604127E+02
      13    1325   7.442662892E+02
      14    1375   8.007967484E+02
      15    1425   8.410151917E+02
      16    1475   7.555669252E+02
      17    1525   6.311459345E+02
      18    1575   4.745962701E+02
      19    1625   4.119953326E+02
      20    1675   4.032866102E+02
      21    1725   4.201234062E+02
      22    1775   3.860317877E+02
      23    1825   3.345847534E+02
      24    1875   2.945179040E+02
      25    1925   2.476797552E+02
      26    1975   2.499142617E+02
      27    2025   2.442129183E+02
      28    2075   2.398101903E+02
      29    2125   2.059252237E+02
      30    2175   1.847254454E+02
      31    2225   1.519877872E+02
      32    2275   1.400510847E+02
      33    2325   1.332392805E+02
      34    2375   1.325894875E+02
      35    2425   1.212062592E+02
      36    2475   1.080940435E+02
      37    2525   1.002713785E+02
      38    2575   9.118195914E+01
      39    2625   8.877144095E+01
      40    2675   9.007453732E+01
      41    2725   8.305638687E+01
      42    2775   7.267151055E+01
      43    2825   7.107160111E+01
      44    2875   6.346578568E+01
      45    2925   6.405764871E+01
      46    2975   6.187562901E+01
