       0     675   1.793537569E+03
       1     725   2.006120721E+03
       2     775   2.350586853E+03
       3     825   2.609202458E+03
       4     875   2.174686257E+03
       5     925   1.647069372E+03
       6     975   1.175550832E+03
       7    1025   1.051829407E+03
       8    1075   1.168545918E+03
       9    1125   1.215070885E+03
      10    1175   1.134452086E+03
      11    1225   1.009550333E+03
      12    1275   7.381641784E+02
      13    1325   7.267445902E+02
      14    1375   7.768863997E+02
      15    1425   8.204099818E+02
      16    1475   7.852890344E+02
      17    1525   6.242398227E+02
      18    1575   4.957801092E+02
      19    1625   4.202062923E+02
      20    1675   4.077129962E+02
      21    1725   4.137701032E+02
      22    1775   4.050070537E+02
      23    1825   3.478194992E+02
      24    1875   2.848899110E+02
      25    1925   2.509567417E+02
      26    1975   2.442791823E+02
      27    2025   2.442372795E+02
      28    2075   2.386698771E+02
      29    2125   2.093336453E+02
      30    2175   1.784124509E+02
      31    2225   1.530976673E+02
      32    2275   1.408407428E+02
      33    2325   1.343415096E+02
      34    2375   1.262093266E+02
      35    2425   1.230043683E+02
      36    2475   1.051522396E+02
      37    2525   9.604166546E+01
      38    2575   9.357873564E+01
      39    2625   8.884011691E+01
      40    2675   8.554737406E+01
      41    2725   8.158111746E+01
      42    2775   7.136481616E+01
      43    2825   6.999381685E+01
      44    2875   6.209248661E+01
      45    2925   6.494884038E+01
      46    2975   5.670165129E+01
