       0     675   1.761805103E+03
       1     725   2.011680899E+03
       2     775   2.323742952E+03
       3     825   2.398271693E+03
       4     875   2.179992006E+03
       5     925   1.715070650E+03
       6     975   1.162532455E+03
       7    1025   1.075659579E+03
       8    1075   1.190234207E+03
       9    1125   1.244320634E+03
      10    1175   1.171553859E+03
      11    1225   9.471499008E+02
      12    1275   7.505249665E+02
      13    1325   7.372311569E+02
      14    1375   7.906439832E+02
      15    1425   8.121056069E+02
      16    1475   7.749240853E+02
      17    1525   6.223121480E+02
      18    1575   4.784234286E+02
      19    1625   4.193551909E+02
      20    1675   3.931505601E+02
      21    1725   4.175921802E+02
      22    1775   4.087588802E+02
      23    1825   3.551021665E+02
      24    1875   3.007885982E+02
      25    1925   2.554448767E+02
      26    1975   2.455087526E+02
      27    2025   2.455344097E+02
      28    2075   2.425147740E+02
      29    2125   2.087465838E+02
      30    2175   1.813566842E+02
      31    2225   1.563318787E+02
      32    2275   1.385526473E+02
      33    2325   1.331286437E+02
      34    2375   1.274837028E+02
      35    2425   1.202467968E+02
      36    2475   1.087387608E+02
      37    2525   9.783339595E+01
      38    2575   8.707053118E+01
      39    2625   9.057942123E+01
      40    2675   8.715414553E+01
      41    2725   8.206568794E+01
      42    2775   7.313901288E+01
      43    2825   6.888847186E+01
      44    2875   6.133384593E+01
      45    2925   5.909053175E+01
      46    2975   6.015471491E+01
