       0     675   1.789143318E+03
       1     725   1.989990450E+03
       2     775   2.325606511E+03
       3     825   2.593056611E+03
       4     875   2.223730669E+03
       5     925   1.677588482E+03
       6     975   1.127620085E+03
       7    1025   1.072221170E+03
       8    1075   1.201733519E+03
       9    1125   1.238051028E+03
      10    1175   1.215994987E+03
      11    1225   9.912283242E+02
      12    1275   7.677656171E+02
      13    1325   7.239773812E+02
      14    1375   8.037366676E+02
      15    1425   8.375343812E+02
      16    1475   7.802474910E+02
      17    1525   6.201821627E+02
      18    1575   4.786965744E+02
      19    1625   4.011413934E+02
      20    1675   3.994225726E+02
      21    1725   4.126481583E+02
      22    1775   3.959686565E+02
      23    1825   3.479875525E+02
      24    1875   2.844994088E+02
      25    1925   2.553522332E+02
      26    1975   2.508297716E+02
      27    2025   2.481298289E+02
      28    2075   2.429449702E+02
      29    2125   2.138185031E+02
      30    2175   1.849868089E+02
      31    2225   1.532659454E+02
      32    2275   1.359739181E+02
      33    2325   1.330774969E+02
      34    2375   1.334454410E+02
      35    2425   1.156978110E+02
      36    2475   1.067781152E+02
      37    2525   1.022832929E+02
      38    2575   9.055141574E+01
      39    2625   8.830508545E+01
      40    2675   8.789736009E+01
      41    2725   7.899764141E+01
      42    2775   7.408987216E+01
      43    2825   6.676837990E+01
      44    2875   6.276671382E+01
      45    2925   6.165780721E+01
      46    2975   5.765412568E+01
