       0     675   1.941210484E+03
       1     725   1.888691472E+03
       2     775   2.401841665E+03
       3     825   2.405895830E+03
       4     875   2.134546130E+03
       5     925   1.665389073E+03
       6     975   1.156598911E+03
       7    1025   1.044306633E+03
       8    1075   1.161805354E+03
       9    1125   1.290734315E+03
      10    1175   1.116664921E+03
      11    1225   9.969223923E+02
      12    1275   7.767456473E+02
      13    1325   7.455860751E+02
      14    1375   7.787519459E+02
      15    1425   8.620710541E+02
      16    1475   7.739161837E+02
      17    1525   6.400492579E+02
      18    1575   4.652682077E+02
      19    1625   4.001887473E+02
      20    1675   4.166523530E+02
      21    1725   4.023858595E+02
      22    1775   3.951116434E+02
      23    1825   3.506362265E+02
      24    1875   2.923633025E+02
      25    1925   2.567612993E+02
      26    1975   2.398611318E+02
      27    2025   2.564879361E+02
      28    2075   2.347780573E+02
      29    2125   2.134703982E+02
      30    2175   1.762003819E+02
      31    2225   1.554885289E+02
      32    2275   1.389877877E+02
      33    2325   1.318272473E+02
      34    2375   1.292980709E+02
      35    2425   1.184075785E+02
      36    2475   1.071196115E+02
      37    2525   9.229430524E+01
      38    2575   8.837676432E+01
      39    2625   8.227871413E+01
      40    2675   8.788549674E+01
      41    2725   7.902976718E+01
      42    2775   7.532815254E+01
      43    2825   6.803438227E+01
      44    2875   6.483152711E+01
      45    2925   5.860359989E+01
      46    2975   6.002281729E+01
