       0     675   1.791064490E+03
       1     725   1.870511952E+03
       2     775   2.396316332E+03
       3     825   2.479318689E+03
       4     875   2.202620135E+03
       5     925   1.653981630E+03
       6     975   1.119530214E+03
       7    1025   1.123183503E+03
       8    1075   1.192070926E+03
       9    1125   1.270691104E+03
      10    1175   1.191948267E+03
      11    1225   9.677774811E+02
      12    1275   7.700713482E+02
      13    1325   7.349215979E+02
      14    1375   7.720613924E+02
      15    1425   8.481387926E+02
      16    1475   7.531123807E+02
      17    1525   6.508504754E+02
      18    1575   4.921008854E+02
      19    1625   4.014919161E+02
      20    1675   4.079910864E+02
      21    1725   4.020717337E+02
      22    1775   4.021397671E+02
      23    1825   3.585165828E+02
      24    1875   2.896602193E+02
      25    1925   2.556132540E+02
      26    1975   2.571218679E+02
      27    2025   2.553476249E+02
      28    2075   2.420654601E+02
      29    2125   2.083982960E+02
      30    2175   1.779713072E+02
      31    2225   1.528455662E+02
      32    2275   1.372042372E+02
      33    2325   1.322137813E+02
      34    2375   1.303719514E+02
      35    2425   1.221258682E+02
      36    2475   1.117239222E+02
      37    2525   9.516948271E+01
      38    2575   9.207455290E+01
      39    2625   9.132412103E+01
      40    2675   8.506908304E+01
      41    2725   8.022780513E+01
      42    2775   7.489729036E+01
      43    2825   6.653456680E+01
      44    2875   6.231293337E+01
      45    2925   5.850120477E+01
      46    2975   6.036024626E+01
