       0     675   1.819355825E+03
       1     725   1.834613084E+03
       2     775   2.412867697E+03
       3     825   2.562966084E+03
       4     875   2.243670338E+03
       5     925   1.564475282E+03
       6     975   1.155879876E+03
       7    1025   1.093765719E+03
       8    1075   1.172546987E+03
       9    1125   1.253343896E+03
      10    1175   1.165789044E+03
      11    1225   9.739988765E+02
      12    1275   7.549092321E+02
      13    1325   7.225844775E+02
      14    1375   7.624254132E+02
      15    1425   8.446274294E+02
      16    1475   7.734369224E+02
      17    1525   6.365238450E+02
      18    1575   4.649609916E+02
      19    1625   4.162578905E+02
      20    1675   3.932593909E+02
      21    1725   4.168921866E+02
      22    1775   4.025533841E+02
      23    1825   3.416526882E+02
      24    1875   2.924414534E+02
      25    1925   2.576656437E+02
      26    1975   2.386631440E+02
      27    2025   2.547838807E+02
      28    2075   2.373847367E+02
      29    2125   2.153369624E+02
      30    2175   1.746437958E+02
      31    2225   1.545808732E+02
      32    2275   1.379807808E+02
      33    2325   1.297127472E+02
      34    2375   1.308570959E+02
      35    2425   1.168205549E+02
      36    2475   1.135970798E+02
      37    2525   9.545639927E+01
      38    2575   8.961885864E+01
      39    2625   8.800917702E+01
      40    2675   8.419764205E+01
      41    2725   8.289787211E+01
      42    2775   7.582566016E+01
      43    2825   6.787820103E+01
      44    2875   6.479745939E+01
      45    2925   6.269502749E+01
      46    2975   6.071834270E+01
