       0     675   1.608039507E+03
       1     725   2.001910703E+03
       2     775   2.395274947E+03
       3     825   2.578821922E+03
       4     875   2.142067001E+03
       5     925   1.608952626E+03
       6     975   1.171919547E+03
       7    1025   1.073526011E+03
       8    1075   1.183836544E+03
       9    1125   1.258875140E+03
      10    1175   1.150605274E+03
      11    1225   9.485016106E+02
      12    1275   7.602113159E+02
      13    1325   7.315985809E+02
      14    1375   7.885351367E+02
      15    1425   8.058575984E+02
      16    1475   7.807962734E+02
      17    1525   6.246629176E+02
      18    1575   5.051122671E+02
      19    1625   4.089512013E+02
      20    1675   4.058496655E+02
      21    1725   4.051151545E+02
      22    1775   3.950968128E+02
      23    1825   3.472265199E+02
      24    1875   2.854451044E+02
      25    1925   2.562792883E+02
      26    1975   2.514473916E+02
      27    2025   2.482517845E+02
      28    2075   2.371375630E+02
      29    2125   2.091685033E+02
      30    2175   1.791261654E+02
      31    2225   1.473597920E+02
      32    2275   1.393560382E+02
      33    2325   1.291446152E+02
      34    2375   1.295091260E+02
      35    2425   1.196111494E+02
      36    2475   1.102793175E+02
      37    2525   9.835210807E+01
      38    2575   8.782327080E+01
      39    2625   8.865148494E+01
      40    2675   8.850465317E+01
      41    2725   8.215773563E+01
      42    2775   7.607957768E+01
      43    2825   6.658378086E+01
      44    2875   6.496816090E+01
      45    2925   6.123984431E+01
      46    2975   5.918578581E+01
