       0     675   1.869638240E+03
       1     725   1.906927463E+03
       2     775   2.540882171E+03
       3     825   2.603247955E+03
       4     875   2.192200228E+03
       5     925   1.551725877E+03
       6     975   1.146496122E+03
       7    1025   1.050105124E+03
       8    1075   1.145163359E+03
       9    1125   1.298469199E+03
      10    1175   1.170968731E+03
      11    1225   9.464216175E+02
      12    1275   7.643845631E+02
      13    1325   7.366722754E+02
      14    1375   8.018545214E+02
      15    1425   8.515489804E+02
      16    1475   7.652050910E+02
      17    1525   6.096769454E+02
      18    1575   4.694212727E+02
      19    1625   4.135785315E+02
      20    1675   4.063393792E+02
      21    1725   4.188270900E+02
      22    1775   3.879352443E+02
      23    1825   3.446146046E+02
      24    1875   2.937608520E+02
      25    1925   2.568632651E+02
      26    1975   2.478133715E+02
      27    2025   2.392937150E+02
      28    2075   2.351350914E+02
      29    2125   2.108566369E+02
      30    2175   1.773825407E+02
      31    2225   1.556124347E+02
      32    2275   1.397681198E+02
      33    2325   1.364766978E+02
      34    2375   1.267108484E+02
      35    2425   1.195216689E+02
      36    2475   1.049452600E+02
      37    2525   9.835838245E+01
      38    2575   8.880449405E+01
      39    2625   8.712090746E+01
      40    2675   8.487196937E+01
      41    2725   7.936447295E+01
      42    2775   7.201352634E+01
      43    2825   6.757599882E+01
      44    2875   6.227335338E+01
      45    2925   6.163957952E+01
      46    2975   6.306432645E+01
