       0     675   1.774912801E+03
       1     725   1.978743514E+03
       2     775   2.306625515E+03
       3     825   2.444390569E+03
       4     875   2.298398968E+03
       5     925   1.648006627E+03
       6     975   1.157828903E+03
       7    1025   1.085441625E+03
       8    1075   1.145669031E+03
       9    1125   1.283400193E+03
      10    1175   1.171635946E+03
      11    1225   9.923235570E+02
      12    1275   7.649236454E+02
      13    1325   7.631725344E+02
      14    1375   7.930807076E+02
      15    1425   8.245262302E+02
      16    1475   7.861308869E+02
      17    1525   6.152814216E+02
      18    1575   4.916683912E+02
      19    1625   4.045388354E+02
      20    1675   4.221991156E+02
      21    1725   4.216318183E+02
      22    1775   4.004959184E+02
      23    1825   3.548360607E+02
      24    1875   2.933794647E+02
      25    1925   2.550167872E+02
      26    1975   2.496470378E+02
      27    2025   2.547547089E+02
      28    2075   2.333171491E+02
      29    2125   2.084215345E+02
      30    2175   1.808650191E+02
      31    2225   1.500787852E+02
      32    2275   1.384845688E+02
      33    2325   1.366456584E+02
      34    2375   1.316976746E+02
      35    2425   1.198100422E+02
      36    2475   1.057173958E+02
      37    2525   9.611282002E+01
      38    2575   9.262421299E+01
      39    2625   8.568729665E+01
      40    2675   8.156797089E+01
      41    2725   7.993482112E+01
      42    2775   7.348471476E+01
      43    2825   6.580310890E+01
      44    2875   6.195023739E+01
      45    2925   6.171268831E+01
      46    2975   5.924775067E+01
