       0     675   1.818392342E+03
       1     725   2.045361438E+03
       2     775   2.450588939E+03
       3     825   2.582544087E+03
       4     875   2.250141442E+03
       5     925   1.577575471E+03
       6     975   1.159387724E+03
       7    1025   1.064835713E+03
       8    1075   1.172053383E+03
       9    1125   1.216257437E+03
      10    1175   1.201877159E+03
      11    1225   9.431492706E+02
      12    1275   7.924315602E+02
      13    1325   7.315334799E+02
      14    1375   8.003649855E+02
      15    1425   8.467947480E+02
      16    1475   7.710470932E+02
      17    1525   6.211610149E+02
      18    1575   4.825086619E+02
      19    1625   4.293029821E+02
      20    1675   4.083118806E+02
      21    1725   4.183795354E+02
      22    1775   3.935416565E+02
      23    1825   3.601901584E+02
      24    1875   2.829698057E+02
      25    1925   2.628480658E+02
      26    1975   2.450374202E+02
      27    2025   2.595849998E+02
      28    2075   2.428512993E+02
      29    2125   2.093824161E+02
      30    2175   1.722930237E+02
      31    2225   1.543082269E+02
      32    2275   1.395362883E+02
      33    2325   1.354179265E+02
      34    2375   1.319817199E+02
      35    2425   1.185902196E+02
      36    2475   1.066562783E+02
      37    2525   9.602350523E+01
      38    2575   9.130204102E+01
      39    2625   9.128999557E+01
      40    2675   8.881340752E+01
      41    2725   8.019444908E+01
      42    2775   6.999093810E+01
      43    2825   6.718853764E+01
      44    2875   6.597282099E+01
      45    2925   6.115909370E+01
      46    2975   5.798317121E+01
