       0     675   1.740119235E+03
       1     725   1.989899730E+03
       2     775   2.401359587E+03
       3     825   2.509410072E+03
       4     875   2.126036948E+03
       5     925   1.621892990E+03
       6     975   1.132166464E+03
       7    1025   1.069781522E+03
       8    1075   1.129256510E+03
       9    1125   1.210252674E+03
      10    1175   1.176254146E+03
      11    1225   9.715093075E+02
      12    1275   8.078305122E+02
      13    1325   7.433741252E+02
      14    1375   7.963323383E+02
      15    1425   8.581832504E+02
      16    1475   7.754151047E+02
      17    1525   6.254183894E+02
      18    1575   4.779376800E+02
      19    1625   4.117777486E+02
      20    1675   3.950344434E+02
      21    1725   4.209817612E+02
      22    1775   4.062300137E+02
      23    1825   3.534636809E+02
      24    1875   2.961617810E+02
      25    1925   2.687446685E+02
      26    1975   2.531482335E+02
      27    2025   2.405175081E+02
      28    2075   2.382995065E+02
      29    2125   2.184449003E+02
      30    2175   1.741438789E+02
      31    2225   1.502329746E+02
      32    2275   1.433555441E+02
      33    2325   1.322721172E+02
      34    2375   1.310448554E+02
      35    2425   1.229487044E+02
      36    2475   1.069918291E+02
      37    2525   9.343225862E+01
      38    2575   9.309376267E+01
      39    2625   9.153136571E+01
      40    2675   8.308188209E+01
      41    2725   8.273165189E+01
      42    2775   7.007028540E+01
      43    2825   6.661481078E+01
      44    2875   6.471418275E+01
      45    2925   6.082963562E+01
      46    2975   5.665251985E+01
