       0     675   1.701008605E+03
       1     725   2.069031291E+03
       2     775   2.359468565E+03
       3     825   2.468320957E+03
       4     875   2.215651988E+03
       5     925   1.575948637E+03
       6     975   1.212418672E+03
       7    1025   1.035417750E+03
       8    1075   1.128423561E+03
       9    1125   1.278253461E+03
      10    1175   1.204868281E+03
      11    1225   9.993174151E+02
      12    1275   7.821755903E+02
      13    1325   7.261748794E+02
      14    1375   7.814856643E+02
      15    1425   8.082472996E+02
      16    1475   7.541438477E+02
      17    1525   6.500471755E+02
      18    1575   4.833805862E+02
      19    1625   4.125152224E+02
      20    1675   4.085691740E+02
      21    1725   4.067731357E+02
      22    1775   4.060451217E+02
      23    1825   3.491935890E+02
      24    1875   2.912543995E+02
      25    1925   2.505105661E+02
      26    1975   2.457349086E+02
      27    2025   2.453956079E+02
      28    2075   2.334945128E+02
      29    2125   2.109398212E+02
      30    2175   1.754068624E+02
      31    2225   1.497942325E+02
      32    2275   1.413293943E+02
      33    2325   1.335178559E+02
      34    2375   1.282030996E+02
      35    2425   1.197550600E+02
      36    2475   1.048187627E+02
      37    2525   9.724950723E+01
      38    2575   8.892805900E+01
      39    2625   9.102603341E+01
      40    2675   8.405424880E+01
      41    2725   8.185905538E+01
      42    2775   7.362027119E+01
      43    2825   6.576841103E+01
      44    2875   6.323096876E+01
      45    2925   5.722836499E+01
      46    2975   6.124590136E+01
