       0     675   1.662071634E+03
       1     725   1.984116714E+03
       2     775   2.404066389E+03
       3     825   2.407481441E+03
       4     875   2.150407121E+03
       5     925   1.563413712E+03
       6     975   1.167793386E+03
       7    1025   1.049522797E+03
       8    1075   1.174634773E+03
       9    1125   1.247828145E+03
      10    1175   1.180964886E+03
      11    1225   9.740870375E+02
      12    1275   7.732785881E+02
      13    1325   7.158784560E+02
      14    1375   8.146653682E+02
      15    1425   8.588545916E+02
      16    1475   7.815450443E+02
      17    1525   6.394001756E+02
      18    1575   4.829377339E+02
      19    1625   4.101550487E+02
      20    1675   4.174070653E+02
      21    1725   4.139642610E+02
      22    1775   3.917199516E+02
      23    1825   3.498592764E+02
      24    1875   2.945333366E+02
      25    1925   2.593976802E+02
      26    1975   2.463728815E+02
      27    2025   2.510128961E+02
      28    2075   2.428051578E+02
      29    2125   2.058627585E+02
      30    2175   1.785752968E+02
      31    2225   1.503892425E+02
      32    2275   1.455295214E+02
      33    2325   1.331188716E+02
      34    2375   1.290773926E+02
      35    2425   1.250551491E+02
      36    2475   1.058844427E+02
      37    2525   9.538664247E+01
      38    2575   9.197928017E+01
      39    2625   9.034703487E+01
      40    2675   8.701733814E+01
      41    2725   7.482086855E+01
      42    2775   7.479133286E+01
      43    2825   6.682614319E+01
      44    2875   6.543984261E+01
      45    2925   6.056203812E+01
      46    2975   6.225967553E+01
