       0     675   1.743635734E+03
       1     725   1.949656251E+03
       2     775   2.360886697E+03
       3     825   2.535856289E+03
       4     875   2.231201915E+03
       5     925   1.621667590E+03
       6     975   1.143273332E+03
       7    1025   1.036422319E+03
       8    1075   1.138545449E+03
       9    1125   1.231433299E+03
      10    1175   1.156129413E+03
      11    1225   9.594807866E+02
      12    1275   7.494936253E+02
      13    1325   7.318404951E+02
      14    1375   8.187988627E+02
      15    1425   8.286912987E+02
      16    1475   7.729966896E+02
      17    1525   6.235545756E+02
      18    1575   4.861599167E+02
      19    1625   4.141866120E+02
      20    1675   4.008589790E+02
      21    1725   4.034381046E+02
      22    1775   3.958171291E+02
      23    1825   3.552058105E+02
      24    1875   2.967281647E+02
      25    1925   2.551376410E+02
      26    1975   2.513248594E+02
      27    2025   2.483498243E+02
      28    2075   2.362531407E+02
      29    2125   2.132483688E+02
      30    2175   1.752483512E+02
      31    2225   1.591965701E+02
      32    2275   1.393088336E+02
      33    2325   1.341937137E+02
      34    2375   1.308228709E+02
      35    2425   1.237679502E+02
      36    2475   1.106445642E+02
      37    2525   1.014511178E+02
      38    2575   8.930897362E+01
      39    2625   8.799021825E+01
      40    2675   8.473799419E+01
      41    2725   7.832902186E+01
      42    2775   7.357139042E+01
      43    2825   6.641454583E+01
      44    2875   6.320372804E+01
      45    2925   5.916003711E+01
      46    2975   5.886691093E+01
