       0     675   1.807732354E+03
       1     725   2.021216435E+03
       2     775   2.440028478E+03
       3     825   2.493892821E+03
       4     875   2.253455866E+03
       5     925   1.595558080E+03
       6     975   1.136847698E+03
       7    1025   1.050105116E+03
       8    1075   1.191642826E+03
       9    1125   1.282267510E+03
      10    1175   1.189264879E+03
      11    1225   9.514593918E+02
      12    1275   7.800403757E+02
      13    1325   7.290501634E+02
      14    1375   7.772232673E+02
      15    1425   8.179925422E+02
      16    1475   7.650980898E+02
      17    1525   6.266638915E+02
      18    1575   4.983330644E+02
      19    1625   4.095563149E+02
      20    1675   3.896757032E+02
      21    1725   4.182175877E+02
      22    1775   3.867848394E+02
      23    1825   3.507685795E+02
      24    1875   2.944732893E+02
      25    1925   2.563967214E+02
      26    1975   2.489693623E+02
      27    2025   2.490343235E+02
      28    2075   2.379703268E+02
      29    2125   2.074527302E+02
      30    2175   1.742393859E+02
      31    2225   1.497515279E+02
      32    2275   1.372192618E+02
      33    2325   1.328627092E+02
      34    2375   1.287450771E+02
      35    2425   1.185301620E+02
      36    2475   1.043912260E+02
      37    2525   9.883915586E+01
      38    2575   8.962440308E+01
      39    2625   8.246543325E+01
      40    2675   8.418063531E+01
      41    2725   7.887441211E+01
      42    2775   7.331481181E+01
      43    2825   6.540906044E+01
      44    2875   6.181073152E+01
      45    2925   5.829112484E+01
      46    2975   5.928979348E+01
