       0     675   1.799505787E+03
       1     725   1.994706954E+03
       2     775   2.408898261E+03
       3     825   2.544087418E+03
       4     875   2.282559559E+03
       5     925   1.554597000E+03
       6     975   1.196080545E+03
       7    1025   1.049602185E+03
       8    1075   1.169693148E+03
       9    1125   1.230736275E+03
      10    1175   1.161048904E+03
      11    1225   9.533724783E+02
      12    1275   7.991026253E+02
      13    1325   7.205640100E+02
      14    1375   7.972980930E+02
      15    1425   8.458612171E+02
      16    1475   7.633706875E+02
      17    1525   6.412985130E+02
      18    1575   4.852705750E+02
      19    1625   4.133127425E+02
      20    1675   3.974242377E+02
      21    1725   4.149304033E+02
      22    1775   4.008131127E+02
      23    1825   3.486637134E+02
      24    1875   2.942327597E+02
      25    1925   2.635268450E+02
      26    1975   2.495027981E+02
      27    2025   2.474536433E+02
      28    2075   2.389378198E+02
      29    2125   2.100029733E+02
      30    2175   1.712592435E+02
      31    2225   1.578130829E+02
      32    2275   1.387449768E+02
      33    2325   1.336237109E+02
      34    2375   1.312464365E+02
      35    2425   1.215661988E+02
      36    2475   1.110154893E+02
      37    2525   9.247892958E+01
      38    2575   9.255075369E+01
      39    2625   8.773467548E+01
      40    2675   8.600516707E+01
      41    2725   8.042102270E+01
      42    2775   7.471223680E+01
      43    2825   7.102586629E+01
      44    2875   6.485086278E+01
      45    2925   5.865037808E+01
      46    2975   5.843319298E+01
