       0     675   1.722187355E+03
       1     725   1.986456451E+03
       2     775   2.405613514E+03
       3     825   2.402979659E+03
       4     875   2.138933260E+03
       5     925   1.680049002E+03
       6     975   1.124791552E+03
       7    1025   1.030689033E+03
       8    1075   1.150406465E+03
       9    1125   1.246170463E+03
      10    1175   1.142435803E+03
      11    1225   9.555037773E+02
      12    1275   7.983045635E+02
      13    1325   7.310894411E+02
      14    1375   7.787179176E+02
      15    1425   7.984002897E+02
      16    1475   7.730422022E+02
      17    1525   6.327583214E+02
      18    1575   4.807194119E+02
      19    1625   4.206587247E+02
      20    1675   3.996431923E+02
      21    1725   4.233218882E+02
      22    1775   4.019633141E+02
      23    1825   3.431703414E+02
      24    1875   2.856689023E+02
      25    1925   2.457285509E+02
      26    1975   2.472831979E+02
      27    2025   2.512328624E+02
      28    2075   2.327337494E+02
      29    2125   2.161020135E+02
      30    2175   1.749524001E+02
      31    2225   1.594022753E+02
      32    2275   1.342045828E+02
      33    2325   1.352925970E+02
      34    2375   1.279829531E+02
      35    2425   1.184867455E+02
      36    2475   1.072344660E+02
      37    2525   9.610234014E+01
      38    2575   8.699674523E+01
      39    2625   8.799083080E+01
      40    2675   8.124849373E+01
      41    2725   8.258918999E+01
      42    2775   7.806660833E+01
      43    2825   7.025185747E+01
      44    2875   6.017057995E+01
      45    2925   6.130824923E+01
      46    2975   6.188633176E+01
