       0     675   1.823533506E+03
       1     725   2.065215580E+03
       2     775   2.351767902E+03
       3     825   2.594262313E+03
       4     875   2.158669394E+03
       5     925   1.590756728E+03
       6     975   1.131958623E+03
       7    1025   1.092475181E+03
       8    1075   1.188304338E+03
       9    1125   1.262164299E+03
      10    1175   1.136896718E+03
      11    1225   9.576653835E+02
      12    1275   7.642260538E+02
      13    1325   7.039764493E+02
      14    1375   7.791817266E+02
      15    1425   8.334108512E+02
      16    1475   7.599873306E+02
      17    1525   6.466367043E+02
      18    1575   4.906598331E+02
      19    1625   4.207143268E+02
      20    1675   4.242790523E+02
      21    1725   4.137648768E+02
      22    1775   3.842529626E+02
      23    1825   3.471945020E+02
      24    1875   2.898945009E+02
      25    1925   2.600696585E+02
      26    1975   2.531535875E+02
      27    2025   2.478473368E+02
      28    2075   2.385160810E+02
      29    2125   2.028489672E+02
      30    2175   1.745047334E+02
      31    2225   1.570293871E+02
      32    2275   1.330935709E+02
      33    2325   1.369357983E+02
      34    2375   1.241334921E+02
      35    2425   1.214802119E+02
      36    2475   1.088421196E+02
      37    2525   9.890246490E+01
      38    2575   9.099958515E+01
      39    2625   8.538844733E+01
      40    2675   8.564871967E+01
      41    2725   7.872918957E+01
      42    2775   7.536954974E+01
      43    2825   6.771751285E+01
      44    2875   6.153880115E+01
      45    2925   6.132919271E+01
      46    2975   5.839470749E+01
