       0     675   1.799686697E+03
       1     725   1.952777423E+03
       2     775   2.394586440E+03
       3     825   2.507383343E+03
       4     875   2.174030711E+03
       5     925   1.669320165E+03
       6     975   1.180755564E+03
       7    1025   1.075280605E+03
       8    1075   1.200344219E+03
       9    1125   1.229685600E+03
      10    1175   1.152470887E+03
      11    1225   9.718130862E+02
      12    1275   7.626261365E+02
      13    1325   7.359304269E+02
      14    1375   8.069580063E+02
      15    1425   8.476284159E+02
      16    1475   7.548789771E+02
      17    1525   6.265353339E+02
      18    1575   4.744110446E+02
      19    1625   4.153089356E+02
      20    1675   4.098458289E+02
      21    1725   4.190565231E+02
      22    1775   3.814159265E+02
      23    1825   3.375581258E+02
      24    1875   2.869034089E+02
      25    1925   2.582795140E+02
      26    1975   2.387868369E+02
      27    2025   2.526233626E+02
      28    2075   2.328612571E+02
      29    2125   2.098027200E+02
      30    2175   1.756065369E+02
      31    2225   1.502236888E+02
      32    2275   1.405794936E+02
      33    2325   1.333194632E+02
      34    2375   1.264263773E+02
      35    2425   1.198247818E+02
      36    2475   1.086593101E+02
      37    2525   9.528379889E+01
      38    2575   9.478691435E+01
      39    2625   8.942542019E+01
      40    2675   8.411530485E+01
      41    2725   7.741867455E+01
      42    2775   7.381105056E+01
      43    2825   6.885657773E+01
      44    2875   6.459131751E+01
      45    2925   6.245780846E+01
      46    2975   6.000749044E+01
