       0     675   1.635281573E+03
       1     725   1.992995144E+03
       2     775   2.281347769E+03
       3     825   2.521347981E+03
       4     875   2.141123258E+03
       5     925   1.609189161E+03
       6     975   1.175808241E+03
       7    1025   1.070513145E+03
       8    1075   1.192228541E+03
       9    1125   1.260177867E+03
      10    1175   1.108738323E+03
      11    1225   9.383512635E+02
      12    1275   7.875244919E+02
      13    1325   7.281594101E+02
      14    1375   8.108139615E+02
      15    1425   8.364338655E+02
      16    1475   7.591219750E+02
      17    1525   6.191607408E+02
      18    1575   5.136925352E+02
      19    1625   4.053556473E+02
      20    1675   4.025492971E+02
      21    1725   4.053352288E+02
      22    1775   3.994931455E+02
      23    1825   3.472198828E+02
      24    1875   3.002306058E+02
      25    1925   2.602290686E+02
      26    1975   2.588420533E+02
      27    2025   2.501789165E+02
      28    2075   2.438356370E+02
      29    2125   2.076266757E+02
      30    2175   1.892518112E+02
      31    2225   1.580330052E+02
      32    2275   1.540657380E+02
      33    2325   1.349657154E+02
      34    2375   1.413864994E+02
      35    2425   1.403257369E+02
      36    2475   1.121248732E+02
      37    2525   7.709536358E+01
      38    2575   9.001447160E+01
      39    2625   6.902727385E+01
      40    2675   9.110494460E+01
      41    2725   5.441331181E+01
      42    2775   1.017880089E+02
