       0     675   1.797939596E+03
       1     725   1.964769398E+03
       2     775   2.320430071E+03
       3     825   2.497023496E+03
       4     875   2.187054906E+03
       5     925   1.684007508E+03
       6     975   1.123514637E+03
       7    1025   1.094416557E+03
       8    1075   1.145611670E+03
       9    1125   1.263427847E+03
      10    1175   1.197769777E+03
      11    1225   9.419043798E+02
      12    1275   7.643839823E+02
      13    1325   7.453443405E+02
      14    1375   7.859853006E+02
      15    1425   8.217313310E+02
      16    1475   7.994939764E+02
      17    1525   6.195443275E+02
      18    1575   4.893469047E+02
      19    1625   4.048979335E+02
      20    1675   4.098786281E+02
      21    1725   4.196144277E+02
      22    1775   4.102627068E+02
      23    1825   3.455812295E+02
      24    1875   3.063761951E+02
      25    1925   2.507808509E+02
      26    1975   2.572277643E+02
      27    2025   2.595487339E+02
      28    2075   2.336951867E+02
      29    2125   2.206650586E+02
      30    2175   1.891327028E+02
      31    2225   1.497194261E+02
      32    2275   1.433912086E+02
      33    2325   1.320581732E+02
      34    2375   1.393429682E+02
      35    2425   1.183752429E+02
      36    2475   1.237166944E+02
      37    2525   8.425566727E+01
      38    2575   9.430073620E+01
      39    2625   9.766267063E+01
      40    2675   9.303618308E+01
      41    2725   6.258378655E+01
      42    2775   8.706254667E+01
