       0     675   1.801863317E+03
       1     725   1.944829117E+03
       2     775   2.430121053E+03
       3     825   2.607605815E+03
       4     875   2.234344573E+03
       5     925   1.563512960E+03
       6     975   1.204833539E+03
       7    1025   1.016147081E+03
       8    1075   1.172687894E+03
       9    1125   1.253524971E+03
      10    1175   1.229045749E+03
      11    1225   9.908401314E+02
      12    1275   7.907561831E+02
      13    1325   7.313844214E+02
      14    1375   8.468280501E+02
      15    1425   8.275114262E+02
      16    1475   7.978292574E+02
      17    1525   6.484230746E+02
      18    1575   4.746026712E+02
      19    1625   4.216365132E+02
      20    1675   4.013918020E+02
      21    1725   4.098125894E+02
      22    1775   3.818817381E+02
      23    1825   3.467984766E+02
      24    1875   2.845409952E+02
      25    1925   2.643890960E+02
      26    1975   2.505261935E+02
      27    2025   2.520668682E+02
      28    2075   2.461484741E+02
      29    2125   2.150788741E+02
      30    2175   1.825159504E+02
      31    2225   1.529584361E+02
      32    2275   1.554485096E+02
      33    2325   1.365403885E+02
      34    2375   1.436321774E+02
      35    2425   1.018431290E+02
      36    2475   1.191499837E+02
      37    2525   1.013582015E+02
      38    2575   8.970241220E+01
      39    2625   9.824264523E+01
      40    2675   8.974226199E+01
      41    2725   8.439106972E+01
      42    2775   8.329236198E+01
