       0     675   1.614285794E+03
       1     725   2.065486812E+03
       2     775   2.439479876E+03
       3     825   2.486519084E+03
       4     875   2.237271347E+03
       5     925   1.665596809E+03
       6     975   1.167771117E+03
       7    1025   1.038245077E+03
       8    1075   1.213700068E+03
       9    1125   1.224679951E+03
      10    1175   1.159991182E+03
      11    1225   9.582333217E+02
      12    1275   8.203541966E+02
      13    1325   7.349801016E+02
      14    1375   7.867082127E+02
      15    1425   7.948615279E+02
      16    1475   7.879724664E+02
      17    1525   6.576694450E+02
      18    1575   4.883532443E+02
      19    1625   4.242859486E+02
      20    1675   3.965683523E+02
      21    1725   4.167719708E+02
      22    1775   4.025830793E+02
      23    1825   3.534382685E+02
      24    1875   2.898620976E+02
      25    1925   2.610023724E+02
      26    1975   2.521920100E+02
      27    2025   2.371320509E+02
      28    2075   2.359571560E+02
      29    2125   2.292949455E+02
      30    2175   1.840620499E+02
      31    2225   1.535664854E+02
      32    2275   1.454130264E+02
      33    2325   1.388238904E+02
      34    2375   1.342785682E+02
      35    2425   1.103107947E+02
      36    2475   1.252017834E+02
      37    2525   9.247127286E+01
      38    2575   6.904490074E+01
      39    2625   1.048749559E+02
      40    2675   1.175467350E+02
      41    2725   8.056984116E+01
      42    2775   1.047074008E+02
