       0     675   1.743256074E+03
       1     725   2.062102274E+03
       2     775   2.381775379E+03
       3     825   2.519720191E+03
       4     875   2.228998864E+03
       5     925   1.610178071E+03
       6     975   1.185087441E+03
       7    1025   1.057598164E+03
       8    1075   1.181938119E+03
       9    1125   1.259952901E+03
      10    1175   1.171256499E+03
      11    1225   9.315542297E+02
      12    1275   7.958137426E+02
      13    1325   7.610640871E+02
      14    1375   7.897113050E+02
      15    1425   8.517515573E+02
      16    1475   7.568101638E+02
      17    1525   6.263136600E+02
      18    1575   4.766462074E+02
      19    1625   4.169024276E+02
      20    1675   4.162256935E+02
      21    1725   4.070689488E+02
      22    1775   4.013500213E+02
      23    1825   3.558379884E+02
      24    1875   3.035951234E+02
      25    1925   2.521065108E+02
      26    1975   2.523984670E+02
      27    2025   2.448144011E+02
      28    2075   2.380711735E+02
      29    2125   2.076416828E+02
      30    2175   1.877101986E+02
      31    2225   1.429491824E+02
      32    2275   1.399291426E+02
      33    2325   1.279225923E+02
      34    2375   1.520463501E+02
      35    2425   1.269624660E+02
      36    2475   1.198656712E+02
      37    2525   8.919526919E+01
      38    2575   1.080029789E+02
      39    2625   9.098474156E+01
      40    2675   8.500194225E+01
      41    2725   9.132298330E+01
      42    2775   1.097696000E+02
