       0     675   1.722180276E+03
       1     725   2.022986833E+03
       2     775   2.287817301E+03
       3     825   2.556765218E+03
       4     875   2.211789126E+03
       5     925   1.657656278E+03
       6     975   1.202293239E+03
       7    1025   1.002150310E+03
       8    1075   1.141990653E+03
       9    1125   1.283101411E+03
      10    1175   1.197814551E+03
      11    1225   9.803564113E+02
      12    1275   7.828157097E+02
      13    1325   7.429089162E+02
      14    1375   7.731420951E+02
      15    1425   8.452441642E+02
      16    1475   7.886666891E+02
      17    1525   6.437478048E+02
      18    1575   4.786922258E+02
      19    1625   4.165170486E+02
      20    1675   4.048695384E+02
      21    1725   4.145217197E+02
      22    1775   4.098264147E+02
      23    1825   3.584107592E+02
      24    1875   2.894733751E+02
      25    1925   2.621305487E+02
      26    1975   2.606280444E+02
      27    2025   2.563305687E+02
      28    2075   2.424419908E+02
      29    2125   2.077691925E+02
      30    2175   1.894845572E+02
      31    2225   1.453305520E+02
      32    2275   1.468005504E+02
      33    2325   1.313409495E+02
      34    2375   1.331006699E+02
      35    2425   1.068650861E+02
      36    2475   1.270871017E+02
      37    2525   9.750253765E+01
      38    2575   8.400244498E+01
      39    2625   1.059795055E+02
      40    2675   1.001351742E+02
      41    2725   5.396356038E+01
      42    2775   1.337301387E+02
