       0     675   1.756353645E+03
       1     725   1.926451016E+03
       2     775   2.451129317E+03
       3     825   2.599164217E+03
       4     875   2.144084434E+03
       5     925   1.521217175E+03
       6     975   1.196101404E+03
       7    1025   1.013362812E+03
       8    1075   1.215366507E+03
       9    1125   1.246288953E+03
      10    1175   1.152603636E+03
      11    1225   9.536110632E+02
      12    1275   7.627130797E+02
      13    1325   7.322620062E+02
      14    1375   7.697385932E+02
      15    1425   8.454850276E+02
      16    1475   7.912150944E+02
      17    1525   6.400699314E+02
      18    1575   4.782633053E+02
      19    1625   4.183172537E+02
      20    1675   4.218054328E+02
      21    1725   4.222352954E+02
      22    1775   3.981704123E+02
      23    1825   3.436902576E+02
      24    1875   2.924632866E+02
      25    1925   2.692857805E+02
      26    1975   2.382242424E+02
      27    2025   2.491738619E+02
      28    2075   2.354404585E+02
      29    2125   2.293391843E+02
      30    2175   1.763052398E+02
      31    2225   1.507617305E+02
      32    2275   1.389543936E+02
      33    2325   1.306725168E+02
      34    2375   1.171706041E+02
      35    2425   9.917767004E+01
      36    2475   1.065659138E+02
      37    2525   9.929741514E+01
      38    2575   7.634699696E+01
      39    2625   9.177195451E+01
      40    2675   6.870835559E+01
      41    2725   7.457705058E+01
      42    2775   1.101944155E+02
