       0     675   1.933313109E+03
       1     725   2.023740178E+03
       2     775   2.298850697E+03
       3     825   2.507660842E+03
       4     875   2.239251627E+03
       5     925   1.577309980E+03
       6     975   1.178288243E+03
       7    1025   1.132762807E+03
       8    1075   1.141279163E+03
       9    1125   1.247922403E+03
      10    1175   1.161593297E+03
      11    1225   9.725710254E+02
      12    1275   7.566290117E+02
      13    1325   7.493572396E+02
      14    1375   8.071829242E+02
      15    1425   8.207271097E+02
      16    1475   7.876005858E+02
      17    1525   6.260375240E+02
      18    1575   4.939983276E+02
      19    1625   4.307423221E+02
      20    1675   4.049809997E+02
      21    1725   4.223965564E+02
      22    1775   3.986632899E+02
      23    1825   3.626428878E+02
      24    1875   3.107219807E+02
      25    1925   2.685175173E+02
      26    1975   2.504582916E+02
      27    2025   2.563299264E+02
      28    2075   2.311457356E+02
      29    2125   2.237543127E+02
      30    2175   1.763224354E+02
      31    2225   1.544366534E+02
      32    2275   1.422269572E+02
      33    2325   1.374090218E+02
      34    2375   1.404368831E+02
      35    2425   1.311808128E+02
      36    2475   9.633729043E+01
      37    2525   9.410685360E+01
      38    2575   1.110523244E+02
      39    2625   7.172440015E+01
      40    2675   1.142643940E+02
      41    2725   5.646500115E+01
      42    2775   7.914171038E+01
