       0     675   1.747032709E+03
       1     725   2.009966321E+03
       2     775   2.388216442E+03
       3     825   2.657866622E+03
       4     875   2.276045932E+03
       5     925   1.667785103E+03
       6     975   1.165637982E+03
       7    1025   1.068487292E+03
       8    1075   1.150940903E+03
       9    1125   1.339362513E+03
      10    1175   1.161407484E+03
      11    1225   9.756399138E+02
      12    1275   7.795062521E+02
      13    1325   7.446296857E+02
      14    1375   7.982211944E+02
      15    1425   8.264018421E+02
      16    1475   7.939567652E+02
      17    1525   6.024562503E+02
      18    1575   5.131083990E+02
      19    1625   4.420094612E+02
      20    1675   4.194813048E+02
      21    1725   4.073174024E+02
      22    1775   4.270905272E+02
      23    1825   3.493390277E+02
      24    1875   2.984749532E+02
      25    1925   2.638780854E+02
      26    1975   2.520306946E+02
      27    2025   2.438088564E+02
      28    2075   2.546806855E+02
      29    2125   2.106927068E+02
      30    2175   1.922307468E+02
      31    2225   1.405939656E+02
      32    2275   1.401649644E+02
      33    2325   1.254586538E+02
      34    2375   1.307220183E+02
      35    2425   1.113470767E+02
      36    2475   1.239882903E+02
      37    2525   9.651383089E+01
      38    2575   8.834404261E+01
      39    2625   1.148631087E+02
      40    2675   5.428896616E+01
      41    2725   1.037101865E+02
      42    2775   7.610029185E+01
