       0     675   1.741615515E+03
       1     725   2.002881531E+03
       2     775   2.579135218E+03
       3     825   2.393106967E+03
       4     875   2.279542348E+03
       5     925   1.630825158E+03
       6     975   1.137378053E+03
       7    1025   1.053938263E+03
       8    1075   1.200192682E+03
       9    1125   1.238146356E+03
      10    1175   1.177616811E+03
      11    1225   9.914986662E+02
      12    1275   7.807628010E+02
      13    1325   7.313678381E+02
      14    1375   7.854895704E+02
      15    1425   8.535598286E+02
      16    1475   7.540235154E+02
      17    1525   6.203955952E+02
      18    1575   5.035527114E+02
      19    1625   4.041260226E+02
      20    1675   4.231005355E+02
      21    1725   4.275275286E+02
      22    1775   3.953837610E+02
      23    1825   3.461274420E+02
      24    1875   2.920865670E+02
      25    1925   2.651462645E+02
      26    1975   2.516954964E+02
      27    2025   2.543236251E+02
      28    2075   2.425281651E+02
      29    2125   2.171174912E+02
      30    2175   1.820459053E+02
      31    2225   1.546440507E+02
      32    2275   1.523256909E+02
      33    2325   1.302414772E+02
      34    2375   1.327118462E+02
      35    2425   1.110879139E+02
      36    2475   1.165203630E+02
      37    2525   9.655427814E+01
      38    2575   8.599825674E+01
      39    2625   9.735302399E+01
      40    2675   6.296376041E+01
      41    2725   7.456776378E+01
      42    2775   9.097181827E+01
