       0     675   1.743536164E+03
       1     725   1.965906765E+03
       2     775   2.389959010E+03
       3     825   2.446951248E+03
       4     875   2.242157159E+03
       5     925   1.638479567E+03
       6     975   1.148030324E+03
       7    1025   1.084489292E+03
       8    1075   1.141320025E+03
       9    1125   1.284031842E+03
      10    1175   1.171407088E+03
      11    1225   9.728578761E+02
      12    1275   7.871046114E+02
      13    1325   7.249565956E+02
      14    1375   8.241899842E+02
      15    1425   8.466316199E+02
      16    1475   8.055163731E+02
      17    1525   6.408186886E+02
      18    1575   4.892679476E+02
      19    1625   4.074450276E+02
      20    1675   4.119835798E+02
      21    1725   4.336376438E+02
      22    1775   4.078700594E+02
      23    1825   3.619068757E+02
      24    1875   2.916482047E+02
      25    1925   2.567608113E+02
      26    1975   2.534723600E+02
      27    2025   2.635150591E+02
      28    2075   2.438419776E+02
      29    2125   2.211707238E+02
      30    2175   1.695710504E+02
      31    2225   1.755713244E+02
      32    2275   1.384463153E+02
      33    2325   1.423274011E+02
      34    2375   1.337591232E+02
      35    2425   1.047828487E+02
      36    2475   1.259889612E+02
      37    2525   1.182030318E+02
      38    2575   9.822237098E+01
      39    2625   8.118489562E+01
      40    2675   6.000394961E+01
      41    2725   6.295964211E+01
      42    2775   6.704871139E+01
