       0     675   1.834610392E+03
       1     725   1.910925687E+03
       2     775   2.395390071E+03
       3     825   2.544563278E+03
       4     875   2.247146451E+03
       5     925   1.647927623E+03
       6     975   1.188187322E+03
       7    1025   9.939946520E+02
       8    1075   1.195408665E+03
       9    1125   1.266408508E+03
      10    1175   1.193073387E+03
      11    1225   9.338934415E+02
      12    1275   7.771170661E+02
      13    1325   7.384662680E+02
      14    1375   7.979793288E+02
      15    1425   8.687464817E+02
      16    1475   7.826681612E+02
      17    1525   6.437405045E+02
      18    1575   4.836062250E+02
      19    1625   4.125110948E+02
      20    1675   4.138754972E+02
      21    1725   4.330439628E+02
      22    1775   4.051510182E+02
      23    1825   3.453149284E+02
      24    1875   3.117225380E+02
      25    1925   2.473271138E+02
      26    1975   2.556602713E+02
      27    2025   2.460457229E+02
      28    2075   2.409404013E+02
      29    2125   2.232028174E+02
      30    2175   1.769324661E+02
      31    2225   1.365962689E+02
      32    2275   1.417873036E+02
      33    2325   1.492526019E+02
      34    2375   1.555057114E+02
      35    2425   1.150874359E+02
      36    2475   1.277928918E+02
      37    2525   1.222967464E+02
      38    2575   8.104311820E+01
      39    2625   9.859363375E+01
      40    2675   6.674519934E+01
      41    2725   7.586080733E+01
      42    2775   7.263400159E+01
