       0     675   1.713400940E+03
       1     725   1.953241025E+03
       2     775   2.438585654E+03
       3     825   2.515824787E+03
       4     875   2.149530118E+03
       5     925   1.611261513E+03
       6     975   1.138110758E+03
       7    1025   1.071488749E+03
       8    1075   1.190950704E+03
       9    1125   1.305543740E+03
      10    1175   1.156339432E+03
      11    1225   1.015890162E+03
      12    1275   7.802218604E+02
      13    1325   7.323981512E+02
      14    1375   8.126181126E+02
      15    1425   8.587037518E+02
      16    1475   7.846987171E+02
      17    1525   6.295525529E+02
      18    1575   4.994152425E+02
      19    1625   4.347218876E+02
      20    1675   4.092854752E+02
      21    1725   4.155115672E+02
      22    1775   4.045693105E+02
      23    1825   3.602968650E+02
      24    1875   2.910127481E+02
      25    1925   2.624250239E+02
      26    1975   2.590830069E+02
      27    2025   2.512525079E+02
      28    2075   2.636648718E+02
      29    2125   2.288247103E+02
      30    2175   1.669434746E+02
      31    2225   1.502734215E+02
      32    2275   1.412140706E+02
      33    2325   1.300581395E+02
      34    2375   1.347404644E+02
      35    2425   1.173552901E+02
      36    2475   9.559042711E+01
      37    2525   1.133734646E+02
      38    2575   1.079076086E+02
      39    2625   8.470069223E+01
      40    2675   9.656493625E+01
      41    2725   9.388703090E+01
      42    2775   1.019265651E+02
