       0     675   1.729942137E+03
       1     725   1.967018988E+03
       2     775   2.312328364E+03
       3     825   2.491493998E+03
       4     875   2.230910453E+03
       5     925   1.686355035E+03
       6     975   1.177633436E+03
       7    1025   1.049774175E+03
       8    1075   1.168457028E+03
       9    1125   1.230441084E+03
      10    1175   1.186864010E+03
      11    1225   9.767292858E+02
      12    1275   7.519806181E+02
      13    1325   7.434267882E+02
      14    1375   7.980883875E+02
      15    1425   8.529133796E+02
      16    1475   7.869061140E+02
      17    1525   6.269962727E+02
      18    1575   4.914453072E+02
      19    1625   4.194558382E+02
      20    1675   4.168287150E+02
      21    1725   4.275146437E+02
      22    1775   3.932959308E+02
      23    1825   3.620655317E+02
      24    1875   2.973461310E+02
      25    1925   2.680381943E+02
      26    1975   2.520428183E+02
      27    2025   2.390214159E+02
      28    2075   2.559367511E+02
      29    2125   2.065959257E+02
      30    2175   1.846790782E+02
      31    2225   1.538456027E+02
      32    2275   1.516316298E+02
      33    2325   1.505818864E+02
      34    2375   1.373717330E+02
      35    2425   1.225866401E+02
      36    2475   1.054059867E+02
      37    2525   1.285486610E+02
      38    2575   1.004784136E+02
      39    2625   8.061564095E+01
      40    2675   8.668799826E+01
      41    2725   8.197059022E+01
      42    2775   1.431675495E+02
