       0     675   1.792186588E+03
       1     725   1.929010059E+03
       2     775   2.330176716E+03
       3     825   2.505464738E+03
       4     875   2.173709846E+03
       5     925   1.604217160E+03
       6     975   1.237565951E+03
       7    1025   1.014258963E+03
       8    1075   1.136678333E+03
       9    1125   1.262489079E+03
      10    1175   1.144892234E+03
      11    1225   9.795489053E+02
      12    1275   8.041620582E+02
      13    1325   7.395412456E+02
      14    1375   8.102226751E+02
      15    1425   8.501375645E+02
      16    1475   7.313715824E+02
      17    1525   6.376960945E+02
      18    1575   5.004328144E+02
      19    1625   4.242691876E+02
      20    1675   3.988709658E+02
      21    1725   4.140228705E+02
      22    1775   4.087759190E+02
      23    1825   3.499994297E+02
      24    1875   2.912494783E+02
      25    1925   2.522790488E+02
      26    1975   2.587966567E+02
      27    2025   2.574008492E+02
      28    2075   2.510640775E+02
      29    2125   2.204604666E+02
      30    2175   1.755117847E+02
      31    2225   1.393673642E+02
      32    2275   1.409501466E+02
      33    2325   1.313402619E+02
      34    2375   1.318876972E+02
      35    2425   1.279808837E+02
      36    2475   8.703797057E+01
      37    2525   1.029235883E+02
      38    2575   1.024052077E+02
      39    2625   9.241465409E+01
      40    2675   8.624291210E+01
      41    2725   1.023899049E+02
      42    2775   9.917339333E+01
