       0     675   1.799701521E+03
       1     725   2.048358542E+03
       2     775   2.411255300E+03
       3     825   2.613657807E+03
       4     875   2.206838032E+03
       5     925   1.616160861E+03
       6     975   1.196421885E+03
       7    1025   1.098183763E+03
       8    1075   1.193785320E+03
       9    1125   1.280096844E+03
      10    1175   1.214434446E+03
      11    1225   9.816083869E+02
      12    1275   7.616929934E+02
      13    1325   7.336799256E+02
      14    1375   7.947438068E+02
      15    1425   8.365363303E+02
      16    1475   7.893393663E+02
      17    1525   6.285451668E+02
      18    1575   4.923358955E+02
      19    1625   4.430885404E+02
      20    1675   4.014244912E+02
      21    1725   4.277678866E+02
      22    1775   4.086630120E+02
      23    1825   3.497837248E+02
      24    1875   3.040814022E+02
      25    1925   2.540798235E+02
      26    1975   2.420827968E+02
      27    2025   2.643435467E+02
      28    2075   2.505921214E+02
      29    2125   2.246695802E+02
      30    2175   1.861936507E+02
      31    2225   1.558398638E+02
      32    2275   1.454380363E+02
      33    2325   1.284535674E+02
      34    2375   1.293200093E+02
      35    2425   1.358109328E+02
      36    2475   1.204461503E+02
      37    2525   8.169023192E+01
      38    2575   1.128040900E+02
      39    2625   7.773869115E+01
      40    2675   8.698598197E+01
      41    2725   6.070751713E+01
      42    2775   1.300807362E+02
