       0     675   1.872934252E+03
       1     725   1.985010276E+03
       2     775   2.320790910E+03
       3     825   2.536057386E+03
       4     875   2.302208422E+03
       5     925   1.615063509E+03
       6     975   1.157587113E+03
       7    1025   1.101164601E+03
       8    1075   1.158905984E+03
       9    1125   1.281533738E+03
      10    1175   1.186321399E+03
      11    1225   9.641893756E+02
      12    1275   7.521739883E+02
      13    1325   7.447935536E+02
      14    1375   7.874504917E+02
      15    1425   8.796994287E+02
      16    1475   7.686005789E+02
      17    1525   6.264073241E+02
      18    1575   5.098102742E+02
      19    1625   4.084307092E+02
      20    1675   4.317035127E+02
      21    1725   4.169574923E+02
      22    1775   4.019486962E+02
      23    1825   3.618126917E+02
      24    1875   2.927304127E+02
      25    1925   2.631646691E+02
      26    1975   2.622367938E+02
      27    2025   2.485227441E+02
      28    2075   2.441067251E+02
      29    2125   2.133357864E+02
      30    2175   1.809105499E+02
      31    2225   1.518158198E+02
      32    2275   1.393341965E+02
      33    2325   1.412129108E+02
      34    2375   1.483045663E+02
      35    2425   1.220126714E+02
      36    2475   1.111638741E+02
      37    2525   8.946532135E+01
      38    2575   1.274170489E+02
      39    2625   8.685041340E+01
      40    2675   8.808735672E+01
      41    2725   5.168763872E+01
      42    2775   9.534834521E+01
