       0     675   1.864070576E+03
       1     725   2.051062038E+03
       2     775   2.387408546E+03
       3     825   2.548684864E+03
       4     875   2.329467995E+03
       5     925   1.569717745E+03
       6     975   1.257425953E+03
       7    1025   1.086625313E+03
       8    1075   1.177253385E+03
       9    1125   1.257667168E+03
      10    1175   1.190596424E+03
      11    1225   9.495129097E+02
      12    1275   7.695122091E+02
      13    1325   7.654117019E+02
      14    1375   7.976860381E+02
      15    1425   8.317123676E+02
      16    1475   7.782452593E+02
      17    1525   6.163654676E+02
      18    1575   5.137044542E+02
      19    1625   4.024817258E+02
      20    1675   4.113099412E+02
      21    1725   4.179266044E+02
      22    1775   4.012554170E+02
      23    1825   3.456110824E+02
      24    1875   3.142105789E+02
      25    1925   2.638495113E+02
      26    1975   2.491466498E+02
      27    2025   2.570495780E+02
      28    2075   2.422663952E+02
      29    2125   2.234891234E+02
      30    2175   1.786943415E+02
      31    2225   1.517686458E+02
      32    2275   1.457675409E+02
      33    2325   1.215828661E+02
      34    2375   1.257806359E+02
      35    2425   1.384840732E+02
      36    2475   1.294625736E+02
      37    2525   1.036248391E+02
      38    2575   9.786988055E+01
      39    2625   1.269912745E+02
      40    2675   5.083249729E+01
      41    2725   9.517958076E+01
      42    2775   1.101457870E+02
