       0     675   1.743783517E+03
       1     725   1.958492421E+03
       2     775   2.323633533E+03
       3     825   2.444998359E+03
       4     875   2.317068333E+03
       5     925   1.613547545E+03
       6     975   1.115766383E+03
       7    1025   1.091071167E+03
       8    1075   1.166808599E+03
       9    1125   1.300655802E+03
      10    1175   1.202975972E+03
      11    1225   9.794687335E+02
      12    1275   7.870630530E+02
      13    1325   7.495214513E+02
      14    1375   8.031179017E+02
      15    1425   8.458474977E+02
      16    1475   7.929752393E+02
      17    1525   6.313157574E+02
      18    1575   4.941746973E+02
      19    1625   4.017858744E+02
      20    1675   3.971306274E+02
      21    1725   4.115879146E+02
      22    1775   4.077644270E+02
      23    1825   3.473508910E+02
      24    1875   2.930668985E+02
      25    1925   2.520540721E+02
      26    1975   2.563982761E+02
      27    2025   2.425597774E+02
      28    2075   2.437053625E+02
      29    2125   2.088520453E+02
      30    2175   1.882028225E+02
      31    2225   1.539386998E+02
      32    2275   1.334555107E+02
      33    2325   1.353634221E+02
      34    2375   1.249749062E+02
      35    2425   1.155458272E+02
      36    2475   1.024715736E+02
      37    2525   1.138161757E+02
      38    2575   9.050776718E+01
      39    2625   9.587106703E+01
      40    2675   6.830876118E+01
      41    2725   8.081812596E+01
      42    2775   5.173044546E+01
