       0     675   1.728630137E+03
       1     725   2.027684844E+03
       2     775   2.443441856E+03
       3     825   2.588992731E+03
       4     875   2.137389761E+03
       5     925   1.606041108E+03
       6     975   1.171804612E+03
       7    1025   1.104547733E+03
       8    1075   1.135817866E+03
       9    1125   1.315405866E+03
      10    1175   1.118225628E+03
      11    1225   9.794704648E+02
      12    1275   7.789051668E+02
      13    1325   7.509504034E+02
      14    1375   7.572976732E+02
      15    1425   8.420468027E+02
      16    1475   8.006322783E+02
      17    1525   6.381258568E+02
      18    1575   4.917414650E+02
      19    1625   4.222673699E+02
      20    1675   4.175187754E+02
      21    1725   4.020097054E+02
      22    1775   3.964623730E+02
      23    1825   3.518513170E+02
      24    1875   3.044697506E+02
      25    1925   2.578662969E+02
      26    1975   2.516645355E+02
      27    2025   2.458376487E+02
      28    2075   2.411150492E+02
      29    2125   2.103769284E+02
      30    2175   1.803456929E+02
      31    2225   1.516291490E+02
      32    2275   1.444019536E+02
      33    2325   1.428701305E+02
      34    2375   1.248875740E+02
      35    2425   1.224787227E+02
      36    2475   1.167431109E+02
      37    2525   9.807507109E+01
      38    2575   9.194323832E+01
      39    2625   9.814083722E+01
      40    2675   1.031296906E+02
      41    2725   7.201402250E+01
      42    2775   6.312138855E+01
