       0     675   1.749367742E+03
       1     725   2.044557910E+03
       2     775   2.428714591E+03
       3     825   2.480007781E+03
       4     875   2.126609372E+03
       5     925   1.653191132E+03
       6     975   1.139336984E+03
       7    1025   1.074408290E+03
       8    1075   1.162670499E+03
       9    1125   1.283769199E+03
      10    1175   1.151996144E+03
      11    1225   9.422958237E+02
      12    1275   8.093128608E+02
      13    1325   7.405974260E+02
      14    1375   8.026344022E+02
      15    1425   8.266568736E+02
      16    1475   7.824713897E+02
      17    1525   6.327839953E+02
      18    1575   4.927712076E+02
      19    1625   4.047217908E+02
      20    1675   4.116868343E+02
      21    1725   3.981019376E+02
      22    1775   4.104617575E+02
      23    1825   3.575788794E+02
      24    1875   2.981239101E+02
      25    1925   2.531543381E+02
      26    1975   2.465994518E+02
      27    2025   2.594506617E+02
      28    2075   2.386511940E+02
      29    2125   2.280925936E+02
      30    2175   1.823406838E+02
      31    2225   1.519888450E+02
      32    2275   1.427765683E+02
      33    2325   1.381085863E+02
      34    2375   1.217279413E+02
      35    2425   1.256780393E+02
      36    2475   1.049931769E+02
      37    2525   1.027900952E+02
      38    2575   9.133352966E+01
      39    2625   7.619504759E+01
      40    2675   7.510971459E+01
      41    2725   8.251069661E+01
      42    2775   1.125526701E+02
