       0     675   1.704091092E+03
       1     725   1.964649596E+03
       2     775   2.448789968E+03
       3     825   2.490007304E+03
       4     875   2.193923632E+03
       5     925   1.582042886E+03
       6     975   1.198608230E+03
       7    1025   1.031625594E+03
       8    1075   1.149450355E+03
       9    1125   1.274357401E+03
      10    1175   1.138352453E+03
      11    1225   9.778083151E+02
      12    1275   7.521877864E+02
      13    1325   7.427444556E+02
      14    1375   7.970750377E+02
      15    1425   8.329888620E+02
      16    1475   7.837487209E+02
      17    1525   6.414862869E+02
      18    1575   4.833945480E+02
      19    1625   4.182712251E+02
      20    1675   4.074901372E+02
      21    1725   4.064646213E+02
      22    1775   4.037270820E+02
      23    1825   3.584978088E+02
      24    1875   2.937621411E+02
      25    1925   2.604666007E+02
      26    1975   2.492126275E+02
      27    2025   2.451545703E+02
      28    2075   2.451992831E+02
      29    2125   2.134332633E+02
      30    2175   1.755062056E+02
      31    2225   1.677114645E+02
      32    2275   1.481091685E+02
      33    2325   1.736976935E+02
      34    2375   1.229299342E+02
      35    2425   1.132547959E+02
      36    2475   1.003527392E+02
      37    2525   1.209148302E+02
      38    2575   1.085873344E+02
      39    2625   8.994259961E+01
      40    2675   1.260631416E+02
      41    2725   7.437509103E+01
      42    2775   9.418739820E+01
