       0     675   1.784444153E+03
       1     725   1.963563473E+03
       2     775   2.275205135E+03
       3     825   2.652851065E+03
       4     875   2.114265587E+03
       5     925   1.627871058E+03
       6     975   1.194452550E+03
       7    1025   1.027960306E+03
       8    1075   1.191559717E+03
       9    1125   1.264626901E+03
      10    1175   1.134098102E+03
      11    1225   9.254027954E+02
      12    1275   7.785901251E+02
      13    1325   7.457241001E+02
      14    1375   8.047626274E+02
      15    1425   8.107912075E+02
      16    1475   7.868932352E+02
      17    1525   6.417423367E+02
      18    1575   4.863865911E+02
      19    1625   4.186544451E+02
      20    1675   4.081374200E+02
      21    1725   4.127076394E+02
      22    1775   3.945513556E+02
      23    1825   3.403529645E+02
      24    1875   2.968954972E+02
      25    1925   2.634843550E+02
      26    1975   2.513084395E+02
      27    2025   2.577362629E+02
      28    2075   2.277409570E+02
      29    2125   2.028775109E+02
      30    2175   1.786561342E+02
      31    2225   1.586911527E+02
      32    2275   1.466328902E+02
      33    2325   1.406477689E+02
      34    2375   1.308683718E+02
      35    2425   1.243048811E+02
      36    2475   9.535246316E+01
      37    2525   8.753058983E+01
      38    2575   8.703483137E+01
      39    2625   7.360716781E+01
      40    2675   7.690440648E+01
      41    2725   7.939758894E+01
      42    2775   9.517365171E+01
