       0     675   1.865822228E+03
       1     725   1.973422990E+03
       2     775   2.284602392E+03
       3     825   2.621179398E+03
       4     875   2.181270282E+03
       5     925   1.737203697E+03
       6     975   1.190012777E+03
       7    1025   1.020445641E+03
       8    1075   1.178481579E+03
       9    1125   1.243063981E+03
      10    1175   1.201767036E+03
      11    1225   9.753178591E+02
      12    1275   7.731240928E+02
      13    1325   7.543113970E+02
      14    1375   8.056820060E+02
      15    1425   8.375081082E+02
      16    1475   7.698201346E+02
      17    1525   6.276544385E+02
      18    1575   5.119205519E+02
      19    1625   4.060339631E+02
      20    1675   4.050551499E+02
      21    1725   4.239912027E+02
      22    1775   3.937440304E+02
      23    1825   3.425175779E+02
      24    1875   2.899320686E+02
      25    1925   2.532232725E+02
      26    1975   2.475939487E+02
      27    2025   2.623265633E+02
      28    2075   2.455917578E+02
      29    2125   2.196205762E+02
      30    2175   1.800881190E+02
      31    2225   1.573542368E+02
      32    2275   1.346452460E+02
      33    2325   1.551629204E+02
      34    2375   1.360280924E+02
      35    2425   1.323620598E+02
      36    2475   9.451294296E+01
      37    2525   1.089445006E+02
      38    2575   1.097932658E+02
      39    2625   1.057171469E+02
      40    2675   9.910816256E+01
      41    2725   9.741850036E+01
      42    2775   8.179074873E+01
