       0     675   1.711673647E+03
       1     725   1.982544903E+03
       2     775   2.439302327E+03
       3     825   2.535338531E+03
       4     875   2.173768632E+03
       5     925   1.600115240E+03
       6     975   1.212398496E+03
       7    1025   1.024414835E+03
       8    1075   1.158331202E+03
       9    1125   1.273779965E+03
      10    1175   1.195956707E+03
      11    1225   9.779618311E+02
      12    1275   7.624098383E+02
      13    1325   7.473885585E+02
      14    1375   7.942818185E+02
      15    1425   8.433830204E+02
      16    1475   7.613269003E+02
      17    1525   6.305376088E+02
      18    1575   4.915705575E+02
      19    1625   4.092977659E+02
      20    1675   3.977634222E+02
      21    1725   4.130900232E+02
      22    1775   4.062221494E+02
      23    1825   3.449878000E+02
      24    1875   2.961494596E+02
      25    1925   2.528921551E+02
      26    1975   2.549055181E+02
      27    2025   2.466770935E+02
      28    2075   2.355097528E+02
      29    2125   2.111295689E+02
      30    2175   1.746968695E+02
      31    2225   1.636700078E+02
      32    2275   1.230082680E+02
      33    2325   1.444727127E+02
      34    2375   1.325536162E+02
      35    2425   1.205691995E+02
      36    2475   1.088142315E+02
      37    2525   1.063567147E+02
      38    2575   9.082890374E+01
      39    2625   8.521476705E+01
      40    2675   1.119010459E+02
      41    2725   7.070546951E+01
      42    2775   7.239946795E+01
