       0     675   1.851283880E+03
       1     725   1.980644447E+03
       2     775   2.386203411E+03
       3     825   2.525957994E+03
       4     875   2.250588110E+03
       5     925   1.556651877E+03
       6     975   1.192882499E+03
       7    1025   1.062470144E+03
       8    1075   1.151007616E+03
       9    1125   1.258715930E+03
      10    1175   1.135365765E+03
      11    1225   9.516219048E+02
      12    1275   7.666017588E+02
      13    1325   7.255824133E+02
      14    1375   8.206348843E+02
      15    1425   8.384148376E+02
      16    1475   7.660633528E+02
      17    1525   6.253930816E+02
      18    1575   4.912081377E+02
      19    1625   4.169761905E+02
      20    1675   4.098572929E+02
      21    1725   4.156226984E+02
      22    1775   3.926769179E+02
      23    1825   3.385250610E+02
      24    1875   2.835319433E+02
      25    1925   2.518020510E+02
      26    1975   2.611009039E+02
      27    2025   2.563392111E+02
      28    2075   2.439146761E+02
      29    2125   2.249776172E+02
      30    2175   1.757249068E+02
      31    2225   1.473006295E+02
      32    2275   1.432556426E+02
      33    2325   1.411363906E+02
      34    2375   1.313321479E+02
      35    2425   1.170479309E+02
      36    2475   1.214919351E+02
      37    2525   8.943467749E+01
      38    2575   8.466922052E+01
      39    2625   1.138526018E+02
      40    2675   9.471947757E+01
      41    2725   7.029870438E+01
      42    2775   8.032480459E+01
