       0     675   1.750762817E+03
       1     725   1.994439192E+03
       2     775   2.445018318E+03
       3     825   2.482913010E+03
       4     875   2.206108595E+03
       5     925   1.612308451E+03
       6     975   1.203690906E+03
       7    1025   1.012513391E+03
       8    1075   1.145352207E+03
       9    1125   1.260549663E+03
      10    1175   1.187794057E+03
      11    1225   9.481588442E+02
      12    1275   7.575189164E+02
      13    1325   7.430560108E+02
      14    1375   7.990905444E+02
      15    1425   8.236072565E+02
      16    1475   7.892603575E+02
      17    1525   6.286715730E+02
      18    1575   4.941998607E+02
      19    1625   4.166753200E+02
      20    1675   4.107348023E+02
      21    1725   4.196590317E+02
      22    1775   3.937577359E+02
      23    1825   3.678103937E+02
      24    1875   3.037212901E+02
      25    1925   2.628520183E+02
      26    1975   2.619251734E+02
      27    2025   2.442409361E+02
      28    2075   2.458355965E+02
      29    2125   2.191778549E+02
      30    2175   1.619113861E+02
      31    2225   1.599842538E+02
      32    2275   1.417938157E+02
      33    2325   1.401741897E+02
      34    2375   1.327189282E+02
      35    2425   1.259808139E+02
      36    2475   1.042952845E+02
      37    2525   1.196546302E+02
      38    2575   9.243479554E+01
      39    2625   8.893811614E+01
      40    2675   9.919560880E+01
      41    2725   9.211584921E+01
      42    2775   8.459440950E+01
