       0     675   1.892321170E+03
       1     725   2.059875314E+03
       2     775   2.382273668E+03
       3     825   2.489441680E+03
       4     875   2.264809405E+03
       5     925   1.654162487E+03
       6     975   1.152057028E+03
       7    1025   1.073484771E+03
       8    1075   1.183169102E+03
       9    1125   1.283434867E+03
      10    1175   1.215863769E+03
      11    1225   9.386412198E+02
      12    1275   7.692698124E+02
      13    1325   7.549769820E+02
      14    1375   8.068323542E+02
      15    1425   8.238972558E+02
      16    1475   8.055762388E+02
      17    1525   6.519145556E+02
      18    1575   4.779026788E+02
      19    1625   4.181960606E+02
      20    1675   4.010535216E+02
      21    1725   4.074523751E+02
      22    1775   4.057397658E+02
      23    1825   3.529663607E+02
      24    1875   3.036401678E+02
      25    1925   2.587094413E+02
      26    1975   2.494643264E+02
      27    2025   2.588622038E+02
      28    2075   2.397205840E+02
      29    2125   2.267193769E+02
      30    2175   1.874962171E+02
      31    2225   1.519755432E+02
      32    2275   1.307230264E+02
      33    2325   1.413197689E+02
      34    2375   1.614580294E+02
      35    2425   1.308321334E+02
      36    2475   1.162185614E+02
      37    2525   1.183890471E+02
      38    2575   6.600324954E+01
      39    2625   1.262709305E+02
      40    2675   9.071274133E+01
      41    2725   4.994782463E+01
      42    2775   1.295881620E+02
