       0     675   1.776770259E+03
       1     725   1.991691610E+03
       2     775   2.340092463E+03
       3     825   2.476680310E+03
       4     875   2.193714231E+03
       5     925   1.636370127E+03
       6     975   1.096650994E+03
       7    1025   1.104501277E+03
       8    1075   1.163044430E+03
       9    1125   1.286946550E+03
      10    1175   1.168138551E+03
      11    1225   9.346754304E+02
      12    1275   8.047262797E+02
      13    1325   7.720601874E+02
      14    1375   7.911552578E+02
      15    1425   8.371823527E+02
      16    1475   8.142862688E+02
      17    1525   6.487183035E+02
      18    1575   4.812804735E+02
      19    1625   4.341249827E+02
      20    1675   4.077532883E+02
      21    1725   4.312653925E+02
      22    1775   3.923611407E+02
      23    1825   3.389830212E+02
      24    1875   3.029614620E+02
      25    1925   2.582959739E+02
      26    1975   2.500882769E+02
      27    2025   2.435562700E+02
      28    2075   2.438007167E+02
      29    2125   2.250784188E+02
      30    2175   1.768942161E+02
      31    2225   1.579285454E+02
      32    2275   1.452334455E+02
      33    2325   1.294304405E+02
      34    2375   1.191410763E+02
      35    2425   1.409173730E+02
      36    2475   1.057419368E+02
      37    2525   1.196088529E+02
      38    2575   9.399917645E+01
      39    2625   5.614517826E+01
      40    2675   8.234455110E+01
      41    2725   9.613569111E+01
      42    2775   6.979890100E+01
