       0     675   1.779412837E+03
       1     725   1.870528866E+03
       2     775   2.440228907E+03
       3     825   2.640850328E+03
       4     875   2.090972075E+03
       5     925   1.601077299E+03
       6     975   1.197840397E+03
       7    1025   1.023679561E+03
       8    1075   1.173528639E+03
       9    1125   1.259692384E+03
      10    1175   1.166947470E+03
      11    1225   9.805333233E+02
      12    1275   7.496040695E+02
      13    1325   7.613269957E+02
      14    1375   7.788159658E+02
      15    1425   8.810739103E+02
      16    1475   7.460715154E+02
      17    1525   6.493767520E+02
      18    1575   4.893956433E+02
      19    1625   4.064751566E+02
      20    1675   4.115269832E+02
      21    1725   4.037528769E+02
      22    1775   3.877178607E+02
      23    1825   3.551329240E+02
      24    1875   3.081604149E+02
      25    1925   2.519920189E+02
      26    1975   2.485654351E+02
      27    2025   2.475045491E+02
      28    2075   2.459806134E+02
      29    2125   2.155405849E+02
      30    2175   1.708706741E+02
      31    2225   1.376805182E+02
      32    2275   1.297873832E+02
      33    2325   1.407113525E+02
      34    2375   1.336728805E+02
      35    2425   1.256415382E+02
      36    2475   1.115658063E+02
      37    2525   1.011146309E+02
      38    2575   1.094844371E+02
      39    2625   8.838719094E+01
      40    2675   8.545776101E+01
      41    2725   4.126203620E+01
      42    2775   9.785937987E+01
