       0     675   1.776305072E+03
       1     725   1.983558461E+03
       2     775   2.491625949E+03
       3     825   2.578525301E+03
       4     875   2.114964098E+03
       5     925   1.655321319E+03
       6     975   1.169062001E+03
       7    1025   1.094064323E+03
       8    1075   1.145026516E+03
       9    1125   1.220671376E+03
      10    1175   1.214032895E+03
      11    1225   9.453059311E+02
      12    1275   7.648991660E+02
      13    1325   7.423120188E+02
      14    1375   7.829261205E+02
      15    1425   8.379587092E+02
      16    1475   7.955911358E+02
      17    1525   5.990625507E+02
      18    1575   5.080132718E+02
      19    1625   4.105239417E+02
      20    1675   3.953940420E+02
      21    1725   4.181746520E+02
      22    1775   3.967913989E+02
      23    1825   3.402457579E+02
      24    1875   3.025529605E+02
      25    1925   2.694430301E+02
      26    1975   2.410361542E+02
      27    2025   2.448060106E+02
      28    2075   2.373801016E+02
      29    2125   2.103210311E+02
      30    2175   1.781996457E+02
      31    2225   1.621919586E+02
      32    2275   1.467733676E+02
      33    2325   1.670528715E+02
      34    2375   1.400844110E+02
      35    2425   1.363258939E+02
      36    2475   1.179723113E+02
      37    2525   9.022533587E+01
      38    2575   9.008360907E+01
      39    2625   8.243437171E+01
      40    2675   9.376744937E+01
      41    2725   9.851558063E+01
      42    2775   6.428054029E+01
