       0     675   1.747391653E+03
       1     725   1.958375680E+03
       2     775   2.512965708E+03
       3     825   2.562728956E+03
       4     875   2.153056768E+03
       5     925   1.669050660E+03
       6     975   1.209836708E+03
       7    1025   1.055672339E+03
       8    1075   1.194053162E+03
       9    1125   1.249208726E+03
      10    1175   1.186501206E+03
      11    1225   9.729675141E+02
      12    1275   7.920301991E+02
      13    1325   7.307597678E+02
      14    1375   8.221342929E+02
      15    1425   8.380728590E+02
      16    1475   8.084427491E+02
      17    1525   6.336979636E+02
      18    1575   4.948687485E+02
      19    1625   4.023733235E+02
      20    1675   3.995914097E+02
      21    1725   4.258824543E+02
      22    1775   4.024450408E+02
      23    1825   3.612727634E+02
      24    1875   2.936666048E+02
      25    1925   2.636067689E+02
      26    1975   2.383212206E+02
      27    2025   2.457193868E+02
      28    2075   2.379109953E+02
      29    2125   2.245026170E+02
      30    2175   1.744924435E+02
      31    2225   1.483708792E+02
      32    2275   1.495663255E+02
      33    2325   1.430684941E+02
      34    2375   1.302262808E+02
      35    2425   1.203032274E+02
      36    2475   1.012330457E+02
      37    2525   9.403106644E+01
      38    2575   6.567280732E+01
      39    2625   1.040412860E+02
      40    2675   9.327968192E+01
      41    2725   8.333228639E+01
      42    2775   7.880947627E+01
