       0     675   1.796480808E+03
       1     725   2.116077815E+03
       2     775   2.403541088E+03
       3     825   2.498135067E+03
       4     875   2.147451477E+03
       5     925   1.668577342E+03
       6     975   1.174561570E+03
       7    1025   1.108211816E+03
       8    1075   1.193214039E+03
       9    1125   1.247034621E+03
      10    1175   1.163626768E+03
      11    1225   9.601345482E+02
      12    1275   7.660843310E+02
      13    1325   7.308775713E+02
      14    1375   8.144697649E+02
      15    1425   8.410081186E+02
      16    1475   7.705298556E+02
      17    1525   6.375652358E+02
      18    1575   4.967435845E+02
      19    1625   4.172416349E+02
      20    1675   4.017388271E+02
      21    1725   3.990188061E+02
      22    1775   4.080690168E+02
      23    1825   3.512983614E+02
      24    1875   2.863491215E+02
      25    1925   2.594796797E+02
      26    1975   2.538560031E+02
      27    2025   2.432124889E+02
      28    2075   2.456491874E+02
      29    2125   2.076354077E+02
      30    2175   1.756058685E+02
      31    2225   1.347336400E+02
      32    2275   1.424113730E+02
      33    2325   1.298024166E+02
      34    2375   1.231832778E+02
      35    2425   1.075325026E+02
      36    2475   1.160052195E+02
      37    2525   1.132917881E+02
      38    2575   1.008291490E+02
      39    2625   6.501347701E+01
      40    2675   1.132041485E+02
      41    2725   7.336873852E+01
      42    2775   1.004076049E+02
