       0     675   1.805518534E+03
       1     725   1.942836687E+03
       2     775   2.365136638E+03
       3     825   2.602543856E+03
       4     875   2.126802532E+03
       5     925   1.602133011E+03
       6     975   1.232902562E+03
       7    1025   1.087582022E+03
       8    1075   1.179590666E+03
       9    1125   1.225977005E+03
      10    1175   1.146885085E+03
      11    1225   9.736698855E+02
      12    1275   7.647372100E+02
      13    1325   7.520377698E+02
      14    1375   7.925342428E+02
      15    1425   8.039049386E+02
      16    1475   7.601346680E+02
      17    1525   6.412287698E+02
      18    1575   4.883749986E+02
      19    1625   4.111937821E+02
      20    1675   4.114946169E+02
      21    1725   4.245596650E+02
      22    1775   4.110430366E+02
      23    1825   3.458600854E+02
      24    1875   2.976070894E+02
      25    1925   2.407499455E+02
      26    1975   2.634758501E+02
      27    2025   2.510523562E+02
      28    2075   2.336629146E+02
      29    2125   2.131935055E+02
      30    2175   1.972219959E+02
      31    2225   1.557308117E+02
      32    2275   1.373892021E+02
      33    2325   1.423989532E+02
      34    2375   1.388842207E+02
      35    2425   1.188636025E+02
      36    2475   9.961665352E+01
      37    2525   1.243082849E+02
      38    2575   9.621608809E+01
      39    2625   8.879619793E+01
      40    2675   6.206112588E+01
      41    2725   8.188363605E+01
      42    2775   7.106641969E+01
