       0     675   1.721816138E+03
       1     725   1.949035709E+03
       2     775   2.409989227E+03
       3     825   2.532617774E+03
       4     875   2.214664784E+03
       5     925   1.555684116E+03
       6     975   1.187977657E+03
       7    1025   1.048747291E+03
       8    1075   1.210802345E+03
       9    1125   1.265624724E+03
      10    1175   1.196372579E+03
      11    1225   9.875105574E+02
      12    1275   7.918093361E+02
      13    1325   7.238170157E+02
      14    1375   7.920144664E+02
      15    1425   8.303825332E+02
      16    1475   7.879263132E+02
      17    1525   6.154675935E+02
      18    1575   4.782404485E+02
      19    1625   4.049257612E+02
      20    1675   4.215299467E+02
      21    1725   4.177898228E+02
      22    1775   4.024813620E+02
      23    1825   3.575280425E+02
      24    1875   2.759974801E+02
      25    1925   2.731882972E+02
      26    1975   2.535584338E+02
      27    2025   2.557934982E+02
      28    2075   2.410199368E+02
      29    2125   2.115688789E+02
      30    2175   1.821405947E+02
      31    2225   1.539928276E+02
      32    2275   1.344184560E+02
      33    2325   1.488319238E+02
      34    2375   1.488950196E+02
      35    2425   1.246325695E+02
      36    2475   9.499854827E+01
      37    2525   1.029255844E+02
      38    2575   9.513778731E+01
      39    2625   6.989794680E+01
      40    2675   8.408902646E+01
      41    2725   5.098163642E+01
      42    2775   9.667349593E+01
