       0     675   1.748704087E+03
       1     725   2.038802002E+03
       2     775   2.265686026E+03
       3     825   2.630968605E+03
       4     875   2.170893477E+03
       5     925   1.659423976E+03
       6     975   1.192272110E+03
       7    1025   1.033539972E+03
       8    1075   1.165363735E+03
       9    1125   1.283376382E+03
      10    1175   1.191987334E+03
      11    1225   9.710875245E+02
      12    1275   7.952266258E+02
      13    1325   7.077088399E+02
      14    1375   8.056178693E+02
      15    1425   8.538080879E+02
      16    1475   7.854637422E+02
      17    1525   6.481906052E+02
      18    1575   4.813089716E+02
      19    1625   4.310788303E+02
      20    1675   4.064409933E+02
      21    1725   4.188863090E+02
      22    1775   4.048578554E+02
      23    1825   3.590864465E+02
      24    1875   2.920459366E+02
      25    1925   2.670235629E+02
      26    1975   2.508451146E+02
      27    2025   2.579476697E+02
      28    2075   2.449669766E+02
      29    2125   2.233940392E+02
      30    2175   1.719346729E+02
      31    2225   1.643276095E+02
      32    2275   1.343326445E+02
      33    2325   1.331245292E+02
      34    2375   1.238983597E+02
      35    2425   1.228072402E+02
      36    2475   1.270158684E+02
      37    2525   1.164683369E+02
      38    2575   1.254485178E+02
      39    2625   9.296834642E+01
      40    2675   1.118878827E+02
      41    2725   7.331683809E+01
      42    2775   6.503511872E+01
