       0     675   1.811893693E+03
       1     725   1.961054749E+03
       2     775   2.460843326E+03
       3     825   2.441548122E+03
       4     875   2.252538487E+03
       5     925   1.613997595E+03
       6     975   1.205951335E+03
       7    1025   1.077114664E+03
       8    1075   1.129701322E+03
       9    1125   1.245366122E+03
      10    1175   1.158389451E+03
      11    1225   9.753621393E+02
      12    1275   7.972955379E+02
      13    1325   7.178188980E+02
      14    1375   7.979179996E+02
      15    1425   8.240613363E+02
      16    1475   7.786922895E+02
      17    1525   6.144833852E+02
      18    1575   4.957680263E+02
      19    1625   4.094404945E+02
      20    1675   4.097305265E+02
      21    1725   4.153503070E+02
      22    1775   4.082911739E+02
      23    1825   3.575273376E+02
      24    1875   2.884512281E+02
      25    1925   2.531225388E+02
      26    1975   2.552866053E+02
      27    2025   2.458196545E+02
      28    2075   2.442090909E+02
      29    2125   2.040941677E+02
      30    2175   1.837960597E+02
      31    2225   1.573827310E+02
      32    2275   1.480338364E+02
      33    2325   1.561458006E+02
      34    2375   1.312114679E+02
      35    2425   9.671742272E+01
      36    2475   9.667287931E+01
      37    2525   9.313195026E+01
      38    2575   8.647612046E+01
      39    2625   1.193468203E+02
      40    2675   1.208463976E+02
      41    2725   6.599620815E+01
      42    2775   9.845007407E+01
