       0     675   1.732102602E+03
       1     725   1.944148824E+03
       2     775   2.415636350E+03
       3     825   2.491182411E+03
       4     875   2.247127233E+03
       5     925   1.613608337E+03
       6     975   1.211234686E+03
       7    1025   1.038495651E+03
       8    1075   1.154464278E+03
       9    1125   1.253680220E+03
      10    1175   1.172339913E+03
      11    1225   9.741834837E+02
      12    1275   7.727741785E+02
      13    1325   7.385333748E+02
      14    1375   7.955153505E+02
      15    1425   8.467769705E+02
      16    1475   7.851681308E+02
      17    1525   6.251166220E+02
      18    1575   4.919589657E+02
      19    1625   4.143771739E+02
      20    1675   3.945489428E+02
      21    1725   4.147265325E+02
      22    1775   4.132968680E+02
      23    1825   3.479704670E+02
      24    1875   2.863440944E+02
      25    1925   2.618419783E+02
      26    1975   2.535094097E+02
      27    2025   2.562332694E+02
      28    2075   2.484632666E+02
      29    2125   2.104870362E+02
      30    2175   1.932464607E+02
      31    2225   1.465420241E+02
      32    2275   1.317332179E+02
      33    2325   1.250073809E+02
      34    2375   1.496148321E+02
      35    2425   1.280965804E+02
      36    2475   1.022907654E+02
      37    2525   1.175348675E+02
      38    2575   6.734575360E+01
      39    2625   1.171089992E+02
      40    2675   8.631150894E+01
      41    2725   8.677440663E+01
      42    2775   2.413073600E+01
