       0     675   1.741619466E+03
       1     725   2.085960572E+03
       2     775   2.396338763E+03
       3     825   2.526701781E+03
       4     875   2.164207352E+03
       5     925   1.583100818E+03
       6     975   1.181335993E+03
       7    1025   1.092733982E+03
       8    1075   1.160750327E+03
       9    1125   1.280619477E+03
      10    1175   1.168102741E+03
      11    1225   9.673884731E+02
      12    1275   7.768323464E+02
      13    1325   7.623422009E+02
      14    1375   8.113305493E+02
      15    1425   8.312728915E+02
      16    1475   7.732724178E+02
      17    1525   6.345319276E+02
      18    1575   4.944699717E+02
      19    1625   4.110336620E+02
      20    1675   4.058851154E+02
      21    1725   4.263798671E+02
      22    1775   4.018345032E+02
      23    1825   3.569490886E+02
      24    1875   3.054357186E+02
      25    1925   2.556278818E+02
      26    1975   2.489872517E+02
      27    2025   2.553505657E+02
      28    2075   2.506376304E+02
      29    2125   2.195334174E+02
      30    2175   1.738717874E+02
      31    2225   1.583588499E+02
      32    2275   1.349983197E+02
      33    2325   1.349246537E+02
      34    2375   1.269554330E+02
      35    2425   1.173920786E+02
      36    2475   1.124525477E+02
      37    2525   1.073862451E+02
      38    2575   9.987586150E+01
      39    2625   8.886683117E+01
      40    2675   7.381638104E+01
      41    2725   6.999690112E+01
      42    2775   1.059104464E+02
