       0     675   1.857009157E+03
       1     725   2.059808114E+03
       2     775   2.459140523E+03
       3     825   2.574686839E+03
       4     875   2.140702863E+03
       5     925   1.648911263E+03
       6     975   1.186939409E+03
       7    1025   1.038497601E+03
       8    1075   1.140752832E+03
       9    1125   1.255798838E+03
      10    1175   1.182833193E+03
      11    1225   9.596010600E+02
      12    1275   7.795407538E+02
      13    1325   7.361907038E+02
      14    1375   7.946059727E+02
      15    1425   8.152756983E+02
      16    1475   7.735828730E+02
      17    1525   6.334152035E+02
      18    1575   4.870042118E+02
      19    1625   4.269868845E+02
      20    1675   4.260562719E+02
      21    1725   4.062579817E+02
      22    1775   4.045501495E+02
      23    1825   3.517702397E+02
      24    1875   3.058647878E+02
      25    1925   2.511552353E+02
      26    1975   2.646265645E+02
      27    2025   2.507244638E+02
      28    2075   2.570433812E+02
      29    2125   2.088371824E+02
      30    2175   1.833866872E+02
      31    2225   1.653208414E+02
      32    2275   1.538779289E+02
      33    2325   1.385014215E+02
      34    2375   1.281126334E+02
      35    2425   1.373160289E+02
      36    2475   1.337822340E+02
      37    2525   8.629969699E+01
      38    2575   8.935545312E+01
      39    2625   1.189062406E+02
      40    2675   8.147772768E+01
      41    2725   9.492582405E+01
      42    2775   1.089177350E+02
