       0     675   1.720657951E+03
       1     725   1.989050109E+03
       2     775   2.465367994E+03
       3     825   2.452177653E+03
       4     875   2.185984950E+03
       5     925   1.599594164E+03
       6     975   1.155195427E+03
       7    1025   1.039111629E+03
       8    1075   1.181952246E+03
       9    1125   1.208667801E+03
      10    1175   1.204778081E+03
      11    1225   9.865653697E+02
      12    1275   7.941499262E+02
      13    1325   7.348908635E+02
      14    1375   7.766280676E+02
      15    1425   8.282571186E+02
      16    1475   7.749902278E+02
      17    1525   6.278349010E+02
      18    1575   4.979815292E+02
      19    1625   4.256657609E+02
      20    1675   4.036967425E+02
      21    1725   4.213337058E+02
      22    1775   3.961876535E+02
      23    1825   3.443685844E+02
      24    1875   2.942826183E+02
      25    1925   2.567696576E+02
      26    1975   2.542387944E+02
      27    2025   2.534831511E+02
      28    2075   2.400639114E+02
      29    2125   2.110307582E+02
      30    2175   1.720815587E+02
      31    2225   1.568967037E+02
      32    2275   1.476910382E+02
      33    2325   1.363883061E+02
      34    2375   1.421445884E+02
      35    2425   1.342685771E+02
      36    2475   9.346763801E+01
      37    2525   1.107193851E+02
      38    2575   7.082273905E+01
      39    2625   9.697723955E+01
      40    2675   8.740939558E+01
      41    2725   7.813821220E+01
      42    2775   6.854285826E+01
