       0     675   1.809711640E+03
       1     725   2.025639821E+03
       2     775   2.411414577E+03
       3     825   2.543762057E+03
       4     875   2.201746928E+03
       5     925   1.635356115E+03
       6     975   1.200649554E+03
       7    1025   1.029340294E+03
       8    1075   1.194858906E+03
       9    1125   1.259020986E+03
      10    1175   1.167072902E+03
      11    1225   9.651518097E+02
      12    1275   7.538991420E+02
      13    1325   7.489796361E+02
      14    1375   8.095802866E+02
      15    1425   8.402471595E+02
      16    1475   7.733623567E+02
      17    1525   6.428928447E+02
      18    1575   4.755813241E+02
      19    1625   4.137288787E+02
      20    1675   4.092349202E+02
      21    1725   4.200522066E+02
      22    1775   4.091746351E+02
      23    1825   3.436363844E+02
      24    1875   2.980146184E+02
      25    1925   2.767329282E+02
      26    1975   2.462986598E+02
      27    2025   2.601439780E+02
      28    2075   2.430985897E+02
      29    2125   2.204573468E+02
      30    2175   1.761175083E+02
      31    2225   1.600231113E+02
      32    2275   1.423131705E+02
      33    2325   1.368412878E+02
      34    2375   1.263263162E+02
      35    2425   1.236818371E+02
      36    2475   1.009685538E+02
      37    2525   1.014191485E+02
      38    2575   9.829757587E+01
      39    2625   7.112318341E+01
      40    2675   1.051710261E+02
      41    2725   4.252112061E+01
      42    2775   8.201201858E+01
