       0     675   1.762867930E+03
       1     725   2.063398458E+03
       2     775   2.343127193E+03
       3     825   2.554902465E+03
       4     875   2.332114872E+03
       5     925   1.638656287E+03
       6     975   1.134919440E+03
       7    1025   1.062850060E+03
       8    1075   1.158469190E+03
       9    1125   1.241465739E+03
      10    1175   1.196396953E+03
      11    1225   9.506440531E+02
      12    1275   7.958087480E+02
      13    1325   7.492385152E+02
      14    1375   7.949948409E+02
      15    1425   8.314432308E+02
      16    1475   7.865849236E+02
      17    1525   6.245571122E+02
      18    1575   4.965848115E+02
      19    1625   4.173514980E+02
      20    1675   4.079746534E+02
      21    1725   4.197235547E+02
      22    1775   4.020672934E+02
      23    1825   3.616512774E+02
      24    1875   2.928373929E+02
      25    1925   2.603663187E+02
      26    1975   2.553130802E+02
      27    2025   2.479041879E+02
      28    2075   2.496449788E+02
      29    2125   2.102110696E+02
      30    2175   1.882275641E+02
      31    2225   1.640977435E+02
      32    2275   1.518114676E+02
      33    2325   1.166855341E+02
      34    2375   1.226166573E+02
      35    2425   1.155968704E+02
      36    2475   1.033290700E+02
      37    2525   9.867552166E+01
      38    2575   1.076422616E+02
      39    2625   9.282378823E+01
      40    2675   7.930497824E+01
      41    2725   5.389292068E+01
      42    2775   1.111206117E+02
