       0     675   1.738481219E+03
       1     725   1.903000934E+03
       2     775   2.424039852E+03
       3     825   2.423973396E+03
       4     875   2.236946615E+03
       5     925   1.578517299E+03
       6     975   1.186821617E+03
       7    1025   1.108261721E+03
       8    1075   1.172005189E+03
       9    1125   1.271431389E+03
      10    1175   1.164460556E+03
      11    1225   9.721539367E+02
      12    1275   7.816802070E+02
      13    1325   7.257043066E+02
      14    1375   7.910762407E+02
      15    1425   8.314404340E+02
      16    1475   7.811967461E+02
      17    1525   6.293719823E+02
      18    1575   4.846608371E+02
      19    1625   4.204667671E+02
      20    1675   4.071365689E+02
      21    1725   4.210368173E+02
      22    1775   4.007155287E+02
      23    1825   3.406356981E+02
      24    1875   2.953270988E+02
      25    1925   2.589051193E+02
      26    1975   2.514110285E+02
      27    2025   2.515767309E+02
      28    2075   2.463475362E+02
      29    2125   2.173206523E+02
      30    2175   1.794668893E+02
      31    2225   1.500452672E+02
      32    2275   1.490339158E+02
      33    2325   1.542330466E+02
      34    2375   1.389183068E+02
      35    2425   1.365435478E+02
      36    2475   9.964699644E+01
      37    2525   1.238416103E+02
      38    2575   9.901552522E+01
      39    2625   9.473757173E+01
      40    2675   1.078068149E+02
      41    2725   6.578777546E+01
      42    2775   8.601108907E+01
