       0     675   1.668269839E+03
       1     725   1.904850116E+03
       2     775   2.371732719E+03
       3     825   2.541416249E+03
       4     875   2.271450210E+03
       5     925   1.589461511E+03
       6     975   1.179667249E+03
       7    1025   1.035139533E+03
       8    1075   1.132562176E+03
       9    1125   1.259357286E+03
      10    1175   1.174492662E+03
      11    1225   9.806102070E+02
      12    1275   7.582800682E+02
      13    1325   7.291320753E+02
      14    1375   7.814753821E+02
      15    1425   8.368827091E+02
      16    1475   7.817174352E+02
      17    1525   6.214224274E+02
      18    1575   4.974104436E+02
      19    1625   4.184193942E+02
      20    1675   4.061127495E+02
      21    1725   4.189173688E+02
      22    1775   4.019045349E+02
      23    1825   3.511792796E+02
      24    1875   2.972717219E+02
      25    1925   2.539020469E+02
      26    1975   2.484799658E+02
      27    2025   2.581028973E+02
      28    2075   2.337435214E+02
      29    2125   2.223209311E+02
      30    2175   1.709249961E+02
      31    2225   1.441170857E+02
      32    2275   1.376642640E+02
      33    2325   1.360964195E+02
      34    2375   1.347272398E+02
      35    2425   1.315927682E+02
      36    2475   1.059090225E+02
      37    2525   1.049190619E+02
      38    2575   8.197824767E+01
      39    2625   8.953739258E+01
      40    2675   1.099141766E+02
      41    2725   7.766290359E+01
      42    2775   9.136087780E+01
