       0     675   1.795884632E+03
       1     725   1.997033666E+03
       2     775   2.402314487E+03
       3     825   2.608193342E+03
       4     875   2.180034119E+03
       5     925   1.619287175E+03
       6     975   1.185775617E+03
       7    1025   1.109283278E+03
       8    1075   1.122723910E+03
       9    1125   1.278962905E+03
      10    1175   1.201957124E+03
      11    1225   9.291972121E+02
      12    1275   7.592294751E+02
      13    1325   7.558729175E+02
      14    1375   7.784237807E+02
      15    1425   8.282564032E+02
      16    1475   7.613608518E+02
      17    1525   6.305193308E+02
      18    1575   5.060738078E+02
      19    1625   4.245001086E+02
      20    1675   3.995371937E+02
      21    1725   4.166382558E+02
      22    1775   4.149526840E+02
      23    1825   3.407311343E+02
      24    1875   3.012020073E+02
      25    1925   2.564993826E+02
      26    1975   2.536797484E+02
      27    2025   2.510705958E+02
      28    2075   2.465733153E+02
      29    2125   2.149782002E+02
      30    2175   1.659413317E+02
      31    2225   1.469988827E+02
      32    2275   1.392627808E+02
      33    2325   1.378183247E+02
      34    2375   1.188754186E+02
      35    2425   1.205203486E+02
      36    2475   1.160734129E+02
      37    2525   9.118327689E+01
      38    2575   6.395653945E+01
      39    2625   9.402088478E+01
      40    2675   8.741963141E+01
      41    2725   5.816309424E+01
      42    2775   7.101610347E+01
