       0     675   1.719843069E+03
       1     725   2.077519282E+03
       2     775   2.398733890E+03
       3     825   2.562481094E+03
       4     875   2.231531558E+03
       5     925   1.602502240E+03
       6     975   1.169751322E+03
       7    1025   1.100907159E+03
       8    1075   1.172969779E+03
       9    1125   1.293601662E+03
      10    1175   1.174291011E+03
      11    1225   9.949695300E+02
      12    1275   7.882157688E+02
      13    1325   7.335825527E+02
      14    1375   7.998983541E+02
      15    1425   8.283068771E+02
      16    1475   7.907208631E+02
      17    1525   6.314390387E+02
      18    1575   5.045272019E+02
      19    1625   4.114337365E+02
      20    1675   4.069832458E+02
      21    1725   4.305227449E+02
      22    1775   4.061350603E+02
      23    1825   3.393858612E+02
      24    1875   3.007041776E+02
      25    1925   2.577557926E+02
      26    1975   2.438277210E+02
      27    2025   2.402963384E+02
      28    2075   2.315945940E+02
      29    2125   2.098720810E+02
      30    2175   1.693730671E+02
      31    2225   1.469579687E+02
      32    2275   1.488450071E+02
      33    2325   1.580210719E+02
      34    2375   1.198352418E+02
      35    2425   1.205404271E+02
      36    2475   1.200571059E+02
      37    2525   9.805151700E+01
      38    2575   8.896098586E+01
      39    2625   7.861904265E+01
      40    2675   8.847484103E+01
      41    2725   6.440459381E+01
      42    2775   1.013737261E+02
