       0     675   1.710816130E+03
       1     725   2.035756078E+03
       2     775   2.398021985E+03
       3     825   2.498823276E+03
       4     875   2.231988220E+03
       5     925   1.604326476E+03
       6     975   1.111181953E+03
       7    1025   1.047752767E+03
       8    1075   1.182166520E+03
       9    1125   1.269704842E+03
      10    1175   1.156342757E+03
      11    1225   9.675340654E+02
      12    1275   7.873847653E+02
      13    1325   7.435407798E+02
      14    1375   8.205287021E+02
      15    1425   8.139086326E+02
      16    1475   7.743279605E+02
      17    1525   6.247335604E+02
      18    1575   4.989234214E+02
      19    1625   4.205949577E+02
      20    1675   3.892779072E+02
      21    1725   4.254279180E+02
      22    1775   4.007223168E+02
      23    1825   3.602356544E+02
      24    1875   2.948045333E+02
      25    1925   2.567799603E+02
      26    1975   2.388266271E+02
      27    2025   2.549439744E+02
      28    2075   2.393894893E+02
      29    2125   2.164685098E+02
      30    2175   1.727654187E+02
      31    2225   1.537971469E+02
      32    2275   1.252057736E+02
      33    2325   1.413277484E+02
      34    2375   1.176568608E+02
      35    2425   1.153592864E+02
      36    2475   1.185484037E+02
      37    2525   8.952554843E+01
      38    2575   8.735952763E+01
      39    2625   1.005518028E+02
      40    2675   9.288653949E+01
      41    2725   7.429642986E+01
      42    2775   1.052545745E+02
