       0     675   1.717714055E+03
       1     725   1.919196714E+03
       2     775   2.392102178E+03
       3     825   2.473176616E+03
       4     875   2.187086418E+03
       5     925   1.632946290E+03
       6     975   1.213991556E+03
       7    1025   1.092492433E+03
       8    1075   1.231675662E+03
       9    1125   1.262172440E+03
      10    1175   1.166020815E+03
      11    1225   9.686130412E+02
      12    1275   7.728485074E+02
      13    1325   7.373977971E+02
      14    1375   7.885336979E+02
      15    1425   8.135361664E+02
      16    1475   7.870344485E+02
      17    1525   6.015571783E+02
      18    1575   5.011735425E+02
      19    1625   4.143639398E+02
      20    1675   4.070761393E+02
      21    1725   4.303622620E+02
      22    1775   3.975670676E+02
      23    1825   3.467770271E+02
      24    1875   2.771488433E+02
      25    1925   2.714672005E+02
      26    1975   2.564122000E+02
      27    2025   2.407463380E+02
      28    2075   2.491983340E+02
      29    2125   1.952196750E+02
      30    2175   1.827105290E+02
      31    2225   1.513169252E+02
      32    2275   1.492213224E+02
      33    2325   1.377370475E+02
      34    2375   1.176822488E+02
      35    2425   1.334630632E+02
      36    2475   1.145633804E+02
      37    2525   1.032579592E+02
      38    2575   9.600376932E+01
      39    2625   1.204143189E+02
      40    2675   7.117787946E+01
      41    2725   6.659945858E+01
      42    2775   9.618811482E+01
