       0     675   1.846506903E+03
       1     725   2.119848849E+03
       2     775   2.406390444E+03
       3     825   2.506023476E+03
       4     875   2.218315140E+03
       5     925   1.547179071E+03
       6     975   1.217040576E+03
       7    1025   1.025558902E+03
       8    1075   1.197006703E+03
       9    1125   1.270425341E+03
      10    1175   1.119486140E+03
      11    1225   9.728321478E+02
      12    1275   7.654510919E+02
      13    1325   7.442344957E+02
      14    1375   7.645370392E+02
      15    1425   8.469071387E+02
      16    1475   7.883905307E+02
      17    1525   6.195075167E+02
      18    1575   4.824019189E+02
      19    1625   4.124236399E+02
      20    1675   4.115704260E+02
      21    1725   4.189488317E+02
      22    1775   3.897947794E+02
      23    1825   3.551954686E+02
      24    1875   2.921298583E+02
      25    1925   2.643992121E+02
      26    1975   2.429651189E+02
      27    2025   2.510445404E+02
      28    2075   2.296692061E+02
      29    2125   2.117995641E+02
      30    2175   1.885821750E+02
      31    2225   1.491053531E+02
      32    2275   1.384272625E+02
      33    2325   1.341703285E+02
      34    2375   1.348021032E+02
      35    2425   1.277600935E+02
      36    2475   7.811617459E+01
      37    2525   9.463691868E+01
      38    2575   6.342233528E+01
      39    2625   8.113186030E+01
      40    2675   9.034786861E+01
      41    2725   8.131456784E+01
      42    2775   1.401443989E+02
