       0     675   1.704361321E+03
       1     725   2.016717138E+03
       2     775   2.431236882E+03
       3     825   2.535053438E+03
       4     875   2.127599452E+03
       5     925   1.665168420E+03
       6     975   1.176497597E+03
       7    1025   1.083637408E+03
       8    1075   1.176321758E+03
       9    1125   1.293300927E+03
      10    1175   1.173106482E+03
      11    1225   9.926576658E+02
      12    1275   7.676945753E+02
      13    1325   7.652704800E+02
      14    1375   7.990937616E+02
      15    1425   8.295360065E+02
      16    1475   7.801295268E+02
      17    1525   6.577070132E+02
      18    1575   4.866948630E+02
      19    1625   4.244990679E+02
      20    1675   4.002921733E+02
      21    1725   4.048806567E+02
      22    1775   4.080399755E+02
      23    1825   3.419404555E+02
      24    1875   2.828761422E+02
      25    1925   2.656542715E+02
      26    1975   2.521796164E+02
      27    2025   2.436675635E+02
      28    2075   2.388701327E+02
      29    2125   2.057070200E+02
      30    2175   1.782283019E+02
      31    2225   1.563630795E+02
      32    2275   1.384219806E+02
      33    2325   1.426860885E+02
      34    2375   1.270214128E+02
      35    2425   1.173981009E+02
      36    2475   1.190633479E+02
      37    2525   9.852701835E+01
      38    2575   1.000423140E+02
      39    2625   1.093770869E+02
      40    2675   8.738370870E+01
      41    2725   1.042638157E+02
      42    2775   1.131480986E+02
