       0     675   1.795844393E+03
       1     725   1.824979331E+03
       2     775   2.450372310E+03
       3     825   2.572402428E+03
       4     875   2.197855025E+03
       5     925   1.662453401E+03
       6     975   1.208120261E+03
       7    1025   1.102732563E+03
       8    1075   1.172355814E+03
       9    1125   1.277995185E+03
      10    1175   1.207352530E+03
      11    1225   9.650255047E+02
      12    1275   7.758436046E+02
      13    1325   7.426197904E+02
      14    1375   8.011779265E+02
      15    1425   8.274618363E+02
      16    1475   7.941592068E+02
      17    1525   6.204172736E+02
      18    1575   4.945760375E+02
      19    1625   4.100572783E+02
      20    1675   4.090250580E+02
      21    1725   4.099505665E+02
      22    1775   4.038973689E+02
      23    1825   3.473441982E+02
      24    1875   2.836238334E+02
      25    1925   2.538078079E+02
      26    1975   2.583054801E+02
      27    2025   2.579180729E+02
      28    2075   2.394398662E+02
      29    2125   2.138831222E+02
      30    2175   1.857641382E+02
      31    2225   1.422797776E+02
      32    2275   1.441981954E+02
      33    2325   1.488470887E+02
      34    2375   1.386230720E+02
      35    2425   1.079012433E+02
      36    2475   1.198040695E+02
      37    2525   1.114122980E+02
      38    2575   7.325090051E+01
      39    2625   6.476176968E+01
      40    2675   9.144850077E+01
      41    2725   9.579373101E+01
      42    2775   1.312576098E+02
