       0     675   1.762496135E+03
       1     725   2.050254207E+03
       2     775   2.277037298E+03
       3     825   2.567235205E+03
       4     875   2.211912473E+03
       5     925   1.606217636E+03
       6     975   1.219983144E+03
       7    1025   1.054975779E+03
       8    1075   1.149321650E+03
       9    1125   1.265233161E+03
      10    1175   1.176319932E+03
      11    1225   9.838670218E+02
      12    1275   7.684160562E+02
      13    1325   7.808090881E+02
      14    1375   7.974422173E+02
      15    1425   8.626985993E+02
      16    1475   7.614902029E+02
      17    1525   6.261143069E+02
      18    1575   4.796613817E+02
      19    1625   4.211981808E+02
      20    1675   4.012533490E+02
      21    1725   4.436950648E+02
      22    1775   4.127804039E+02
      23    1825   3.621838493E+02
      24    1875   2.935106819E+02
      25    1925   2.629213673E+02
      26    1975   2.560259729E+02
      27    2025   2.426141000E+02
      28    2075   2.418316121E+02
      29    2125   2.103731648E+02
      30    2175   1.742650758E+02
      31    2225   1.607007714E+02
      32    2275   1.389391316E+02
      33    2325   1.308521648E+02
      34    2375   1.384473405E+02
      35    2425   1.110050708E+02
      36    2475   9.751949321E+01
      37    2525   1.199191416E+02
      38    2575   9.438467650E+01
      39    2625   7.120651482E+01
      40    2675   1.116294154E+02
      41    2725   1.040181594E+02
      42    2775   6.459641174E+01
