       0     675   1.785531694E+03
       1     725   2.049677538E+03
       2     775   2.397614053E+03
       3     825   2.613072070E+03
       4     875   2.299159389E+03
       5     925   1.601288710E+03
       6     975   1.126003540E+03
       7    1025   1.044721263E+03
       8    1075   1.116629316E+03
       9    1125   1.304675783E+03
      10    1175   1.152815545E+03
      11    1225   9.559804859E+02
      12    1275   8.075702844E+02
      13    1325   7.466581680E+02
      14    1375   7.862731904E+02
      15    1425   8.137084363E+02
      16    1475   7.526029945E+02
      17    1525   6.638472398E+02
      18    1575   4.806032887E+02
      19    1625   4.108467059E+02
      20    1675   4.126159875E+02
      21    1725   4.090950156E+02
      22    1775   4.082194505E+02
      23    1825   3.479100849E+02
      24    1875   2.923116135E+02
      25    1925   2.524975230E+02
      26    1975   2.509104042E+02
      27    2025   2.518659890E+02
      28    2075   2.445157097E+02
      29    2125   2.126853513E+02
      30    2175   1.934042529E+02
      31    2225   1.559122841E+02
      32    2275   1.328612175E+02
      33    2325   1.334581162E+02
      34    2375   1.459421765E+02
      35    2425   1.109825700E+02
      36    2475   1.130615996E+02
      37    2525   9.575955827E+01
      38    2575   9.408081969E+01
      39    2625   7.494700579E+01
      40    2675   6.853034027E+01
      41    2725   9.658174534E+01
      42    2775   6.669187900E+01
