       0     675   1.681491591E+03
       1     725   2.036975432E+03
       2     775   2.464208809E+03
       3     825   2.471211390E+03
       4     875   2.156005445E+03
       5     925   1.625289700E+03
       6     975   1.149049884E+03
       7    1025   1.096073572E+03
       8    1075   1.163045329E+03
       9    1125   1.294402581E+03
      10    1175   1.184159456E+03
      11    1225   9.586304867E+02
      12    1275   7.748083279E+02
      13    1325   7.248031878E+02
      14    1375   8.179868824E+02
      15    1425   8.627610050E+02
      16    1475   7.870871326E+02
      17    1525   6.090272462E+02
      18    1575   4.840526387E+02
      19    1625   4.078359709E+02
      20    1675   4.065895868E+02
      21    1725   4.156954261E+02
      22    1775   3.919923960E+02
      23    1825   3.471800622E+02
      24    1875   3.009258568E+02
      25    1925   2.616137073E+02
      26    1975   2.483040745E+02
      27    2025   2.513921924E+02
      28    2075   2.336241840E+02
      29    2125   2.103684443E+02
      30    2175   1.742118129E+02
      31    2225   1.599604765E+02
      32    2275   1.493176976E+02
      33    2325   1.397701704E+02
      34    2375   1.420287821E+02
      35    2425   1.282651236E+02
      36    2475   1.046596100E+02
      37    2525   1.129799068E+02
      38    2575   6.913861825E+01
      39    2625   8.686060194E+01
      40    2675   6.811183828E+01
      41    2725   7.333247528E+01
      42    2775   1.529123049E+02
