       0     675   1.709550132E+03
       1     725   1.975472220E+03
       2     775   2.581955955E+03
       3     825   2.387608154E+03
       4     875   2.246954165E+03
       5     925   1.641667814E+03
       6     975   1.098415362E+03
       7    1025   1.060830957E+03
       8    1075   1.157804424E+03
       9    1125   1.222480085E+03
      10    1175   1.154528077E+03
      11    1225   9.576556223E+02
      12    1275   7.799237579E+02
      13    1325   7.510825849E+02
      14    1375   7.607746156E+02
      15    1425   8.645520553E+02
      16    1475   7.585915232E+02
      17    1525   6.392812190E+02
      18    1575   4.925608062E+02
      19    1625   4.000960773E+02
      20    1675   4.042224267E+02
      21    1725   4.246401676E+02
      22    1775   3.961872317E+02
      23    1825   3.434242464E+02
      24    1875   3.103551991E+02
      25    1925   2.464105598E+02
      26    1975   2.421988782E+02
      27    2025   2.649182847E+02
      28    2075   2.360309412E+02
      29    2125   2.159591867E+02
      30    2175   1.727119595E+02
      31    2225   1.564552652E+02
      32    2275   1.444147137E+02
      33    2325   1.452158469E+02
      34    2375   1.448622312E+02
      35    2425   1.371218991E+02
      36    2475   9.180665618E+01
      37    2525   8.600851343E+01
      38    2575   9.960114317E+01
      39    2625   1.182904161E+02
      40    2675   5.364864016E+01
      41    2725   1.013517686E+02
      42    2775   8.484455185E+01
