       0     675   1.901096954E+03
       1     725   1.964830839E+03
       2     775   2.462727986E+03
       3     825   2.556704796E+03
       4     875   2.262899688E+03
       5     925   1.592642075E+03
       6     975   1.214046324E+03
       7    1025   1.059579218E+03
       8    1075   1.157840529E+03
       9    1125   1.264559712E+03
      10    1175   1.160822483E+03
      11    1225   9.360868089E+02
      12    1275   7.556119513E+02
      13    1325   7.319850398E+02
      14    1375   8.262905703E+02
      15    1425   8.604647534E+02
      16    1475   7.675560582E+02
      17    1525   6.336571530E+02
      18    1575   4.852628688E+02
      19    1625   4.186547509E+02
      20    1675   3.969372523E+02
      21    1725   4.107184272E+02
      22    1775   4.180066678E+02
      23    1825   3.506289266E+02
      24    1875   2.833232057E+02
      25    1925   2.665777589E+02
      26    1975   2.620624810E+02
      27    2025   2.378259300E+02
      28    2075   2.456936514E+02
      29    2125   2.170452586E+02
      30    2175   1.677616746E+02
      31    2225   1.613654101E+02
      32    2275   1.416871088E+02
      33    2325   1.147840581E+02
      34    2375   1.296491624E+02
      35    2425   1.199578312E+02
      36    2475   1.016189895E+02
      37    2525   9.441081469E+01
      38    2575   8.591208165E+01
      39    2625   1.348082710E+02
      40    2675   7.995392244E+01
      41    2725   9.782632301E+01
      42    2775   8.618883080E+01
