       0     675   1.816719455E+03
       1     725   2.073577084E+03
       2     775   2.284097037E+03
       3     825   2.528851312E+03
       4     875   2.286567771E+03
       5     925   1.620596617E+03
       6     975   1.174818150E+03
       7    1025   1.053069795E+03
       8    1075   1.218368714E+03
       9    1125   1.221164407E+03
      10    1175   1.200004114E+03
      11    1225   9.521200113E+02
      12    1275   7.930765407E+02
      13    1325   7.303165135E+02
      14    1375   7.811447584E+02
      15    1425   8.550360652E+02
      16    1475   7.875821600E+02
      17    1525   6.332483631E+02
      18    1575   4.926681579E+02
      19    1625   4.129307178E+02
      20    1675   4.070693201E+02
      21    1725   4.247055500E+02
      22    1775   4.002594705E+02
      23    1825   3.550055412E+02
      24    1875   2.916587920E+02
      25    1925   2.549965433E+02
      26    1975   2.540743841E+02
      27    2025   2.503862269E+02
      28    2075   2.525294549E+02
      29    2125   2.184007544E+02
      30    2175   1.822589113E+02
      31    2225   1.614825841E+02
      32    2275   1.313553134E+02
      33    2325   1.546785135E+02
      34    2375   1.426817080E+02
      35    2425   1.292823524E+02
      36    2475   9.866454234E+01
      37    2525   9.985489347E+01
      38    2575   1.106481405E+02
      39    2625   9.144089700E+01
      40    2675   1.149960560E+02
      41    2725   8.067150558E+01
      42    2775   9.381685396E+01
