       0     675   1.673975029E+03
       1     725   2.024397451E+03
       2     775   2.402791189E+03
       3     825   2.514974320E+03
       4     875   2.183075166E+03
       5     925   1.696906894E+03
       6     975   1.173100004E+03
       7    1025   1.026520930E+03
       8    1075   1.185651641E+03
       9    1125   1.268940208E+03
      10    1175   1.189519017E+03
      11    1225   9.607878999E+02
      12    1275   7.915388706E+02
      13    1325   7.110250934E+02
      14    1375   7.973395229E+02
      15    1425   8.536608021E+02
      16    1475   7.687252178E+02
      17    1525   6.210252870E+02
      18    1575   4.795378005E+02
      19    1625   4.268958999E+02
      20    1675   4.073424306E+02
      21    1725   4.177395960E+02
      22    1775   4.104612379E+02
      23    1825   3.559517030E+02
      24    1875   2.894056347E+02
      25    1925   2.656916871E+02
      26    1975   2.464789884E+02
      27    2025   2.536883806E+02
      28    2075   2.400574844E+02
      29    2125   2.205767843E+02
      30    2175   1.793587041E+02
      31    2225   1.455338802E+02
      32    2275   1.434525102E+02
      33    2325   1.381319895E+02
      34    2375   1.344722505E+02
      35    2425   1.105733252E+02
      36    2475   1.207238814E+02
      37    2525   1.033815006E+02
      38    2575   9.347871811E+01
      39    2625   1.012885234E+02
      40    2675   8.648055774E+01
      41    2725   8.223062891E+01
      42    2775   1.221836697E+02
