       0     675   1.831679106E+03
       1     725   1.990350588E+03
       2     775   2.354963273E+03
       3     825   2.498935375E+03
       4     875   2.127720838E+03
       5     925   1.643841597E+03
       6     975   1.188644868E+03
       7    1025   1.068439569E+03
       8    1075   1.199606951E+03
       9    1125   1.275313981E+03
      10    1175   1.147530703E+03
      11    1225   9.683213780E+02
      12    1275   7.648804338E+02
      13    1325   7.186077088E+02
      14    1375   8.071662933E+02
      15    1425   8.374772659E+02
      16    1475   7.955182338E+02
      17    1525   6.378262908E+02
      18    1575   4.811569283E+02
      19    1625   4.209283889E+02
      20    1675   4.103132542E+02
      21    1725   4.214107272E+02
      22    1775   3.844807631E+02
      23    1825   3.513100747E+02
      24    1875   2.810430712E+02
      25    1925   2.551339793E+02
      26    1975   2.344294177E+02
      27    2025   2.487517312E+02
      28    2075   2.425509617E+02
      29    2125   2.251335473E+02
      30    2175   1.829304022E+02
      31    2225   1.560367449E+02
      32    2275   1.370760300E+02
      33    2325   1.438521844E+02
      34    2375   1.388569585E+02
      35    2425   1.253834517E+02
      36    2475   1.108781135E+02
      37    2525   1.162748340E+02
      38    2575   9.324045391E+01
      39    2625   7.445654412E+01
      40    2675   1.137781909E+02
      41    2725   6.660194101E+01
      42    2775   2.900496802E+01
