       0     675   1.743487859E+03
       1     725   2.039774133E+03
       2     775   2.391401260E+03
       3     825   2.532920339E+03
       4     875   2.149413104E+03
       5     925   1.705762977E+03
       6     975   1.206421658E+03
       7    1025   1.060325856E+03
       8    1075   1.141566883E+03
       9    1125   1.290043309E+03
      10    1175   1.183517270E+03
      11    1225   9.671986319E+02
      12    1275   7.689299343E+02
      13    1325   7.137589426E+02
      14    1375   8.027034212E+02
      15    1425   8.372210395E+02
      16    1475   8.221112373E+02
      17    1525   6.337960283E+02
      18    1575   4.863935474E+02
      19    1625   4.207539298E+02
      20    1675   4.047077651E+02
      21    1725   4.152784294E+02
      22    1775   4.027322722E+02
      23    1825   3.485520957E+02
      24    1875   2.898570492E+02
      25    1925   2.545322348E+02
      26    1975   2.479634681E+02
      27    2025   2.500860925E+02
      28    2075   2.490841484E+02
      29    2125   2.191523981E+02
      30    2175   1.919798628E+02
      31    2225   1.558388461E+02
      32    2275   1.375482870E+02
      33    2325   1.332143443E+02
      34    2375   1.446014280E+02
      35    2425   1.131612761E+02
      36    2475   1.135642730E+02
      37    2525   1.057431445E+02
      38    2575   6.577936733E+01
      39    2625   1.143524845E+02
      40    2675   8.868071421E+01
      41    2725   9.309884246E+01
      42    2775   9.023536794E+01
