       0     675   1.727933287E+03
       1     725   1.927216563E+03
       2     775   2.394699779E+03
       3     825   2.497710808E+03
       4     875   2.128538128E+03
       5     925   1.686258375E+03
       6     975   1.190638884E+03
       7    1025   1.072852091E+03
       8    1075   1.166412182E+03
       9    1125   1.240325384E+03
      10    1175   1.156036456E+03
      11    1225   9.863050447E+02
      12    1275   7.912576548E+02
      13    1325   7.369499825E+02
      14    1375   7.783709970E+02
      15    1425   8.455625030E+02
      16    1475   7.612402871E+02
      17    1525   6.599683233E+02
      18    1575   4.856319514E+02
      19    1625   4.067865335E+02
      20    1675   3.967982151E+02
      21    1725   4.091394731E+02
      22    1775   4.102331570E+02
      23    1825   3.536789400E+02
      24    1875   2.911433822E+02
      25    1925   2.567866512E+02
      26    1975   2.548120893E+02
      27    2025   2.525712085E+02
      28    2075   2.420655545E+02
      29    2125   2.111855276E+02
      30    2175   1.765504237E+02
      31    2225   1.522583455E+02
      32    2275   1.591096093E+02
      33    2325   1.370387069E+02
      34    2375   1.240593379E+02
      35    2425   1.272778854E+02
      36    2475   1.232529005E+02
      37    2525   1.193292334E+02
      38    2575   8.814502721E+01
      39    2625   8.593113103E+01
      40    2675   1.090705553E+02
      41    2725   6.041691721E+01
      42    2775   1.061292544E+02
