       0     675   1.802240767E+03
       1     725   1.989471023E+03
       2     775   2.427186589E+03
       3     825   2.640191336E+03
       4     875   2.251623134E+03
       5     925   1.680380013E+03
       6     975   1.189770188E+03
       7    1025   1.065468353E+03
       8    1075   1.162366426E+03
       9    1125   1.262432200E+03
      10    1175   1.179503628E+03
      11    1225   9.353801951E+02
      12    1275   7.749167997E+02
      13    1325   7.141288678E+02
      14    1375   8.127053668E+02
      15    1425   8.415987137E+02
      16    1475   7.809022574E+02
      17    1525   6.233761094E+02
      18    1575   4.831440927E+02
      19    1625   4.124415065E+02
      20    1675   4.021940401E+02
      21    1725   4.233771495E+02
      22    1775   4.052637033E+02
      23    1825   3.620010190E+02
      24    1875   2.946801251E+02
      25    1925   2.648219613E+02
      26    1975   2.564442861E+02
      27    2025   2.512668017E+02
      28    2075   2.376896321E+02
      29    2125   2.146612936E+02
      30    2175   1.692761412E+02
      31    2225   1.669651287E+02
      32    2275   1.309732359E+02
      33    2325   1.286716885E+02
      34    2375   1.418905602E+02
      35    2425   1.117074377E+02
      36    2475   1.085072180E+02
      37    2525   1.079641877E+02
      38    2575   8.440879159E+01
      39    2625   8.354679417E+01
      40    2675   8.250990194E+01
      41    2725   7.482304770E+01
      42    2775   8.552525207E+01
