       0     675   1.743146692E+03
       1     725   2.021702797E+03
       2     775   2.247166348E+03
       3     825   2.557609392E+03
       4     875   2.242562171E+03
       5     925   1.603562296E+03
       6     975   1.165950693E+03
       7    1025   1.029005121E+03
       8    1075   1.191907760E+03
       9    1125   1.267355636E+03
      10    1175   1.223638872E+03
      11    1225   9.729290349E+02
      12    1275   7.320007202E+02
      13    1325   7.902234968E+02
      14    1375   7.965937030E+02
      15    1425   8.275417858E+02
      16    1475   7.883508600E+02
      17    1525   6.298973441E+02
      18    1575   4.933993786E+02
      19    1625   4.144192151E+02
      20    1675   4.141777717E+02
      21    1725   4.213599730E+02
      22    1775   3.957148245E+02
      23    1825   3.420362407E+02
      24    1875   2.988019859E+02
      25    1925   2.525092333E+02
      26    1975   2.435034408E+02
      27    2025   2.576291824E+02
      28    2075   2.488605019E+02
      29    2125   2.304096613E+02
      30    2175   1.883601936E+02
      31    2225   1.593246786E+02
      32    2275   1.329362249E+02
      33    2325   1.488987323E+02
      34    2375   1.157341764E+02
      35    2425   9.833034831E+01
      36    2475   1.306513778E+02
      37    2525   8.952097173E+01
      38    2575   1.155613125E+02
      39    2625   8.746244673E+01
      40    2675   9.436397047E+01
      41    2725   9.166957198E+01
      42    2775   4.745974113E+01
