       0     675   1.788023370E+03
       1     725   1.879636285E+03
       2     775   2.419446587E+03
       3     825   2.591555813E+03
       4     875   2.253694304E+03
       5     925   1.678131839E+03
       6     975   1.196451043E+03
       7    1025   1.054303281E+03
       8    1075   1.162070667E+03
       9    1125   1.206141288E+03
      10    1175   1.195941235E+03
      11    1225   9.542920199E+02
      12    1275   7.758934711E+02
      13    1325   7.375554701E+02
      14    1375   7.931104859E+02
      15    1425   8.538887973E+02
      16    1475   7.439836700E+02
      17    1525   6.387965811E+02
      18    1575   4.794496650E+02
      19    1625   4.082978320E+02
      20    1675   4.087058150E+02
      21    1725   4.108174648E+02
      22    1775   3.937924815E+02
      23    1825   3.461161543E+02
      24    1875   2.966009053E+02
      25    1925   2.551048648E+02
      26    1975   2.516699986E+02
      27    2025   2.482522063E+02
      28    2075   2.385151611E+02
      29    2125   2.163520232E+02
      30    2175   1.689225881E+02
      31    2225   1.616505082E+02
      32    2275   1.572006752E+02
      33    2325   1.260621613E+02
      34    2375   1.454705290E+02
      35    2425   1.183963014E+02
      36    2475   1.105167991E+02
      37    2525   1.143067279E+02
      38    2575   9.390378263E+01
      39    2625   8.060893025E+01
      40    2675   8.392910028E+01
      41    2725   8.495282024E+01
      42    2775   9.743234322E+01
