       0     675   1.671659325E+03
       1     725   2.031039998E+03
       2     775   2.465426770E+03
       3     825   2.478662191E+03
       4     875   2.329748967E+03
       5     925   1.579685696E+03
       6     975   1.194350245E+03
       7    1025   1.072355158E+03
       8    1075   1.152563514E+03
       9    1125   1.248081345E+03
      10    1175   1.164870267E+03
      11    1225   9.789566008E+02
      12    1275   7.516186546E+02
      13    1325   7.364999557E+02
      14    1375   8.120509515E+02
      15    1425   8.376393700E+02
      16    1475   7.885470331E+02
      17    1525   6.431020060E+02
      18    1575   4.867434182E+02
      19    1625   4.138561888E+02
      20    1675   3.977179464E+02
      21    1725   4.263589205E+02
      22    1775   3.917275978E+02
      23    1825   3.369959002E+02
      24    1875   2.957417227E+02
      25    1925   2.698460149E+02
      26    1975   2.472175999E+02
      27    2025   2.445756595E+02
      28    2075   2.403556824E+02
      29    2125   2.073624996E+02
      30    2175   1.818893239E+02
      31    2225   1.417821124E+02
      32    2275   1.368567524E+02
      33    2325   1.250562819E+02
      34    2375   1.291316963E+02
      35    2425   1.269955050E+02
      36    2475   1.018267331E+02
      37    2525   1.038910958E+02
      38    2575   8.554469475E+01
      39    2625   8.517171815E+01
      40    2675   9.435979270E+01
      41    2725   1.079334983E+02
      42    2775   5.962886002E+01
