       0     675   1.846955954E+03
       1     725   2.003177252E+03
       2     775   2.357033929E+03
       3     825   2.523204996E+03
       4     875   2.131918563E+03
       5     925   1.625259762E+03
       6     975   1.165728346E+03
       7    1025   1.116033153E+03
       8    1075   1.182941085E+03
       9    1125   1.234699890E+03
      10    1175   1.140276789E+03
      11    1225   9.723952113E+02
      12    1275   7.747412949E+02
      13    1325   7.333542188E+02
      14    1375   7.921584371E+02
      15    1425   8.208801061E+02
      16    1475   7.778846533E+02
      17    1525   6.462089598E+02
      18    1575   5.019332152E+02
      19    1625   4.309559352E+02
      20    1675   4.028707423E+02
      21    1725   3.990828490E+02
      22    1775   4.013599010E+02
      23    1825   3.388649905E+02
      24    1875   2.926596535E+02
      25    1925   2.659886863E+02
      26    1975   2.436339868E+02
      27    2025   2.540430774E+02
      28    2075   2.409609542E+02
      29    2125   2.010055646E+02
      30    2175   1.808378007E+02
      31    2225   1.428362544E+02
      32    2275   1.396588428E+02
      33    2325   1.296730308E+02
      34    2375   1.371851657E+02
      35    2425   1.159861323E+02
      36    2475   1.061738613E+02
      37    2525   1.182559860E+02
      38    2575   9.485699366E+01
      39    2625   7.418260979E+01
      40    2675   6.802520273E+01
      41    2725   8.805000077E+01
      42    2775   9.465089518E+01
