       0     675   1.764792530E+03
       1     725   1.962015435E+03
       2     775   2.414947785E+03
       3     825   2.411313567E+03
       4     875   2.131384776E+03
       5     925   1.679801974E+03
       6     975   1.127092014E+03
       7    1025   1.064022156E+03
       8    1075   1.153027730E+03
       9    1125   1.270485548E+03
      10    1175   1.192233219E+03
      11    1225   9.900767046E+02
      12    1275   7.652759715E+02
      13    1325   7.793452582E+02
      14    1375   8.057168036E+02
      15    1425   8.187838107E+02
      16    1475   7.634547828E+02
      17    1525   6.423564766E+02
      18    1575   4.800583824E+02
      19    1625   4.204490389E+02
      20    1675   4.060741470E+02
      21    1725   4.171792949E+02
      22    1775   3.952409349E+02
      23    1825   3.516057957E+02
      24    1875   3.028281831E+02
      25    1925   2.498372591E+02
      26    1975   2.472490201E+02
      27    2025   2.452073955E+02
      28    2075   2.440055202E+02
      29    2125   2.094364391E+02
      30    2175   1.943637515E+02
      31    2225   1.582017898E+02
      32    2275   1.358289610E+02
      33    2325   1.348825533E+02
      34    2375   1.289313990E+02
      35    2425   1.003265812E+02
      36    2475   1.337900673E+02
      37    2525   9.646893509E+01
      38    2575   8.365921675E+01
      39    2625   1.150990017E+02
      40    2675   8.223529036E+01
      41    2725   9.174803133E+01
      42    2775   1.107517319E+02
