       0     675   1.764526624E+03
       1     725   2.044369180E+03
       2     775   2.413637828E+03
       3     825   2.494341998E+03
       4     875   2.182960714E+03
       5     925   1.741183734E+03
       6     975   1.134975966E+03
       7    1025   1.097623394E+03
       8    1075   1.198511953E+03
       9    1125   1.288729398E+03
      10    1175   1.139555066E+03
      11    1225   9.709141455E+02
      12    1275   7.772561656E+02
      13    1325   7.477814491E+02
      14    1375   7.998666510E+02
      15    1425   8.365828799E+02
      16    1475   8.052234638E+02
      17    1525   6.275824029E+02
      18    1575   4.886379383E+02
      19    1625   4.181644686E+02
      20    1675   3.989366268E+02
      21    1725   4.321792877E+02
      22    1775   4.121661044E+02
      23    1825   3.523612816E+02
      24    1875   2.877578293E+02
      25    1925   2.534366981E+02
      26    1975   2.677835746E+02
      27    2025   2.459387770E+02
      28    2075   2.331965469E+02
      29    2125   2.208867895E+02
      30    2175   1.660536639E+02
      31    2225   1.576720387E+02
      32    2275   1.415296638E+02
      33    2325   1.404629854E+02
      34    2375   1.246729220E+02
      35    2425   1.286338747E+02
      36    2475   1.219645986E+02
      37    2525   1.034354860E+02
      38    2575   1.053329381E+02
      39    2625   1.009916284E+02
      40    2675   4.877461375E+01
      41    2725   8.899239388E+01
      42    2775   8.020147302E+01
