       0     675   1.825972083E+03
       1     725   2.038534795E+03
       2     775   2.418301897E+03
       3     825   2.549654904E+03
       4     875   2.159652476E+03
       5     925   1.659828431E+03
       6     975   1.190207115E+03
       7    1025   1.043115522E+03
       8    1075   1.182803647E+03
       9    1125   1.215282621E+03
      10    1175   1.185180909E+03
      11    1225   1.022913479E+03
      12    1275   7.882936297E+02
      13    1325   7.207065544E+02
      14    1375   8.069511783E+02
      15    1425   8.143403648E+02
      16    1475   7.816625299E+02
      17    1525   6.413282025E+02
      18    1575   4.814388289E+02
      19    1625   4.088045009E+02
      20    1675   4.090034733E+02
      21    1725   4.105096716E+02
      22    1775   4.142702167E+02
      23    1825   3.390553982E+02
      24    1875   3.034904401E+02
      25    1925   2.577281395E+02
      26    1975   2.448854913E+02
      27    2025   2.429119258E+02
      28    2075   2.430509112E+02
      29    2125   2.171794925E+02
      30    2175   1.881778930E+02
      31    2225   1.463514686E+02
      32    2275   1.444826593E+02
      33    2325   1.344582291E+02
      34    2375   1.303536060E+02
      35    2425   1.263333631E+02
      36    2475   1.074346504E+02
      37    2525   7.555969433E+01
      38    2575   1.119698681E+02
      39    2625   6.340100911E+01
      40    2675   8.968842642E+01
      41    2725   8.733150406E+01
      42    2775   8.898222243E+01
