       0     675   1.759926626E+03
       1     725   1.982690693E+03
       2     775   2.351000947E+03
       3     825   2.485140457E+03
       4     875   2.229103500E+03
       5     925   1.652908680E+03
       6     975   1.174138161E+03
       7    1025   1.043361876E+03
       8    1075   1.185406304E+03
       9    1125   1.257545681E+03
      10    1175   1.180572767E+03
      11    1225   9.678551370E+02
      12    1275   7.771612564E+02
      13    1325   7.535074485E+02
      14    1375   7.899522900E+02
      15    1425   8.347444863E+02
      16    1475   7.733469379E+02
      17    1525   6.465294896E+02
      18    1575   4.823854625E+02
      19    1625   4.145650873E+02
      20    1675   4.088976198E+02
      21    1725   4.091495161E+02
      22    1775   4.148373437E+02
      23    1825   3.619980370E+02
      24    1875   2.874673428E+02
      25    1925   2.601550113E+02
      26    1975   2.467706930E+02
      27    2025   2.549470172E+02
      28    2075   2.443505399E+02
      29    2125   2.216543949E+02
      30    2175   1.913389863E+02
      31    2225   1.485620266E+02
      32    2275   1.458424762E+02
      33    2325   1.323829308E+02
      34    2375   1.434407088E+02
      35    2425   1.152064678E+02
      36    2475   1.165279853E+02
      37    2525   9.460103459E+01
      38    2575   8.470918621E+01
      39    2625   8.950731367E+01
      40    2675   9.628142931E+01
      41    2725   1.343953983E+02
      42    2775   5.830317419E+01
