       0     675   1.735948722E+03
       1     725   1.962372160E+03
       2     775   2.539316919E+03
       3     825   2.433080835E+03
       4     875   2.210223757E+03
       5     925   1.645892938E+03
       6     975   1.224490074E+03
       7    1025   1.042470448E+03
       8    1075   1.198017817E+03
       9    1125   1.303178669E+03
      10    1175   1.157935617E+03
      11    1225   9.331250941E+02
      12    1275   7.743183420E+02
      13    1325   7.058264615E+02
      14    1375   8.317157110E+02
      15    1425   8.233103479E+02
      16    1475   7.711199603E+02
      17    1525   6.418526833E+02
      18    1575   4.811584686E+02
      19    1625   4.126044149E+02
      20    1675   4.123395643E+02
      21    1725   4.263744593E+02
      22    1775   4.023102064E+02
      23    1825   3.701469936E+02
      24    1875   2.685355115E+02
      25    1925   2.678931776E+02
      26    1975   2.513784071E+02
      27    2025   2.517416678E+02
      28    2075   2.282942132E+02
      29    2125   2.148103700E+02
      30    2175   1.914300852E+02
      31    2225   1.421715591E+02
      32    2275   1.491566826E+02
      33    2325   1.375199948E+02
      34    2375   1.299802223E+02
      35    2425   1.349925201E+02
      36    2475   1.245785440E+02
      37    2525   1.045168250E+02
      38    2575   1.025367823E+02
      39    2625   8.754393838E+01
      40    2675   1.112688852E+02
      41    2725   9.322586255E+01
      42    2775   1.095466270E+02
