       0     675   1.934745045E+03
       1     725   1.965323901E+03
       2     775   2.490713164E+03
       3     825   2.466807040E+03
       4     875   2.275477034E+03
       5     925   1.664763315E+03
       6     975   1.193925091E+03
       7    1025   1.078476783E+03
       8    1075   1.163651184E+03
       9    1125   1.244405163E+03
      10    1175   1.194358414E+03
      11    1225   9.744931181E+02
      12    1275   7.981907860E+02
      13    1325   7.236524597E+02
      14    1375   7.844178863E+02
      15    1425   8.430543744E+02
      16    1475   7.839567918E+02
      17    1525   6.333951408E+02
      18    1575   4.836512455E+02
      19    1625   4.231658403E+02
      20    1675   3.958270536E+02
      21    1725   4.215363176E+02
      22    1775   3.985728123E+02
      23    1825   3.529854781E+02
      24    1875   2.945162943E+02
      25    1925   2.441233586E+02
      26    1975   2.532648346E+02
      27    2025   2.369545525E+02
      28    2075   2.351185291E+02
      29    2125   2.171534053E+02
      30    2175   1.720227433E+02
      31    2225   1.590818306E+02
      32    2275   1.216013921E+02
      33    2325   1.292944183E+02
      34    2375   1.345900652E+02
      35    2425   1.192772928E+02
      36    2475   9.143091641E+01
      37    2525   1.045474484E+02
      38    2575   9.622140387E+01
      39    2625   8.470949977E+01
      40    2675   8.851169253E+01
      41    2725   6.311278784E+01
      42    2775   7.402239488E+01
