       0     675   1.767902280E+03
       1     725   2.014461433E+03
       2     775   2.321118308E+03
       3     825   2.570506878E+03
       4     875   2.289269015E+03
       5     925   1.722339127E+03
       6     975   1.146325186E+03
       7    1025   1.067689955E+03
       8    1075   1.162998404E+03
       9    1125   1.266925002E+03
      10    1175   1.186674162E+03
      11    1225   9.409554327E+02
      12    1275   7.781439035E+02
      13    1325   7.219426659E+02
      14    1375   8.246223083E+02
      15    1425   8.308488094E+02
      16    1475   7.521540977E+02
      17    1525   6.559781199E+02
      18    1575   4.895382593E+02
      19    1625   4.275717169E+02
      20    1675   4.012858804E+02
      21    1725   4.116186900E+02
      22    1775   4.117233685E+02
      23    1825   3.503777482E+02
      24    1875   2.916186893E+02
      25    1925   2.608084763E+02
      26    1975   2.579882183E+02
      27    2025   2.483009495E+02
      28    2075   2.469160355E+02
      29    2125   2.176064490E+02
      30    2175   1.826503439E+02
      31    2225   1.482689197E+02
      32    2275   1.432099535E+02
      33    2325   1.386830062E+02
      34    2375   1.372475991E+02
      35    2425   1.213935244E+02
      36    2475   1.084861366E+02
      37    2525   1.073899159E+02
      38    2575   7.373175866E+01
      39    2625   1.165408068E+02
      40    2675   8.245754630E+01
      41    2725   9.534607934E+01
      42    2775   7.640104352E+01
