       0     675   1.771284326E+03
       1     725   1.917001656E+03
       2     775   2.255010355E+03
       3     825   2.568339026E+03
       4     875   2.179204155E+03
       5     925   1.587401110E+03
       6     975   1.190998230E+03
       7    1025   1.094661882E+03
       8    1075   1.124094951E+03
       9    1125   1.300870300E+03
      10    1175   1.186902704E+03
      11    1225   9.258557001E+02
      12    1275   7.869153630E+02
      13    1325   7.226333241E+02
      14    1375   7.622945188E+02
      15    1425   8.527366261E+02
      16    1475   7.840656673E+02
      17    1525   6.297532257E+02
      18    1575   4.991273807E+02
      19    1625   4.144643817E+02
      20    1675   4.095738431E+02
      21    1725   3.929938729E+02
      22    1775   4.092760923E+02
      23    1825   3.423060321E+02
      24    1875   2.996776105E+02
      25    1925   2.594738556E+02
      26    1975   2.439567292E+02
      27    2025   2.573967289E+02
      28    2075   2.315568935E+02
      29    2125   2.062715381E+02
      30    2175   1.657606021E+02
      31    2225   1.648648249E+02
      32    2275   1.461238182E+02
      33    2325   1.311945278E+02
      34    2375   1.372406510E+02
      35    2425   1.208862887E+02
      36    2475   1.089753962E+02
      37    2525   1.111334898E+02
      38    2575   7.310189604E+01
      39    2625   1.113028794E+02
      40    2675   9.374910043E+01
      41    2725   3.360212588E+01
      42    2775   9.102177617E+01
