       0     675   1.716824267E+03
       1     725   2.042268654E+03
       2     775   2.509076012E+03
       3     825   2.424844098E+03
       4     875   2.183759923E+03
       5     925   1.641811733E+03
       6     975   1.175649751E+03
       7    1025   1.081607027E+03
       8    1075   1.230091783E+03
       9    1125   1.226131398E+03
      10    1175   1.221762970E+03
      11    1225   9.566489475E+02
      12    1275   7.942925249E+02
      13    1325   7.538624134E+02
      14    1375   7.977165543E+02
      15    1425   8.459530192E+02
      16    1475   7.896495584E+02
      17    1525   6.374185794E+02
      18    1575   4.921393539E+02
      19    1625   4.158084086E+02
      20    1675   4.089106529E+02
      21    1725   4.120333669E+02
      22    1775   4.058494695E+02
      23    1825   3.453502387E+02
      24    1875   3.124874576E+02
      25    1925   2.669465781E+02
      26    1975   2.353178553E+02
      27    2025   2.601922007E+02
      28    2075   2.419502279E+02
      29    2125   2.197720005E+02
      30    2175   1.869137635E+02
      31    2225   1.515972436E+02
      32    2275   1.408639473E+02
      33    2325   1.229568618E+02
      34    2375   1.496204307E+02
      35    2425   1.324853490E+02
      36    2475   1.059421585E+02
      37    2525   7.735606416E+01
      38    2575   6.723243472E+01
      39    2625   7.477974049E+01
      40    2675   7.916452464E+01
      41    2725   7.579117080E+01
      42    2775   6.445352956E+01
