       0     675   1.754678976E+03
       1     725   1.931050499E+03
       2     775   2.430531162E+03
       3     825   2.518265764E+03
       4     875   2.142107460E+03
       5     925   1.684643552E+03
       6     975   1.159517197E+03
       7    1025   1.061201667E+03
       8    1075   1.174072480E+03
       9    1125   1.220157520E+03
      10    1175   1.167029107E+03
      11    1225   1.000987733E+03
      12    1275   7.749476916E+02
      13    1325   7.262139960E+02
      14    1375   8.086046458E+02
      15    1425   8.525086092E+02
      16    1475   7.742103614E+02
      17    1525   6.446027110E+02
      18    1575   4.772826396E+02
      19    1625   4.348994656E+02
      20    1675   4.021688844E+02
      21    1725   4.256473196E+02
      22    1775   4.158381272E+02
      23    1825   3.534750512E+02
      24    1875   3.006480793E+02
      25    1925   2.593640091E+02
      26    1975   2.458743089E+02
      27    2025   2.436757235E+02
      28    2075   2.536845086E+02
      29    2125   2.250443072E+02
      30    2175   1.674852988E+02
      31    2225   1.658361003E+02
      32    2275   1.301570279E+02
      33    2325   1.511439382E+02
      34    2375   1.310587151E+02
      35    2425   1.358375779E+02
      36    2475   1.110723811E+02
      37    2525   8.698020887E+01
      38    2575   1.127590006E+02
      39    2625   7.116621349E+01
      40    2675   1.082502451E+02
      41    2725   3.382476902E+01
      42    2775   1.119780235E+02
