       0     675   1.793815655E+03
       1     725   1.894627634E+03
       2     775   2.359730400E+03
       3     825   2.539847851E+03
       4     875   2.234874564E+03
       5     925   1.584693749E+03
       6     975   1.149356807E+03
       7    1025   1.054508263E+03
       8    1075   1.225835111E+03
       9    1125   1.283176668E+03
      10    1175   1.200432043E+03
      11    1225   9.756166708E+02
      12    1275   7.756342723E+02
      13    1325   7.431177648E+02
      14    1375   7.744850043E+02
      15    1425   8.481663209E+02
      16    1475   7.828478369E+02
      17    1525   6.306160492E+02
      18    1575   4.977750264E+02
      19    1625   4.155782583E+02
      20    1675   4.023067981E+02
      21    1725   4.271857158E+02
      22    1775   4.134205744E+02
      23    1825   3.462742787E+02
      24    1875   2.914190214E+02
      25    1925   2.558183294E+02
      26    1975   2.470726422E+02
      27    2025   2.466244203E+02
      28    2075   2.403748895E+02
      29    2125   2.044831475E+02
      30    2175   1.805332604E+02
      31    2225   1.540150204E+02
      32    2275   1.249358126E+02
      33    2325   1.323474552E+02
      34    2375   1.368288656E+02
      35    2425   1.249131205E+02
      36    2475   1.021823930E+02
      37    2525   1.140924117E+02
      38    2575   1.061818601E+02
      39    2625   9.872435568E+01
      40    2675   6.303321244E+01
      41    2725   9.274009179E+01
      42    2775   9.951250088E+01
