       0     675   1.739235091E+03
       1     725   2.077126053E+03
       2     775   2.466796333E+03
       3     825   2.528754478E+03
       4     875   2.247584294E+03
       5     925   1.667964042E+03
       6     975   1.147323990E+03
       7    1025   1.121854039E+03
       8    1075   1.152896924E+03
       9    1125   1.273487905E+03
      10    1175   1.142968147E+03
      11    1225   9.511389512E+02
      12    1275   7.938037200E+02
      13    1325   7.413103514E+02
      14    1375   8.039421983E+02
      15    1425   8.160999756E+02
      16    1475   7.659822468E+02
      17    1525   6.148582383E+02
      18    1575   4.714343518E+02
      19    1625   4.237557677E+02
      20    1675   3.965094347E+02
      21    1725   4.133992391E+02
      22    1775   4.132995791E+02
      23    1825   3.530034533E+02
      24    1875   2.814393765E+02
      25    1925   2.641878642E+02
      26    1975   2.529952836E+02
      27    2025   2.638411142E+02
      28    2075   2.233009766E+02
      29    2125   2.481005998E+02
      30    2175   1.869849783E+02
      31    2225   1.565042957E+02
      32    2275   1.442754574E+02
      33    2325   1.252690011E+02
      34    2375   1.378580297E+02
      35    2425   1.240512730E+02
      36    2475   9.915202014E+01
      37    2525   1.143297001E+02
      38    2575   7.956783529E+01
      39    2625   9.819463422E+01
      40    2675   8.466056566E+01
      41    2725   7.644638217E+01
      42    2775   9.101610098E+01
