       0     675   1.795867898E+03
       1     725   2.024558210E+03
       2     775   2.341502506E+03
       3     825   2.491467617E+03
       4     875   2.201688213E+03
       5     925   1.608793162E+03
       6     975   1.184481125E+03
       7    1025   1.039578712E+03
       8    1075   1.153610110E+03
       9    1125   1.254533980E+03
      10    1175   1.173271022E+03
      11    1225   9.653461979E+02
      12    1275   7.657822958E+02
      13    1325   7.541908739E+02
      14    1375   7.813782943E+02
      15    1425   8.334852848E+02
      16    1475   7.898616929E+02
      17    1525   6.558462936E+02
      18    1575   4.792286024E+02
      19    1625   4.188475830E+02
      20    1675   4.109483943E+02
      21    1725   4.176355913E+02
      22    1775   3.926507451E+02
      23    1825   3.345330755E+02
      24    1875   2.885021420E+02
      25    1925   2.557784926E+02
      26    1975   2.483814368E+02
      27    2025   2.644018254E+02
      28    2075   2.247936670E+02
      29    2125   2.188812687E+02
      30    2175   1.791740343E+02
      31    2225   1.575057324E+02
      32    2275   1.358190822E+02
      33    2325   1.398369501E+02
      34    2375   1.167136232E+02
      35    2425   1.280098248E+02
      36    2475   1.101819586E+02
      37    2525   1.025754866E+02
      38    2575   8.998863005E+01
      39    2625   1.113203195E+02
      40    2675   8.040772559E+01
      41    2725   7.666302185E+01
      42    2775   6.440860656E+01
