       0     675   1.843421462E+03
       1     725   1.938249501E+03
       2     775   2.479268943E+03
       3     825   2.550393091E+03
       4     875   2.275911629E+03
       5     925   1.596262427E+03
       6     975   1.139054265E+03
       7    1025   1.077111432E+03
       8    1075   1.177949535E+03
       9    1125   1.228492027E+03
      10    1175   1.211899992E+03
      11    1225   9.331293764E+02
      12    1275   7.740430085E+02
      13    1325   7.238334228E+02
      14    1375   7.756308477E+02
      15    1425   8.454189119E+02
      16    1475   7.786139127E+02
      17    1525   6.440908989E+02
      18    1575   4.807590316E+02
      19    1625   4.291042297E+02
      20    1675   4.151491458E+02
      21    1725   4.339494102E+02
      22    1775   4.029716909E+02
      23    1825   3.472716384E+02
      24    1875   2.940517325E+02
      25    1925   2.569895728E+02
      26    1975   2.390839820E+02
      27    2025   2.473732624E+02
      28    2075   2.469462141E+02
      29    2125   2.352820676E+02
      30    2175   1.637823105E+02
      31    2225   1.581798751E+02
      32    2275   1.424161369E+02
      33    2325   1.351385330E+02
      34    2375   1.474009469E+02
      35    2425   1.309628949E+02
      36    2475   1.324775829E+02
      37    2525   6.905959057E+01
      38    2575   1.029808672E+02
      39    2625   6.247538081E+01
      40    2675   8.880635333E+01
      41    2725   8.833414781E+01
      42    2775   9.853437909E+01
