       0     675   1.761867542E+03
       1     725   1.982254108E+03
       2     775   2.567944081E+03
       3     825   2.574505932E+03
       4     875   2.215582299E+03
       5     925   1.663238498E+03
       6     975   1.188548891E+03
       7    1025   1.067047181E+03
       8    1075   1.171746628E+03
       9    1125   1.238507992E+03
      10    1175   1.186607088E+03
      11    1225   9.659324283E+02
      12    1275   7.763305832E+02
      13    1325   7.397440196E+02
      14    1375   8.108912815E+02
      15    1425   8.370285585E+02
      16    1475   7.807303474E+02
      17    1525   6.209689764E+02
      18    1575   4.707203567E+02
      19    1625   4.105995864E+02
      20    1675   4.091758785E+02
      21    1725   4.118978764E+02
      22    1775   4.084405226E+02
      23    1825   3.435809326E+02
      24    1875   3.047632223E+02
      25    1925   2.621275668E+02
      26    1975   2.415399077E+02
      27    2025   2.654475330E+02
      28    2075   2.293726325E+02
      29    2125   2.100811559E+02
      30    2175   1.630667396E+02
      31    2225   1.560844145E+02
      32    2275   1.369434296E+02
      33    2325   1.434467495E+02
      34    2375   1.429580527E+02
      35    2425   1.057450526E+02
      36    2475   1.224200318E+02
      37    2525   1.147022611E+02
      38    2575   8.851703109E+01
      39    2625   9.813464842E+01
      40    2675   7.450975193E+01
      41    2725   6.829866430E+01
      42    2775   5.893362667E+01
