       0     675   1.773789882E+03
       1     725   1.919633271E+03
       2     775   2.434697387E+03
       3     825   2.476418957E+03
       4     875   2.273566329E+03
       5     925   1.616218329E+03
       6     975   1.142674953E+03
       7    1025   1.056038055E+03
       8    1075   1.150593663E+03
       9    1125   1.227107046E+03
      10    1175   1.210979586E+03
      11    1225   9.741418159E+02
      12    1275   7.730665409E+02
      13    1325   7.339374603E+02
      14    1375   7.959075798E+02
      15    1425   8.579365402E+02
      16    1475   7.660659077E+02
      17    1525   6.519261387E+02
      18    1575   4.995090855E+02
      19    1625   4.092570562E+02
      20    1675   4.050124820E+02
      21    1725   4.242103590E+02
      22    1775   3.956424945E+02
      23    1825   3.579182067E+02
      24    1875   2.844729998E+02
      25    1925   2.584010770E+02
      26    1975   2.445235107E+02
      27    2025   2.526468606E+02
      28    2075   2.503280014E+02
      29    2125   2.182898183E+02
      30    2175   1.729630107E+02
      31    2225   1.549816649E+02
      32    2275   1.477148195E+02
      33    2325   1.316431438E+02
      34    2375   1.371959125E+02
      35    2425   1.341634534E+02
      36    2475   1.117441724E+02
      37    2525   1.064963204E+02
      38    2575   1.067676468E+02
      39    2625   9.152571337E+01
      40    2675   1.056490788E+02
      41    2725   9.714367884E+01
      42    2775   4.609076934E+01
