       0     675   1.717115154E+03
       1     725   2.032171991E+03
       2     775   2.438376160E+03
       3     825   2.490434979E+03
       4     875   2.171753948E+03
       5     925   1.645930626E+03
       6     975   1.175139361E+03
       7    1025   1.099439611E+03
       8    1075   1.150525679E+03
       9    1125   1.228030325E+03
      10    1175   1.248810316E+03
      11    1225   1.013276724E+03
      12    1275   7.654050246E+02
      13    1325   7.534673482E+02
      14    1375   7.957644386E+02
      15    1425   8.749424291E+02
      16    1475   7.353484753E+02
      17    1525   6.497218134E+02
      18    1575   5.140203181E+02
      19    1625   4.121046337E+02
      20    1675   3.994387554E+02
      21    1725   4.310109837E+02
      22    1775   4.071773669E+02
      23    1825   3.505698663E+02
      24    1875   2.892681346E+02
      25    1925   2.660485463E+02
      26    1975   2.622858224E+02
      27    2025   2.536489043E+02
      28    2075   2.402972724E+02
      29    2125   2.188102204E+02
      30    2175   1.745525444E+02
      31    2225   1.733762015E+02
      32    2275   1.481431259E+02
      33    2325   1.281406882E+02
      34    2375   1.376710548E+02
      35    2425   1.457315520E+02
      36    2475   1.296204322E+02
      37    2525   1.137065174E+02
      38    2575   8.036259466E+01
      39    2625   8.986430461E+01
      40    2675   1.053984388E+02
      41    2725   1.046409950E+02
      42    2775   6.953176187E+01
