       0     675   1.690417298E+03
       1     725   1.954754629E+03
       2     775   2.351880703E+03
       3     825   2.578570140E+03
       4     875   2.231368849E+03
       5     925   1.612394045E+03
       6     975   1.226108541E+03
       7    1025   1.079166506E+03
       8    1075   1.181634561E+03
       9    1125   1.262771579E+03
      10    1175   1.192276659E+03
      11    1225   9.671261208E+02
      12    1275   7.959438648E+02
      13    1325   7.530874672E+02
      14    1375   8.032142564E+02
      15    1425   8.301636940E+02
      16    1475   7.757504754E+02
      17    1525   6.303674522E+02
      18    1575   4.996118633E+02
      19    1625   4.060121861E+02
      20    1675   4.134874711E+02
      21    1725   4.231193417E+02
      22    1775   4.076570123E+02
      23    1825   3.553403292E+02
      24    1875   2.842688327E+02
      25    1925   2.620712469E+02
      26    1975   2.383403226E+02
      27    2025   2.590301230E+02
      28    2075   2.393208231E+02
      29    2125   2.137246390E+02
      30    2175   1.879647112E+02
      31    2225   1.540268701E+02
      32    2275   1.288758328E+02
      33    2325   1.397905666E+02
      34    2375   1.519117100E+02
      35    2425   1.196193603E+02
      36    2475   8.894486357E+01
      37    2525   8.061409423E+01
      38    2575   7.835272725E+01
      39    2625   8.466334894E+01
      40    2675   1.054895486E+02
      41    2725   6.848926226E+01
      42    2775   1.208129300E+02
