       0     675   1.735940624E+03
       1     725   2.098321646E+03
       2     775   2.386189668E+03
       3     825   2.527854084E+03
       4     875   2.204442135E+03
       5     925   1.611445477E+03
       6     975   1.158421698E+03
       7    1025   1.009215610E+03
       8    1075   1.217004517E+03
       9    1125   1.215484323E+03
      10    1175   1.202634762E+03
      11    1225   9.803642100E+02
      12    1275   7.613622420E+02
      13    1325   7.322453328E+02
      14    1375   8.081411257E+02
      15    1425   8.407457361E+02
      16    1475   7.810081393E+02
      17    1525   6.296286983E+02
      18    1575   4.946568480E+02
      19    1625   4.045343431E+02
      20    1675   4.005739883E+02
      21    1725   4.243521818E+02
      22    1775   3.919447545E+02
      23    1825   3.471990163E+02
      24    1875   2.999783263E+02
      25    1925   2.532973480E+02
      26    1975   2.527718900E+02
      27    2025   2.523121224E+02
      28    2075   2.525105680E+02
      29    2125   2.249991237E+02
      30    2175   1.780031903E+02
      31    2225   1.452035876E+02
      32    2275   1.408125688E+02
      33    2325   1.376294250E+02
      34    2375   1.276721899E+02
      35    2425   1.370137746E+02
      36    2475   1.081461407E+02
      37    2525   8.819309673E+01
      38    2575   1.058963924E+02
      39    2625   9.817999045E+01
      40    2675   1.157613878E+02
      41    2725   7.610620788E+01
      42    2775   5.566986229E+01
