       0     675   1.735581791E+03
       1     725   2.015903702E+03
       2     775   2.341953159E+03
       3     825   2.665601601E+03
       4     875   2.137093762E+03
       5     925   1.629393185E+03
       6     975   1.170306438E+03
       7    1025   1.051157274E+03
       8    1075   1.167429320E+03
       9    1125   1.275889055E+03
      10    1175   1.199875119E+03
      11    1225   9.758839278E+02
      12    1275   7.745414942E+02
      13    1325   7.310475217E+02
      14    1375   7.923101580E+02
      15    1425   8.362100123E+02
      16    1475   7.854340263E+02
      17    1525   6.367744465E+02
      18    1575   4.941862111E+02
      19    1625   4.168118184E+02
      20    1675   4.052834776E+02
      21    1725   4.188615791E+02
      22    1775   4.086136255E+02
      23    1825   3.375070083E+02
      24    1875   2.967166973E+02
      25    1925   2.653199254E+02
      26    1975   2.543180982E+02
      27    2025   2.496418381E+02
      28    2075   2.525367697E+02
      29    2125   2.117249897E+02
      30    2175   1.791015928E+02
      31    2225   1.508988998E+02
      32    2275   1.506078283E+02
      33    2325   1.540545322E+02
      34    2375   1.302085221E+02
      35    2425   1.188109851E+02
      36    2475   1.095960799E+02
      37    2525   8.938364596E+01
      38    2575   1.034226320E+02
      39    2625   1.141549818E+02
      40    2675   9.532148224E+01
      41    2725   9.738639014E+01
      42    2775   1.071213707E+02
