       0     675   1.798482427E+03
       1     725   2.018223256E+03
       2     775   2.382726765E+03
       3     825   2.488085232E+03
       4     875   2.253352579E+03
       5     925   1.538783731E+03
       6     975   1.172906255E+03
       7    1025   1.045218817E+03
       8    1075   1.158397350E+03
       9    1125   1.292121013E+03
      10    1175   1.172097609E+03
      11    1225   9.615648068E+02
      12    1275   8.049033561E+02
      13    1325   7.522819897E+02
      14    1375   8.137706667E+02
      15    1425   8.531509161E+02
      16    1475   7.721461477E+02
      17    1525   6.262047603E+02
      18    1575   4.937581387E+02
      19    1625   4.165556158E+02
      20    1675   4.111692131E+02
      21    1725   4.066436796E+02
      22    1775   4.050954315E+02
      23    1825   3.459352745E+02
      24    1875   2.963636740E+02
      25    1925   2.623541228E+02
      26    1975   2.367184458E+02
      27    2025   2.627306824E+02
      28    2075   2.350967100E+02
      29    2125   2.192651364E+02
      30    2175   1.727898136E+02
      31    2225   1.471709614E+02
      32    2275   1.416012315E+02
      33    2325   1.305855110E+02
      34    2375   1.524888541E+02
      35    2425   1.159504453E+02
      36    2475   1.076756718E+02
      37    2525   1.081811061E+02
      38    2575   8.374862456E+01
      39    2625   7.726794924E+01
      40    2675   1.301313505E+02
      41    2725   4.346788636E+01
      42    2775   1.416242886E+02
