       0     675   1.741130151E+03
       1     725   2.020483531E+03
       2     775   2.433503462E+03
       3     825   2.523857346E+03
       4     875   2.174127222E+03
       5     925   1.664562728E+03
       6     975   1.158007136E+03
       7    1025   1.068375806E+03
       8    1075   1.185843368E+03
       9    1125   1.196775912E+03
      10    1175   1.180261501E+03
      11    1225   9.264286235E+02
      12    1275   8.098378171E+02
      13    1325   7.542600757E+02
      14    1375   7.921843746E+02
      15    1425   8.354688244E+02
      16    1475   7.444496306E+02
      17    1525   6.290594439E+02
      18    1575   4.886016209E+02
      19    1625   4.278514732E+02
      20    1675   4.063121877E+02
      21    1725   4.116874069E+02
      22    1775   4.060723592E+02
      23    1825   3.324394942E+02
      24    1875   3.085489254E+02
      25    1925   2.626575132E+02
      26    1975   2.540932867E+02
      27    2025   2.583615965E+02
      28    2075   2.508659916E+02
      29    2125   2.173576079E+02
      30    2175   1.837835646E+02
      31    2225   1.383591278E+02
      32    2275   1.402041055E+02
      33    2325   1.284420711E+02
      34    2375   1.496630017E+02
      35    2425   1.188015820E+02
      36    2475   1.097629523E+02
      37    2525   1.005566693E+02
      38    2575   1.176151549E+02
      39    2625   7.673373504E+01
      40    2675   1.106167516E+02
      41    2725   6.049844412E+01
      42    2775   9.846925194E+01
