       0     675   1.779854421E+03
       1     725   2.067999049E+03
       2     775   2.392272790E+03
       3     825   2.636074958E+03
       4     875   2.188775551E+03
       5     925   1.610952938E+03
       6     975   1.184583591E+03
       7    1025   1.006677530E+03
       8    1075   1.180525848E+03
       9    1125   1.190040603E+03
      10    1175   1.186671635E+03
      11    1225   9.555072695E+02
      12    1275   7.669344181E+02
      13    1325   7.599651065E+02
      14    1375   7.686885069E+02
      15    1425   8.652830928E+02
      16    1475   7.890180839E+02
      17    1525   6.207583709E+02
      18    1575   4.786539397E+02
      19    1625   4.307212081E+02
      20    1675   4.169922467E+02
      21    1725   4.334505184E+02
      22    1775   4.165865072E+02
      23    1825   3.409041917E+02
      24    1875   2.848545047E+02
      25    1925   2.739350646E+02
      26    1975   2.495803739E+02
      27    2025   2.582563838E+02
      28    2075   2.403445033E+02
      29    2125   2.188631223E+02
      30    2175   1.684276725E+02
      31    2225   1.468766420E+02
      32    2275   1.385336886E+02
      33    2325   1.403536224E+02
      34    2375   1.304682725E+02
      35    2425   1.148533487E+02
      36    2475   1.008226810E+02
      37    2525   8.735897490E+01
      38    2575   8.620825137E+01
      39    2625   9.128306570E+01
      40    2675   7.273095755E+01
      41    2725   7.526361788E+01
      42    2775   9.407417718E+01
