       0     675   1.721491088E+03
       1     725   1.984044550E+03
       2     775   2.432150152E+03
       3     825   2.608457602E+03
       4     875   2.171856199E+03
       5     925   1.609512395E+03
       6     975   1.185756904E+03
       7    1025   1.090629376E+03
       8    1075   1.162210902E+03
       9    1125   1.265140723E+03
      10    1175   1.209176247E+03
      11    1225   9.631306750E+02
      12    1275   7.723760123E+02
      13    1325   7.196209266E+02
      14    1375   7.966518634E+02
      15    1425   8.113185004E+02
      16    1475   7.690999297E+02
      17    1525   6.223276521E+02
      18    1575   4.877388611E+02
      19    1625   4.175843003E+02
      20    1675   4.153639694E+02
      21    1725   4.287895847E+02
      22    1775   4.018739434E+02
      23    1825   3.594229303E+02
      24    1875   3.060426217E+02
      25    1925   2.476427576E+02
      26    1975   2.513496993E+02
      27    2025   2.493141838E+02
      28    2075   2.425457955E+02
      29    2125   2.097980975E+02
      30    2175   1.846694805E+02
      31    2225   1.656765986E+02
      32    2275   1.418808628E+02
      33    2325   1.403911895E+02
      34    2375   1.237411401E+02
      35    2425   1.159838033E+02
      36    2475   1.102036682E+02
      37    2525   8.183221668E+01
      38    2575   8.494190719E+01
      39    2625   1.189971402E+02
      40    2675   6.724318826E+01
      41    2725   1.098942290E+02
      42    2775   9.952320181E+01
