       0     675   1.733164062E+03
       1     725   2.023294073E+03
       2     775   2.428721776E+03
       3     825   2.521740278E+03
       4     875   2.231416950E+03
       5     925   1.631230201E+03
       6     975   1.214592955E+03
       7    1025   1.114209876E+03
       8    1075   1.150743860E+03
       9    1125   1.258587031E+03
      10    1175   1.174765153E+03
      11    1225   9.448935688E+02
      12    1275   7.915614181E+02
      13    1325   7.341618055E+02
      14    1375   7.786190896E+02
      15    1425   8.326585747E+02
      16    1475   8.049136751E+02
      17    1525   6.197925797E+02
      18    1575   4.894884521E+02
      19    1625   4.278934450E+02
      20    1675   4.083505134E+02
      21    1725   4.099715630E+02
      22    1775   3.862547942E+02
      23    1825   3.446465869E+02
      24    1875   2.914108068E+02
      25    1925   2.582271194E+02
      26    1975   2.579869674E+02
      27    2025   2.519335471E+02
      28    2075   2.414619263E+02
      29    2125   1.953180528E+02
      30    2175   1.899631796E+02
      31    2225   1.489316255E+02
      32    2275   1.465646001E+02
      33    2325   1.372159546E+02
      34    2375   1.315277413E+02
      35    2425   1.166211595E+02
      36    2475   1.273756549E+02
      37    2525   1.139774404E+02
      38    2575   9.386929720E+01
      39    2625   7.564129126E+01
      40    2675   9.353572596E+01
      41    2725   7.950300859E+01
      42    2775   7.789168140E+01
