       0     675   1.764551316E+03
       1     725   1.947422935E+03
       2     775   2.443010769E+03
       3     825   2.663240668E+03
       4     875   2.230686182E+03
       5     925   1.659100951E+03
       6     975   1.180171411E+03
       7    1025   1.032920914E+03
       8    1075   1.259101918E+03
       9    1125   1.222469963E+03
      10    1175   1.168272909E+03
      11    1225   9.606562889E+02
      12    1275   7.635707708E+02
      13    1325   7.426837809E+02
      14    1375   7.640386863E+02
      15    1425   8.261480966E+02
      16    1475   7.675227676E+02
      17    1525   6.290271348E+02
      18    1575   4.688828239E+02
      19    1625   4.267994356E+02
      20    1675   4.118168397E+02
      21    1725   4.231689667E+02
      22    1775   4.043948017E+02
      23    1825   3.500162757E+02
      24    1875   3.023303684E+02
      25    1925   2.416111423E+02
      26    1975   2.495019924E+02
      27    2025   2.559166157E+02
      28    2075   2.451585029E+02
      29    2125   2.178986705E+02
      30    2175   1.784345745E+02
      31    2225   1.588237813E+02
      32    2275   1.339312102E+02
      33    2325   1.439969458E+02
      34    2375   1.090429307E+02
      35    2425   1.285687718E+02
      36    2475   1.074524484E+02
      37    2525   8.269788548E+01
      38    2575   8.317205131E+01
      39    2625   1.017165892E+02
      40    2675   8.570671537E+01
      41    2725   1.124027103E+02
      42    2775   1.010700734E+02
