       0     675   1.807501412E+03
       1     725   2.030594979E+03
       2     775   2.396544514E+03
       3     825   2.582192686E+03
       4     875   2.167951085E+03
       5     925   1.612073292E+03
       6     975   1.234471171E+03
       7    1025   1.031688259E+03
       8    1075   1.139618988E+03
       9    1125   1.270252597E+03
      10    1175   1.166350558E+03
      11    1225   9.574154035E+02
      12    1275   7.598858804E+02
      13    1325   7.621536299E+02
      14    1375   7.955862816E+02
      15    1425   8.283368966E+02
      16    1475   7.634814582E+02
      17    1525   6.200651734E+02
      18    1575   4.970947248E+02
      19    1625   4.039601473E+02
      20    1675   4.181659934E+02
      21    1725   4.102948161E+02
      22    1775   3.954375798E+02
      23    1825   3.531208674E+02
      24    1875   2.976771209E+02
      25    1925   2.524290229E+02
      26    1975   2.572590394E+02
      27    2025   2.445183385E+02
      28    2075   2.378309621E+02
      29    2125   2.133895815E+02
      30    2175   1.819092659E+02
      31    2225   1.646031242E+02
      32    2275   1.308997463E+02
      33    2325   1.386678709E+02
      34    2375   1.445275659E+02
      35    2425   1.246561424E+02
      36    2475   1.165707925E+02
      37    2525   9.884021978E+01
      38    2575   8.551621902E+01
      39    2625   1.117673876E+02
      40    2675   5.804306339E+01
      41    2725   1.168135501E+02
      42    2775   9.762722019E+01
