       0     675   1.728379816E+03
       1     725   1.951725594E+03
       2     775   2.426196718E+03
       3     825   2.609976951E+03
       4     875   2.216461457E+03
       5     925   1.645283897E+03
       6     975   1.173162203E+03
       7    1025   1.024026466E+03
       8    1075   1.180866259E+03
       9    1125   1.270689904E+03
      10    1175   1.175708764E+03
      11    1225   9.882104835E+02
      12    1275   7.811945476E+02
      13    1325   7.932756206E+02
      14    1375   7.544967947E+02
      15    1425   8.314321820E+02
      16    1475   8.016816866E+02
      17    1525   6.417842007E+02
      18    1575   4.815859178E+02
      19    1625   4.142423899E+02
      20    1675   4.092855061E+02
      21    1725   4.067788608E+02
      22    1775   3.960459648E+02
      23    1825   3.558235459E+02
      24    1875   2.887268453E+02
      25    1925   2.689578462E+02
      26    1975   2.496700691E+02
      27    2025   2.444833071E+02
      28    2075   2.433694740E+02
      29    2125   2.237441742E+02
      30    2175   1.754580152E+02
      31    2225   1.568829728E+02
      32    2275   1.396743087E+02
      33    2325   1.260244347E+02
      34    2375   1.389621044E+02
      35    2425   1.177412303E+02
      36    2475   9.814756280E+01
      37    2525   1.166436451E+02
      38    2575   1.205257196E+02
      39    2625   7.687166130E+01
      40    2675   9.934878174E+01
      41    2725   1.163103579E+02
      42    2775   6.031987563E+01
