       0     675   1.775163117E+03
       1     725   2.071222245E+03
       2     775   2.388953949E+03
       3     825   2.598390129E+03
       4     875   2.077930687E+03
       5     925   1.681607616E+03
       6     975   1.124539199E+03
       7    1025   1.069009919E+03
       8    1075   1.142868070E+03
       9    1125   1.312466014E+03
      10    1175   1.225076816E+03
      11    1225   9.585259721E+02
      12    1275   7.801614521E+02
      13    1325   7.254594016E+02
      14    1375   7.896205239E+02
      15    1425   8.541879911E+02
      16    1475   7.766680975E+02
      17    1525   6.284751838E+02
      18    1575   4.679459817E+02
      19    1625   4.086194563E+02
      20    1675   4.141299986E+02
      21    1725   4.202088341E+02
      22    1775   3.993474942E+02
      23    1825   3.524553510E+02
      24    1875   2.972236758E+02
      25    1925   2.560732720E+02
      26    1975   2.580051081E+02
      27    2025   2.504705400E+02
      28    2075   2.417462807E+02
      29    2125   2.127411047E+02
      30    2175   1.750192257E+02
      31    2225   1.562811363E+02
      32    2275   1.500891896E+02
      33    2325   1.549876264E+02
      34    2375   1.217890110E+02
      35    2425   1.143728728E+02
      36    2475   9.465842666E+01
      37    2525   1.014743700E+02
      38    2575   1.371414087E+02
      39    2625   9.449234692E+01
      40    2675   5.113888029E+01
      41    2725   9.021257024E+01
      42    2775   8.895791206E+01
