       0     675   1.799979194E+03
       1     725   1.994887153E+03
       2     775   2.454019563E+03
       3     825   2.568658574E+03
       4     875   2.160316094E+03
       5     925   1.606305092E+03
       6     975   1.170631371E+03
       7    1025   1.088568436E+03
       8    1075   1.213437396E+03
       9    1125   1.243671907E+03
      10    1175   1.175815912E+03
      11    1225   9.676512791E+02
      12    1275   7.849551751E+02
      13    1325   7.488927122E+02
      14    1375   8.381639377E+02
      15    1425   8.401867035E+02
      16    1475   7.737346796E+02
      17    1525   6.534990249E+02
      18    1575   4.897213603E+02
      19    1625   4.118650142E+02
      20    1675   4.114387072E+02
      21    1725   4.124338764E+02
      22    1775   4.131036138E+02
      23    1825   3.464778998E+02
      24    1875   3.005959849E+02
      25    1925   2.577618063E+02
      26    1975   2.458725844E+02
      27    2025   2.516442756E+02
      28    2075   2.487794439E+02
      29    2125   2.330835113E+02
      30    2175   1.741455051E+02
      31    2225   1.548346118E+02
      32    2275   1.507324741E+02
      33    2325   1.372334347E+02
      34    2375   1.270978206E+02
      35    2425   1.279735275E+02
      36    2475   1.304459741E+02
      37    2525   8.736014088E+01
      38    2575   8.163273923E+01
      39    2625   8.388737799E+01
      40    2675   1.009570215E+02
      41    2725   1.115424310E+02
      42    2775   9.838078242E+01
