       0     675   1.727048991E+03
       1     725   2.032219569E+03
       2     775   2.475095742E+03
       3     825   2.502712983E+03
       4     875   2.164983964E+03
       5     925   1.631294270E+03
       6     975   1.201996153E+03
       7    1025   1.028340846E+03
       8    1075   1.201821153E+03
       9    1125   1.272169590E+03
      10    1175   1.179400005E+03
      11    1225   9.917134386E+02
      12    1275   7.755154109E+02
      13    1325   7.376051398E+02
      14    1375   8.096811705E+02
      15    1425   8.575451316E+02
      16    1475   8.013411284E+02
      17    1525   6.483999463E+02
      18    1575   5.051641727E+02
      19    1625   3.948964307E+02
      20    1675   4.153175217E+02
      21    1725   4.161141339E+02
      22    1775   3.847359722E+02
      23    1825   3.566138560E+02
      24    1875   2.816117416E+02
      25    1925   2.553244783E+02
      26    1975   2.464141766E+02
      27    2025   2.535917919E+02
      28    2075   2.465535291E+02
      29    2125   2.005460934E+02
      30    2175   1.900786822E+02
      31    2225   1.572662349E+02
      32    2275   1.340098499E+02
      33    2325   1.369478479E+02
      34    2375   1.304964445E+02
      35    2425   1.223954492E+02
      36    2475   1.111471931E+02
      37    2525   1.004989909E+02
      38    2575   1.238812330E+02
      39    2625   7.391890871E+01
      40    2675   5.534380256E+01
      41    2725   8.149896600E+01
      42    2775   8.248595882E+01
