       0     675   1.796686007E+03
       1     725   1.960043388E+03
       2     775   2.344045997E+03
       3     825   2.550217335E+03
       4     875   2.281462271E+03
       5     925   1.649121969E+03
       6     975   1.201829112E+03
       7    1025   1.064658029E+03
       8    1075   1.184330167E+03
       9    1125   1.281953332E+03
      10    1175   1.178193838E+03
      11    1225   9.689712337E+02
      12    1275   7.662451997E+02
      13    1325   7.271418745E+02
      14    1375   7.988631657E+02
      15    1425   8.410608850E+02
      16    1475   7.885573473E+02
      17    1525   6.563623714E+02
      18    1575   4.913550726E+02
      19    1625   4.229800721E+02
      20    1675   4.055757568E+02
      21    1725   4.198363090E+02
      22    1775   4.060494085E+02
      23    1825   3.402543585E+02
      24    1875   3.036505584E+02
      25    1925   2.577494046E+02
      26    1975   2.465237537E+02
      27    2025   2.410728122E+02
      28    2075   2.420987241E+02
      29    2125   2.234785887E+02
      30    2175   1.843783306E+02
      31    2225   1.529181870E+02
      32    2275   1.717823371E+02
      33    2325   1.393355164E+02
      34    2375   1.380596992E+02
      35    2425   1.180162744E+02
      36    2475   1.332693847E+02
      37    2525   9.787353667E+01
      38    2575   6.822751820E+01
      39    2625   9.513849433E+01
      40    2675   7.655340950E+01
      41    2725   4.995565203E+01
      42    2775   1.043074840E+02
