       0     675   1.730542007E+03
       1     725   1.893637059E+03
       2     775   2.425154365E+03
       3     825   2.562177084E+03
       4     875   2.145080077E+03
       5     925   1.641636284E+03
       6     975   1.197677511E+03
       7    1025   1.096406610E+03
       8    1075   1.175456280E+03
       9    1125   1.211207511E+03
      10    1175   1.195725626E+03
      11    1225   9.354803869E+02
      12    1275   8.144948035E+02
      13    1325   7.346222649E+02
      14    1375   7.823871029E+02
      15    1425   8.517033429E+02
      16    1475   7.496928703E+02
      17    1525   6.303765349E+02
      18    1575   4.941286373E+02
      19    1625   4.217452516E+02
      20    1675   4.144087832E+02
      21    1725   4.188797754E+02
      22    1775   4.046700174E+02
      23    1825   3.587387642E+02
      24    1875   2.984252365E+02
      25    1925   2.588700206E+02
      26    1975   2.420063884E+02
      27    2025   2.632714252E+02
      28    2075   2.388398167E+02
      29    2125   2.134444497E+02
      30    2175   1.927786247E+02
      31    2225   1.577040985E+02
      32    2275   1.289448588E+02
      33    2325   1.421728681E+02
      34    2375   1.188930266E+02
      35    2425   1.464691643E+02
      36    2475   1.323561244E+02
      37    2525   1.042725432E+02
      38    2575   8.744344728E+01
      39    2625   8.049336576E+01
      40    2675   6.956840315E+01
      41    2725   9.728724010E+01
      42    2775   9.901208663E+01
