       0     675   1.675105187E+03
       1     725   2.044799302E+03
       2     775   2.326091001E+03
       3     825   2.604566962E+03
       4     875   2.183632379E+03
       5     925   1.633930780E+03
       6     975   1.173477526E+03
       7    1025   1.017300171E+03
       8    1075   1.138897600E+03
       9    1125   1.308397868E+03
      10    1175   1.101922233E+03
      11    1225   9.493272676E+02
      12    1275   7.921981052E+02
      13    1325   7.522898669E+02
      14    1375   7.931503816E+02
      15    1425   8.303274920E+02
      16    1475   8.129681627E+02
      17    1525   6.171379769E+02
      18    1575   4.941046523E+02
      19    1625   4.034550025E+02
      20    1675   4.152462742E+02
      21    1725   4.226765393E+02
      22    1775   4.053319956E+02
      23    1825   3.401944749E+02
      24    1875   2.954709689E+02
      25    1925   2.609732740E+02
      26    1975   2.586914868E+02
      27    2025   2.490930093E+02
      28    2075   2.431932011E+02
      29    2125   2.071534332E+02
      30    2175   1.811032446E+02
      31    2225   1.540154451E+02
      32    2275   1.370164299E+02
      33    2325   1.233690093E+02
      34    2375   1.375108867E+02
      35    2425   1.380626954E+02
      36    2475   1.136152159E+02
      37    2525   1.102058582E+02
      38    2575   8.431770603E+01
      39    2625   1.144544024E+02
      40    2675   1.031825179E+02
      41    2725   4.913144420E+01
      42    2775   9.439430602E+01
