       0     675   1.797714590E+03
       1     725   1.997048623E+03
       2     775   2.450157195E+03
       3     825   2.559583919E+03
       4     875   2.199160717E+03
       5     925   1.661070126E+03
       6     975   1.128432407E+03
       7    1025   1.023299838E+03
       8    1075   1.181269184E+03
       9    1125   1.272791042E+03
      10    1175   1.151043586E+03
      11    1225   9.700029282E+02
      12    1275   7.826118337E+02
      13    1325   7.225379212E+02
      14    1375   7.640797658E+02
      15    1425   8.729673025E+02
      16    1475   7.877687362E+02
      17    1525   6.234690204E+02
      18    1575   4.736687167E+02
      19    1625   4.070848343E+02
      20    1675   4.137574597E+02
      21    1725   4.302653391E+02
      22    1775   3.936344522E+02
      23    1825   3.555302949E+02
      24    1875   2.839040989E+02
      25    1925   2.517535015E+02
      26    1975   2.524813361E+02
      27    2025   2.559038533E+02
      28    2075   2.497207848E+02
      29    2125   2.132484236E+02
      30    2175   1.679677226E+02
      31    2225   1.460520072E+02
      32    2275   1.409132922E+02
      33    2325   1.330681031E+02
      34    2375   1.302283640E+02
      35    2425   1.104699987E+02
      36    2475   1.024877238E+02
      37    2525   1.091682510E+02
      38    2575   1.086845382E+02
      39    2625   9.826671837E+01
      40    2675   7.723360668E+01
      41    2725   4.857649879E+01
      42    2775   8.975495681E+01
