       0     675   1.691970213E+03
       1     725   1.960374115E+03
       2     775   2.420540645E+03
       3     825   2.432696455E+03
       4     875   2.275914166E+03
       5     925   1.578865662E+03
       6     975   1.180425746E+03
       7    1025   1.068603695E+03
       8    1075   1.179396943E+03
       9    1125   1.237952970E+03
      10    1175   1.179105602E+03
      11    1225   9.368126313E+02
      12    1275   7.984098768E+02
      13    1325   7.610499496E+02
      14    1375   7.883585118E+02
      15    1425   8.370246732E+02
      16    1475   7.767153393E+02
      17    1525   6.315181308E+02
      18    1575   5.002107863E+02
      19    1625   4.118284257E+02
      20    1675   4.126148788E+02
      21    1725   4.189841333E+02
      22    1775   3.903850220E+02
      23    1825   3.563118928E+02
      24    1875   3.016092342E+02
      25    1925   2.623202678E+02
      26    1975   2.434768367E+02
      27    2025   2.433688430E+02
      28    2075   2.439847940E+02
      29    2125   2.188432248E+02
      30    2175   1.842924088E+02
      31    2225   1.415011853E+02
      32    2275   1.533782035E+02
      33    2325   1.367272062E+02
      34    2375   1.262307335E+02
      35    2425   1.206087637E+02
      36    2475   1.232322637E+02
      37    2525   9.173700107E+01
      38    2575   8.094161389E+01
      39    2625   1.213621043E+02
      40    2675   7.095705864E+01
      41    2725   1.051233039E+02
      42    2775   9.280309958E+01
