       0     675   1.803280926E+03
       1     725   1.996224959E+03
       2     775   2.424781869E+03
       3     825   2.542095600E+03
       4     875   2.265574959E+03
       5     925   1.572652762E+03
       6     975   1.188398487E+03
       7    1025   1.039067129E+03
       8    1075   1.191198909E+03
       9    1125   1.266263654E+03
      10    1175   1.231545003E+03
      11    1225   9.977749754E+02
      12    1275   7.670662552E+02
      13    1325   7.373102173E+02
      14    1375   7.850262011E+02
      15    1425   8.584410088E+02
      16    1475   7.827151590E+02
      17    1525   6.298263264E+02
      18    1575   4.985822908E+02
      19    1625   4.112270517E+02
      20    1675   4.000646567E+02
      21    1725   4.155625477E+02
      22    1775   4.049318052E+02
      23    1825   3.514178276E+02
      24    1875   2.938404069E+02
      25    1925   2.599683659E+02
      26    1975   2.570825298E+02
      27    2025   2.433535883E+02
      28    2075   2.319597641E+02
      29    2125   2.170932632E+02
      30    2175   1.819372918E+02
      31    2225   1.660390594E+02
      32    2275   1.603032820E+02
      33    2325   1.283979712E+02
      34    2375   1.366521223E+02
      35    2425   1.235873192E+02
      36    2475   1.091337935E+02
      37    2525   1.000459954E+02
      38    2575   9.770474743E+01
      39    2625   1.018891515E+02
      40    2675   9.642122424E+01
      41    2725   8.855007441E+01
      42    2775   4.319365772E+01
