       0     675   1.812063607E+03
       1     725   1.961546863E+03
       2     775   2.450254686E+03
       3     825   2.505904512E+03
       4     875   2.208080795E+03
       5     925   1.589906403E+03
       6     975   1.225349942E+03
       7    1025   1.101565163E+03
       8    1075   1.157493176E+03
       9    1125   1.273679914E+03
      10    1175   1.227285153E+03
      11    1225   9.741149039E+02
      12    1275   7.767058310E+02
      13    1325   7.490379226E+02
      14    1375   8.015004932E+02
      15    1425   8.349641698E+02
      16    1475   7.893168342E+02
      17    1525   6.401680618E+02
      18    1575   4.882408047E+02
      19    1625   4.306730491E+02
      20    1675   4.097519621E+02
      21    1725   4.068436331E+02
      22    1775   4.121148229E+02
      23    1825   3.540712214E+02
      24    1875   3.029795215E+02
      25    1925   2.574633543E+02
      26    1975   2.478553127E+02
      27    2025   2.687040056E+02
      28    2075   2.455378639E+02
      29    2125   2.157747874E+02
      30    2175   1.934247522E+02
      31    2225   1.541017042E+02
      32    2275   1.327498763E+02
      33    2325   1.314993098E+02
      34    2375   1.309529154E+02
      35    2425   1.444181711E+02
      36    2475   1.042533861E+02
      37    2525   9.665043250E+01
      38    2575   9.966869933E+01
      39    2625   7.515980501E+01
      40    2675   7.348516954E+01
      41    2725   9.953557178E+01
      42    2775   7.154525444E+01
