       0     675   1.873479771E+03
       1     725   2.056459012E+03
       2     775   2.342888503E+03
       3     825   2.509357207E+03
       4     875   2.259574296E+03
       5     925   1.651892492E+03
       6     975   1.126104222E+03
       7    1025   1.067381093E+03
       8    1075   1.083465352E+03
       9    1125   1.290233276E+03
      10    1175   1.213239878E+03
      11    1225   9.805105196E+02
      12    1275   8.238161605E+02
      13    1325   7.066636291E+02
      14    1375   8.164776551E+02
      15    1425   8.523791386E+02
      16    1475   7.794748287E+02
      17    1525   6.356263466E+02
      18    1575   5.138644639E+02
      19    1625   4.242672888E+02
      20    1675   4.017122935E+02
      21    1725   4.328515045E+02
      22    1775   3.893664834E+02
      23    1825   3.438744338E+02
      24    1875   2.925011250E+02
      25    1925   2.629650668E+02
      26    1975   2.472074139E+02
      27    2025   2.516218196E+02
      28    2075   2.336192485E+02
      29    2125   2.153806804E+02
      30    2175   1.795133438E+02
      31    2225   1.538447195E+02
      32    2275   1.325730828E+02
      33    2325   1.233491985E+02
      34    2375   1.384231731E+02
      35    2425   1.313958947E+02
      36    2475   1.139139742E+02
      37    2525   1.229500132E+02
      38    2575   1.157766542E+02
      39    2625   9.461727895E+01
      40    2675   6.762651709E+01
      41    2725   5.297395478E+01
      42    2775   1.211648617E+02
