       0     675   1.791708875E+03
       1     725   1.917629627E+03
       2     775   2.410420189E+03
       3     825   2.550773484E+03
       4     875   2.230757641E+03
       5     925   1.594397816E+03
       6     975   1.188247283E+03
       7    1025   1.016398276E+03
       8    1075   1.138006965E+03
       9    1125   1.289894922E+03
      10    1175   1.182753312E+03
      11    1225   9.427949776E+02
      12    1275   8.189149820E+02
      13    1325   7.092842251E+02
      14    1375   7.833965638E+02
      15    1425   8.494535847E+02
      16    1475   7.634289149E+02
      17    1525   6.325920920E+02
      18    1575   4.749459695E+02
      19    1625   4.264338183E+02
      20    1675   4.072589790E+02
      21    1725   4.197357079E+02
      22    1775   4.079295465E+02
      23    1825   3.545393303E+02
      24    1875   2.842444262E+02
      25    1925   2.590261300E+02
      26    1975   2.449930170E+02
      27    2025   2.491516808E+02
      28    2075   2.357759129E+02
      29    2125   2.199629171E+02
      30    2175   1.749383510E+02
      31    2225   1.517891759E+02
      32    2275   1.354160739E+02
      33    2325   1.417599092E+02
      34    2375   1.491694198E+02
      35    2425   1.065323173E+02
      36    2475   1.284375665E+02
      37    2525   1.019329281E+02
      38    2575   7.235527775E+01
      39    2625   1.015369901E+02
      40    2675   7.592511440E+01
      41    2725   7.525510543E+01
      42    2775   8.445357699E+01
