       0     675   1.687719633E+03
       1     725   2.009553705E+03
       2     775   2.358313893E+03
       3     825   2.561877380E+03
       4     875   2.264175910E+03
       5     925   1.669862832E+03
       6     975   1.155059897E+03
       7    1025   1.040992957E+03
       8    1075   1.138328531E+03
       9    1125   1.260692288E+03
      10    1175   1.205000005E+03
      11    1225   9.570554547E+02
      12    1275   7.738038849E+02
      13    1325   7.463973232E+02
      14    1375   7.923841728E+02
      15    1425   8.241812048E+02
      16    1475   7.846465228E+02
      17    1525   6.214608275E+02
      18    1575   4.900902824E+02
      19    1625   4.197290431E+02
      20    1675   3.963519928E+02
      21    1725   4.157937465E+02
      22    1775   4.059126458E+02
      23    1825   3.432505164E+02
      24    1875   3.041512206E+02
      25    1925   2.726710226E+02
      26    1975   2.455446645E+02
      27    2025   2.554653215E+02
      28    2075   2.491440949E+02
      29    2125   2.200242627E+02
      30    2175   1.856940464E+02
      31    2225   1.344795468E+02
      32    2275   1.421937672E+02
      33    2325   1.401393338E+02
      34    2375   1.210497270E+02
      35    2425   1.208208731E+02
      36    2475   1.241484998E+02
      37    2525   9.837946194E+01
      38    2575   8.395793302E+01
      39    2625   1.022876429E+02
      40    2675   7.121475989E+01
      41    2725   7.829037666E+01
      42    2775   1.098929524E+02
