       0     675   1.841151349E+03
       1     725   1.845377546E+03
       2     775   2.555711538E+03
       3     825   2.505470047E+03
       4     875   2.205872016E+03
       5     925   1.736127865E+03
       6     975   1.141461726E+03
       7    1025   1.125127315E+03
       8    1075   1.170534963E+03
       9    1125   1.251716473E+03
      10    1175   1.211584335E+03
      11    1225   9.580105948E+02
      12    1275   7.833704661E+02
      13    1325   7.430811265E+02
      14    1375   7.992721205E+02
      15    1425   8.314155043E+02
      16    1475   7.778485127E+02
      17    1525   6.411477284E+02
      18    1575   4.705134885E+02
      19    1625   4.141051041E+02
      20    1675   4.136452512E+02
      21    1725   4.157426612E+02
      22    1775   4.140775317E+02
      23    1825   3.480175643E+02
      24    1875   2.982035004E+02
      25    1925   2.703697953E+02
      26    1975   2.482480717E+02
      27    2025   2.518120091E+02
      28    2075   2.334714908E+02
      29    2125   2.082573760E+02
      30    2175   1.779331933E+02
      31    2225   1.425746548E+02
      32    2275   1.221864919E+02
      33    2325   1.599790197E+02
      34    2375   1.395136714E+02
      35    2425   1.325788933E+02
      36    2475   1.101169015E+02
      37    2525   9.348315900E+01
      38    2575   1.109409155E+02
      39    2625   7.065208805E+01
      40    2675   8.907629880E+01
      41    2725   7.764192644E+01
      42    2775   8.813889613E+01
