       0     675   1.775627404E+03
       1     725   2.015136057E+03
       2     775   2.361423860E+03
       3     825   2.524811694E+03
       4     875   2.217533601E+03
       5     925   1.671537173E+03
       6     975   1.161985355E+03
       7    1025   1.040263387E+03
       8    1075   1.224646341E+03
       9    1125   1.264636463E+03
      10    1175   1.164469682E+03
      11    1225   9.727590940E+02
      12    1275   8.062208894E+02
      13    1325   7.445865600E+02
      14    1375   7.774690669E+02
      15    1425   8.241071748E+02
      16    1475   7.925736843E+02
      17    1525   6.425247023E+02
      18    1575   4.992328548E+02
      19    1625   4.081541761E+02
      20    1675   3.904919227E+02
      21    1725   4.006799084E+02
      22    1775   4.043554507E+02
      23    1825   3.546766365E+02
      24    1875   2.951486496E+02
      25    1925   2.505955391E+02
      26    1975   2.485620646E+02
      27    2025   2.544827847E+02
      28    2075   2.442103138E+02
      29    2125   2.219016285E+02
      30    2175   1.794803402E+02
      31    2225   1.365364053E+02
      32    2275   1.515184768E+02
      33    2325   1.267480713E+02
      34    2375   1.406345536E+02
      35    2425   1.138375771E+02
      36    2475   1.009420549E+02
      37    2525   9.146914441E+01
      38    2575   1.138364434E+02
      39    2625   9.185604090E+01
      40    2675   5.196484945E+01
      41    2725   7.827354423E+01
      42    2775   8.461550303E+01
