       0     675   1.739452438E+03
       1     725   2.023456270E+03
       2     775   2.309018206E+03
       3     825   2.581400686E+03
       4     875   2.205482635E+03
       5     925   1.571439544E+03
       6     975   1.164804743E+03
       7    1025   1.121767850E+03
       8    1075   1.130855039E+03
       9    1125   1.300906282E+03
      10    1175   1.156169941E+03
      11    1225   9.157209197E+02
      12    1275   7.990598914E+02
      13    1325   7.250436635E+02
      14    1375   8.174315923E+02
      15    1425   8.202932646E+02
      16    1475   7.821724756E+02
      17    1525   6.305371291E+02
      18    1575   4.836623011E+02
      19    1625   4.293431904E+02
      20    1675   4.067912777E+02
      21    1725   4.273780523E+02
      22    1775   3.995025576E+02
      23    1825   3.446520396E+02
      24    1875   2.980284495E+02
      25    1925   2.648068943E+02
      26    1975   2.603995872E+02
      27    2025   2.594633681E+02
      28    2075   2.337151293E+02
      29    2125   2.197446627E+02
      30    2175   1.771856719E+02
      31    2225   1.614397765E+02
      32    2275   1.404760337E+02
      33    2325   1.442582843E+02
      34    2375   1.375778333E+02
      35    2425   1.486253473E+02
      36    2475   1.075992067E+02
      37    2525   1.112247639E+02
      38    2575   9.833783202E+01
      39    2625   9.661852409E+01
      40    2675   8.393816394E+01
      41    2725   9.704444789E+01
      42    2775   3.783097385E+01
