       0     675   1.745595956E+03
       1     725   2.092952764E+03
       2     775   2.360608017E+03
       3     825   2.626852026E+03
       4     875   2.077276254E+03
       5     925   1.592333680E+03
       6     975   1.199394150E+03
       7    1025   1.042083124E+03
       8    1075   1.205967198E+03
       9    1125   1.245086707E+03
      10    1175   1.173513601E+03
      11    1225   9.572138294E+02
      12    1275   7.994652831E+02
      13    1325   7.625793382E+02
      14    1375   8.020999524E+02
      15    1425   8.554793115E+02
      16    1475   7.379884551E+02
      17    1525   6.209337722E+02
      18    1575   4.995807149E+02
      19    1625   4.216813938E+02
      20    1675   4.093327230E+02
      21    1725   4.132520739E+02
      22    1775   3.986529667E+02
      23    1825   3.428740316E+02
      24    1875   2.839133612E+02
      25    1925   2.657348789E+02
      26    1975   2.613546559E+02
      27    2025   2.500764742E+02
      28    2075   2.582930042E+02
      29    2125   2.150772935E+02
      30    2175   1.892779693E+02
      31    2225   1.475837935E+02
      32    2275   1.354904580E+02
      33    2325   1.305290634E+02
      34    2375   1.332006470E+02
      35    2425   1.179548582E+02
      36    2475   1.230900831E+02
      37    2525   8.777069204E+01
      38    2575   8.503940867E+01
      39    2625   9.749881849E+01
      40    2675   6.486404801E+01
      41    2725   1.023061563E+02
      42    2775   1.341025420E+02
