       0     675   1.767636043E+03
       1     725   2.014087530E+03
       2     775   2.325823588E+03
       3     825   2.603662901E+03
       4     875   2.320167484E+03
       5     925   1.764667315E+03
       6     975   1.127507818E+03
       7    1025   1.079615033E+03
       8    1075   1.153923264E+03
       9    1125   1.183777266E+03
      10    1175   1.189306290E+03
      11    1225   9.567876043E+02
      12    1275   7.832347215E+02
      13    1325   7.373114486E+02
      14    1375   7.775030275E+02
      15    1425   8.244508821E+02
      16    1475   7.625445333E+02
      17    1525   6.449600466E+02
      18    1575   4.838578906E+02
      19    1625   4.106515592E+02
      20    1675   4.090633361E+02
      21    1725   4.028469733E+02
      22    1775   4.029265270E+02
      23    1825   3.454702864E+02
      24    1875   2.910456220E+02
      25    1925   2.588806065E+02
      26    1975   2.554834199E+02
      27    2025   2.481986842E+02
      28    2075   2.373795279E+02
      29    2125   2.133800071E+02
      30    2175   1.803144058E+02
      31    2225   1.471231980E+02
      32    2275   1.311929898E+02
      33    2325   1.349115963E+02
      34    2375   1.418814378E+02
      35    2425   1.293529066E+02
      36    2475   1.082112483E+02
      37    2525   1.068327171E+02
      38    2575   8.213973848E+01
      39    2625   6.681708272E+01
      40    2675   6.882801170E+01
      41    2725   1.093025056E+02
      42    2775   7.836280419E+01
