       0     675   1.680609797E+03
       1     725   1.958981375E+03
       2     775   2.412157967E+03
       3     825   2.535729048E+03
       4     875   2.217451112E+03
       5     925   1.591589972E+03
       6     975   1.135243674E+03
       7    1025   1.078118709E+03
       8    1075   1.163299355E+03
       9    1125   1.256032286E+03
      10    1175   1.144947171E+03
      11    1225   9.853438788E+02
      12    1275   7.988787145E+02
      13    1325   7.483082621E+02
      14    1375   8.017708805E+02
      15    1425   8.192030397E+02
      16    1475   7.819747545E+02
      17    1525   6.545908389E+02
      18    1575   4.724283029E+02
      19    1625   4.021501110E+02
      20    1675   4.083459541E+02
      21    1725   4.119260866E+02
      22    1775   4.154455130E+02
      23    1825   3.515818185E+02
      24    1875   2.763201842E+02
      25    1925   2.558717625E+02
      26    1975   2.472216668E+02
      27    2025   2.576291935E+02
      28    2075   2.325950180E+02
      29    2125   2.111006632E+02
      30    2175   1.836014891E+02
      31    2225   1.462126919E+02
      32    2275   1.396086428E+02
      33    2325   1.305806484E+02
      34    2375   1.381885228E+02
      35    2425   1.266975883E+02
      36    2475   1.061759612E+02
      37    2525   8.912828733E+01
      38    2575   9.282775417E+01
      39    2625   8.389214940E+01
      40    2675   1.000694424E+02
      41    2725   1.031559144E+02
      42    2775   5.932975496E+01
