       0     675   1.804468714E+03
       1     725   1.966844894E+03
       2     775   2.385187000E+03
       3     825   2.446934800E+03
       4     875   2.314762131E+03
       5     925   1.672900752E+03
       6     975   1.188113674E+03
       7    1025   1.063154111E+03
       8    1075   1.213765559E+03
       9    1125   1.295641793E+03
      10    1175   1.173445744E+03
      11    1225   9.454776551E+02
      12    1275   7.428363989E+02
      13    1325   7.377201904E+02
      14    1375   7.844417774E+02
      15    1425   8.413462706E+02
      16    1475   7.539544195E+02
      17    1525   6.315050158E+02
      18    1575   4.869462778E+02
      19    1625   4.267779491E+02
      20    1675   4.158117553E+02
      21    1725   4.272081220E+02
      22    1775   3.941148440E+02
      23    1825   3.593176851E+02
      24    1875   2.863950732E+02
      25    1925   2.607410642E+02
      26    1975   2.540416388E+02
      27    2025   2.695649850E+02
      28    2075   2.440456225E+02
      29    2125   2.074232964E+02
      30    2175   1.703712502E+02
      31    2225   1.609996615E+02
      32    2275   1.399048159E+02
      33    2325   1.281354995E+02
      34    2375   1.348569681E+02
      35    2425   1.376523422E+02
      36    2475   1.026093770E+02
      37    2525   8.504967606E+01
      38    2575   4.869575349E+01
      39    2625   1.224711116E+02
      40    2675   6.030476724E+01
      41    2725   1.081931599E+02
      42    2775   7.956298009E+01
