       0     675   1.820149507E+03
       1     725   1.971124451E+03
       2     775   2.310439834E+03
       3     825   2.693034977E+03
       4     875   2.181929427E+03
       5     925   1.674567339E+03
       6     975   1.187814395E+03
       7    1025   1.062586833E+03
       8    1075   1.172529258E+03
       9    1125   1.285731002E+03
      10    1175   1.184346437E+03
      11    1225   9.688420677E+02
      12    1275   7.758974768E+02
      13    1325   7.514658487E+02
      14    1375   7.743431968E+02
      15    1425   8.550296198E+02
      16    1475   7.690006278E+02
      17    1525   6.417993595E+02
      18    1575   4.881387476E+02
      19    1625   4.305334252E+02
      20    1675   4.069614556E+02
      21    1725   4.189914756E+02
      22    1775   3.982888082E+02
      23    1825   3.606465365E+02
      24    1875   2.980312866E+02
      25    1925   2.544410267E+02
      26    1975   2.378576300E+02
      27    2025   2.480447363E+02
      28    2075   2.425982643E+02
      29    2125   2.068331164E+02
      30    2175   1.779176294E+02
      31    2225   1.566801117E+02
      32    2275   1.538211316E+02
      33    2325   1.131940420E+02
      34    2375   1.438052863E+02
      35    2425   1.171903373E+02
      36    2475   1.251975787E+02
      37    2525   1.001689516E+02
      38    2575   1.124588083E+02
      39    2625   6.506776625E+01
      40    2675   6.631253357E+01
      41    2725   1.318161686E+02
      42    2775   9.656975699E+01
