       0     675   1.874247153E+03
       1     725   1.958140091E+03
       2     775   2.481710348E+03
       3     825   2.472491535E+03
       4     875   2.238703477E+03
       5     925   1.544542443E+03
       6     975   1.173325306E+03
       7    1025   1.053701977E+03
       8    1075   1.184819801E+03
       9    1125   1.223147627E+03
      10    1175   1.166368282E+03
      11    1225   9.394654390E+02
      12    1275   8.049514614E+02
      13    1325   7.606722139E+02
      14    1375   7.895841845E+02
      15    1425   8.233794351E+02
      16    1475   7.834345833E+02
      17    1525   6.345442403E+02
      18    1575   4.820965009E+02
      19    1625   4.104150687E+02
      20    1675   4.121616871E+02
      21    1725   4.189920497E+02
      22    1775   3.984377250E+02
      23    1825   3.418874051E+02
      24    1875   2.961713233E+02
      25    1925   2.687719087E+02
      26    1975   2.446759185E+02
      27    2025   2.533765228E+02
      28    2075   2.397437517E+02
      29    2125   2.106148790E+02
      30    2175   1.816450504E+02
      31    2225   1.527567082E+02
      32    2275   1.444780013E+02
      33    2325   1.334082162E+02
      34    2375   1.403768145E+02
      35    2425   1.361983483E+02
      36    2475   9.421645233E+01
      37    2525   9.150888790E+01
      38    2575   1.083010536E+02
      39    2625   8.430580486E+01
      40    2675   8.332795226E+01
      41    2725   7.698685863E+01
      42    2775   7.391826943E+01
