       0     675   1.904993922E+03
       1     725   1.904500493E+03
       2     775   2.330333273E+03
       3     825   2.468472433E+03
       4     875   2.226331910E+03
       5     925   1.643021091E+03
       6     975   1.185773125E+03
       7    1025   1.052543153E+03
       8    1075   1.224030133E+03
       9    1125   1.203220524E+03
      10    1175   1.150025161E+03
      11    1225   9.567446273E+02
      12    1275   7.900796787E+02
      13    1325   7.474787406E+02
      14    1375   7.849489502E+02
      15    1425   8.615776112E+02
      16    1475   7.848275094E+02
      17    1525   6.537420669E+02
      18    1575   4.849371877E+02
      19    1625   4.247731113E+02
      20    1675   4.156483670E+02
      21    1725   4.115710109E+02
      22    1775   4.093106672E+02
      23    1825   3.527648945E+02
      24    1875   3.080075258E+02
      25    1925   2.535479774E+02
      26    1975   2.590561619E+02
      27    2025   2.511719904E+02
      28    2075   2.395491014E+02
      29    2125   2.185637690E+02
      30    2175   1.839549217E+02
      31    2225   1.551496172E+02
      32    2275   1.297882833E+02
      33    2325   1.232678006E+02
      34    2375   1.385944197E+02
      35    2425   1.331896858E+02
      36    2475   1.333345481E+02
      37    2525   8.389108516E+01
      38    2575   1.118014538E+02
      39    2625   6.911675747E+01
      40    2675   1.068601067E+02
      41    2725   9.538856944E+01
      42    2775   2.594407951E+01
