       0     675   1.795627164E+03
       1     725   1.921072105E+03
       2     775   2.417850965E+03
       3     825   2.661230744E+03
       4     875   2.199751945E+03
       5     925   1.604886921E+03
       6     975   1.176474039E+03
       7    1025   1.080379756E+03
       8    1075   1.171973424E+03
       9    1125   1.247086242E+03
      10    1175   1.189672984E+03
      11    1225   9.439787463E+02
      12    1275   8.144651508E+02
      13    1325   7.529579790E+02
      14    1375   7.714036369E+02
      15    1425   8.376058243E+02
      16    1475   7.594586476E+02
      17    1525   6.393675502E+02
      18    1575   4.963507656E+02
      19    1625   4.121530963E+02
      20    1675   4.088131425E+02
      21    1725   4.168686738E+02
      22    1775   3.950977520E+02
      23    1825   3.577342222E+02
      24    1875   2.961107608E+02
      25    1925   2.648846319E+02
      26    1975   2.516183973E+02
      27    2025   2.591517884E+02
      28    2075   2.361243995E+02
      29    2125   2.261849479E+02
      30    2175   1.952524293E+02
      31    2225   1.537445101E+02
      32    2275   1.434514431E+02
      33    2325   1.282074242E+02
      34    2375   1.379709611E+02
      35    2425   1.051562252E+02
      36    2475   1.203908334E+02
      37    2525   9.935522902E+01
      38    2575   9.208307544E+01
      39    2625   9.116821816E+01
      40    2675   5.266293578E+01
      41    2725   8.963662108E+01
      42    2775   6.148132744E+01
