       0     675   1.786938675E+03
       1     725   2.060709703E+03
       2     775   2.265864433E+03
       3     825   2.567516213E+03
       4     875   2.257135934E+03
       5     925   1.594756522E+03
       6     975   1.170116431E+03
       7    1025   1.057198778E+03
       8    1075   1.125861713E+03
       9    1125   1.286938931E+03
      10    1175   1.198022445E+03
      11    1225   9.486686671E+02
      12    1275   7.731727348E+02
      13    1325   7.762182134E+02
      14    1375   8.138340856E+02
      15    1425   8.047684884E+02
      16    1475   7.923896636E+02
      17    1525   6.365049541E+02
      18    1575   4.747988043E+02
      19    1625   4.108313856E+02
      20    1675   3.965588203E+02
      21    1725   4.282351484E+02
      22    1775   3.976292754E+02
      23    1825   3.423836161E+02
      24    1875   3.087523679E+02
      25    1925   2.603994329E+02
      26    1975   2.554258750E+02
      27    2025   2.351541868E+02
      28    2075   2.434835320E+02
      29    2125   2.102679987E+02
      30    2175   1.792147336E+02
      31    2225   1.457945368E+02
      32    2275   1.504098125E+02
      33    2325   1.351723376E+02
      34    2375   1.417391601E+02
      35    2425   1.240229007E+02
      36    2475   9.964008331E+01
      37    2525   9.792583227E+01
      38    2575   9.029895503E+01
      39    2625   1.067540199E+02
      40    2675   7.881370482E+01
      41    2725   1.105304997E+02
      42    2775   9.229618415E+01
