       0     675   1.799177016E+03
       1     725   1.996447163E+03
       2     775   2.429727521E+03
       3     825   2.519398793E+03
       4     875   2.177476659E+03
       5     925   1.602906801E+03
       6     975   1.157555092E+03
       7    1025   1.068991608E+03
       8    1075   1.170222261E+03
       9    1125   1.208974752E+03
      10    1175   1.183737610E+03
      11    1225   9.931838986E+02
      12    1275   7.846868007E+02
      13    1325   7.299698672E+02
      14    1375   8.063641526E+02
      15    1425   8.345976449E+02
      16    1475   7.753647247E+02
      17    1525   6.513326095E+02
      18    1575   4.898816496E+02
      19    1625   4.134910208E+02
      20    1675   4.131026032E+02
      21    1725   4.113641216E+02
      22    1775   4.098566318E+02
      23    1825   3.615979646E+02
      24    1875   2.788432120E+02
      25    1925   2.639848931E+02
      26    1975   2.442110078E+02
      27    2025   2.632278544E+02
      28    2075   2.505445717E+02
      29    2125   2.219115225E+02
      30    2175   1.797982950E+02
      31    2225   1.601985185E+02
      32    2275   1.388553270E+02
      33    2325   1.513195030E+02
      34    2375   1.338368820E+02
      35    2425   1.376665374E+02
      36    2475   8.961398551E+01
      37    2525   9.377502364E+01
      38    2575   6.730175337E+01
      39    2625   8.838591736E+01
      40    2675   1.048420485E+02
      41    2725   7.102883835E+01
      42    2775   1.188076138E+02
