       0     675   1.817897880E+03
       1     725   1.989999222E+03
       2     775   2.425495079E+03
       3     825   2.529031157E+03
       4     875   2.307740883E+03
       5     925   1.610540710E+03
       6     975   1.156696201E+03
       7    1025   1.069500296E+03
       8    1075   1.188568232E+03
       9    1125   1.248066851E+03
      10    1175   1.174215760E+03
      11    1225   1.017299249E+03
      12    1275   7.597175097E+02
      13    1325   7.502493536E+02
      14    1375   8.142877597E+02
      15    1425   8.799259441E+02
      16    1475   7.691267308E+02
      17    1525   6.417148063E+02
      18    1575   4.814392318E+02
      19    1625   4.248565510E+02
      20    1675   4.046593090E+02
      21    1725   4.029420551E+02
      22    1775   4.070937144E+02
      23    1825   3.446546464E+02
      24    1875   2.952689210E+02
      25    1925   2.714759897E+02
      26    1975   2.450920237E+02
      27    2025   2.532295367E+02
      28    2075   2.521045442E+02
      29    2125   2.138466243E+02
      30    2175   1.816335447E+02
      31    2225   1.541210356E+02
      32    2275   1.344840735E+02
      33    2325   1.416402576E+02
      34    2375   1.363892794E+02
      35    2425   1.147857323E+02
      36    2475   9.130796093E+01
      37    2525   1.022737290E+02
      38    2575   8.449700477E+01
      39    2625   1.002124508E+02
      40    2675   9.102233580E+01
      41    2725   7.504411252E+01
      42    2775   7.011386876E+01
