       0     675   1.823510337E+03
       1     725   2.010096593E+03
       2     775   2.360207091E+03
       3     825   2.443569605E+03
       4     875   2.177454316E+03
       5     925   1.660218257E+03
       6     975   1.150696334E+03
       7    1025   1.040830859E+03
       8    1075   1.198352357E+03
       9    1125   1.224171050E+03
      10    1175   1.167086298E+03
      11    1225   9.976528495E+02
      12    1275   7.545900279E+02
      13    1325   7.571946930E+02
      14    1375   7.857151089E+02
      15    1425   8.637458082E+02
      16    1475   7.616717989E+02
      17    1525   6.433571480E+02
      18    1575   4.818398539E+02
      19    1625   4.085527085E+02
      20    1675   4.091000042E+02
      21    1725   4.201688495E+02
      22    1775   4.093753549E+02
      23    1825   3.474600746E+02
      24    1875   2.981756857E+02
      25    1925   2.623352599E+02
      26    1975   2.527357004E+02
      27    2025   2.581402975E+02
      28    2075   2.516811717E+02
      29    2125   2.100802466E+02
      30    2175   1.722881492E+02
      31    2225   1.563518974E+02
      32    2275   1.397407226E+02
      33    2325   1.387021798E+02
      34    2375   1.350376989E+02
      35    2425   1.247975293E+02
      36    2475   1.160396841E+02
      37    2525   9.782246218E+01
      38    2575   8.461846651E+01
      39    2625   7.120878793E+01
      40    2675   6.659492575E+01
      41    2725   7.524106929E+01
      42    2775   9.200389862E+01
