50.0000 1.13273
150.000 1.12968
250.000 1.11732
350.000 1.09314
450.000 1.06306
550.000 1.03680
650.000 1.01699
750.000 1.00003
850.000 0.986385
950.000 0.973246
1050.00 0.963823
1150.00 0.956100
1250.00 0.946962
1350.00 0.939406
1450.00 0.932493
1550.00 0.926839
1650.00 0.921946
1750.00 0.917015
1850.00 0.910881
1950.00 0.905321
2050.00 0.900016
2150.00 0.895061
2250.00 0.890038
2350.00 0.883994
2450.00 0.878347
2550.00 0.873466
2650.00 0.867576
2750.00 0.861501
2850.00 0.854887
2950.00 0.849542
3050.00 0.844411
3150.00 0.839776
3250.00 0.833683
3350.00 0.826586
3450.00 0.820891
3550.00 0.814827
3650.00 0.810516
3750.00 0.806604
3850.00 0.799429
3950.00 0.794276
4050.00 0.787717
4150.00 0.781537
4250.00 0.776450
4350.00 0.773234
4450.00 0.765530
4550.00 0.761602
4650.00 0.754185
4750.00 0.748713
4850.00 0.742236
4950.00 0.737758
5050.00 0.732421
5150.00 0.725513
5250.00 0.719560
5350.00 0.713480
5450.00 0.707759
5550.00 0.700049
5650.00 0.696448
5750.00 0.688332
5850.00 0.683222
5950.00 0.676221
6050.00 0.665972
6150.00 0.663428
6250.00 0.657221
6350.00 0.649391
6450.00 0.643231
6550.00 0.635988
6650.00 0.624893
6750.00 0.622793
6850.00 0.615394
6950.00 0.606911
7050.00 0.600685
7150.00 0.591782
7250.00 0.583404
7350.00 0.579319
7450.00 0.571663
7550.00 0.564576
7650.00 0.557282
7750.00 0.548043
7850.00 0.541384
7950.00 0.535632
8050.00 0.527764
8150.00 0.521304
8250.00 0.513640
8350.00 0.506346
8450.00 0.500189
8550.00 0.493805
8650.00 0.486709
8750.00 0.480015
8850.00 0.472994
8950.00 0.466871
9050.00 0.460828
9150.00 0.454552
9250.00 0.448392
9350.00 0.441942
9450.00 0.435618
9550.00 0.429952
9650.00 0.425007
9750.00 0.418969
9850.00 0.413703
9950.00 0.407952
10050.0 0.402803
10150.0 0.397269
10250.0 0.392884
10350.0 0.387725
10450.0 0.382328
10550.0 0.377634
10650.0 0.373070
10750.0 0.368594
10850.0 0.364145
10950.0 0.359725
11050.0 0.354852
11150.0 0.350570
11250.0 0.345988
11350.0 0.341933
11450.0 0.338169
11550.0 0.334000
11650.0 0.329452
11750.0 0.324988
11850.0 0.321016
11950.0 0.316829
12050.0 0.313219
12150.0 0.309165
12250.0 0.304663
12350.0 0.300762
12450.0 0.296446
12550.0 0.292665
12650.0 0.288407
12750.0 0.284330
12850.0 0.279957
12950.0 0.275884
13050.0 0.271770
13150.0 0.267829
13250.0 0.264147
13350.0 0.260138
13450.0 0.255427
13550.0 0.250650
13650.0 0.247585
13750.0 0.243319
13850.0 0.239402
13950.0 0.236208
14050.0 0.230784
14150.0 0.226849
14250.0 0.223241
14350.0 0.218984
14450.0 0.215551
14550.0 0.212742
14650.0 0.207427
14750.0 0.203688
14850.0 0.200291
14950.0 0.195654
15050.0 0.192666
15150.0 0.189973
15250.0 0.185115
15350.0 0.181913
15450.0 0.178113
15550.0 0.174545
15650.0 0.171933
15750.0 0.168805
15850.0 0.164387
15950.0 0.161833
16050.0 0.158181
16150.0 0.155276
16250.0 0.152578
16350.0 0.149831
16450.0 0.146521
16550.0 0.143277
16650.0 0.140255
16750.0 0.138567
16850.0 0.135489
16950.0 0.133096
17050.0 0.130212
17150.0 0.127847
17250.0 0.124969
17350.0 0.123210
17450.0 0.120563
17550.0 0.118351
17650.0 0.116343
17750.0 0.113970
17850.0 0.112127
17950.0 0.109944
18050.0 0.107838
18150.0 0.105488
18250.0 0.104045
18350.0 0.102048
18450.0 0.100125
18550.0 0.0982787
18650.0 0.0962106
18750.0 0.0938471
18850.0 0.0931626
18950.0 0.0910847
19050.0 0.0894157
19150.0 0.0872928
19250.0 0.0854825
19350.0 0.0832608
19450.0 0.0821175
19550.0 0.0811758
19650.0 0.0790882
19750.0 0.0771822
19850.0 0.0755238
19950.0 0.0733294
20050.0 0.0720753
20150.0 0.0711174
20250.0 0.0693948
20350.0 0.0677052
20450.0 0.0658848
20550.0 0.0637436
20650.0 0.0628443
20750.0 0.0615650
20850.0 0.0598562
20950.0 0.0583916
21050.0 0.0564286
21150.0 0.0549336
21250.0 0.0536724
21350.0 0.0523646
21450.0 0.0506989
21550.0 0.0489553
21650.0 0.0473643
21750.0 0.0462176
21850.0 0.0449521
21950.0 0.0433301
22050.0 0.0418634
22150.0 0.0399780
22250.0 0.0388295
22350.0 0.0381358
22450.0 0.0368121
22550.0 0.0351280
22650.0 0.0335205
22750.0 0.0324293
22850.0 0.0317699
22950.0 0.0306936
23050.0 0.0301782
23150.0 0.0283009
23250.0 0.0270853
23350.0 0.0266263
23450.0 0.0261487
23550.0 0.0255229
23650.0 0.0252595
23750.0 0.0233340
23850.0 0.0214020
23950.0 0.0206086
24050.0 0.0198430
24150.0 0.0191044
24250.0 0.0183918
24350.0 0.0177044
24450.0 0.0170414
24550.0 0.0164019
24650.0 0.0157852
24750.0 0.0151905
24850.0 0.0146170
24950.0 0.0140641
25050.0 0.0135311
25150.0 0.0130173
25250.0 0.0125220
25350.0 0.0120447
25450.0 0.0115846
25550.0 0.0111413
25650.0 0.0107141
25750.0 0.0103025
25850.0 0.00990596
25950.0 0.00952397
26050.0 0.00915601
26150.0 0.00880160
26250.0 0.00846027
26350.0 0.00813156
26450.0 0.00781504
26550.0 0.00751027
26650.0 0.00721685
26750.0 0.00693437
26850.0 0.00666245
26950.0 0.00640072
27050.0 0.00614881
27150.0 0.00590637
27250.0 0.00567308
27350.0 0.00544859
27450.0 0.00523261
27550.0 0.00502481
27650.0 0.00482491
27750.0 0.00463262
27850.0 0.00444767
27950.0 0.00426979
28050.0 0.00409873
28150.0 0.00393423
28250.0 0.00377606
28350.0 0.00362398
28450.0 0.00347778
28550.0 0.00333723
28650.0 0.00320213
28750.0 0.00307228
28850.0 0.00294749
28950.0 0.00282755
29050.0 0.00271231
29150.0 0.00260157
29250.0 0.00249518
29350.0 0.00239296
29450.0 0.00229477
29550.0 0.00220046
29650.0 0.00210987
29750.0 0.00202286
29850.0 0.00193931
29950.0 0.00185907
