50.0000 1.10962
150.000 1.10700
250.000 1.09866
350.000 1.08361
450.000 1.06337
550.000 1.04077
650.000 1.01913
750.000 1.00003
850.000 0.981722
950.000 0.965704
1050.00 0.952279
1150.00 0.938067
1250.00 0.922756
1350.00 0.909478
1450.00 0.896753
1550.00 0.883070
1650.00 0.869038
1750.00 0.855484
1850.00 0.841996
1950.00 0.828786
2050.00 0.815072
2150.00 0.801887
2250.00 0.789381
2350.00 0.775865
2450.00 0.763492
2550.00 0.750337
2650.00 0.736464
2750.00 0.723410
2850.00 0.710049
2950.00 0.697765
3050.00 0.687038
3150.00 0.674299
3250.00 0.661267
3350.00 0.648993
3450.00 0.636161
3550.00 0.624362
3650.00 0.613715
3750.00 0.602248
3850.00 0.590573
3950.00 0.578664
4050.00 0.566782
4150.00 0.555729
4250.00 0.545709
4350.00 0.534938
4450.00 0.524192
4550.00 0.513652
4650.00 0.502741
4750.00 0.492288
4850.00 0.483117
4950.00 0.473388
5050.00 0.462933
5150.00 0.452326
5250.00 0.443246
5350.00 0.434893
5450.00 0.425774
5550.00 0.416322
5650.00 0.406972
5750.00 0.397996
5850.00 0.389257
5950.00 0.380814
6050.00 0.373111
6150.00 0.365228
6250.00 0.356784
6350.00 0.348513
6450.00 0.340402
6550.00 0.332622
6650.00 0.325442
6750.00 0.318159
6850.00 0.310570
6950.00 0.303472
7050.00 0.296336
7150.00 0.289154
7250.00 0.282245
7350.00 0.275538
7450.00 0.268925
7550.00 0.262534
7650.00 0.255840
7750.00 0.249442
7850.00 0.243028
7950.00 0.236956
8050.00 0.230931
8150.00 0.224840
8250.00 0.219004
8350.00 0.213357
8450.00 0.207621
8550.00 0.202053
8650.00 0.196336
8750.00 0.190550
8850.00 0.185157
8950.00 0.179812
9050.00 0.174861
9150.00 0.169776
9250.00 0.164351
9350.00 0.159110
9450.00 0.154201
9550.00 0.149174
9650.00 0.144585
9750.00 0.140187
9850.00 0.135466
9950.00 0.130898
10050.0 0.126301
10150.0 0.121568
10250.0 0.117270
10350.0 0.113129
10450.0 0.108944
10550.0 0.105039
10650.0 0.100742
10750.0 0.0968722
10850.0 0.0931361
10950.0 0.0894623
11050.0 0.0856778
11150.0 0.0820419
11250.0 0.0783273
11350.0 0.0749137
11450.0 0.0716179
11550.0 0.0683866
11650.0 0.0652312
11750.0 0.0618226
11850.0 0.0586895
11950.0 0.0558104
12050.0 0.0533360
12150.0 0.0505500
12250.0 0.0476455
12350.0 0.0450006
12450.0 0.0423930
12550.0 0.0400259
12650.0 0.0376431
12750.0 0.0354911
12850.0 0.0332690
12950.0 0.0311600
13050.0 0.0291944
13150.0 0.0274328
13250.0 0.0256246
13350.0 0.0238833
13450.0 0.0223000
13550.0 0.0206386
13650.0 0.0191127
13750.0 0.0178193
13850.0 0.0171723
13950.0 0.0160674
14050.0 0.0150300
14150.0 0.0140563
14250.0 0.0131426
14350.0 0.0122853
14450.0 0.0114812
14550.0 0.0107273
14650.0 0.0100205
14750.0 0.00935814
14850.0 0.00873750
14950.0 0.00815614
15050.0 0.00761171
15150.0 0.00710198
15250.0 0.00662487
15350.0 0.00617840
15450.0 0.00576071
15550.0 0.00537004
15650.0 0.00500473
15750.0 0.00466322
15850.0 0.00434404
15950.0 0.00404579
16050.0 0.00376719
16150.0 0.00350698
16250.0 0.00326403
16350.0 0.00303723
16450.0 0.00282557
16550.0 0.00262808
16650.0 0.00244386
16750.0 0.00227206
16850.0 0.00211187
16950.0 0.00196255
17050.0 0.00182340
17150.0 0.00169374
17250.0 0.00157297
17350.0 0.00146049
17450.0 0.00135577
17550.0 0.00125828
17650.0 0.00116756
17750.0 0.00108315
17850.0 0.00100463
17950.0 0.000931600
18050.0 0.000863700
18150.0 0.000800582
18250.0 0.000741920
18350.0 0.000687414
18450.0 0.000636779
18550.0 0.000589751
18650.0 0.000546084
18750.0 0.000505545
18850.0 0.000467920
18950.0 0.000433005
19050.0 0.000400614
19150.0 0.000370570
19250.0 0.000342710
19350.0 0.000316879
19450.0 0.000292936
19550.0 0.000270748
19650.0 0.000250190
19750.0 0.000231146
19850.0 0.000213509
19950.0 0.000197178
20050.0 0.000182060
20150.0 0.000168067
20250.0 0.000155119
20350.0 0.000143141
20450.0 0.000132061
20550.0 0.000121815
20650.0 0.000112341
20750.0 0.000103584
20850.0 9.54914e-05
20950.0 8.80135e-05
21050.0 8.11053e-05
21150.0 7.47249e-05
21250.0 6.88330e-05
21350.0 6.33935e-05
21450.0 5.83725e-05
21550.0 5.37389e-05
21650.0 4.94635e-05
21750.0 4.55196e-05
21850.0 4.18822e-05
21950.0 3.85280e-05
22050.0 3.54357e-05
22150.0 3.25855e-05
22250.0 2.99588e-05
22350.0 2.75386e-05
22450.0 2.53092e-05
22550.0 2.32559e-05
22650.0 2.13651e-05
22750.0 1.96244e-05
22850.0 1.80222e-05
22950.0 1.65476e-05
23050.0 1.51909e-05
23150.0 1.39429e-05
23250.0 1.27950e-05
23350.0 1.17394e-05
23450.0 1.07689e-05
23550.0 9.87686e-06
23650.0 9.05703e-06
23750.0 8.30372e-06
23850.0 7.61168e-06
23950.0 6.97604e-06
24050.0 6.39231e-06
24150.0 5.85637e-06
24250.0 5.36438e-06
24350.0 4.91284e-06
24450.0 4.49849e-06
24550.0 4.11835e-06
24650.0 3.76965e-06
24750.0 3.44985e-06
24850.0 3.15662e-06
24950.0 2.88779e-06
25050.0 2.64139e-06
25150.0 2.41558e-06
25250.0 2.20869e-06
25350.0 2.01915e-06
25450.0 1.84556e-06
25550.0 1.68659e-06
25650.0 1.54104e-06
25750.0 1.40780e-06
25850.0 1.28586e-06
25950.0 1.17427e-06
26050.0 1.07218e-06
26150.0 9.78795e-07
26250.0 8.93387e-07
26350.0 8.15290e-07
26450.0 7.43891e-07
26550.0 6.78626e-07
26650.0 6.18981e-07
26750.0 5.64480e-07
26850.0 5.14689e-07
26950.0 4.69209e-07
27050.0 4.27675e-07
27150.0 3.89750e-07
27250.0 3.55128e-07
27350.0 3.23526e-07
27450.0 2.94686e-07
27550.0 2.68371e-07
27650.0 2.44364e-07
27750.0 2.22467e-07
27850.0 2.02498e-07
27950.0 1.84290e-07
28050.0 1.67692e-07
28150.0 1.52562e-07
28250.0 1.38774e-07
28350.0 1.26211e-07
28450.0 1.14766e-07
28550.0 1.04342e-07
28650.0 9.48486e-08
28750.0 8.62045e-08
28850.0 7.83352e-08
28950.0 7.11725e-08
29050.0 6.46539e-08
29150.0 5.87227e-08
29250.0 5.33268e-08
29350.0 4.84187e-08
29450.0 4.39551e-08
29550.0 3.98964e-08
29650.0 3.62066e-08
29750.0 3.28526e-08
29850.0 2.98045e-08
29950.0 2.70347e-08
