50.0000 1.29618
150.000 1.22707
250.000 1.13212
350.000 1.07255
450.000 1.04911
550.000 1.03410
650.000 1.01965
750.000 1.00003
850.000 0.985374
950.000 0.977451
1050.00 0.970661
1150.00 0.962447
1250.00 0.954827
1350.00 0.945474
1450.00 0.940802
1550.00 0.937308
1650.00 0.932422
1750.00 0.927049
1850.00 0.921062
1950.00 0.915989
2050.00 0.911987
2150.00 0.907274
2250.00 0.902155
2350.00 0.896566
2450.00 0.890735
2550.00 0.886395
2650.00 0.880598
2750.00 0.874231
2850.00 0.867129
2950.00 0.860883
3050.00 0.856024
3150.00 0.850661
3250.00 0.844373
3350.00 0.837678
3450.00 0.831246
3550.00 0.824291
3650.00 0.818849
3750.00 0.813667
3850.00 0.806422
3950.00 0.800218
4050.00 0.792934
4150.00 0.785931
4250.00 0.780340
4350.00 0.775277
4450.00 0.767669
4550.00 0.762093
4650.00 0.754304
4750.00 0.747864
4850.00 0.740577
4950.00 0.734912
5050.00 0.728379
5150.00 0.720771
5250.00 0.714055
5350.00 0.707016
5450.00 0.700045
5550.00 0.692203
5650.00 0.686519
5750.00 0.678169
5850.00 0.671651
5950.00 0.663962
6050.00 0.654471
6150.00 0.650243
6250.00 0.643217
6350.00 0.635280
6450.00 0.628027
6550.00 0.620452
6650.00 0.610408
6750.00 0.607369
6850.00 0.599546
6950.00 0.591205
7050.00 0.584252
7150.00 0.576194
7250.00 0.568030
7350.00 0.563997
7450.00 0.556753
7550.00 0.549720
7650.00 0.542425
7750.00 0.534270
7850.00 0.526585
7950.00 0.522446
8050.00 0.515050
8150.00 0.509265
8250.00 0.501998
8350.00 0.494854
8450.00 0.487743
8550.00 0.483790
8650.00 0.477043
8750.00 0.471087
8850.00 0.464499
8950.00 0.458886
9050.00 0.452441
9150.00 0.448206
9250.00 0.442148
9350.00 0.436043
9450.00 0.430622
9550.00 0.425095
9650.00 0.419277
9750.00 0.416039
9850.00 0.410452
9950.00 0.405030
10050.0 0.399553
10150.0 0.394940
10250.0 0.389128
10350.0 0.385223
10450.0 0.381039
10550.0 0.376159
10650.0 0.371241
10750.0 0.366056
10850.0 0.361346
10950.0 0.356804
11050.0 0.352959
11150.0 0.348004
11250.0 0.343931
11350.0 0.338978
11450.0 0.333876
11550.0 0.329779
11650.0 0.325441
11750.0 0.320892
11850.0 0.315925
11950.0 0.311851
12050.0 0.307320
12150.0 0.302760
12250.0 0.298240
12350.0 0.293589
12450.0 0.289179
12550.0 0.284363
12650.0 0.280070
12750.0 0.275762
12850.0 0.270909
12950.0 0.265945
13050.0 0.261388
13150.0 0.256884
13250.0 0.252748
13350.0 0.248633
13450.0 0.243957
13550.0 0.239477
13650.0 0.234865
13750.0 0.230664
13850.0 0.226879
13950.0 0.222128
14050.0 0.217563
14150.0 0.213482
14250.0 0.209353
14350.0 0.205420
14450.0 0.201430
14550.0 0.197420
14650.0 0.193193
14750.0 0.189400
14850.0 0.185516
14950.0 0.182532
15050.0 0.178533
15150.0 0.174481
15250.0 0.171170
15350.0 0.167772
15450.0 0.164683
15550.0 0.161216
15650.0 0.157776
15750.0 0.154681
15850.0 0.152047
15950.0 0.149044
16050.0 0.146557
16150.0 0.143915
16250.0 0.140560
16350.0 0.137343
16450.0 0.135681
16550.0 0.133615
16650.0 0.131208
16750.0 0.127993
16850.0 0.125668
16950.0 0.122792
17050.0 0.122084
17150.0 0.119748
17250.0 0.117931
17350.0 0.115335
17450.0 0.112966
17550.0 0.109911
17650.0 0.109842
17750.0 0.107970
17850.0 0.105450
17950.0 0.103721
18050.0 0.101786
18150.0 0.0981824
18250.0 0.0983967
18350.0 0.0966994
18450.0 0.0947044
18550.0 0.0922957
18650.0 0.0902217
18750.0 0.0864402
18850.0 0.0871843
18950.0 0.0849040
19050.0 0.0826318
19150.0 0.0805493
19250.0 0.0783181
19350.0 0.0751879
19450.0 0.0745316
19550.0 0.0730538
19650.0 0.0707720
19750.0 0.0687225
19850.0 0.0665686
19950.0 0.0642291
20050.0 0.0627647
20150.0 0.0611070
20250.0 0.0589765
20350.0 0.0570435
20450.0 0.0552122
20550.0 0.0532753
20650.0 0.0520065
20750.0 0.0503853
20850.0 0.0485985
20950.0 0.0469457
21050.0 0.0452901
21150.0 0.0440338
21250.0 0.0427312
21350.0 0.0410412
21450.0 0.0394889
21550.0 0.0384191
21650.0 0.0373348
21750.0 0.0360160
21850.0 0.0349229
21950.0 0.0333866
22050.0 0.0326089
22150.0 0.0316737
22250.0 0.0303746
22350.0 0.0295738
22450.0 0.0285571
22550.0 0.0274872
22650.0 0.0269009
22750.0 0.0259294
22850.0 0.0251749
22950.0 0.0241811
23050.0 0.0237706
23150.0 0.0227809
23250.0 0.0226158
23350.0 0.0216406
23450.0 0.0209077
23550.0 0.0201457
23650.0 0.0197168
23750.0 0.0187735
23850.0 0.0174469
23950.0 0.0168449
24050.0 0.0162624
24150.0 0.0156989
24250.0 0.0151539
24350.0 0.0146267
24450.0 0.0141168
24550.0 0.0136237
24650.0 0.0131469
24750.0 0.0126858
24850.0 0.0122401
24950.0 0.0118091
25050.0 0.0113925
25150.0 0.0109898
25250.0 0.0106006
25350.0 0.0102244
25450.0 0.00986091
25550.0 0.00950964
25650.0 0.00917023
25750.0 0.00884231
25850.0 0.00852550
25950.0 0.00821947
26050.0 0.00792387
26150.0 0.00763836
26250.0 0.00736262
26350.0 0.00709633
26450.0 0.00683920
26550.0 0.00659093
26650.0 0.00635122
26750.0 0.00611981
26850.0 0.00589642
26950.0 0.00568079
27050.0 0.00547266
27150.0 0.00527180
27250.0 0.00507796
27350.0 0.00489091
27450.0 0.00471043
27550.0 0.00453630
27650.0 0.00436830
27750.0 0.00420624
27850.0 0.00404992
27950.0 0.00389914
28050.0 0.00375371
28150.0 0.00361347
28250.0 0.00347823
28350.0 0.00334783
28450.0 0.00322210
28550.0 0.00310088
28650.0 0.00298402
28750.0 0.00287137
28850.0 0.00276279
28950.0 0.00265814
29050.0 0.00255728
29150.0 0.00246008
29250.0 0.00236642
29350.0 0.00227618
29450.0 0.00218923
29550.0 0.00210547
29650.0 0.00202477
29750.0 0.00194704
29850.0 0.00187217
29950.0 0.00180006
