50.0000 1.07803
150.000 1.06504
250.000 1.04522
350.000 1.02909
450.000 1.01885
550.000 1.01245
650.000 1.00575
750.000 1.00003
850.000 0.994432
950.000 0.988853
1050.00 0.983566
1150.00 0.977563
1250.00 0.971451
1350.00 0.965297
1450.00 0.959281
1550.00 0.952623
1650.00 0.945780
1750.00 0.939125
1850.00 0.932169
1950.00 0.924908
2050.00 0.917208
2150.00 0.909596
2250.00 0.902463
2350.00 0.894405
2450.00 0.886593
2550.00 0.878458
2650.00 0.869737
2750.00 0.861068
2850.00 0.852030
2950.00 0.843624
3050.00 0.836244
3150.00 0.827223
3250.00 0.817872
3350.00 0.808686
3450.00 0.799165
3550.00 0.790122
3650.00 0.781761
3750.00 0.772889
3850.00 0.763386
3950.00 0.753566
4050.00 0.743680
4150.00 0.734367
4250.00 0.725838
4350.00 0.716704
4450.00 0.707242
4550.00 0.697839
4650.00 0.688312
4750.00 0.679075
4850.00 0.670330
4950.00 0.661382
5050.00 0.651745
5150.00 0.641849
5250.00 0.633129
5350.00 0.624897
5450.00 0.616173
5550.00 0.607109
5650.00 0.597977
5750.00 0.588860
5850.00 0.580165
5950.00 0.571832
6050.00 0.563843
6150.00 0.555888
6250.00 0.547268
6350.00 0.538822
6450.00 0.530578
6550.00 0.522460
6650.00 0.514385
6750.00 0.507440
6850.00 0.499458
6950.00 0.491574
7050.00 0.483977
7150.00 0.476303
7250.00 0.468835
7350.00 0.462197
7450.00 0.454945
7550.00 0.447932
7650.00 0.440770
7750.00 0.433399
7850.00 0.426390
7950.00 0.420428
8050.00 0.413522
8150.00 0.407133
8250.00 0.400439
8350.00 0.393896
8450.00 0.387358
8550.00 0.381928
8650.00 0.375429
8750.00 0.369252
8850.00 0.362973
8950.00 0.357094
9050.00 0.350978
9150.00 0.345847
9250.00 0.339828
9350.00 0.333699
9450.00 0.327836
9550.00 0.322079
9650.00 0.316579
9750.00 0.311983
9850.00 0.306380
9950.00 0.300706
10050.0 0.295185
10150.0 0.289881
10250.0 0.284475
10350.0 0.279696
10450.0 0.274667
10550.0 0.269596
10650.0 0.264588
10750.0 0.259463
10850.0 0.254591
10950.0 0.249851
11050.0 0.245124
11150.0 0.240235
11250.0 0.235690
11350.0 0.231000
11450.0 0.226347
11550.0 0.222035
11650.0 0.217453
11750.0 0.212888
11850.0 0.208284
11950.0 0.204098
12050.0 0.200041
12150.0 0.195781
12250.0 0.191603
12350.0 0.187390
12450.0 0.183303
12550.0 0.179232
12650.0 0.175357
12750.0 0.171490
12850.0 0.167702
12950.0 0.163700
13050.0 0.159912
13150.0 0.156242
13250.0 0.152535
13350.0 0.149060
13450.0 0.145483
13550.0 0.141994
13650.0 0.138485
13750.0 0.135154
13850.0 0.131760
13950.0 0.128551
14050.0 0.125227
14150.0 0.121936
14250.0 0.118851
14350.0 0.115680
14450.0 0.112556
14550.0 0.109621
14650.0 0.106678
14750.0 0.103673
14850.0 0.100718
14950.0 0.0978780
15050.0 0.0950991
15150.0 0.0924114
15250.0 0.0897779
15350.0 0.0870783
15450.0 0.0843822
15550.0 0.0817279
15650.0 0.0791305
15750.0 0.0767264
15850.0 0.0744519
15950.0 0.0719843
16050.0 0.0696156
16150.0 0.0672390
16250.0 0.0649085
16350.0 0.0626939
16450.0 0.0606146
16550.0 0.0585123
16650.0 0.0564548
16750.0 0.0542213
16850.0 0.0521901
16950.0 0.0502529
17050.0 0.0485275
17150.0 0.0465943
17250.0 0.0447957
17350.0 0.0429483
17450.0 0.0411937
17550.0 0.0394617
17650.0 0.0380140
17750.0 0.0364064
17850.0 0.0347505
17950.0 0.0332268
18050.0 0.0318654
18150.0 0.0303268
18250.0 0.0291018
18350.0 0.0277084
18450.0 0.0263692
18550.0 0.0250689
18650.0 0.0239220
18750.0 0.0227185
18850.0 0.0217518
18950.0 0.0205606
19050.0 0.0194931
19150.0 0.0184716
19250.0 0.0175100
19350.0 0.0165758
19450.0 0.0157208
19550.0 0.0148363
19650.0 0.0140167
19750.0 0.0132130
19850.0 0.0124492
19950.0 0.0117383
20050.0 0.0110533
20150.0 0.0103810
20250.0 0.00976284
20350.0 0.00917690
20450.0 0.00855967
20550.0 0.00809074
20650.0 0.00758816
20750.0 0.00706012
20850.0 0.00655247
20950.0 0.00618099
21050.0 0.00574300
21150.0 0.00561646
21250.0 0.00528164
21350.0 0.00496606
21450.0 0.00466866
21550.0 0.00438843
21650.0 0.00412444
21750.0 0.00387576
21850.0 0.00364157
21950.0 0.00342103
22050.0 0.00321339
22150.0 0.00301793
22250.0 0.00283395
22350.0 0.00266081
22450.0 0.00249790
22550.0 0.00234463
22650.0 0.00220046
22750.0 0.00206486
22850.0 0.00193735
22950.0 0.00181745
23050.0 0.00170474
23150.0 0.00159880
23250.0 0.00149923
23350.0 0.00140567
23450.0 0.00131777
23550.0 0.00123519
23650.0 0.00115763
23750.0 0.00108479
23850.0 0.00101639
23950.0 0.000952178
24050.0 0.000891899
24150.0 0.000835323
24250.0 0.000782229
24350.0 0.000732410
24450.0 0.000685672
24550.0 0.000641829
24650.0 0.000600709
24750.0 0.000562148
24850.0 0.000525992
24950.0 0.000492095
25050.0 0.000460321
25150.0 0.000430541
25250.0 0.000402635
25350.0 0.000376487
25450.0 0.000351990
25550.0 0.000329044
25650.0 0.000307553
25750.0 0.000287428
25850.0 0.000268585
25950.0 0.000250943
26050.0 0.000234430
26150.0 0.000218975
26250.0 0.000204512
26350.0 0.000190980
26450.0 0.000178319
26550.0 0.000166477
26650.0 0.000155400
26750.0 0.000145042
26850.0 0.000135357
26950.0 0.000126302
27050.0 0.000117838
27150.0 0.000109927
27250.0 0.000102534
27350.0 9.56261e-05
27450.0 8.91721e-05
27550.0 8.31431e-05
27650.0 7.75118e-05
27750.0 7.22528e-05
27850.0 6.73420e-05
27950.0 6.27571e-05
28050.0 5.84770e-05
28150.0 5.44819e-05
28250.0 5.07533e-05
28350.0 4.72740e-05
28450.0 4.40277e-05
28550.0 4.09992e-05
28650.0 3.81742e-05
28750.0 3.55395e-05
28850.0 3.30825e-05
28950.0 3.07915e-05
29050.0 2.86556e-05
29150.0 2.66646e-05
29250.0 2.48088e-05
29350.0 2.30794e-05
29450.0 2.14678e-05
29550.0 1.99664e-05
29650.0 1.85677e-05
29750.0 1.72648e-05
29850.0 1.60514e-05
29950.0 1.49214e-05
