50.0000 0.0463823
150.000 0.0377372
250.000 0.0238074
350.000 0.0136055
450.000 0.00928390
550.000 0.00653123
650.000 0.00382610
750.000 0.00000
850.000 -0.00286336
950.000 -0.00423625
1050.00 -0.00536881
1150.00 -0.00680170
1250.00 -0.00807846
1350.00 -0.00974972
1450.00 -0.0103345
1550.00 -0.0105529
1650.00 -0.0110449
1750.00 -0.0116089
1850.00 -0.0123901
1950.00 -0.0128501
2050.00 -0.0130025
2150.00 -0.0132979
2250.00 -0.0136977
2350.00 -0.0140731
2450.00 -0.0145509
2550.00 -0.0147295
2650.00 -0.0150399
2750.00 -0.0154710
2850.00 -0.0159787
2950.00 -0.0164369
3050.00 -0.0165602
3150.00 -0.0168413
3250.00 -0.0170408
3350.00 -0.0171711
3450.00 -0.0173998
3550.00 -0.0176857
3650.00 -0.0179059
3750.00 -0.0180500
3850.00 -0.0180965
3950.00 -0.0181448
4050.00 -0.0182125
4150.00 -0.0182647
4250.00 -0.0181910
4350.00 -0.0182046
4450.00 -0.0180931
4550.00 -0.0180471
4650.00 -0.0179697
4750.00 -0.0178691
4850.00 -0.0178586
4950.00 -0.0177490
5050.00 -0.0176018
5150.00 -0.0174262
5250.00 -0.0172993
5350.00 -0.0172429
5450.00 -0.0172004
5550.00 -0.0170729
5650.00 -0.0169471
5750.00 -0.0168224
5850.00 -0.0167296
5950.00 -0.0167013
6050.00 -0.0165902
6150.00 -0.0164604
6250.00 -0.0163177
6350.00 -0.0162451
6450.00 -0.0162472
6550.00 -0.0161900
6650.00 -0.0161060
6750.00 -0.0159859
6850.00 -0.0159450
6950.00 -0.0160200
7050.00 -0.0160435
7150.00 -0.0159596
7250.00 -0.0158974
7350.00 -0.0158382
7450.00 -0.0158985
7550.00 -0.0159758
7650.00 -0.0160367
7750.00 -0.0160539
7850.00 -0.0161344
7950.00 -0.0161383
8050.00 -0.0162516
8150.00 -0.0163561
8250.00 -0.0164232
8350.00 -0.0165599
8450.00 -0.0166227
8550.00 -0.0167285
8650.00 -0.0168210
8750.00 -0.0168913
8850.00 -0.0169933
8950.00 -0.0170840
9050.00 -0.0170988
9150.00 -0.0171978
9250.00 -0.0173086
9350.00 -0.0173764
9450.00 -0.0173426
9550.00 -0.0173099
9650.00 -0.0173405
9750.00 -0.0173982
9850.00 -0.0174268
9950.00 -0.0174162
10050.0 -0.0174249
10150.0 -0.0173886
10250.0 -0.0173233
10350.0 -0.0172538
10450.0 -0.0172322
10550.0 -0.0171984
10650.0 -0.0171724
10750.0 -0.0171477
10850.0 -0.0170595
10950.0 -0.0170378
11050.0 -0.0168714
11150.0 -0.0168123
11250.0 -0.0167692
11350.0 -0.0167520
11450.0 -0.0166495
11550.0 -0.0165567
11650.0 -0.0165735
11750.0 -0.0164933
11850.0 -0.0163930
11950.0 -0.0162453
12050.0 -0.0162355
12150.0 -0.0162077
12250.0 -0.0162715
12350.0 -0.0161120
12450.0 -0.0160301
12550.0 -0.0160128
12650.0 -0.0160844
12750.0 -0.0161393
12850.0 -0.0162614
12950.0 -0.0162564
13050.0 -0.0163597
13150.0 -0.0163565
13250.0 -0.0163176
13350.0 -0.0161529
13450.0 -0.0162029
13550.0 -0.0162928
13650.0 -0.0163147
13750.0 -0.0163112
13850.0 -0.0164504
13950.0 -0.0167549
14050.0 -0.0167596
14150.0 -0.0167723
14250.0 -0.0168032
14350.0 -0.0169793
14450.0 -0.0170522
14550.0 -0.0171895
14650.0 -0.0171126
14750.0 -0.0171500
14850.0 -0.0173284
14950.0 -0.0172453
15050.0 -0.0173561
15150.0 -0.0175414
15250.0 -0.0177414
15350.0 -0.0176113
15450.0 -0.0175715
15550.0 -0.0177363
15650.0 -0.0177693
15750.0 -0.0175107
15850.0 -0.0176896
15950.0 -0.0175854
16050.0 -0.0173502
16150.0 -0.0169645
16250.0 -0.0169895
16350.0 -0.0171204
16450.0 -0.0170212
16550.0 -0.0169304
16650.0 -0.0170478
16750.0 -0.0169543
16850.0 -0.0166536
16950.0 -0.0163184
17050.0 -0.0164066
17150.0 -0.0163576
17250.0 -0.0164171
17350.0 -0.0163780
17450.0 -0.0163564
17550.0 -0.0157297
17650.0 -0.0157994
17750.0 -0.0161618
17850.0 -0.0160780
17950.0 -0.0159653
18050.0 -0.0159220
18150.0 -0.0156658
18250.0 -0.0155415
18350.0 -0.0154685
18450.0 -0.0152887
18550.0 -0.0157561
18650.0 -0.0159503
18750.0 -0.0155545
18850.0 -0.0156259
18950.0 -0.0158311
19050.0 -0.0161734
19150.0 -0.0165206
19250.0 -0.0168029
19350.0 -0.0166748
19450.0 -0.0165874
19550.0 -0.0169148
19650.0 -0.0170414
19750.0 -0.0170842
19850.0 -0.0170573
19950.0 -0.0171420
20050.0 -0.0172561
20150.0 -0.0180578
20250.0 -0.0186448
20350.0 -0.0187700
20450.0 -0.0186195
20550.0 -0.0182165
20650.0 -0.0180600
20750.0 -0.0186552
20850.0 -0.0182881
20950.0 -0.0189922
21050.0 -0.0192190
21150.0 -0.0182848
21250.0 -0.0180568
21350.0 -0.0185415
21450.0 -0.0188495
21550.0 -0.0181090
21650.0 -0.0174331
21750.0 -0.0179866
21850.0 -0.0184841
21950.0 -0.0173532
22050.0 -0.0161602
22150.0 -0.0161766
22250.0 -0.0177384
22350.0 -0.0176310
22450.0 -0.0171847
22550.0 -0.0163834
22650.0 -0.0153450
22750.0 -0.0153898
22850.0 -0.0159101
22950.0 -0.0161537
23050.0 -0.0149729
23150.0 -0.0136486
23250.0 -0.0118369
23350.0 -0.0124203
23450.0 -0.0131243
23550.0 -0.0127723
23650.0 -0.0135110
23750.0 -0.0144930
23850.0 -0.0160798
23950.0 -0.0160810
24050.0 -0.0160821
24150.0 -0.0160832
24250.0 -0.0160843
24350.0 -0.0160854
24450.0 -0.0160864
24550.0 -0.0160875
24650.0 -0.0160887
24750.0 -0.0160897
24850.0 -0.0160908
24950.0 -0.0160919
25050.0 -0.0160931
25150.0 -0.0160942
25250.0 -0.0160952
25350.0 -0.0160963
25450.0 -0.0160975
25550.0 -0.0160986
25650.0 -0.0160997
25750.0 -0.0161009
25850.0 -0.0161019
25950.0 -0.0161032
26050.0 -0.0161042
26150.0 -0.0161054
26250.0 -0.0161065
26350.0 -0.0161076
26450.0 -0.0161088
26550.0 -0.0161100
26650.0 -0.0161111
26750.0 -0.0161123
26850.0 -0.0161134
26950.0 -0.0161145
27050.0 -0.0161157
27150.0 -0.0161168
27250.0 -0.0161180
27350.0 -0.0161192
27450.0 -0.0161204
27550.0 -0.0161215
27650.0 -0.0161227
27750.0 -0.0161238
27850.0 -0.0161249
27950.0 -0.0161261
28050.0 -0.0161273
28150.0 -0.0161285
28250.0 -0.0161297
28350.0 -0.0161308
28450.0 -0.0161320
28550.0 -0.0161333
28650.0 -0.0161344
28750.0 -0.0161355
28850.0 -0.0161368
28950.0 -0.0161380
29050.0 -0.0161392
29150.0 -0.0161404
29250.0 -0.0161416
29350.0 -0.0161429
29450.0 -0.0161441
29550.0 -0.0161452
29650.0 -0.0161464
29750.0 -0.0161476
29850.0 -0.0161489
29950.0 -0.0161500
