50.0000 0.0246831
150.000 0.0208526
250.000 0.0144593
350.000 0.00927059
450.000 0.00635412
550.000 0.00419314
650.000 0.00227597
750.000 0.00000
850.000 -0.00176006
950.000 -0.00286132
1050.00 -0.00371074
1150.00 -0.00461363
1250.00 -0.00546269
1350.00 -0.00641563
1450.00 -0.00688177
1550.00 -0.00713589
1650.00 -0.00746278
1750.00 -0.00780290
1850.00 -0.00827381
1950.00 -0.00858450
2050.00 -0.00873895
2150.00 -0.00893218
2250.00 -0.00917261
2350.00 -0.00941877
2450.00 -0.00969750
2550.00 -0.00984072
2650.00 -0.0100372
2750.00 -0.0102889
2850.00 -0.0105779
2950.00 -0.0108234
3050.00 -0.0109158
3150.00 -0.0110857
3250.00 -0.0112150
3350.00 -0.0113169
3450.00 -0.0114499
3550.00 -0.0115939
3650.00 -0.0117108
3750.00 -0.0117875
3850.00 -0.0118221
3950.00 -0.0118487
4050.00 -0.0118807
4150.00 -0.0118987
4250.00 -0.0118773
4350.00 -0.0118704
4450.00 -0.0118210
4550.00 -0.0117914
4650.00 -0.0117486
4750.00 -0.0116979
4850.00 -0.0116811
4950.00 -0.0116206
5050.00 -0.0115464
5150.00 -0.0114535
5250.00 -0.0113840
5350.00 -0.0113411
5450.00 -0.0113043
5550.00 -0.0112320
5650.00 -0.0111560
5750.00 -0.0110817
5850.00 -0.0110195
5950.00 -0.0109866
6050.00 -0.0109209
6150.00 -0.0108454
6250.00 -0.0107643
6350.00 -0.0107186
6450.00 -0.0107020
6550.00 -0.0106653
6650.00 -0.0106189
6750.00 -0.0105591
6850.00 -0.0105306
6950.00 -0.0105528
7050.00 -0.0105608
7150.00 -0.0105243
7250.00 -0.0104982
7350.00 -0.0104733
7450.00 -0.0104999
7550.00 -0.0105389
7650.00 -0.0105728
7750.00 -0.0105892
7850.00 -0.0106321
7950.00 -0.0106448
8050.00 -0.0107068
8150.00 -0.0107671
8250.00 -0.0108095
8350.00 -0.0108765
8450.00 -0.0109167
8550.00 -0.0109792
8650.00 -0.0110350
8750.00 -0.0110792
8850.00 -0.0111398
8950.00 -0.0111985
9050.00 -0.0112237
9150.00 -0.0112764
9250.00 -0.0113346
9350.00 -0.0113761
9450.00 -0.0113756
9550.00 -0.0113705
9650.00 -0.0113897
9750.00 -0.0114143
9850.00 -0.0114277
9950.00 -0.0114274
10050.0 -0.0114309
10150.0 -0.0114164
10250.0 -0.0113832
10350.0 -0.0113457
10450.0 -0.0113282
10550.0 -0.0113062
10650.0 -0.0112846
10750.0 -0.0112612
10850.0 -0.0112129
10950.0 -0.0111899
11050.0 -0.0111092
11150.0 -0.0110698
11250.0 -0.0110354
11350.0 -0.0110117
11450.0 -0.0109551
11550.0 -0.0109021
11650.0 -0.0108950
11750.0 -0.0108447
11850.0 -0.0107881
11950.0 -0.0107139
12050.0 -0.0106946
12150.0 -0.0106819
12250.0 -0.0106953
12350.0 -0.0106252
12450.0 -0.0105890
12550.0 -0.0105823
12650.0 -0.0106042
12750.0 -0.0106315
12850.0 -0.0106801
12950.0 -0.0106867
13050.0 -0.0107359
13150.0 -0.0107358
13250.0 -0.0107189
13350.0 -0.0106644
13450.0 -0.0106967
13550.0 -0.0107458
13650.0 -0.0107716
13750.0 -0.0107844
13850.0 -0.0108522
13950.0 -0.0109839
14050.0 -0.0110026
14150.0 -0.0110252
14250.0 -0.0110625
14350.0 -0.0111466
14450.0 -0.0111806
14550.0 -0.0112439
14650.0 -0.0112323
14750.0 -0.0112649
14850.0 -0.0113485
14950.0 -0.0113320
15050.0 -0.0113886
15150.0 -0.0114671
15250.0 -0.0115489
15350.0 -0.0115072
15450.0 -0.0114980
15550.0 -0.0115586
15650.0 -0.0115737
15750.0 -0.0114686
15850.0 -0.0115398
15950.0 -0.0114945
16050.0 -0.0113898
16150.0 -0.0112205
16250.0 -0.0112210
16350.0 -0.0112588
16450.0 -0.0112087
16550.0 -0.0111421
16650.0 -0.0111546
16750.0 -0.0111099
16850.0 -0.0109732
16950.0 -0.0108276
17050.0 -0.0108419
17150.0 -0.0107787
17250.0 -0.0107749
17350.0 -0.0107511
17450.0 -0.0107347
17550.0 -0.0104739
17650.0 -0.0104626
17750.0 -0.0105688
17850.0 -0.0105234
17950.0 -0.0104702
18050.0 -0.0104499
18150.0 -0.0103648
18250.0 -0.0102988
18350.0 -0.0102590
18450.0 -0.0102066
18550.0 -0.0104139
18650.0 -0.0104875
18750.0 -0.0103521
18850.0 -0.0103732
18950.0 -0.0104731
19050.0 -0.0106153
19150.0 -0.0107831
19250.0 -0.0109324
19350.0 -0.0109137
19450.0 -0.0109097
19550.0 -0.0110876
19650.0 -0.0111801
19750.0 -0.0112233
19850.0 -0.0112296
19950.0 -0.0113089
20050.0 -0.0113623
20150.0 -0.0117434
20250.0 -0.0120140
20350.0 -0.0120704
20450.0 -0.0120078
20550.0 -0.0118732
20650.0 -0.0118468
20750.0 -0.0121145
20850.0 -0.0120052
20950.0 -0.0122884
21050.0 -0.0123423
21150.0 -0.0119836
21250.0 -0.0118963
21350.0 -0.0120751
21450.0 -0.0121523
21550.0 -0.0118499
21650.0 -0.0115650
21750.0 -0.0116383
21850.0 -0.0118179
21950.0 -0.0112934
22050.0 -0.0108913
22150.0 -0.0108991
22250.0 -0.0114075
22350.0 -0.0113887
22450.0 -0.0111076
22550.0 -0.0106092
22650.0 -0.0101019
22750.0 -0.0102255
22850.0 -0.0104045
22950.0 -0.0104119
23050.0 -0.00980005
23150.0 -0.00926555
23250.0 -0.00855458
23350.0 -0.00873013
23450.0 -0.00893963
23550.0 -0.00870002
23650.0 -0.00902033
23750.0 -0.00912234
23850.0 -0.0107904
23950.0 -0.0107749
24050.0 -0.0107593
24150.0 -0.0107436
24250.0 -0.0107280
24350.0 -0.0107123
24450.0 -0.0106965
24550.0 -0.0106807
24650.0 -0.0106650
24750.0 -0.0106491
24850.0 -0.0106332
24950.0 -0.0106173
25050.0 -0.0106014
25150.0 -0.0105855
25250.0 -0.0105694
25350.0 -0.0105534
25450.0 -0.0105373
25550.0 -0.0105212
25650.0 -0.0105051
25750.0 -0.0104889
25850.0 -0.0104727
25950.0 -0.0104565
26050.0 -0.0104402
26150.0 -0.0104239
26250.0 -0.0104076
26350.0 -0.0103912
26450.0 -0.0103748
26550.0 -0.0103584
26650.0 -0.0103419
26750.0 -0.0103254
26850.0 -0.0103089
26950.0 -0.0102923
27050.0 -0.0102757
27150.0 -0.0102591
27250.0 -0.0102424
27350.0 -0.0102258
27450.0 -0.0102091
27550.0 -0.0101923
27650.0 -0.0101755
27750.0 -0.0101587
27850.0 -0.0101418
27950.0 -0.0101249
28050.0 -0.0101080
28150.0 -0.0100911
28250.0 -0.0100741
28350.0 -0.0100571
28450.0 -0.0100401
28550.0 -0.0100230
28650.0 -0.0100059
28750.0 -0.00998872
28850.0 -0.00997157
28950.0 -0.00995439
29050.0 -0.00993718
29150.0 -0.00991987
29250.0 -0.00990262
29350.0 -0.00988531
29450.0 -0.00986796
29550.0 -0.00985057
29650.0 -0.00983315
29750.0 -0.00981570
29850.0 -0.00979824
29950.0 -0.00978073
