50.0000 0.00252159
150.000 0.00247676
250.000 0.00230191
350.000 0.00197060
450.000 0.00151588
550.000 0.000991089
650.000 0.000470128
750.000 0.00000
850.000 -0.000457352
950.000 -0.000854386
1050.00 -0.00118695
1150.00 -0.00154546
1250.00 -0.00193674
1350.00 -0.00226897
1450.00 -0.00258854
1550.00 -0.00293184
1650.00 -0.00328583
1750.00 -0.00362875
1850.00 -0.00396711
1950.00 -0.00428936
2050.00 -0.00462440
2150.00 -0.00494298
2250.00 -0.00524717
2350.00 -0.00556503
2450.00 -0.00584289
2550.00 -0.00614312
2650.00 -0.00645283
2750.00 -0.00672287
2850.00 -0.00698926
2950.00 -0.00722800
3050.00 -0.00743187
3150.00 -0.00766036
3250.00 -0.00787961
3350.00 -0.00805912
3450.00 -0.00824748
3550.00 -0.00839782
3650.00 -0.00851874
3750.00 -0.00864964
3850.00 -0.00874157
3950.00 -0.00882363
4050.00 -0.00888874
4150.00 -0.00893015
4250.00 -0.00895646
4350.00 -0.00898408
4450.00 -0.00897583
4550.00 -0.00895034
4650.00 -0.00893055
4750.00 -0.00889705
4850.00 -0.00881094
4950.00 -0.00874230
5050.00 -0.00866037
5150.00 -0.00856308
5250.00 -0.00845226
5350.00 -0.00832705
5450.00 -0.00821794
5550.00 -0.00810681
5650.00 -0.00796654
5750.00 -0.00781477
5850.00 -0.00767469
5950.00 -0.00756235
6050.00 -0.00744870
6150.00 -0.00730569
6250.00 -0.00717220
6350.00 -0.00706406
6450.00 -0.00695783
6550.00 -0.00685386
6650.00 -0.00676338
6750.00 -0.00669889
6850.00 -0.00663025
6950.00 -0.00655042
7050.00 -0.00648665
7150.00 -0.00648720
7250.00 -0.00650261
7350.00 -0.00649021
7450.00 -0.00648913
7550.00 -0.00649696
7650.00 -0.00655055
7750.00 -0.00662375
7850.00 -0.00670255
7950.00 -0.00678029
8050.00 -0.00686157
8150.00 -0.00695336
8250.00 -0.00708657
8350.00 -0.00721610
8450.00 -0.00734006
8550.00 -0.00746658
8650.00 -0.00761520
8750.00 -0.00779363
8850.00 -0.00797804
8950.00 -0.00810182
9050.00 -0.00820468
9150.00 -0.00837435
9250.00 -0.00853970
9350.00 -0.00868798
9450.00 -0.00877232
9550.00 -0.00887541
9650.00 -0.00897695
9750.00 -0.00906182
9850.00 -0.00911400
9950.00 -0.00915163
10050.0 -0.00916822
10150.0 -0.00921952
10250.0 -0.00924896
10350.0 -0.00921349
10450.0 -0.00911307
10550.0 -0.00904310
10650.0 -0.00898745
10750.0 -0.00883843
10850.0 -0.00864200
10950.0 -0.00847027
11050.0 -0.00829573
11150.0 -0.00806158
11250.0 -0.00788129
11350.0 -0.00763831
11450.0 -0.00739158
11550.0 -0.00716295
11650.0 -0.00678161
11750.0 -0.00652712
11850.0 -0.00626237
11950.0 -0.00595478
12050.0 -0.00551951
12150.0 -0.00525800
12250.0 -0.00504840
12350.0 -0.00481555
12450.0 -0.00459901
12550.0 -0.00434419
12650.0 -0.00414390
12750.0 -0.00399469
12850.0 -0.00385486
12950.0 -0.00377274
13050.0 -0.00373484
13150.0 -0.00359284
13250.0 -0.00374136
13350.0 -0.00394661
13450.0 -0.00400161
13550.0 -0.00435547
13650.0 -0.00494604
13750.0 -0.00512216
13850.0 -0.00366629
13950.0 -0.00360411
14050.0 -0.00354184
14150.0 -0.00347936
14250.0 -0.00341652
14350.0 -0.00335360
14450.0 -0.00329048
14550.0 -0.00322701
14650.0 -0.00316334
14750.0 -0.00309947
14850.0 -0.00303549
14950.0 -0.00297116
15050.0 -0.00290669
15150.0 -0.00284196
15250.0 -0.00277705
15350.0 -0.00271195
15450.0 -0.00264660
15550.0 -0.00258107
15650.0 -0.00251522
15750.0 -0.00244926
15850.0 -0.00238312
15950.0 -0.00231660
16050.0 -0.00225007
16150.0 -0.00218320
16250.0 -0.00211620
16350.0 -0.00204899
16450.0 -0.00198155
16550.0 -0.00191387
16650.0 -0.00184603
16750.0 -0.00177795
16850.0 -0.00170968
16950.0 -0.00164119
17050.0 -0.00157265
17150.0 -0.00150370
17250.0 -0.00143467
17350.0 -0.00136546
17450.0 -0.00129590
17550.0 -0.00122626
17650.0 -0.00115646
17750.0 -0.00108639
17850.0 -0.00101618
17950.0 -0.000945765
18050.0 -0.000875002
18150.0 -0.000804169
18250.0 -0.000733143
18350.0 -0.000661941
18450.0 -0.000590455
18550.0 -0.000518866
18650.0 -0.000446993
18750.0 -0.000374991
18850.0 -0.000302711
18950.0 -0.000230377
19050.0 -0.000157760
19150.0 -8.50002e-05
19250.0 -1.20766e-05
19350.0 6.10817e-05
19450.0 0.000134427
19550.0 0.000208021
19650.0 0.000281755
19750.0 0.000355608
19850.0 0.000429680
19950.0 0.000503959
20050.0 0.000578484
20150.0 0.000653115
20250.0 0.000727950
20350.0 0.000802971
20450.0 0.000878173
20550.0 0.000953560
20650.0 0.00102925
20750.0 0.00110496
20850.0 0.00118088
20950.0 0.00125704
21050.0 0.00133340
21150.0 0.00140978
21250.0 0.00148650
21350.0 0.00156338
21450.0 0.00164042
21550.0 0.00171756
21650.0 0.00179499
21750.0 0.00187260
21850.0 0.00195037
21950.0 0.00202829
22050.0 0.00210630
22150.0 0.00218465
22250.0 0.00226311
22350.0 0.00234179
22450.0 0.00242057
22550.0 0.00249954
22650.0 0.00257876
22750.0 0.00265807
22850.0 0.00273758
22950.0 0.00281732
23050.0 0.00289717
23150.0 0.00297716
23250.0 0.00305738
23350.0 0.00313779
23450.0 0.00321829
23550.0 0.00329904
23650.0 0.00337992
23750.0 0.00346096
23850.0 0.00354226
23950.0 0.00362364
24050.0 0.00370514
24150.0 0.00378699
24250.0 0.00386887
24350.0 0.00395100
24450.0 0.00403321
24550.0 0.00411563
24650.0 0.00419825
24750.0 0.00428103
24850.0 0.00436404
24950.0 0.00444705
25050.0 0.00453037
25150.0 0.00461377
25250.0 0.00469739
25350.0 0.00478111
25450.0 0.00486509
25550.0 0.00494911
25650.0 0.00503341
25750.0 0.00511783
25850.0 0.00520239
25950.0 0.00528708
26050.0 0.00537207
26150.0 0.00545713
26250.0 0.00554239
26350.0 0.00562777
26450.0 0.00571337
26550.0 0.00579904
26650.0 0.00588496
26750.0 0.00597101
26850.0 0.00605718
26950.0 0.00614355
27050.0 0.00623002
27150.0 0.00631674
27250.0 0.00640362
27350.0 0.00649060
27450.0 0.00657782
27550.0 0.00666516
27650.0 0.00675259
27750.0 0.00684018
27850.0 0.00692802
27950.0 0.00701602
28050.0 0.00710410
28150.0 0.00719241
28250.0 0.00728085
28350.0 0.00736945
28450.0 0.00745815
28550.0 0.00754704
28650.0 0.00763611
28750.0 0.00772542
28850.0 0.00781473
28950.0 0.00790423
29050.0 0.00799390
29150.0 0.00808370
29250.0 0.00817369
29350.0 0.00826391
29450.0 0.00835409
29550.0 0.00844458
29650.0 0.00853518
29750.0 0.00862591
29850.0 0.00871685
29950.0 0.00880787
