50.0000 0.00328436
150.000 0.00274109
250.000 0.00188873
350.000 0.00118237
450.000 0.000742816
550.000 0.000485928
650.000 0.000217001
750.000 0.00000
850.000 -0.000197756
950.000 -0.000377704
1050.00 -0.000543674
1150.00 -0.000736577
1250.00 -0.000919356
1350.00 -0.00109897
1450.00 -0.00126891
1550.00 -0.00145034
1650.00 -0.00162930
1750.00 -0.00179567
1850.00 -0.00196520
1950.00 -0.00213434
2050.00 -0.00231086
2150.00 -0.00247953
2250.00 -0.00263000
2350.00 -0.00279171
2450.00 -0.00294283
2550.00 -0.00309174
2650.00 -0.00324303
2750.00 -0.00338283
2850.00 -0.00351987
2950.00 -0.00363952
3050.00 -0.00373873
3150.00 -0.00385206
3250.00 -0.00395889
3350.00 -0.00405197
3450.00 -0.00414064
3550.00 -0.00421623
3650.00 -0.00427942
3750.00 -0.00433794
3850.00 -0.00438877
3950.00 -0.00443544
4050.00 -0.00447086
4150.00 -0.00449312
4250.00 -0.00450611
4350.00 -0.00451847
4450.00 -0.00451997
4550.00 -0.00451598
4650.00 -0.00449894
4750.00 -0.00447652
4850.00 -0.00445225
4950.00 -0.00442409
5050.00 -0.00438631
5150.00 -0.00434104
5250.00 -0.00429724
5350.00 -0.00425023
5450.00 -0.00420018
5550.00 -0.00414431
5650.00 -0.00408843
5750.00 -0.00403071
5850.00 -0.00397385
5950.00 -0.00392001
6050.00 -0.00386890
6150.00 -0.00381727
6250.00 -0.00376414
6350.00 -0.00371544
6450.00 -0.00366999
6550.00 -0.00362910
6650.00 -0.00359756
6750.00 -0.00356472
6850.00 -0.00353700
6950.00 -0.00351540
7050.00 -0.00349813
7150.00 -0.00348992
7250.00 -0.00348673
7350.00 -0.00348474
7450.00 -0.00349095
7550.00 -0.00350077
7650.00 -0.00351833
7750.00 -0.00354556
7850.00 -0.00356762
7950.00 -0.00359106
8050.00 -0.00362437
8150.00 -0.00366343
8250.00 -0.00370722
8350.00 -0.00375207
8450.00 -0.00379281
8550.00 -0.00383564
8650.00 -0.00388224
8750.00 -0.00392948
8850.00 -0.00398037
8950.00 -0.00402642
9050.00 -0.00407183
9150.00 -0.00411056
9250.00 -0.00415005
9350.00 -0.00418967
9450.00 -0.00422322
9550.00 -0.00424962
9650.00 -0.00427160
9750.00 -0.00429476
9850.00 -0.00431193
9950.00 -0.00431991
10050.0 -0.00432372
10150.0 -0.00432784
10250.0 -0.00432029
10350.0 -0.00430845
10450.0 -0.00429367
10550.0 -0.00426947
10650.0 -0.00424187
10750.0 -0.00421025
10850.0 -0.00417485
10950.0 -0.00413479
11050.0 -0.00409072
11150.0 -0.00404409
11250.0 -0.00399681
11350.0 -0.00394768
11450.0 -0.00389502
11550.0 -0.00384496
11650.0 -0.00379323
11750.0 -0.00374272
11850.0 -0.00369369
11950.0 -0.00365065
12050.0 -0.00360803
12150.0 -0.00356562
12250.0 -0.00352558
12350.0 -0.00349646
12450.0 -0.00346890
12550.0 -0.00345014
12650.0 -0.00343247
12750.0 -0.00341800
12850.0 -0.00340895
12950.0 -0.00341405
13050.0 -0.00342821
13150.0 -0.00344361
13250.0 -0.00346863
13350.0 -0.00349446
13450.0 -0.00352832
13550.0 -0.00356547
13650.0 -0.00361547
13750.0 -0.00366989
13850.0 -0.00372849
13950.0 -0.00378137
14050.0 -0.00384991
14150.0 -0.00392300
14250.0 -0.00399746
14350.0 -0.00406335
14450.0 -0.00413170
14550.0 -0.00420251
14650.0 -0.00427303
14750.0 -0.00434855
14850.0 -0.00441356
14950.0 -0.00446363
15050.0 -0.00451511
15150.0 -0.00456404
15250.0 -0.00459284
15350.0 -0.00462425
15450.0 -0.00464620
15550.0 -0.00467371
15650.0 -0.00468531
15750.0 -0.00468348
15850.0 -0.00465668
15950.0 -0.00462888
16050.0 -0.00459106
16150.0 -0.00453787
16250.0 -0.00447782
16350.0 -0.00442249
16450.0 -0.00434490
16550.0 -0.00423765
16650.0 -0.00411549
16750.0 -0.00402873
16850.0 -0.00392240
16950.0 -0.00378977
17050.0 -0.00364498
17150.0 -0.00350201
17250.0 -0.00335337
17350.0 -0.00321154
17450.0 -0.00308201
17550.0 -0.00296827
17650.0 -0.00283153
17750.0 -0.00268042
17850.0 -0.00256711
17950.0 -0.00244669
18050.0 -0.00235013
18150.0 -0.00229368
18250.0 -0.00227904
18350.0 -0.00225262
18450.0 -0.00221919
18550.0 -0.00221409
18650.0 -0.00224506
18750.0 -0.00231408
18850.0 -0.00241465
18950.0 -0.00256580
19050.0 -0.00273323
19150.0 -0.00290342
19250.0 -0.00309639
19350.0 -0.00337762
19450.0 -0.00367699
19550.0 -0.00400125
19650.0 -0.00430871
19750.0 -0.00472584
19850.0 -0.00515577
19950.0 -0.00562044
20050.0 -0.00605229
20150.0 -0.00641316
20250.0 -0.00680948
20350.0 -0.00735185
20450.0 -0.00784821
20550.0 -0.00824996
20650.0 -0.00855656
20750.0 -0.00901956
20850.0 -0.00952931
20950.0 -0.00973223
21050.0 -0.00978052
21150.0 -0.0101422
21250.0 -0.0105192
21350.0 -0.0108969
21450.0 -0.0112755
21550.0 -0.0116551
21650.0 -0.0120355
21750.0 -0.0124167
21850.0 -0.0127989
21950.0 -0.0131820
22050.0 -0.0135659
22150.0 -0.0139506
22250.0 -0.0143363
22350.0 -0.0147228
22450.0 -0.0151101
22550.0 -0.0154984
22650.0 -0.0158875
22750.0 -0.0162774
22850.0 -0.0166683
22950.0 -0.0170599
23050.0 -0.0174525
23150.0 -0.0178458
23250.0 -0.0182400
23350.0 -0.0186350
23450.0 -0.0190310
23550.0 -0.0194278
23650.0 -0.0198253
23750.0 -0.0202239
23850.0 -0.0206231
23950.0 -0.0210232
24050.0 -0.0214242
24150.0 -0.0218259
24250.0 -0.0222286
24350.0 -0.0226320
24450.0 -0.0230362
24550.0 -0.0234413
24650.0 -0.0238472
24750.0 -0.0242540
24850.0 -0.0246616
24950.0 -0.0250700
25050.0 -0.0254791
25150.0 -0.0258891
25250.0 -0.0263000
25350.0 -0.0267116
25450.0 -0.0271241
25550.0 -0.0275373
25650.0 -0.0279513
25750.0 -0.0283662
25850.0 -0.0287820
25950.0 -0.0291984
26050.0 -0.0296157
26150.0 -0.0300337
26250.0 -0.0304526
26350.0 -0.0308723
26450.0 -0.0312927
26550.0 -0.0317140
26650.0 -0.0321361
26750.0 -0.0325588
26850.0 -0.0329825
26950.0 -0.0334070
27050.0 -0.0338321
27150.0 -0.0342581
27250.0 -0.0346848
27350.0 -0.0351124
27450.0 -0.0355407
27550.0 -0.0359698
27650.0 -0.0363997
27750.0 -0.0368303
27850.0 -0.0372618
27950.0 -0.0376940
28050.0 -0.0381269
28150.0 -0.0385607
28250.0 -0.0389952
28350.0 -0.0394304
28450.0 -0.0398665
28550.0 -0.0403033
28650.0 -0.0407408
28750.0 -0.0411791
28850.0 -0.0416183
28950.0 -0.0420580
29050.0 -0.0424987
29150.0 -0.0429400
29250.0 -0.0433821
29350.0 -0.0438250
29450.0 -0.0442686
29550.0 -0.0447129
29650.0 -0.0451580
29750.0 -0.0456038
29850.0 -0.0460505
29950.0 -0.0464978
