50.0000 -0.0742502
150.000 -0.0626107
250.000 -0.0428206
350.000 -0.0256514
450.000 -0.0156571
550.000 -0.0101422
650.000 -0.00603463
750.000 0.00000
850.000 0.00401118
950.000 0.00625677
1050.00 0.00792926
1150.00 0.00959654
1250.00 0.0112637
1350.00 0.0133102
1450.00 0.0139035
1550.00 0.0138508
1650.00 0.0140309
1750.00 0.0143456
1850.00 0.0150616
1950.00 0.0152632
2050.00 0.0149827
2150.00 0.0148812
2250.00 0.0149414
2350.00 0.0150175
2450.00 0.0152522
2550.00 0.0150295
2650.00 0.0149544
2750.00 0.0150880
2850.00 0.0153908
2950.00 0.0156924
3050.00 0.0154828
3150.00 0.0154963
3250.00 0.0153853
3350.00 0.0152485
3450.00 0.0152655
3550.00 0.0153930
3650.00 0.0154839
3750.00 0.0154469
3850.00 0.0153330
3950.00 0.0152392
4050.00 0.0151764
4150.00 0.0151238
4250.00 0.0149650
4350.00 0.0149255
4450.00 0.0147468
4550.00 0.0146720
4650.00 0.0145771
4750.00 0.0144858
4850.00 0.0145465
4950.00 0.0144813
5050.00 0.0143733
5150.00 0.0142447
5250.00 0.0142068
5350.00 0.0142823
5450.00 0.0143698
5550.00 0.0143586
5650.00 0.0143548
5750.00 0.0143692
5850.00 0.0144284
5950.00 0.0145604
6050.00 0.0145630
6150.00 0.0145313
6250.00 0.0145029
6350.00 0.0145666
6450.00 0.0147136
6550.00 0.0147660
6650.00 0.0147706
6750.00 0.0146881
6850.00 0.0147332
6950.00 0.0149175
7050.00 0.0150109
7150.00 0.0149356
7250.00 0.0148671
7350.00 0.0147891
7450.00 0.0148603
7550.00 0.0149421
7650.00 0.0149934
7750.00 0.0149609
7850.00 0.0150104
7950.00 0.0149216
8050.00 0.0149802
8150.00 0.0150299
8250.00 0.0150133
8350.00 0.0150822
8450.00 0.0150462
8550.00 0.0150558
8650.00 0.0150516
8750.00 0.0150139
8850.00 0.0150167
8950.00 0.0150102
9050.00 0.0149034
9150.00 0.0149230
9250.00 0.0149721
9350.00 0.0149500
9450.00 0.0147890
9550.00 0.0146550
9650.00 0.0146344
9750.00 0.0146602
9850.00 0.0146520
9950.00 0.0146010
10050.0 0.0146043
10150.0 0.0145572
10250.0 0.0144665
10350.0 0.0143948
10450.0 0.0144019
10550.0 0.0144189
10650.0 0.0144592
10750.0 0.0145073
10850.0 0.0144681
10950.0 0.0145531
11050.0 0.0144216
11150.0 0.0144687
11250.0 0.0145239
11350.0 0.0146262
11450.0 0.0146097
11550.0 0.0146038
11650.0 0.0147724
11750.0 0.0147849
11850.0 0.0147649
11950.0 0.0146637
12050.0 0.0147604
12150.0 0.0148197
12250.0 0.0150107
12350.0 0.0148477
12450.0 0.0147952
12550.0 0.0148247
12650.0 0.0149700
12750.0 0.0150826
12850.0 0.0152710
12950.0 0.0152604
13050.0 0.0154021
13150.0 0.0153505
13250.0 0.0152292
13350.0 0.0149144
13450.0 0.0149098
13550.0 0.0149516
13650.0 0.0148649
13750.0 0.0147341
13850.0 0.0148104
13950.0 0.0151344
14050.0 0.0149987
14150.0 0.0148520
14250.0 0.0147398
14350.0 0.0148459
14450.0 0.0148032
14550.0 0.0148541
14650.0 0.0145899
14750.0 0.0144960
14850.0 0.0146324
14950.0 0.0143833
15050.0 0.0144348
15150.0 0.0146222
15250.0 0.0148438
15350.0 0.0145913
15450.0 0.0144972
15550.0 0.0147113
15650.0 0.0147453
15750.0 0.0143843
15850.0 0.0146801
15950.0 0.0145953
16050.0 0.0143288
16150.0 0.0138650
16250.0 0.0140346
16350.0 0.0143555
16450.0 0.0143782
16550.0 0.0144058
16650.0 0.0147735
16750.0 0.0148326
16850.0 0.0145858
16950.0 0.0142882
17050.0 0.0146050
17150.0 0.0147445
17250.0 0.0150448
17350.0 0.0151881
17450.0 0.0153452
17550.0 0.0145898
17650.0 0.0148209
17750.0 0.0155117
17850.0 0.0155101
17950.0 0.0154306
18050.0 0.0154478
18150.0 0.0151597
18250.0 0.0149401
18350.0 0.0148273
18450.0 0.0145235
18550.0 0.0151848
18650.0 0.0154097
18750.0 0.0147724
18850.0 0.0147024
18950.0 0.0148637
19050.0 0.0152007
19150.0 0.0154842
19250.0 0.0157046
19350.0 0.0152867
19450.0 0.0148970
19550.0 0.0151087
19650.0 0.0150052
19750.0 0.0147665
19850.0 0.0144181
19950.0 0.0142493
20050.0 0.0141291
20150.0 0.0150240
20250.0 0.0155838
20350.0 0.0154630
20450.0 0.0149411
20550.0 0.0141108
20650.0 0.0137340
20750.0 0.0144338
20850.0 0.0137021
20950.0 0.0146757
21050.0 0.0149176
21150.0 0.0135195
21250.0 0.0132966
21350.0 0.0140822
21450.0 0.0145585
21550.0 0.0137192
21650.0 0.0129566
21750.0 0.0139972
21850.0 0.0152943
21950.0 0.0138450
22050.0 0.0125156
22150.0 0.0130781
22250.0 0.0161177
22350.0 0.0163907
22450.0 0.0162717
22550.0 0.0154277
22650.0 0.0146065
22750.0 0.0150159
22850.0 0.0162410
22950.0 0.0172087
23050.0 0.0163984
23150.0 0.0146765
23250.0 0.0125029
23350.0 0.0136316
23450.0 0.0147844
23550.0 0.0145038
23650.0 0.0157199
23750.0 0.0171405
23850.0 0.0177838
23950.0 0.0180414
24050.0 0.0182994
24150.0 0.0185580
24250.0 0.0188172
24350.0 0.0190768
24450.0 0.0193370
24550.0 0.0195977
24650.0 0.0198590
24750.0 0.0201208
24850.0 0.0203830
24950.0 0.0206458
25050.0 0.0209092
25150.0 0.0211730
25250.0 0.0214374
25350.0 0.0217022
25450.0 0.0219676
25550.0 0.0222335
25650.0 0.0225000
25750.0 0.0227668
25850.0 0.0230343
25950.0 0.0233023
26050.0 0.0235707
26150.0 0.0238396
26250.0 0.0241091
26350.0 0.0243791
26450.0 0.0246496
26550.0 0.0249205
26650.0 0.0251920
26750.0 0.0254640
26850.0 0.0257364
26950.0 0.0260094
27050.0 0.0262829
27150.0 0.0265568
27250.0 0.0268313
27350.0 0.0271062
27450.0 0.0273816
27550.0 0.0276576
27650.0 0.0279340
27750.0 0.0282109
27850.0 0.0284883
27950.0 0.0287662
28050.0 0.0290445
28150.0 0.0293234
28250.0 0.0296027
28350.0 0.0298825
28450.0 0.0301628
28550.0 0.0304436
28650.0 0.0307248
28750.0 0.0310066
28850.0 0.0312888
28950.0 0.0315714
29050.0 0.0318546
29150.0 0.0321382
29250.0 0.0324223
29350.0 0.0327069
29450.0 0.0329919
29550.0 0.0332775
29650.0 0.0335634
29750.0 0.0338499
29850.0 0.0341368
29950.0 0.0344242
