50.0000 0.00217614
150.000 0.00213724
250.000 0.00198648
350.000 0.00170097
450.000 0.00130853
550.000 0.000855704
650.000 0.000406044
750.000 0.00000
850.000 -0.000394721
950.000 -0.000737534
1050.00 -0.00102465
1150.00 -0.00133345
1250.00 -0.00167090
1350.00 -0.00195800
1450.00 -0.00223366
1550.00 -0.00252954
1650.00 -0.00283507
1750.00 -0.00313059
1850.00 -0.00342301
1950.00 -0.00370069
2050.00 -0.00398947
2150.00 -0.00426367
2250.00 -0.00452575
2350.00 -0.00479905
2450.00 -0.00503816
2550.00 -0.00529576
2650.00 -0.00556196
2750.00 -0.00579396
2850.00 -0.00602262
2950.00 -0.00622687
3050.00 -0.00640158
3150.00 -0.00659721
3250.00 -0.00678547
3350.00 -0.00693867
3450.00 -0.00709921
3550.00 -0.00722790
3650.00 -0.00733057
3750.00 -0.00744195
3850.00 -0.00752078
3950.00 -0.00759053
4050.00 -0.00764588
4150.00 -0.00768160
4250.00 -0.00770266
4350.00 -0.00772609
4450.00 -0.00771847
4550.00 -0.00769644
4650.00 -0.00768008
4750.00 -0.00765112
4850.00 -0.00757743
4950.00 -0.00751860
5050.00 -0.00744852
5150.00 -0.00736577
5250.00 -0.00727256
5350.00 -0.00716682
5450.00 -0.00707356
5550.00 -0.00697917
5650.00 -0.00686044
5750.00 -0.00673184
5850.00 -0.00661371
5950.00 -0.00651829
6050.00 -0.00642337
6150.00 -0.00630229
6250.00 -0.00619034
6350.00 -0.00609919
6450.00 -0.00601039
6550.00 -0.00592362
6650.00 -0.00584725
6750.00 -0.00579333
6850.00 -0.00573669
6950.00 -0.00567035
7050.00 -0.00561745
7150.00 -0.00561890
7250.00 -0.00563248
7350.00 -0.00562303
7450.00 -0.00562315
7550.00 -0.00562984
7650.00 -0.00567412
7750.00 -0.00573531
7850.00 -0.00580249
7950.00 -0.00586641
8050.00 -0.00593458
8150.00 -0.00601023
8250.00 -0.00611932
8350.00 -0.00622768
8450.00 -0.00633064
8550.00 -0.00643568
8650.00 -0.00655875
8750.00 -0.00670433
8850.00 -0.00685314
8950.00 -0.00695550
9050.00 -0.00704167
9150.00 -0.00717881
9250.00 -0.00731316
9350.00 -0.00743313
9450.00 -0.00750196
9550.00 -0.00758682
9650.00 -0.00766623
9750.00 -0.00773557
9850.00 -0.00777726
9950.00 -0.00780675
10050.0 -0.00781839
10150.0 -0.00786137
10250.0 -0.00788410
10350.0 -0.00786067
10450.0 -0.00777723
10550.0 -0.00771721
10650.0 -0.00767344
10750.0 -0.00755436
10850.0 -0.00740090
10950.0 -0.00725760
11050.0 -0.00711389
11150.0 -0.00692735
11250.0 -0.00678922
11350.0 -0.00659088
11450.0 -0.00639098
11550.0 -0.00619715
11650.0 -0.00590039
11750.0 -0.00568468
11850.0 -0.00545894
11950.0 -0.00521102
12050.0 -0.00486960
12150.0 -0.00465175
12250.0 -0.00446469
12350.0 -0.00426861
12450.0 -0.00408679
12550.0 -0.00388006
12650.0 -0.00371584
12750.0 -0.00357548
12850.0 -0.00344726
12950.0 -0.00336823
13050.0 -0.00332748
13150.0 -0.00320947
13250.0 -0.00330827
13350.0 -0.00345145
13450.0 -0.00348478
13550.0 -0.00380696
13650.0 -0.00429963
13750.0 -0.00448075
13850.0 -0.00320364
13950.0 -0.00314377
14050.0 -0.00308374
14150.0 -0.00302348
14250.0 -0.00296292
14350.0 -0.00290227
14450.0 -0.00284134
14550.0 -0.00278021
14650.0 -0.00271888
14750.0 -0.00265733
14850.0 -0.00259550
14950.0 -0.00253358
15050.0 -0.00247142
15150.0 -0.00240904
15250.0 -0.00234642
15350.0 -0.00228365
15450.0 -0.00222071
15550.0 -0.00215753
15650.0 -0.00209410
15750.0 -0.00203048
15850.0 -0.00196661
15950.0 -0.00190265
16050.0 -0.00183841
16150.0 -0.00177407
16250.0 -0.00170937
16350.0 -0.00164461
16450.0 -0.00157956
16550.0 -0.00151441
16650.0 -0.00144899
16750.0 -0.00138335
16850.0 -0.00131756
16950.0 -0.00125157
17050.0 -0.00118542
17150.0 -0.00111904
17250.0 -0.00105246
17350.0 -0.000985698
17450.0 -0.000918768
17550.0 -0.000851632
17650.0 -0.000784214
17750.0 -0.000716710
17850.0 -0.000649019
17950.0 -0.000581058
18050.0 -0.000512860
18150.0 -0.000444628
18250.0 -0.000376108
18350.0 -0.000307507
18450.0 -0.000238607
18550.0 -0.000169480
18650.0 -0.000100307
18750.0 -3.08576e-05
18850.0 3.86866e-05
18950.0 0.000108477
19050.0 0.000178408
19150.0 0.000248620
19250.0 0.000319004
19350.0 0.000389531
19450.0 0.000460192
19550.0 0.000531095
19650.0 0.000602161
19750.0 0.000673398
19850.0 0.000744805
19950.0 0.000816422
20050.0 0.000888260
20150.0 0.000960187
20250.0 0.00103233
20350.0 0.00110465
20450.0 0.00117725
20550.0 0.00124984
20650.0 0.00132276
20750.0 0.00139571
20850.0 0.00146903
20950.0 0.00154232
21050.0 0.00161590
21150.0 0.00168960
21250.0 0.00176350
21350.0 0.00183769
21450.0 0.00191188
21550.0 0.00198636
21650.0 0.00206099
21750.0 0.00213577
21850.0 0.00221072
21950.0 0.00228585
22050.0 0.00236115
22150.0 0.00243668
22250.0 0.00251220
22350.0 0.00258801
22450.0 0.00266400
22550.0 0.00274015
22650.0 0.00281640
22750.0 0.00289293
22850.0 0.00296961
22950.0 0.00304642
23050.0 0.00312343
23150.0 0.00320054
23250.0 0.00327784
23350.0 0.00335540
23450.0 0.00343296
23550.0 0.00351086
23650.0 0.00358884
23750.0 0.00366696
23850.0 0.00374527
23950.0 0.00382372
24050.0 0.00390235
24150.0 0.00398125
24250.0 0.00406018
24350.0 0.00413935
24450.0 0.00421862
24550.0 0.00429800
24650.0 0.00437773
24750.0 0.00445744
24850.0 0.00453742
24950.0 0.00461758
25050.0 0.00469774
25150.0 0.00477816
25250.0 0.00485871
25350.0 0.00493950
25450.0 0.00502048
25550.0 0.00510156
25650.0 0.00518273
25750.0 0.00526409
25850.0 0.00534564
25950.0 0.00542738
26050.0 0.00550922
26150.0 0.00559122
26250.0 0.00567331
26350.0 0.00575572
26450.0 0.00583811
26550.0 0.00592076
26650.0 0.00600357
26750.0 0.00608659
26850.0 0.00616965
26950.0 0.00625291
27050.0 0.00633634
27150.0 0.00641988
27250.0 0.00650366
27350.0 0.00658753
27450.0 0.00667142
27550.0 0.00675575
27650.0 0.00683992
27750.0 0.00692451
27850.0 0.00700919
27950.0 0.00709396
28050.0 0.00717890
28150.0 0.00726394
28250.0 0.00734916
28350.0 0.00743465
28450.0 0.00752018
28550.0 0.00760585
28650.0 0.00769170
28750.0 0.00777770
28850.0 0.00786386
28950.0 0.00795020
29050.0 0.00803661
29150.0 0.00812322
29250.0 0.00820992
29350.0 0.00829686
29450.0 0.00838387
29550.0 0.00847103
29650.0 0.00855834
29750.0 0.00864597
29850.0 0.00873356
29950.0 0.00882125
