50.0000 -0.00291536
150.000 -0.00205940
250.000 -0.000751555
350.000 6.67358e-05
450.000 0.000214360
550.000 0.000160373
650.000 5.62414e-05
750.000 0.00000
850.000 -0.000251839
950.000 -0.000752301
1050.00 -0.00127263
1150.00 -0.00182394
1250.00 -0.00248322
1350.00 -0.00313513
1450.00 -0.00386930
1550.00 -0.00472577
1650.00 -0.00559890
1750.00 -0.00645421
1850.00 -0.00733441
1950.00 -0.00826897
2050.00 -0.00924783
2150.00 -0.0101865
2250.00 -0.0110431
2350.00 -0.0119961
2450.00 -0.0128895
2550.00 -0.0138082
2650.00 -0.0147444
2750.00 -0.0156326
2850.00 -0.0165120
2950.00 -0.0172919
3050.00 -0.0179384
3150.00 -0.0186905
3250.00 -0.0194086
3350.00 -0.0200531
3450.00 -0.0206678
3550.00 -0.0211923
3650.00 -0.0216321
3750.00 -0.0220510
3850.00 -0.0224273
3950.00 -0.0227591
4050.00 -0.0230259
4150.00 -0.0232217
4250.00 -0.0233517
4350.00 -0.0234465
4450.00 -0.0234839
4550.00 -0.0234761
4650.00 -0.0234150
4750.00 -0.0233130
4850.00 -0.0231797
4950.00 -0.0230077
5050.00 -0.0227831
5150.00 -0.0225162
5250.00 -0.0222549
5350.00 -0.0219874
5450.00 -0.0216862
5550.00 -0.0213595
5650.00 -0.0210104
5750.00 -0.0206598
5850.00 -0.0203157
5950.00 -0.0199891
6050.00 -0.0196867
6150.00 -0.0193783
6250.00 -0.0190586
6350.00 -0.0187633
6450.00 -0.0184882
6550.00 -0.0182402
6650.00 -0.0180251
6750.00 -0.0178487
6850.00 -0.0176755
6950.00 -0.0175374
7050.00 -0.0174288
7150.00 -0.0173588
7250.00 -0.0173182
7350.00 -0.0173137
7450.00 -0.0173369
7550.00 -0.0173867
7650.00 -0.0174662
7750.00 -0.0175862
7850.00 -0.0177119
7950.00 -0.0178744
8050.00 -0.0180620
8150.00 -0.0182605
8250.00 -0.0184787
8350.00 -0.0187085
8450.00 -0.0189380
8550.00 -0.0191834
8650.00 -0.0194448
8750.00 -0.0197027
8850.00 -0.0199577
8950.00 -0.0201963
9050.00 -0.0204252
9150.00 -0.0206458
9250.00 -0.0208596
9350.00 -0.0210651
9450.00 -0.0212455
9550.00 -0.0213958
9650.00 -0.0215112
9750.00 -0.0216159
9850.00 -0.0216948
9950.00 -0.0217485
10050.0 -0.0217705
10150.0 -0.0217662
10250.0 -0.0217302
10350.0 -0.0216777
10450.0 -0.0215964
10550.0 -0.0214873
10650.0 -0.0213565
10750.0 -0.0212022
10850.0 -0.0210326
10950.0 -0.0208493
11050.0 -0.0206456
11150.0 -0.0204262
11250.0 -0.0202109
11350.0 -0.0199823
11450.0 -0.0197526
11550.0 -0.0195313
11650.0 -0.0192921
11750.0 -0.0190663
11850.0 -0.0188457
11950.0 -0.0186497
12050.0 -0.0184701
12150.0 -0.0182939
12250.0 -0.0181413
12350.0 -0.0180096
12450.0 -0.0178975
12550.0 -0.0178148
12650.0 -0.0177471
12750.0 -0.0177042
12850.0 -0.0176975
12950.0 -0.0177184
13050.0 -0.0177595
13150.0 -0.0178305
13250.0 -0.0179279
13350.0 -0.0180445
13450.0 -0.0181816
13550.0 -0.0183435
13650.0 -0.0185351
13750.0 -0.0187290
13850.0 -0.0189517
13950.0 -0.0191740
14050.0 -0.0194083
14150.0 -0.0196591
14250.0 -0.0199022
14350.0 -0.0201601
14450.0 -0.0204125
14550.0 -0.0206453
14650.0 -0.0208671
14750.0 -0.0210916
14850.0 -0.0213010
14950.0 -0.0214980
15050.0 -0.0216574
15150.0 -0.0217939
15250.0 -0.0219077
15350.0 -0.0219987
15450.0 -0.0220578
15550.0 -0.0220881
15650.0 -0.0220834
15750.0 -0.0220503
15850.0 -0.0219915
15950.0 -0.0218869
16050.0 -0.0217550
16150.0 -0.0215808
16250.0 -0.0213994
16350.0 -0.0211924
16450.0 -0.0209609
16550.0 -0.0206973
16650.0 -0.0204012
16750.0 -0.0201124
16850.0 -0.0197951
16950.0 -0.0194945
17050.0 -0.0191849
17150.0 -0.0188462
17250.0 -0.0185243
17350.0 -0.0182255
17450.0 -0.0179262
17550.0 -0.0176708
17650.0 -0.0174038
17750.0 -0.0171505
17850.0 -0.0169511
17950.0 -0.0167735
18050.0 -0.0166325
18150.0 -0.0165557
18250.0 -0.0164704
18350.0 -0.0164464
18450.0 -0.0164788
18550.0 -0.0165401
18650.0 -0.0166453
18750.0 -0.0168174
18850.0 -0.0169970
18950.0 -0.0172498
19050.0 -0.0175388
19150.0 -0.0178843
19250.0 -0.0182482
19350.0 -0.0186592
19450.0 -0.0190704
19550.0 -0.0195485
19650.0 -0.0200318
19750.0 -0.0205466
19850.0 -0.0210552
19950.0 -0.0215780
20050.0 -0.0220976
20150.0 -0.0226447
20250.0 -0.0231581
20350.0 -0.0236311
20450.0 -0.0240457
20550.0 -0.0244698
20650.0 -0.0248288
20750.0 -0.0251587
20850.0 -0.0253773
20950.0 -0.0255737
21050.0 -0.0256206
21150.0 -0.0256480
21250.0 -0.0255896
21350.0 -0.0254115
21450.0 -0.0251543
21550.0 -0.0246934
21650.0 -0.0242500
21750.0 -0.0237651
21850.0 -0.0231729
21950.0 -0.0224405
22050.0 -0.0216787
22150.0 -0.0208104
22250.0 -0.0199393
22350.0 -0.0190263
22450.0 -0.0181437
22550.0 -0.0172687
22650.0 -0.0163229
22750.0 -0.0154082
22850.0 -0.0144775
22950.0 -0.0136844
23050.0 -0.0130065
23150.0 -0.0123921
23250.0 -0.0117439
23350.0 -0.0112806
23450.0 -0.0108697
23550.0 -0.0105959
23650.0 -0.0104358
23750.0 -0.0102904
23850.0 -0.0607502
23950.0 -0.0637567
24050.0 -0.0667690
24150.0 -0.0697875
24250.0 -0.0728118
24350.0 -0.0758421
24450.0 -0.0788782
24550.0 -0.0819201
24650.0 -0.0849680
24750.0 -0.0880216
24850.0 -0.0910809
24950.0 -0.0941460
25050.0 -0.0972169
25150.0 -0.100293
25250.0 -0.103375
25350.0 -0.106463
25450.0 -0.109556
25550.0 -0.112655
25650.0 -0.115760
25750.0 -0.118870
25850.0 -0.121985
25950.0 -0.125106
26050.0 -0.128232
26150.0 -0.131364
26250.0 -0.134500
26350.0 -0.137643
26450.0 -0.140790
26550.0 -0.143943
26650.0 -0.147101
26750.0 -0.150264
26850.0 -0.153432
26950.0 -0.156606
27050.0 -0.159784
27150.0 -0.162968
27250.0 -0.166157
27350.0 -0.169351
27450.0 -0.172549
27550.0 -0.175753
27650.0 -0.178961
27750.0 -0.182175
27850.0 -0.185393
27950.0 -0.188616
28050.0 -0.191844
28150.0 -0.195076
28250.0 -0.198313
28350.0 -0.201555
28450.0 -0.204802
28550.0 -0.208053
28650.0 -0.211309
28750.0 -0.214569
28850.0 -0.217834
28950.0 -0.221104
29050.0 -0.224377
29150.0 -0.227656
29250.0 -0.230938
29350.0 -0.234225
29450.0 -0.237517
29550.0 -0.240812
29650.0 -0.244112
29750.0 -0.247416
29850.0 -0.250724
29950.0 -0.254037
