50.0000 -0.00114942
150.000 -0.00113080
250.000 -0.00105194
350.000 -0.000899000
450.000 -0.000688366
550.000 -0.000446123
650.000 -0.000208917
750.000 0.00000
850.000 0.000196067
950.000 0.000355248
1050.00 0.000482151
1150.00 0.000617763
1250.00 0.000763433
1350.00 0.000878674
1450.00 0.000986854
1550.00 0.00109962
1650.00 0.00121443
1750.00 0.00132381
1850.00 0.00142810
1950.00 0.00152103
2050.00 0.00161721
2150.00 0.00170629
2250.00 0.00179230
2350.00 0.00187761
2450.00 0.00194692
2550.00 0.00202432
2650.00 0.00210325
2750.00 0.00216593
2850.00 0.00222618
2950.00 0.00227954
3050.00 0.00232597
3150.00 0.00237500
3250.00 0.00242113
3350.00 0.00245350
3450.00 0.00249082
3550.00 0.00251734
3650.00 0.00253586
3750.00 0.00255993
3850.00 0.00256935
3950.00 0.00257679
4050.00 0.00258120
4150.00 0.00258091
4250.00 0.00257805
4350.00 0.00257840
4450.00 0.00256794
4550.00 0.00255297
4650.00 0.00254588
4750.00 0.00253536
4850.00 0.00250571
4950.00 0.00248654
5050.00 0.00246638
5150.00 0.00244400
5250.00 0.00241672
5350.00 0.00238434
5450.00 0.00236177
5550.00 0.00234185
5650.00 0.00231167
5750.00 0.00227798
5850.00 0.00224936
5950.00 0.00223228
6050.00 0.00221344
6150.00 0.00218259
6250.00 0.00215832
6350.00 0.00214292
6450.00 0.00212781
6550.00 0.00211133
6650.00 0.00209649
6750.00 0.00209158
6850.00 0.00208420
6950.00 0.00206794
7050.00 0.00205604
7150.00 0.00206845
7250.00 0.00208356
7350.00 0.00208410
7450.00 0.00208495
7550.00 0.00208587
7650.00 0.00210307
7750.00 0.00212279
7850.00 0.00214529
7950.00 0.00216183
8050.00 0.00217534
8150.00 0.00219147
8250.00 0.00222126
8350.00 0.00224779
8450.00 0.00227149
8550.00 0.00229303
8650.00 0.00232020
8750.00 0.00235827
8850.00 0.00239745
8950.00 0.00241354
9050.00 0.00242142
9150.00 0.00245573
9250.00 0.00248800
9350.00 0.00251276
9450.00 0.00251417
9550.00 0.00252672
9650.00 0.00254203
9750.00 0.00255259
9850.00 0.00255214
9950.00 0.00254957
10050.0 0.00254210
10150.0 0.00255488
10250.0 0.00256378
10350.0 0.00255193
10450.0 0.00251557
10550.0 0.00249817
10650.0 0.00249285
10750.0 0.00245625
10850.0 0.00240683
10950.0 0.00236808
11050.0 0.00233598
11150.0 0.00228843
11250.0 0.00226789
11350.0 0.00222377
11450.0 0.00218349
11550.0 0.00214759
11650.0 0.00206854
11750.0 0.00203406
11850.0 0.00199828
11950.0 0.00194799
12050.0 0.00184650
12150.0 0.00181637
12250.0 0.00180272
12350.0 0.00178202
12450.0 0.00176744
12550.0 0.00173109
12650.0 0.00171675
12750.0 0.00170574
12850.0 0.00169215
12950.0 0.00169308
13050.0 0.00170312
13150.0 0.00165323
13250.0 0.00170265
13350.0 0.00176212
13450.0 0.00174534
13550.0 0.00186226
13650.0 0.00203271
13750.0 0.00201713
13850.0 0.00178042
13950.0 0.00178284
14050.0 0.00178528
14150.0 0.00178772
14250.0 0.00179020
14350.0 0.00179266
14450.0 0.00179513
14550.0 0.00179760
14650.0 0.00180013
14750.0 0.00180261
14850.0 0.00180514
14950.0 0.00180765
15050.0 0.00181015
15150.0 0.00181269
15250.0 0.00181524
15350.0 0.00181776
15450.0 0.00182034
15550.0 0.00182290
15650.0 0.00182549
15750.0 0.00182807
15850.0 0.00183064
15950.0 0.00183325
16050.0 0.00183586
16150.0 0.00183848
16250.0 0.00184110
16350.0 0.00184373
16450.0 0.00184635
16550.0 0.00184903
16650.0 0.00185169
16750.0 0.00185433
16850.0 0.00185702
16950.0 0.00185966
17050.0 0.00186236
17150.0 0.00186504
17250.0 0.00186777
17350.0 0.00187048
17450.0 0.00187319
17550.0 0.00187592
17650.0 0.00187864
17750.0 0.00188140
17850.0 0.00188410
17950.0 0.00188689
18050.0 0.00188965
18150.0 0.00189240
18250.0 0.00189519
18350.0 0.00189797
18450.0 0.00190077
18550.0 0.00190355
18650.0 0.00190636
18750.0 0.00190917
18850.0 0.00191200
18950.0 0.00191482
19050.0 0.00191767
19150.0 0.00192051
19250.0 0.00192338
19350.0 0.00192622
19450.0 0.00192910
19550.0 0.00193195
19650.0 0.00193484
19750.0 0.00193773
19850.0 0.00194062
19950.0 0.00194352
20050.0 0.00194642
20150.0 0.00194934
20250.0 0.00195227
20350.0 0.00195519
20450.0 0.00195812
20550.0 0.00196108
20650.0 0.00196402
20750.0 0.00196697
20850.0 0.00196993
20950.0 0.00197291
21050.0 0.00197588
21150.0 0.00197889
21250.0 0.00198185
21350.0 0.00198487
21450.0 0.00198786
21550.0 0.00199087
21650.0 0.00199390
21750.0 0.00199692
21850.0 0.00199996
21950.0 0.00200299
22050.0 0.00200605
22150.0 0.00200910
22250.0 0.00201215
22350.0 0.00201521
22450.0 0.00201830
22550.0 0.00202135
22650.0 0.00202444
22750.0 0.00202754
22850.0 0.00203066
22950.0 0.00203374
23050.0 0.00203686
23150.0 0.00203998
23250.0 0.00204309
23350.0 0.00204623
23450.0 0.00204938
23550.0 0.00205253
23650.0 0.00205566
23750.0 0.00205881
23850.0 0.00206197
23950.0 0.00206516
24050.0 0.00206834
24150.0 0.00207151
24250.0 0.00207469
24350.0 0.00207789
24450.0 0.00208112
24550.0 0.00208429
24650.0 0.00208753
24750.0 0.00209075
24850.0 0.00209397
24950.0 0.00209722
25050.0 0.00210046
25150.0 0.00210370
25250.0 0.00210696
25350.0 0.00211021
25450.0 0.00211346
25550.0 0.00211675
25650.0 0.00212003
25750.0 0.00212332
25850.0 0.00212659
25950.0 0.00212989
26050.0 0.00213318
26150.0 0.00213649
26250.0 0.00213981
26350.0 0.00214314
26450.0 0.00214647
26550.0 0.00214980
26650.0 0.00215312
26750.0 0.00215645
26850.0 0.00215982
26950.0 0.00216317
27050.0 0.00216653
27150.0 0.00216992
27250.0 0.00217326
27350.0 0.00217665
27450.0 0.00218004
27550.0 0.00218344
27650.0 0.00218686
27750.0 0.00219023
27850.0 0.00219365
27950.0 0.00219706
28050.0 0.00220049
28150.0 0.00220391
28250.0 0.00220736
28350.0 0.00221080
28450.0 0.00221422
28550.0 0.00221768
28650.0 0.00222113
28750.0 0.00222461
28850.0 0.00222806
28950.0 0.00223153
29050.0 0.00223502
29150.0 0.00223849
29250.0 0.00224198
29350.0 0.00224549
29450.0 0.00224900
29550.0 0.00225249
29650.0 0.00225601
29750.0 0.00225952
29850.0 0.00226304
29950.0 0.00226660
