50.0000 -0.00105923
150.000 -0.000978134
250.000 -0.000812194
350.000 -0.000601418
450.000 -0.000393016
550.000 -0.000242829
650.000 -0.000112411
750.000 0.00000
850.000 9.90731e-05
950.000 0.000203900
1050.00 0.000285334
1150.00 0.000366493
1250.00 0.000457602
1350.00 0.000547675
1450.00 0.000636951
1550.00 0.000743961
1650.00 0.000870166
1750.00 0.00101817
1850.00 0.00114443
1950.00 0.00130658
2050.00 0.00148463
2150.00 0.00168518
2250.00 0.00190364
2350.00 0.00216603
2450.00 0.00242499
2550.00 0.00264201
2650.00 0.00296080
2750.00 0.00330026
2850.00 0.00369081
2950.00 0.00402726
3050.00 0.00437644
3150.00 0.00468195
3250.00 0.00512941
3350.00 0.00566060
3450.00 0.00611740
3550.00 0.00662298
3650.00 0.00699204
3750.00 0.00734580
3850.00 0.00797121
3950.00 0.00846116
4050.00 0.00905814
4150.00 0.00963076
4250.00 0.0101025
4350.00 0.0104383
4450.00 0.0111073
4550.00 0.0115092
4650.00 0.0121530
4750.00 0.0126425
4850.00 0.0132071
4950.00 0.0135566
5050.00 0.0140157
5150.00 0.0145606
5250.00 0.0150117
5350.00 0.0155130
5450.00 0.0159545
5550.00 0.0163896
5650.00 0.0166952
5750.00 0.0171894
5850.00 0.0175375
5950.00 0.0179592
6050.00 0.0185825
6150.00 0.0186364
6250.00 0.0190047
6350.00 0.0193517
6450.00 0.0197259
6550.00 0.0200801
6650.00 0.0206154
6750.00 0.0204830
6850.00 0.0209457
6950.00 0.0212280
7050.00 0.0216322
7150.00 0.0219051
7250.00 0.0223538
7350.00 0.0223196
7450.00 0.0225146
7550.00 0.0228403
7650.00 0.0232537
7750.00 0.0234062
7850.00 0.0242031
7950.00 0.0239178
8050.00 0.0241992
8150.00 0.0243935
8250.00 0.0247498
8350.00 0.0251028
8450.00 0.0260135
8550.00 0.0255407
8650.00 0.0259488
8750.00 0.0262465
8850.00 0.0265779
8950.00 0.0270416
9050.00 0.0278662
9150.00 0.0275441
9250.00 0.0281584
9350.00 0.0286633
9450.00 0.0290206
9550.00 0.0297357
9650.00 0.0307811
9750.00 0.0301697
9850.00 0.0310407
9950.00 0.0316362
10050.0 0.0325390
10150.0 0.0329730
10250.0 0.0342918
10350.0 0.0345022
10450.0 0.0347744
10550.0 0.0355815
10650.0 0.0365203
10750.0 0.0375372
10850.0 0.0383940
10950.0 0.0391345
11050.0 0.0396486
11150.0 0.0406763
11250.0 0.0412900
11350.0 0.0422983
11450.0 0.0433267
11550.0 0.0439826
11650.0 0.0449244
11750.0 0.0456707
11850.0 0.0466125
11950.0 0.0474435
12050.0 0.0479213
12150.0 0.0487356
12250.0 0.0497878
12350.0 0.0503492
12450.0 0.0510804
12550.0 0.0514849
12650.0 0.0520165
12750.0 0.0524595
12850.0 0.0535375
12950.0 0.0538991
13050.0 0.0541149
13150.0 0.0542706
13250.0 0.0536549
13350.0 0.0539732
13450.0 0.0549813
13550.0 0.0557448
13650.0 0.0544074
13750.0 0.0548450
13850.0 0.0537259
13950.0 0.0534285
14050.0 0.0545832
14150.0 0.0534844
14250.0 0.0533866
14350.0 0.0528026
14450.0 0.0517802
14550.0 0.0514118
14650.0 0.0513102
14750.0 0.0505408
14850.0 0.0496154
14950.0 0.0501328
15050.0 0.0494299
15150.0 0.0497971
15250.0 0.0475422
15350.0 0.0474217
15450.0 0.0473878
15550.0 0.0476330
15650.0 0.0478429
15750.0 0.0493624
15850.0 0.0458863
15950.0 0.0463338
16050.0 0.0479982
16150.0 0.0483669
16250.0 0.0484039
16350.0 0.0514961
16450.0 0.0477637
16550.0 0.0481339
16650.0 0.0514508
16750.0 0.0518022
16850.0 0.0548689
16950.0 0.0578272
17050.0 0.0525155
17150.0 0.0571121
17250.0 0.0578138
17350.0 0.0586296
17450.0 0.0626415
17550.0 0.0696469
17650.0 0.0639060
17750.0 0.0691711
17850.0 0.0690010
17950.0 0.0729866
18050.0 0.0752122
18150.0 0.0827898
18250.0 0.0824263
18350.0 0.0865573
18450.0 0.0901920
18550.0 0.0928962
18650.0 0.0994950
18750.0 0.0994783
18850.0 0.106287
18950.0 0.112438
19050.0 0.116069
19150.0 0.124839
19250.0 0.129344
19350.0 0.122431
19450.0 0.141458
19550.0 0.135701
19650.0 0.147581
19750.0 0.157627
19850.0 0.150859
19950.0 0.145536
20050.0 0.159326
20150.0 0.158448
20250.0 0.174327
20350.0 0.163432
20450.0 0.157814
20550.0 0.154517
20650.0 0.164977
20750.0 0.158082
20850.0 0.170224
20950.0 0.157901
21050.0 0.138787
21150.0 0.178951
21250.0 0.181604
21350.0 0.184262
21450.0 0.186925
21550.0 0.189593
21650.0 0.192265
21750.0 0.194942
21850.0 0.197624
21950.0 0.200311
22050.0 0.203003
22150.0 0.205699
22250.0 0.208399
22350.0 0.211104
22450.0 0.213814
22550.0 0.216528
22650.0 0.219246
22750.0 0.221969
22850.0 0.224696
22950.0 0.227427
23050.0 0.230163
23150.0 0.232902
23250.0 0.235646
23350.0 0.238394
23450.0 0.241146
23550.0 0.243902
23650.0 0.246662
23750.0 0.249425
23850.0 0.252193
23950.0 0.254964
24050.0 0.257740
24150.0 0.260518
24250.0 0.263301
24350.0 0.266087
24450.0 0.268877
24550.0 0.271670
24650.0 0.274467
24750.0 0.277267
24850.0 0.280071
24950.0 0.282878
25050.0 0.285688
25150.0 0.288501
25250.0 0.291318
25350.0 0.294138
25450.0 0.296961
25550.0 0.299787
25650.0 0.302616
25750.0 0.305448
25850.0 0.308283
25950.0 0.311121
26050.0 0.313962
26150.0 0.316805
26250.0 0.319652
26350.0 0.322501
26450.0 0.325352
26550.0 0.328206
26650.0 0.331063
26750.0 0.333922
26850.0 0.336784
26950.0 0.339648
27050.0 0.342515
27150.0 0.345383
27250.0 0.348254
27350.0 0.351128
27450.0 0.354003
27550.0 0.356881
27650.0 0.359760
27750.0 0.362642
27850.0 0.365525
27950.0 0.368411
28050.0 0.371298
28150.0 0.374187
28250.0 0.377078
28350.0 0.379971
28450.0 0.382865
28550.0 0.385761
28650.0 0.388659
28750.0 0.391558
28850.0 0.394459
28950.0 0.397361
29050.0 0.400264
29150.0 0.403168
29250.0 0.406074
29350.0 0.408982
29450.0 0.411890
29550.0 0.414800
29650.0 0.417710
29750.0 0.420622
29850.0 0.423534
29950.0 0.426448
