50.0000 -8.36675e-05
150.000 -9.81024e-05
250.000 -0.000114188
350.000 -0.000117258
450.000 -0.000106815
550.000 -9.10407e-05
650.000 -5.15118e-05
750.000 0.00000
850.000 6.70617e-05
950.000 0.000151284
1050.00 0.000235898
1150.00 0.000332469
1250.00 0.000419719
1350.00 0.000506251
1450.00 0.000582018
1550.00 0.000679057
1650.00 0.000788379
1750.00 0.000914773
1850.00 0.000965878
1950.00 0.00105053
2050.00 0.00113020
2150.00 0.00122113
2250.00 0.00131070
2350.00 0.00139993
2450.00 0.00147104
2550.00 0.00150122
2650.00 0.00157632
2750.00 0.00164416
2850.00 0.00172119
2950.00 0.00177302
3050.00 0.00183215
3150.00 0.00186152
3250.00 0.00192474
3350.00 0.00198628
3450.00 0.00204232
3550.00 0.00209291
3650.00 0.00212990
3750.00 0.00214138
3850.00 0.00218256
3950.00 0.00221801
4050.00 0.00224313
4150.00 0.00226162
4250.00 0.00228722
4350.00 0.00227581
4450.00 0.00227172
4550.00 0.00228759
4650.00 0.00228694
4750.00 0.00229249
4850.00 0.00229588
4950.00 0.00225898
5050.00 0.00225923
5150.00 0.00224023
5250.00 0.00221986
5350.00 0.00221445
5450.00 0.00219607
5550.00 0.00214037
5650.00 0.00213450
5750.00 0.00209425
5850.00 0.00207647
5950.00 0.00205186
6050.00 0.00202417
6150.00 0.00199551
6250.00 0.00197699
6350.00 0.00194531
6450.00 0.00193171
6550.00 0.00191118
6650.00 0.00188345
6750.00 0.00186053
6850.00 0.00183725
6950.00 0.00180826
7050.00 0.00179838
7150.00 0.00177624
7250.00 0.00177305
7350.00 0.00174385
7450.00 0.00173757
7550.00 0.00172787
7650.00 0.00172665
7750.00 0.00174035
7850.00 0.00175769
7950.00 0.00174258
8050.00 0.00175762
8150.00 0.00177778
8250.00 0.00180181
8350.00 0.00183072
8450.00 0.00184657
8550.00 0.00186434
8650.00 0.00189590
8750.00 0.00192763
8850.00 0.00197103
8950.00 0.00199958
9050.00 0.00203505
9150.00 0.00206335
9250.00 0.00209892
9350.00 0.00213483
9450.00 0.00216249
9550.00 0.00218805
9650.00 0.00220644
9750.00 0.00223363
9850.00 0.00223552
9950.00 0.00224219
10050.0 0.00224529
10150.0 0.00225145
10250.0 0.00224139
10350.0 0.00223698
10450.0 0.00222624
10550.0 0.00220666
10650.0 0.00219544
10750.0 0.00217808
10850.0 0.00216329
10950.0 0.00213783
11050.0 0.00210863
11150.0 0.00207760
11250.0 0.00204643
11350.0 0.00202338
11450.0 0.00199245
11550.0 0.00195782
11650.0 0.00192562
11750.0 0.00188879
11850.0 0.00186049
11950.0 0.00183351
12050.0 0.00180592
12150.0 0.00178513
12250.0 0.00176481
12350.0 0.00174724
12450.0 0.00173336
12550.0 0.00172588
12650.0 0.00171332
12750.0 0.00170838
12850.0 0.00170847
12950.0 0.00171789
13050.0 0.00172944
13150.0 0.00174175
13250.0 0.00175448
13350.0 0.00177229
13450.0 0.00181007
13550.0 0.00184622
13650.0 0.00187335
13750.0 0.00190912
13850.0 0.00194045
13950.0 0.00197397
14050.0 0.00202535
14150.0 0.00205821
14250.0 0.00209328
14350.0 0.00212291
14450.0 0.00214137
14550.0 0.00216238
14650.0 0.00218388
14750.0 0.00219474
14850.0 0.00220822
14950.0 0.00222093
15050.0 0.00221937
15150.0 0.00221865
15250.0 0.00220445
15350.0 0.00220252
15450.0 0.00220224
15550.0 0.00219132
15650.0 0.00218899
15750.0 0.00217831
15850.0 0.00215635
15950.0 0.00215395
16050.0 0.00214393
16150.0 0.00213219
16250.0 0.00211814
16350.0 0.00209359
16450.0 0.00208950
16550.0 0.00207250
16650.0 0.00205563
16750.0 0.00203290
16850.0 0.00200796
16950.0 0.00197355
17050.0 0.00196616
17150.0 0.00192858
17250.0 0.00190194
17350.0 0.00187170
17450.0 0.00184324
17550.0 0.00179600
17650.0 0.00178372
17750.0 0.00174906
17850.0 0.00173007
17950.0 0.00170061
18050.0 0.00167524
18150.0 0.00164414
18250.0 0.00164419
18350.0 0.00163421
18450.0 0.00162297
18550.0 0.00162020
18650.0 0.00161987
18750.0 0.00161493
18850.0 0.00162811
18950.0 0.00164835
19050.0 0.00166561
19150.0 0.00169990
19250.0 0.00173010
19350.0 0.00177322
19450.0 0.00181711
19550.0 0.00186840
19650.0 0.00192931
19750.0 0.00199508
19850.0 0.00205773
19950.0 0.00213402
20050.0 0.00220150
20150.0 0.00227200
20250.0 0.00234722
20350.0 0.00241974
20450.0 0.00248777
20550.0 0.00254523
20650.0 0.00261175
20750.0 0.00268865
20850.0 0.00273773
20950.0 0.00278681
21050.0 0.00283108
21150.0 0.00281120
21250.0 0.00284610
21350.0 0.00287930
21450.0 0.00286122
21550.0 0.00283230
21650.0 0.00276321
21750.0 0.00269008
21850.0 0.00260585
21950.0 0.00252101
22050.0 0.00242687
22150.0 0.00230036
22250.0 0.00211871
22350.0 0.00199402
22450.0 0.00184192
22550.0 0.00168297
22650.0 0.00156529
22750.0 0.00137059
22850.0 0.00118280
22950.0 0.000959106
23050.0 0.000811686
23150.0 0.000569089
23250.0 0.000302102
23350.0 0.000113451
23450.0 -1.66040e-06
23550.0 -0.000243347
23650.0 -0.000252921
23750.0 -0.000874495
23850.0 -0.000501265
23950.0 -0.000663738
24050.0 -0.000826593
24150.0 -0.000989773
24250.0 -0.00115327
24350.0 -0.00131711
24450.0 -0.00148140
24550.0 -0.00164583
24650.0 -0.00181066
24750.0 -0.00197583
24850.0 -0.00214144
24950.0 -0.00230732
25050.0 -0.00247351
25150.0 -0.00264001
25250.0 -0.00280688
25350.0 -0.00297399
25450.0 -0.00314150
25550.0 -0.00330938
25650.0 -0.00347761
25750.0 -0.00364606
25850.0 -0.00381491
25950.0 -0.00398399
26050.0 -0.00415352
26150.0 -0.00432339
26250.0 -0.00449355
26350.0 -0.00466393
26450.0 -0.00483469
26550.0 -0.00500592
26650.0 -0.00517730
26750.0 -0.00534900
26850.0 -0.00552111
26950.0 -0.00569356
27050.0 -0.00586615
27150.0 -0.00603929
27250.0 -0.00621255
27350.0 -0.00638625
27450.0 -0.00656028
27550.0 -0.00673457
27650.0 -0.00690919
27750.0 -0.00708406
27850.0 -0.00725937
27950.0 -0.00743489
28050.0 -0.00761075
28150.0 -0.00778704
28250.0 -0.00796347
28350.0 -0.00814036
28450.0 -0.00831750
28550.0 -0.00849494
28650.0 -0.00867269
28750.0 -0.00885078
28850.0 -0.00902912
28950.0 -0.00920777
29050.0 -0.00938674
29150.0 -0.00956605
29250.0 -0.00974571
29350.0 -0.00992556
29450.0 -0.0101059
29550.0 -0.0102864
29650.0 -0.0104672
29750.0 -0.0106484
29850.0 -0.0108298
29950.0 -0.0110115
