50.0000 -0.00686420
150.000 -0.00630503
250.000 -0.00522622
350.000 -0.00392875
450.000 -0.00265497
550.000 -0.00152687
650.000 -0.000680044
750.000 0.00000
850.000 0.000648308
950.000 0.00118585
1050.00 0.00160457
1150.00 0.00200269
1250.00 0.00219522
1350.00 0.00237455
1450.00 0.00249953
1550.00 0.00265467
1650.00 0.00279340
1750.00 0.00292676
1850.00 0.00289021
1950.00 0.00291942
2050.00 0.00293023
2150.00 0.00294661
2250.00 0.00295520
2350.00 0.00295610
2450.00 0.00294454
2550.00 0.00290262
2650.00 0.00290054
2750.00 0.00289384
2850.00 0.00289814
2950.00 0.00289026
3050.00 0.00289230
3150.00 0.00287525
3250.00 0.00287947
3350.00 0.00288444
3450.00 0.00288391
3550.00 0.00288204
3650.00 0.00287846
3750.00 0.00286621
3850.00 0.00286476
3950.00 0.00286118
4050.00 0.00285557
4150.00 0.00285021
4250.00 0.00285196
4350.00 0.00283862
4450.00 0.00283703
4550.00 0.00283413
4650.00 0.00283185
4750.00 0.00283008
4850.00 0.00283236
4950.00 0.00282663
5050.00 0.00283040
5150.00 0.00283179
5250.00 0.00283418
5350.00 0.00283500
5450.00 0.00283560
5550.00 0.00283653
5650.00 0.00284007
5750.00 0.00284191
5850.00 0.00284180
5950.00 0.00284007
6050.00 0.00283456
6150.00 0.00283701
6250.00 0.00283537
6350.00 0.00283499
6450.00 0.00283229
6550.00 0.00283016
6650.00 0.00282485
6750.00 0.00282641
6850.00 0.00282352
6950.00 0.00282331
7050.00 0.00282214
7150.00 0.00282164
7250.00 0.00282348
7350.00 0.00282518
7450.00 0.00282712
7550.00 0.00282885
7650.00 0.00283002
7750.00 0.00283103
7850.00 0.00283748
7950.00 0.00283742
8050.00 0.00284089
8150.00 0.00284255
8250.00 0.00284463
8350.00 0.00284757
8450.00 0.00285173
8550.00 0.00285146
8650.00 0.00285490
8750.00 0.00285723
8850.00 0.00285932
8950.00 0.00286123
9050.00 0.00286190
9150.00 0.00286298
9250.00 0.00286168
9350.00 0.00285892
9450.00 0.00285928
9550.00 0.00286073
9650.00 0.00285912
9750.00 0.00285265
9850.00 0.00285231
9950.00 0.00285144
10050.0 0.00284715
10150.0 0.00284136
10250.0 0.00283889
10350.0 0.00283340
10450.0 0.00283106
10550.0 0.00283013
10650.0 0.00282781
10750.0 0.00282416
10850.0 0.00281925
10950.0 0.00281915
11050.0 0.00281818
11150.0 0.00281683
11250.0 0.00281679
11350.0 0.00281693
11450.0 0.00281656
11550.0 0.00281360
11650.0 0.00281454
11750.0 0.00281820
11850.0 0.00282431
11950.0 0.00282774
12050.0 0.00282759
12150.0 0.00283327
12250.0 0.00283924
12350.0 0.00284052
12450.0 0.00284091
12550.0 0.00284622
12650.0 0.00284764
12750.0 0.00285168
12850.0 0.00285433
12950.0 0.00285678
13050.0 0.00285943
13150.0 0.00286077
13250.0 0.00285842
13350.0 0.00285722
13450.0 0.00286503
13550.0 0.00286318
13650.0 0.00285871
13750.0 0.00285713
13850.0 0.00285868
13950.0 0.00285505
14050.0 0.00285411
14150.0 0.00284857
14250.0 0.00284681
14350.0 0.00284541
14450.0 0.00283954
14550.0 0.00283230
14650.0 0.00283572
14750.0 0.00283444
14850.0 0.00283390
14950.0 0.00283232
15050.0 0.00282638
15150.0 0.00282607
15250.0 0.00282791
15350.0 0.00282602
15450.0 0.00282954
15550.0 0.00282932
15650.0 0.00282573
15750.0 0.00282095
15850.0 0.00282504
15950.0 0.00282598
16050.0 0.00282981
16150.0 0.00282860
16250.0 0.00283147
16350.0 0.00283028
16450.0 0.00283103
16550.0 0.00283116
16650.0 0.00283686
16750.0 0.00283448
16850.0 0.00283401
16950.0 0.00283490
17050.0 0.00283768
17150.0 0.00284096
17250.0 0.00283886
17350.0 0.00283326
17450.0 0.00283675
17550.0 0.00284399
17650.0 0.00284534
17750.0 0.00284809
17850.0 0.00284525
17950.0 0.00284197
18050.0 0.00284229
18150.0 0.00284866
18250.0 0.00284918
18350.0 0.00285734
18450.0 0.00285760
18550.0 0.00285912
18650.0 0.00285934
18750.0 0.00286831
18850.0 0.00285584
18950.0 0.00285868
19050.0 0.00286214
19150.0 0.00285999
19250.0 0.00284762
19350.0 0.00285113
19450.0 0.00285940
19550.0 0.00286337
19650.0 0.00286650
19750.0 0.00285929
19850.0 0.00284454
19950.0 0.00284889
20050.0 0.00284851
20150.0 0.00285229
20250.0 0.00285076
20350.0 0.00283470
20450.0 0.00282799
20550.0 0.00284308
20650.0 0.00284155
20750.0 0.00281762
20850.0 0.00280252
20950.0 0.00282280
21050.0 0.00282285
21150.0 0.00282513
21250.0 0.00283143
21350.0 0.00280177
21450.0 0.00278220
21550.0 0.00277300
21650.0 0.00277817
21750.0 0.00277284
21850.0 0.00281071
21950.0 0.00279147
22050.0 0.00278178
22150.0 0.00278130
22250.0 0.00279536
22350.0 0.00280096
22450.0 0.00285731
22550.0 0.00276250
22650.0 0.00273882
22750.0 0.00274802
22850.0 0.00276799
22950.0 0.00279078
23050.0 0.00280247
23150.0 0.00284562
23250.0 0.00289249
23350.0 0.00295714
23450.0 0.00294249
23550.0 0.00298609
23650.0 0.00310915
23750.0 0.00309331
23850.0 0.00293533
23950.0 0.00294415
24050.0 0.00295299
24150.0 0.00296186
24250.0 0.00297074
24350.0 0.00297966
24450.0 0.00298860
24550.0 0.00299754
24650.0 0.00300652
24750.0 0.00301552
24850.0 0.00302454
24950.0 0.00303359
25050.0 0.00304266
25150.0 0.00305175
25250.0 0.00306088
25350.0 0.00306999
25450.0 0.00307916
25550.0 0.00308835
25650.0 0.00309755
25750.0 0.00310678
25850.0 0.00311602
25950.0 0.00312530
26050.0 0.00313459
26150.0 0.00314392
26250.0 0.00315325
26350.0 0.00316262
26450.0 0.00317200
26550.0 0.00318140
26650.0 0.00319083
26750.0 0.00320029
26850.0 0.00320975
26950.0 0.00321925
27050.0 0.00322879
27150.0 0.00323832
27250.0 0.00324789
27350.0 0.00325748
27450.0 0.00326709
27550.0 0.00327671
27650.0 0.00328636
27750.0 0.00329604
27850.0 0.00330575
27950.0 0.00331546
28050.0 0.00332522
28150.0 0.00333498
28250.0 0.00334476
28350.0 0.00335457
28450.0 0.00336441
28550.0 0.00337426
28650.0 0.00338414
28750.0 0.00339405
28850.0 0.00340396
28950.0 0.00341392
29050.0 0.00342388
29150.0 0.00343388
29250.0 0.00344389
29350.0 0.00345392
29450.0 0.00346397
29550.0 0.00347406
29650.0 0.00348416
29750.0 0.00349428
29850.0 0.00350443
29950.0 0.00351459
