50.0000 0.00249311
150.000 0.00208045
250.000 0.00143359
350.000 0.000897998
450.000 0.000564640
550.000 0.000369419
650.000 0.000164743
750.000 0.00000
850.000 -0.000149492
950.000 -0.000285910
1050.00 -0.000411944
1150.00 -0.000558408
1250.00 -0.000696692
1350.00 -0.000833117
1450.00 -0.000962082
1550.00 -0.00109967
1650.00 -0.00123597
1750.00 -0.00136197
1850.00 -0.00149051
1950.00 -0.00161873
2050.00 -0.00175279
2150.00 -0.00188091
2250.00 -0.00199505
2350.00 -0.00211754
2450.00 -0.00223231
2550.00 -0.00234533
2650.00 -0.00245987
2750.00 -0.00256584
2850.00 -0.00266957
2950.00 -0.00276013
3050.00 -0.00283536
3150.00 -0.00292136
3250.00 -0.00300160
3350.00 -0.00307191
3450.00 -0.00313836
3550.00 -0.00319578
3650.00 -0.00324324
3750.00 -0.00328730
3850.00 -0.00332519
3950.00 -0.00336053
4050.00 -0.00338703
4150.00 -0.00340369
4250.00 -0.00341302
4350.00 -0.00342178
4450.00 -0.00342255
4550.00 -0.00341900
4650.00 -0.00340610
4750.00 -0.00338878
4850.00 -0.00337027
4950.00 -0.00334815
5050.00 -0.00331992
5150.00 -0.00328522
5250.00 -0.00325242
5350.00 -0.00321712
5450.00 -0.00317920
5550.00 -0.00313715
5650.00 -0.00309574
5750.00 -0.00305224
5850.00 -0.00300976
5950.00 -0.00296985
6050.00 -0.00293192
6150.00 -0.00289278
6250.00 -0.00285377
6350.00 -0.00281772
6450.00 -0.00278419
6550.00 -0.00275413
6650.00 -0.00273081
6750.00 -0.00270671
6850.00 -0.00268683
6950.00 -0.00267092
7050.00 -0.00265866
7150.00 -0.00265284
7250.00 -0.00265068
7350.00 -0.00264993
7450.00 -0.00265439
7550.00 -0.00266191
7650.00 -0.00267491
7750.00 -0.00269558
7850.00 -0.00271277
7950.00 -0.00273050
8050.00 -0.00275504
8150.00 -0.00278411
8250.00 -0.00281758
8350.00 -0.00285070
8450.00 -0.00288110
8550.00 -0.00291121
8650.00 -0.00294556
8750.00 -0.00298026
8850.00 -0.00301772
8950.00 -0.00305103
9050.00 -0.00308449
9150.00 -0.00311315
9250.00 -0.00314212
9350.00 -0.00317052
9450.00 -0.00319495
9550.00 -0.00321336
9650.00 -0.00322969
9750.00 -0.00324604
9850.00 -0.00325779
9950.00 -0.00326353
10050.0 -0.00326564
10150.0 -0.00326848
10250.0 -0.00326274
10350.0 -0.00325379
10450.0 -0.00324318
10550.0 -0.00322393
10650.0 -0.00320333
10750.0 -0.00317987
10850.0 -0.00315377
10950.0 -0.00312462
11050.0 -0.00309271
11150.0 -0.00305915
11250.0 -0.00302542
11350.0 -0.00298841
11450.0 -0.00294993
11550.0 -0.00291369
11650.0 -0.00287641
11750.0 -0.00283956
11850.0 -0.00280534
11950.0 -0.00277590
12050.0 -0.00274558
12150.0 -0.00271552
12250.0 -0.00268752
12350.0 -0.00266790
12450.0 -0.00264773
12550.0 -0.00263508
12650.0 -0.00262374
12750.0 -0.00261455
12850.0 -0.00260856
12950.0 -0.00261331
13050.0 -0.00262364
13150.0 -0.00263535
13250.0 -0.00265709
13350.0 -0.00267568
13450.0 -0.00269891
13550.0 -0.00272585
13650.0 -0.00276117
13750.0 -0.00280209
13850.0 -0.00284444
13950.0 -0.00288112
14050.0 -0.00292649
14150.0 -0.00297907
14250.0 -0.00303191
14350.0 -0.00307737
14450.0 -0.00312413
14550.0 -0.00316910
14650.0 -0.00321763
14750.0 -0.00327118
14850.0 -0.00331441
14950.0 -0.00334805
15050.0 -0.00338303
15150.0 -0.00341491
15250.0 -0.00343551
15350.0 -0.00345546
15450.0 -0.00346843
15550.0 -0.00348233
15650.0 -0.00348917
15750.0 -0.00348747
15850.0 -0.00346759
15950.0 -0.00344452
16050.0 -0.00341614
16150.0 -0.00338161
16250.0 -0.00333877
16350.0 -0.00329288
16450.0 -0.00324493
16550.0 -0.00317736
16650.0 -0.00309972
16750.0 -0.00303702
16850.0 -0.00296041
16950.0 -0.00287086
17050.0 -0.00277937
17150.0 -0.00268484
17250.0 -0.00258887
17350.0 -0.00249609
17450.0 -0.00241501
17550.0 -0.00235510
17650.0 -0.00227511
17750.0 -0.00218238
17850.0 -0.00211457
17950.0 -0.00204615
18050.0 -0.00199814
18150.0 -0.00197319
18250.0 -0.00197325
18350.0 -0.00197277
18450.0 -0.00195494
18550.0 -0.00195081
18650.0 -0.00198247
18750.0 -0.00205441
18850.0 -0.00213009
18950.0 -0.00223546
19050.0 -0.00233781
19150.0 -0.00243497
19250.0 -0.00254046
19350.0 -0.00270475
19450.0 -0.00288216
19550.0 -0.00306340
19650.0 -0.00320615
19750.0 -0.00339437
19850.0 -0.00359759
19950.0 -0.00381477
20050.0 -0.00400827
20150.0 -0.00416771
20250.0 -0.00429377
20350.0 -0.00449347
20450.0 -0.00466505
20550.0 -0.00479267
20650.0 -0.00489668
20750.0 -0.00498607
20850.0 -0.00506896
20950.0 -0.00508306
21050.0 -0.00498672
21150.0 -0.00563524
21250.0 -0.00579779
21350.0 -0.00596064
21450.0 -0.00612396
21550.0 -0.00628761
21650.0 -0.00645164
21750.0 -0.00661616
21850.0 -0.00678090
21950.0 -0.00694615
22050.0 -0.00711171
22150.0 -0.00727773
22250.0 -0.00744394
22350.0 -0.00761057
22450.0 -0.00777773
22550.0 -0.00794512
22650.0 -0.00811297
22750.0 -0.00828115
22850.0 -0.00844967
22950.0 -0.00861859
23050.0 -0.00878792
23150.0 -0.00895747
23250.0 -0.00912758
23350.0 -0.00929791
23450.0 -0.00946863
23550.0 -0.00963983
23650.0 -0.00981132
23750.0 -0.00998314
23850.0 -0.0101553
23950.0 -0.0103279
24050.0 -0.0105009
24150.0 -0.0106741
24250.0 -0.0108478
24350.0 -0.0110218
24450.0 -0.0111962
24550.0 -0.0113709
24650.0 -0.0115459
24750.0 -0.0117214
24850.0 -0.0118971
24950.0 -0.0120733
25050.0 -0.0122498
25150.0 -0.0124266
25250.0 -0.0126039
25350.0 -0.0127813
25450.0 -0.0129593
25550.0 -0.0131375
25650.0 -0.0133161
25750.0 -0.0134950
25850.0 -0.0136744
25950.0 -0.0138539
26050.0 -0.0140340
26150.0 -0.0142143
26250.0 -0.0143950
26350.0 -0.0145760
26450.0 -0.0147574
26550.0 -0.0149391
26650.0 -0.0151211
26750.0 -0.0153035
26850.0 -0.0154862
26950.0 -0.0156693
27050.0 -0.0158526
27150.0 -0.0160365
27250.0 -0.0162206
27350.0 -0.0164050
27450.0 -0.0165897
27550.0 -0.0167748
27650.0 -0.0169603
27750.0 -0.0171460
27850.0 -0.0173321
27950.0 -0.0175185
28050.0 -0.0177053
28150.0 -0.0178925
28250.0 -0.0180799
28350.0 -0.0182676
28450.0 -0.0184558
28550.0 -0.0186442
28650.0 -0.0188329
28750.0 -0.0190220
28850.0 -0.0192114
28950.0 -0.0194011
29050.0 -0.0195913
29150.0 -0.0197816
29250.0 -0.0199725
29350.0 -0.0201634
29450.0 -0.0203548
29550.0 -0.0205465
29650.0 -0.0207385
29750.0 -0.0209309
29850.0 -0.0211236
29950.0 -0.0213167
