50.0000 0.223436
150.000 0.185115
250.000 0.120137
350.000 0.0696746
450.000 0.0474178
550.000 0.0333043
650.000 0.0196439
750.000 0.00000
850.000 -0.0144740
950.000 -0.0206932
1050.00 -0.0256160
1150.00 -0.0321718
1250.00 -0.0376451
1350.00 -0.0452111
1450.00 -0.0467987
1550.00 -0.0462353
1650.00 -0.0471636
1750.00 -0.0486115
1850.00 -0.0509591
1950.00 -0.0515620
2050.00 -0.0504442
2150.00 -0.0501747
2250.00 -0.0506396
2350.00 -0.0508435
2450.00 -0.0516974
2550.00 -0.0507884
2650.00 -0.0506417
2750.00 -0.0512471
2850.00 -0.0523087
2950.00 -0.0532812
3050.00 -0.0526893
3150.00 -0.0526926
3250.00 -0.0523951
3350.00 -0.0519478
3450.00 -0.0520414
3550.00 -0.0526581
3650.00 -0.0530020
3750.00 -0.0529921
3850.00 -0.0525997
3950.00 -0.0522266
4050.00 -0.0521412
4150.00 -0.0520941
4250.00 -0.0514652
4350.00 -0.0513543
4450.00 -0.0507620
4550.00 -0.0505108
4650.00 -0.0502306
4750.00 -0.0498919
4850.00 -0.0501193
4950.00 -0.0498607
5050.00 -0.0494885
5150.00 -0.0490384
5250.00 -0.0488466
5350.00 -0.0490342
5450.00 -0.0493884
5550.00 -0.0493232
5650.00 -0.0492985
5750.00 -0.0493122
5850.00 -0.0494646
5950.00 -0.0499127
6050.00 -0.0498342
6150.00 -0.0497600
6250.00 -0.0496059
6350.00 -0.0497964
6450.00 -0.0503208
6550.00 -0.0504569
6650.00 -0.0503804
6750.00 -0.0501129
6850.00 -0.0502115
6950.00 -0.0508885
7050.00 -0.0512228
7150.00 -0.0508933
7250.00 -0.0506225
7350.00 -0.0503434
7450.00 -0.0506207
7550.00 -0.0509437
7650.00 -0.0511170
7750.00 -0.0509910
7850.00 -0.0511959
7950.00 -0.0508914
8050.00 -0.0511276
8150.00 -0.0513023
8250.00 -0.0512360
8350.00 -0.0515544
8450.00 -0.0514600
8550.00 -0.0515232
8650.00 -0.0515146
8750.00 -0.0513942
8850.00 -0.0514356
8950.00 -0.0514717
9050.00 -0.0510833
9150.00 -0.0511843
9250.00 -0.0513399
9350.00 -0.0512824
9450.00 -0.0507410
9550.00 -0.0502844
9650.00 -0.0502093
9750.00 -0.0503105
9850.00 -0.0503159
9950.00 -0.0501571
10050.0 -0.0501484
10150.0 -0.0499451
10250.0 -0.0496305
10350.0 -0.0493626
10450.0 -0.0494354
10550.0 -0.0494944
10650.0 -0.0495973
10750.0 -0.0497633
10850.0 -0.0496393
10950.0 -0.0499113
11050.0 -0.0494403
11150.0 -0.0495817
11250.0 -0.0497823
11350.0 -0.0501661
11450.0 -0.0501008
11550.0 -0.0500315
11650.0 -0.0506102
11750.0 -0.0506354
11850.0 -0.0505386
11950.0 -0.0501440
12050.0 -0.0504447
12150.0 -0.0506032
12250.0 -0.0512638
12350.0 -0.0506729
12450.0 -0.0504572
12550.0 -0.0505249
12650.0 -0.0510652
12750.0 -0.0513850
12850.0 -0.0521305
12950.0 -0.0520561
13050.0 -0.0524960
13150.0 -0.0523510
13250.0 -0.0519405
13350.0 -0.0507831
13450.0 -0.0508353
13550.0 -0.0509367
13650.0 -0.0506400
13750.0 -0.0502283
13850.0 -0.0505168
13950.0 -0.0516786
14050.0 -0.0512655
14150.0 -0.0508047
14250.0 -0.0504438
14350.0 -0.0508722
14450.0 -0.0507474
14550.0 -0.0509734
14650.0 -0.0500809
14750.0 -0.0497965
14850.0 -0.0503251
14950.0 -0.0494841
15050.0 -0.0497416
15150.0 -0.0504031
15250.0 -0.0512339
15350.0 -0.0502770
15450.0 -0.0499738
15550.0 -0.0508056
15650.0 -0.0509904
15750.0 -0.0496864
15850.0 -0.0507659
15950.0 -0.0503452
16050.0 -0.0493040
16150.0 -0.0476204
16250.0 -0.0481516
16350.0 -0.0493380
16450.0 -0.0493000
16550.0 -0.0493883
16650.0 -0.0506300
16750.0 -0.0506844
16850.0 -0.0497171
16950.0 -0.0486199
17050.0 -0.0496809
17150.0 -0.0501596
17250.0 -0.0512531
17350.0 -0.0516774
17450.0 -0.0522166
17550.0 -0.0494060
17650.0 -0.0502339
17750.0 -0.0527452
17850.0 -0.0527889
17950.0 -0.0524839
18050.0 -0.0525378
18150.0 -0.0513839
18250.0 -0.0508298
18350.0 -0.0506378
18450.0 -0.0495849
18550.0 -0.0519837
18650.0 -0.0527951
18750.0 -0.0504473
18850.0 -0.0503344
18950.0 -0.0509057
19050.0 -0.0521534
19150.0 -0.0533989
19250.0 -0.0541414
19350.0 -0.0527046
19450.0 -0.0514913
19550.0 -0.0523141
19650.0 -0.0520207
19750.0 -0.0511754
19850.0 -0.0499557
19950.0 -0.0491873
20050.0 -0.0488784
20150.0 -0.0521825
20250.0 -0.0542174
20350.0 -0.0538349
20450.0 -0.0519272
20550.0 -0.0486927
20650.0 -0.0471861
20750.0 -0.0496791
20850.0 -0.0471352
20950.0 -0.0505960
21050.0 -0.0515835
21150.0 -0.0465706
21250.0 -0.0455124
21350.0 -0.0484050
21450.0 -0.0509839
21550.0 -0.0478873
21650.0 -0.0453031
21750.0 -0.0495780
21850.0 -0.0533183
21950.0 -0.0487805
22050.0 -0.0441763
22150.0 -0.0461390
22250.0 -0.0561970
22350.0 -0.0574477
22450.0 -0.0567545
22550.0 -0.0548108
22650.0 -0.0508036
22750.0 -0.0536980
22850.0 -0.0582768
22950.0 -0.0615046
23050.0 -0.0555258
23150.0 -0.0511430
23250.0 -0.0414405
23350.0 -0.0463342
23450.0 -0.0517495
23550.0 -0.0504089
23650.0 -0.0548445
23750.0 -0.0622216
23850.0 -0.0570892
23950.0 -0.0575036
24050.0 -0.0579188
24150.0 -0.0583348
24250.0 -0.0587516
24350.0 -0.0591694
24450.0 -0.0595879
24550.0 -0.0600073
24650.0 -0.0604276
24750.0 -0.0608487
24850.0 -0.0612707
24950.0 -0.0616935
25050.0 -0.0621171
25150.0 -0.0625416
25250.0 -0.0629669
25350.0 -0.0633931
25450.0 -0.0638202
25550.0 -0.0642480
25650.0 -0.0646767
25750.0 -0.0651062
25850.0 -0.0655364
25950.0 -0.0659676
26050.0 -0.0663996
26150.0 -0.0668325
26250.0 -0.0672661
26350.0 -0.0677005
26450.0 -0.0681358
26550.0 -0.0685718
26650.0 -0.0690088
26750.0 -0.0694465
26850.0 -0.0698850
26950.0 -0.0703243
27050.0 -0.0707645
27150.0 -0.0712055
27250.0 -0.0716473
27350.0 -0.0720898
27450.0 -0.0725332
27550.0 -0.0729774
27650.0 -0.0734223
27750.0 -0.0738681
27850.0 -0.0743146
27950.0 -0.0747620
28050.0 -0.0752101
28150.0 -0.0756591
28250.0 -0.0761088
28350.0 -0.0765593
28450.0 -0.0770106
28550.0 -0.0774628
28650.0 -0.0779157
28750.0 -0.0783693
28850.0 -0.0788237
28950.0 -0.0792790
29050.0 -0.0797350
29150.0 -0.0801918
29250.0 -0.0806493
29350.0 -0.0811077
29450.0 -0.0815668
29550.0 -0.0820266
29650.0 -0.0824873
29750.0 -0.0829487
29850.0 -0.0834109
29950.0 -0.0838738
