50.0000 -0.00472518
150.000 -0.00465916
250.000 -0.00433890
350.000 -0.00369733
450.000 -0.00281099
550.000 -0.00179681
650.000 -0.000822437
750.000 0.00000
850.000 0.000730079
950.000 0.00125241
1050.00 0.00162712
1150.00 0.00202128
1250.00 0.00242627
1350.00 0.00268244
1450.00 0.00290367
1550.00 0.00310896
1650.00 0.00330558
1750.00 0.00347785
1850.00 0.00360783
1950.00 0.00367073
2050.00 0.00373186
2150.00 0.00376883
2250.00 0.00381475
2350.00 0.00381592
2450.00 0.00376351
2550.00 0.00373455
2650.00 0.00369642
2750.00 0.00360063
2850.00 0.00349113
2950.00 0.00338941
3050.00 0.00330908
3150.00 0.00318963
3250.00 0.00306578
3350.00 0.00291104
3450.00 0.00278347
3550.00 0.00264770
3650.00 0.00251304
3750.00 0.00240379
3850.00 0.00225138
3950.00 0.00210536
4050.00 0.00197504
4150.00 0.00185899
4250.00 0.00176302
4350.00 0.00169220
4450.00 0.00160788
4550.00 0.00152437
4650.00 0.00150020
4750.00 0.00148575
4850.00 0.00141637
4950.00 0.00140599
5050.00 0.00142066
5150.00 0.00145310
5250.00 0.00146777
5350.00 0.00147169
5450.00 0.00153783
5550.00 0.00163344
5650.00 0.00170252
5750.00 0.00176669
5850.00 0.00185140
5950.00 0.00197930
6050.00 0.00208840
6150.00 0.00215817
6250.00 0.00226698
6350.00 0.00240310
6450.00 0.00253140
6550.00 0.00264050
6650.00 0.00273427
6750.00 0.00285699
6850.00 0.00296533
6950.00 0.00301224
7050.00 0.00306412
7150.00 0.00318679
7250.00 0.00330192
7350.00 0.00333669
7450.00 0.00334680
7550.00 0.00333826
7650.00 0.00337581
7750.00 0.00338795
7850.00 0.00340470
7950.00 0.00336949
8050.00 0.00329337
8150.00 0.00321706
8250.00 0.00317532
8350.00 0.00310239
8450.00 0.00301168
8550.00 0.00289153
8650.00 0.00277382
8750.00 0.00270177
8850.00 0.00263024
8950.00 0.00246185
9050.00 0.00225647
9150.00 0.00216760
9250.00 0.00206693
9350.00 0.00193187
9450.00 0.00171356
9550.00 0.00156316
9650.00 0.00146451
9750.00 0.00134881
9850.00 0.00120330
9950.00 0.00107333
10050.0 0.000953571
10150.0 0.000943568
10250.0 0.000956376
10350.0 0.000902944
10450.0 0.000793694
10550.0 0.000807714
10650.0 0.000894841
10750.0 0.000893897
10850.0 0.000867907
10950.0 0.000939357
11050.0 0.00107831
11150.0 0.00118781
11250.0 0.00141627
11350.0 0.00160628
11450.0 0.00184140
11550.0 0.00212616
11650.0 0.00224185
11750.0 0.00261047
11850.0 0.00300307
11950.0 0.00328399
12050.0 0.00329420
12150.0 0.00370751
12250.0 0.00421178
12350.0 0.00464591
12450.0 0.00508852
12550.0 0.00536058
12650.0 0.00571722
12750.0 0.00607744
12850.0 0.00637567
12950.0 0.00664691
13050.0 0.00686961
13150.0 0.00669437
13250.0 0.00688956
13350.0 0.00709883
13450.0 0.00684236
13550.0 0.00690954
13650.0 0.00705429
13750.0 0.00621404
13850.0 0.00800704
13950.0 0.00822118
14050.0 0.00843590
14150.0 0.00865147
14250.0 0.00886781
14350.0 0.00908495
14450.0 0.00930274
14550.0 0.00952136
14650.0 0.00974081
14750.0 0.00996083
14850.0 0.0101817
14950.0 0.0104033
15050.0 0.0106257
15150.0 0.0108488
15250.0 0.0110725
15350.0 0.0112971
15450.0 0.0115224
15550.0 0.0117485
15650.0 0.0119752
15750.0 0.0122027
15850.0 0.0124309
15950.0 0.0126598
16050.0 0.0128894
16150.0 0.0131198
16250.0 0.0133508
16350.0 0.0135826
16450.0 0.0138151
16550.0 0.0140483
16650.0 0.0142822
16750.0 0.0145168
16850.0 0.0147522
16950.0 0.0149881
17050.0 0.0152248
17150.0 0.0154623
17250.0 0.0157003
17350.0 0.0159391
17450.0 0.0161786
17550.0 0.0164187
17650.0 0.0166595
17750.0 0.0169010
17850.0 0.0171433
17950.0 0.0173861
18050.0 0.0176297
18150.0 0.0178739
18250.0 0.0181188
18350.0 0.0183644
18450.0 0.0186107
18550.0 0.0188576
18650.0 0.0191052
18750.0 0.0193534
18850.0 0.0196024
18950.0 0.0198519
19050.0 0.0201021
19150.0 0.0203530
19250.0 0.0206046
19350.0 0.0208567
19450.0 0.0211095
19550.0 0.0213631
19650.0 0.0216173
19750.0 0.0218720
19850.0 0.0221274
19950.0 0.0223835
20050.0 0.0226402
20150.0 0.0228976
20250.0 0.0231555
20350.0 0.0234142
20450.0 0.0236735
20550.0 0.0239333
20650.0 0.0241939
20750.0 0.0244551
20850.0 0.0247169
20950.0 0.0249793
21050.0 0.0252424
21150.0 0.0255060
21250.0 0.0257703
21350.0 0.0260352
21450.0 0.0263008
21550.0 0.0265670
21650.0 0.0268337
21750.0 0.0271011
21850.0 0.0273692
21950.0 0.0276377
22050.0 0.0279069
22150.0 0.0281768
22250.0 0.0284473
22350.0 0.0287183
22450.0 0.0289900
22550.0 0.0292622
22650.0 0.0295351
22750.0 0.0298087
22850.0 0.0300827
22950.0 0.0303574
23050.0 0.0306327
23150.0 0.0309084
23250.0 0.0311850
23350.0 0.0314620
23450.0 0.0317397
23550.0 0.0320180
23650.0 0.0322967
23750.0 0.0325761
23850.0 0.0328561
23950.0 0.0331368
24050.0 0.0334179
24150.0 0.0336997
24250.0 0.0339820
24350.0 0.0342649
24450.0 0.0345485
24550.0 0.0348326
24650.0 0.0351172
24750.0 0.0354025
24850.0 0.0356883
24950.0 0.0359746
25050.0 0.0362617
25150.0 0.0365492
25250.0 0.0368373
25350.0 0.0371260
25450.0 0.0374153
25550.0 0.0377050
25650.0 0.0379954
25750.0 0.0382863
25850.0 0.0385778
25950.0 0.0388699
26050.0 0.0391626
26150.0 0.0394558
26250.0 0.0397495
26350.0 0.0400438
26450.0 0.0403387
26550.0 0.0406340
26650.0 0.0409301
26750.0 0.0412266
26850.0 0.0415237
26950.0 0.0418213
27050.0 0.0421195
27150.0 0.0424182
27250.0 0.0427174
27350.0 0.0430173
27450.0 0.0433178
27550.0 0.0436187
27650.0 0.0439201
27750.0 0.0442222
27850.0 0.0445248
27950.0 0.0448278
28050.0 0.0451315
28150.0 0.0454356
28250.0 0.0457403
28350.0 0.0460456
28450.0 0.0463514
28550.0 0.0466577
28650.0 0.0469646
28750.0 0.0472720
28850.0 0.0475799
28950.0 0.0478884
29050.0 0.0481974
29150.0 0.0485069
29250.0 0.0488169
29350.0 0.0491275
29450.0 0.0494386
29550.0 0.0497502
29650.0 0.0500624
29750.0 0.0503751
29850.0 0.0506883
29950.0 0.0510020
