50.0000 0.000229635
150.000 0.000206263
250.000 0.000163209
350.000 0.000115913
450.000 7.37761e-05
550.000 4.19005e-05
650.000 1.80001e-05
750.000 0.00000
850.000 -1.46550e-05
950.000 -2.64601e-05
1050.00 -3.43833e-05
1150.00 -4.09353e-05
1250.00 -4.57719e-05
1350.00 -4.95814e-05
1450.00 -5.16434e-05
1550.00 -5.32457e-05
1650.00 -5.44252e-05
1750.00 -5.51533e-05
1850.00 -5.52424e-05
1950.00 -5.48877e-05
2050.00 -5.45451e-05
2150.00 -5.39210e-05
2250.00 -5.33217e-05
2350.00 -5.22253e-05
2450.00 -5.14381e-05
2550.00 -5.00312e-05
2650.00 -4.86958e-05
2750.00 -4.74020e-05
2850.00 -4.57428e-05
2950.00 -4.43815e-05
3050.00 -4.28620e-05
3150.00 -4.10349e-05
3250.00 -3.97719e-05
3350.00 -3.78720e-05
3450.00 -3.64784e-05
3550.00 -3.48757e-05
3650.00 -3.34467e-05
3750.00 -3.23276e-05
3850.00 -3.08786e-05
3950.00 -2.94928e-05
4050.00 -2.88019e-05
4150.00 -2.79107e-05
4250.00 -2.67242e-05
4350.00 -2.59582e-05
4450.00 -2.55963e-05
4550.00 -2.53207e-05
4650.00 -2.47739e-05
4750.00 -2.47399e-05
4850.00 -2.47716e-05
4950.00 -2.51830e-05
5050.00 -2.53535e-05
5150.00 -2.59095e-05
5250.00 -2.60589e-05
5350.00 -2.67653e-05
5450.00 -2.70306e-05
5550.00 -2.81029e-05
5650.00 -2.89211e-05
5750.00 -2.98525e-05
5850.00 -3.06989e-05
5950.00 -3.17534e-05
6050.00 -3.25902e-05
6150.00 -3.33847e-05
6250.00 -3.42228e-05
6350.00 -3.50766e-05
6450.00 -3.59460e-05
6550.00 -3.71739e-05
6650.00 -3.77199e-05
6750.00 -3.85012e-05
6850.00 -3.90993e-05
6950.00 -3.98386e-05
7050.00 -4.05180e-05
7150.00 -4.02884e-05
7250.00 -4.06557e-05
7350.00 -4.11417e-05
7450.00 -4.13439e-05
7550.00 -4.12576e-05
7650.00 -4.11101e-05
7750.00 -4.07145e-05
7850.00 -4.08020e-05
7950.00 -4.05086e-05
8050.00 -4.02536e-05
8150.00 -3.98000e-05
8250.00 -3.89777e-05
8350.00 -3.84931e-05
8450.00 -3.79666e-05
8550.00 -3.69175e-05
8650.00 -3.61317e-05
8750.00 -3.53705e-05
8850.00 -3.47622e-05
8950.00 -3.39140e-05
9050.00 -3.30544e-05
9150.00 -3.21058e-05
9250.00 -3.16176e-05
9350.00 -3.06860e-05
9450.00 -2.98819e-05
9550.00 -2.97595e-05
9650.00 -2.85740e-05
9750.00 -2.78679e-05
9850.00 -2.75828e-05
9950.00 -2.74173e-05
10050.0 -2.68061e-05
10150.0 -2.76939e-05
10250.0 -2.70564e-05
10350.0 -2.67742e-05
10450.0 -2.70376e-05
10550.0 -2.71010e-05
10650.0 -2.78097e-05
10750.0 -2.79957e-05
10850.0 -2.85121e-05
10950.0 -2.90361e-05
11050.0 -2.98717e-05
11150.0 -3.00881e-05
11250.0 -3.11360e-05
11350.0 -3.21256e-05
11450.0 -3.30259e-05
11550.0 -3.37062e-05
11650.0 -3.46315e-05
11750.0 -3.53408e-05
11850.0 -3.66472e-05
11950.0 -3.72825e-05
12050.0 -3.82653e-05
12150.0 -3.86710e-05
12250.0 -3.92027e-05
12350.0 -4.01306e-05
12450.0 -4.09880e-05
12550.0 -4.15517e-05
12650.0 -4.23075e-05
12750.0 -4.27904e-05
12850.0 -4.27396e-05
12950.0 -4.35395e-05
13050.0 -4.28159e-05
13150.0 -4.29815e-05
13250.0 -4.25139e-05
13350.0 -4.22283e-05
13450.0 -4.16727e-05
13550.0 -4.15394e-05
13650.0 -4.09092e-05
13750.0 -4.07450e-05
13850.0 -3.96195e-05
13950.0 -3.82864e-05
14050.0 -3.71076e-05
14150.0 -3.60611e-05
14250.0 -3.52237e-05
14350.0 -3.38869e-05
14450.0 -3.28661e-05
14550.0 -3.09038e-05
14650.0 -3.00688e-05
14750.0 -2.88659e-05
14850.0 -2.79392e-05
14950.0 -2.65227e-05
15050.0 -2.47349e-05
15150.0 -2.38442e-05
15250.0 -2.37217e-05
15350.0 -2.25867e-05
15450.0 -2.22101e-05
15550.0 -2.17084e-05
15650.0 -2.16914e-05
15750.0 -2.15603e-05
15850.0 -2.09723e-05
15950.0 -2.13734e-05
16050.0 -2.12024e-05
16150.0 -2.19186e-05
16250.0 -2.22226e-05
16350.0 -2.32495e-05
16450.0 -2.47508e-05
16550.0 -2.54544e-05
16650.0 -2.64546e-05
16750.0 -2.89863e-05
16850.0 -3.07660e-05
16950.0 -3.29516e-05
17050.0 -3.46815e-05
17150.0 -3.70968e-05
17250.0 -3.88370e-05
17350.0 -4.07272e-05
17450.0 -4.33429e-05
17550.0 -4.51313e-05
17650.0 -4.72440e-05
17750.0 -5.05319e-05
17850.0 -5.15360e-05
17950.0 -5.41036e-05
18050.0 -5.64833e-05
18150.0 -5.83677e-05
18250.0 -6.03857e-05
18350.0 -6.07203e-05
18450.0 -6.02573e-05
18550.0 -6.07946e-05
18650.0 -5.98436e-05
18750.0 -6.00884e-05
18850.0 -6.10866e-05
18950.0 -6.05086e-05
19050.0 -5.89406e-05
19150.0 -5.84870e-05
19250.0 -5.69200e-05
19350.0 -5.19505e-05
19450.0 -4.80849e-05
19550.0 -4.41331e-05
19650.0 -4.06195e-05
19750.0 -3.47487e-05
19850.0 -2.82022e-05
19950.0 -2.24777e-05
20050.0 -1.73430e-05
20150.0 -1.46460e-05
20250.0 -1.18219e-05
20350.0 -5.89238e-06
20450.0 1.51128e-06
20550.0 3.98142e-06
20650.0 1.29634e-05
20750.0 1.56821e-05
20850.0 1.16253e-05
20950.0 1.23793e-05
21050.0 1.52267e-05
21150.0 2.74748e-05
21250.0 3.18983e-05
21350.0 3.62833e-05
21450.0 4.07501e-05
21550.0 4.51842e-05
21650.0 4.96340e-05
21750.0 5.40631e-05
21850.0 5.85357e-05
21950.0 6.31352e-05
22050.0 6.75472e-05
22150.0 7.20815e-05
22250.0 7.65901e-05
22350.0 8.11042e-05
22450.0 8.56665e-05
22550.0 9.01708e-05
22650.0 9.47449e-05
22750.0 9.92783e-05
22850.0 0.000103828
22950.0 0.000108574
23050.0 0.000113083
23150.0 0.000117629
23250.0 0.000122378
23350.0 0.000126946
23450.0 0.000131620
23550.0 0.000136246
23650.0 0.000140947
23750.0 0.000145546
23850.0 0.000150268
23950.0 0.000154924
24050.0 0.000159683
24150.0 0.000164328
24250.0 0.000169048
24350.0 0.000173777
24450.0 0.000178501
24550.0 0.000183271
24650.0 0.000188007
24750.0 0.000192768
24850.0 0.000197544
24950.0 0.000202328
25050.0 0.000207205
25150.0 0.000211879
25250.0 0.000216735
25350.0 0.000221570
25450.0 0.000226438
25550.0 0.000231273
25650.0 0.000236065
25750.0 0.000240952
25850.0 0.000245875
25950.0 0.000250756
26050.0 0.000255587
26150.0 0.000260554
26250.0 0.000265381
26350.0 0.000270266
26450.0 0.000275228
26550.0 0.000280167
26650.0 0.000285155
26750.0 0.000290071
26850.0 0.000295065
26950.0 0.000300007
27050.0 0.000304988
27150.0 0.000310034
27250.0 0.000314881
27350.0 0.000320039
27450.0 0.000324917
27550.0 0.000330025
27650.0 0.000335049
27750.0 0.000340137
27850.0 0.000345111
27950.0 0.000350215
28050.0 0.000355257
28150.0 0.000360347
28250.0 0.000365534
28350.0 0.000370565
28450.0 0.000375669
28550.0 0.000380785
28650.0 0.000385959
28750.0 0.000391048
28850.0 0.000396224
28950.0 0.000401403
29050.0 0.000406552
29150.0 0.000411718
29250.0 0.000416867
29350.0 0.000422052
29450.0 0.000427342
29550.0 0.000432469
29650.0 0.000437713
29750.0 0.000442897
29850.0 0.000448149
29950.0 0.000453399
