50.0000 -0.000531818
150.000 -0.000550884
250.000 -0.000491547
350.000 -0.000293284
450.000 -4.21649e-05
550.000 0.000106924
650.000 0.000103147
750.000 0.00000
850.000 -0.000269180
950.000 -0.000665629
1050.00 -0.00113160
1150.00 -0.00168657
1250.00 -0.00231072
1350.00 -0.00298581
1450.00 -0.00367708
1550.00 -0.00449283
1650.00 -0.00535914
1750.00 -0.00621047
1850.00 -0.00708117
1950.00 -0.00800086
2050.00 -0.00895482
2150.00 -0.00988114
2250.00 -0.0107300
2350.00 -0.0116682
2450.00 -0.0125540
2550.00 -0.0134604
2650.00 -0.0143860
2750.00 -0.0152673
2850.00 -0.0161389
2950.00 -0.0169138
3050.00 -0.0175522
3150.00 -0.0182987
3250.00 -0.0190099
3350.00 -0.0196484
3450.00 -0.0202567
3550.00 -0.0207751
3650.00 -0.0212083
3750.00 -0.0216191
3850.00 -0.0219932
3950.00 -0.0223180
4050.00 -0.0225817
4150.00 -0.0227735
4250.00 -0.0229010
4350.00 -0.0229855
4450.00 -0.0230268
4550.00 -0.0230116
4650.00 -0.0229543
4750.00 -0.0228507
4850.00 -0.0227195
4950.00 -0.0225461
5050.00 -0.0223223
5150.00 -0.0220604
5250.00 -0.0218030
5350.00 -0.0215403
5450.00 -0.0212433
5550.00 -0.0209246
5650.00 -0.0205797
5750.00 -0.0202368
5850.00 -0.0198996
5950.00 -0.0195807
6050.00 -0.0192850
6150.00 -0.0189841
6250.00 -0.0186713
6350.00 -0.0183821
6450.00 -0.0181134
6550.00 -0.0178691
6650.00 -0.0176534
6750.00 -0.0174839
6850.00 -0.0173121
6950.00 -0.0171736
7050.00 -0.0170665
7150.00 -0.0169912
7250.00 -0.0169462
7350.00 -0.0169424
7450.00 -0.0169617
7550.00 -0.0170078
7650.00 -0.0170842
7750.00 -0.0171961
7850.00 -0.0173198
7950.00 -0.0174786
8050.00 -0.0176615
8150.00 -0.0178577
8250.00 -0.0180731
8350.00 -0.0183017
8450.00 -0.0185322
8550.00 -0.0187773
8650.00 -0.0190395
8750.00 -0.0193000
8850.00 -0.0195585
8950.00 -0.0198008
9050.00 -0.0200345
9150.00 -0.0202625
9250.00 -0.0204824
9350.00 -0.0206946
9450.00 -0.0208835
9550.00 -0.0210400
9650.00 -0.0211600
9750.00 -0.0212756
9850.00 -0.0213585
9950.00 -0.0214185
10050.0 -0.0214430
10150.0 -0.0214427
10250.0 -0.0214059
10350.0 -0.0213553
10450.0 -0.0212749
10550.0 -0.0211624
10650.0 -0.0210274
10750.0 -0.0208665
10850.0 -0.0206898
10950.0 -0.0204986
11050.0 -0.0202872
11150.0 -0.0200575
11250.0 -0.0198323
11350.0 -0.0195930
11450.0 -0.0193514
11550.0 -0.0191197
11650.0 -0.0188687
11750.0 -0.0186304
11850.0 -0.0184000
11950.0 -0.0181929
12050.0 -0.0180072
12150.0 -0.0178221
12250.0 -0.0176598
12350.0 -0.0175214
12450.0 -0.0174019
12550.0 -0.0173168
12650.0 -0.0172472
12750.0 -0.0172031
12850.0 -0.0171918
12950.0 -0.0172125
13050.0 -0.0172569
13150.0 -0.0173321
13250.0 -0.0174391
13350.0 -0.0175595
13450.0 -0.0176990
13550.0 -0.0178634
13650.0 -0.0180692
13750.0 -0.0182726
13850.0 -0.0185092
13950.0 -0.0187471
14050.0 -0.0189907
14150.0 -0.0192558
14250.0 -0.0195126
14350.0 -0.0197854
14450.0 -0.0200528
14550.0 -0.0202945
14650.0 -0.0205407
14750.0 -0.0207788
14850.0 -0.0209981
14950.0 -0.0212180
15050.0 -0.0213828
15150.0 -0.0215170
15250.0 -0.0216580
15350.0 -0.0217530
15450.0 -0.0218256
15550.0 -0.0218616
15650.0 -0.0218442
15750.0 -0.0218163
15850.0 -0.0217698
15950.0 -0.0216505
16050.0 -0.0215230
16150.0 -0.0213367
16250.0 -0.0211350
16350.0 -0.0209125
16450.0 -0.0206659
16550.0 -0.0203861
16650.0 -0.0200673
16750.0 -0.0197495
16850.0 -0.0194075
16950.0 -0.0190817
17050.0 -0.0187462
17150.0 -0.0183812
17250.0 -0.0180294
17350.0 -0.0177188
17450.0 -0.0173936
17550.0 -0.0171162
17650.0 -0.0168412
17750.0 -0.0165779
17850.0 -0.0163823
17950.0 -0.0162044
18050.0 -0.0160594
18150.0 -0.0159793
18250.0 -0.0159175
18350.0 -0.0159112
18450.0 -0.0159658
18550.0 -0.0160593
18650.0 -0.0161781
18750.0 -0.0163415
18850.0 -0.0165741
18950.0 -0.0168477
19050.0 -0.0171582
19150.0 -0.0175120
19250.0 -0.0178822
19350.0 -0.0182766
19450.0 -0.0186872
19550.0 -0.0191527
19650.0 -0.0196089
19750.0 -0.0200859
19850.0 -0.0205480
19950.0 -0.0210301
20050.0 -0.0214673
20150.0 -0.0219016
20250.0 -0.0223255
20350.0 -0.0227062
20450.0 -0.0230808
20550.0 -0.0234259
20650.0 -0.0236474
20750.0 -0.0238626
20850.0 -0.0240425
20950.0 -0.0241369
21050.0 -0.0242353
21150.0 -0.0242150
21250.0 -0.0241165
21350.0 -0.0239732
21450.0 -0.0237603
21550.0 -0.0234804
21650.0 -0.0231409
21750.0 -0.0227006
21850.0 -0.0222059
21950.0 -0.0216779
22050.0 -0.0210604
22150.0 -0.0203743
22250.0 -0.0196161
22350.0 -0.0188339
22450.0 -0.0180375
22550.0 -0.0171674
22650.0 -0.0162215
22750.0 -0.0152943
22850.0 -0.0145104
22950.0 -0.0136399
23050.0 -0.0130483
23150.0 -0.0119272
23250.0 -0.0111766
23350.0 -0.0107466
23450.0 -0.0104386
23550.0 -0.0101943
23650.0 -0.0102912
23750.0 -0.00946380
23850.0 -0.0169529
23950.0 -0.0170075
24050.0 -0.0170623
24150.0 -0.0171172
24250.0 -0.0171722
24350.0 -0.0172272
24450.0 -0.0172825
24550.0 -0.0173379
24650.0 -0.0173932
24750.0 -0.0174488
24850.0 -0.0175044
24950.0 -0.0175602
25050.0 -0.0176160
25150.0 -0.0176720
25250.0 -0.0177282
25350.0 -0.0177844
25450.0 -0.0178407
25550.0 -0.0178971
25650.0 -0.0179537
25750.0 -0.0180103
25850.0 -0.0180671
25950.0 -0.0181240
26050.0 -0.0181809
26150.0 -0.0182381
26250.0 -0.0182953
26350.0 -0.0183527
26450.0 -0.0184101
26550.0 -0.0184676
26650.0 -0.0185253
26750.0 -0.0185829
26850.0 -0.0186408
26950.0 -0.0186988
27050.0 -0.0187569
27150.0 -0.0188151
27250.0 -0.0188734
27350.0 -0.0189318
27450.0 -0.0189902
27550.0 -0.0190489
27650.0 -0.0191076
27750.0 -0.0191663
27850.0 -0.0192253
27950.0 -0.0192844
28050.0 -0.0193434
28150.0 -0.0194028
28250.0 -0.0194621
28350.0 -0.0195216
28450.0 -0.0195811
28550.0 -0.0196408
28650.0 -0.0197005
28750.0 -0.0197604
28850.0 -0.0198204
28950.0 -0.0198805
29050.0 -0.0199407
29150.0 -0.0200009
29250.0 -0.0200614
29350.0 -0.0201218
29450.0 -0.0201825
29550.0 -0.0202432
29650.0 -0.0203040
29750.0 -0.0203649
29850.0 -0.0204259
29950.0 -0.0204870
