50.0000 -0.00365666
150.000 -0.00334463
250.000 -0.00274459
350.000 -0.00203240
450.000 -0.00135209
550.000 -0.000803028
650.000 -0.000361514
750.000 0.00000
850.000 0.000323053
950.000 0.000607315
1050.00 0.000815139
1150.00 0.00100771
1250.00 0.00119754
1350.00 0.00135670
1450.00 0.00151513
1550.00 0.00165303
1650.00 0.00177315
1750.00 0.00187659
1850.00 0.00199148
1950.00 0.00209175
2050.00 0.00217606
2150.00 0.00224504
2250.00 0.00230845
2350.00 0.00238402
2450.00 0.00244534
2550.00 0.00249775
2650.00 0.00254483
2750.00 0.00258987
2850.00 0.00262667
2950.00 0.00265527
3050.00 0.00266708
3150.00 0.00268575
3250.00 0.00269159
3350.00 0.00269151
3450.00 0.00269604
3550.00 0.00269317
3650.00 0.00267997
3750.00 0.00266660
3850.00 0.00264393
3950.00 0.00262805
4050.00 0.00260887
4150.00 0.00257985
4250.00 0.00256498
4350.00 0.00254181
4450.00 0.00251758
4550.00 0.00249250
4650.00 0.00246937
4750.00 0.00244742
4850.00 0.00242894
4950.00 0.00240540
5050.00 0.00238505
5150.00 0.00237344
5250.00 0.00235912
5350.00 0.00233865
5450.00 0.00232815
5550.00 0.00232374
5650.00 0.00231235
5750.00 0.00230930
5850.00 0.00230330
5950.00 0.00230858
6050.00 0.00231329
6150.00 0.00231889
6250.00 0.00231334
6350.00 0.00232254
6450.00 0.00233565
6550.00 0.00235674
6650.00 0.00236369
6750.00 0.00237580
6850.00 0.00238788
6950.00 0.00241379
7050.00 0.00242317
7150.00 0.00242547
7250.00 0.00244816
7350.00 0.00246153
7450.00 0.00247269
7550.00 0.00248913
7650.00 0.00249775
7750.00 0.00250671
7850.00 0.00251057
7950.00 0.00252781
8050.00 0.00254509
8150.00 0.00254823
8250.00 0.00254399
8350.00 0.00255117
8450.00 0.00256588
8550.00 0.00256663
8650.00 0.00255533
8750.00 0.00254533
8850.00 0.00255226
8950.00 0.00255671
9050.00 0.00254292
9150.00 0.00253040
9250.00 0.00252313
9350.00 0.00249402
9450.00 0.00247408
9550.00 0.00246954
9650.00 0.00247423
9750.00 0.00245107
9850.00 0.00241675
9950.00 0.00240666
10050.0 0.00238908
10150.0 0.00238218
10250.0 0.00236672
10350.0 0.00234901
10450.0 0.00232212
10550.0 0.00230486
10650.0 0.00229432
10750.0 0.00228159
10850.0 0.00226982
10950.0 0.00225706
11050.0 0.00225710
11150.0 0.00224607
11250.0 0.00221150
11350.0 0.00224271
11450.0 0.00224941
11550.0 0.00228381
11650.0 0.00228145
11750.0 0.00225665
11850.0 0.00228617
11950.0 0.00238128
12050.0 0.00242085
12150.0 0.00243811
12250.0 0.00243157
12350.0 0.00244738
12450.0 0.00250786
12550.0 0.00257852
12650.0 0.00261914
12750.0 0.00260945
12850.0 0.00264621
12950.0 0.00275342
13050.0 0.00288683
13150.0 0.00296901
13250.0 0.00295528
13350.0 0.00294402
13450.0 0.00315178
13550.0 0.00326037
13650.0 0.00312266
13750.0 0.00295564
13850.0 0.00324122
13950.0 0.00329440
14050.0 0.00334777
14150.0 0.00340130
14250.0 0.00345503
14350.0 0.00350893
14450.0 0.00356304
14550.0 0.00361731
14650.0 0.00367175
14750.0 0.00372639
14850.0 0.00378120
14950.0 0.00383619
15050.0 0.00389135
15150.0 0.00394670
15250.0 0.00400222
15350.0 0.00405792
15450.0 0.00411377
15550.0 0.00416981
15650.0 0.00422603
15750.0 0.00428242
15850.0 0.00433898
15950.0 0.00439570
16050.0 0.00445260
16150.0 0.00450967
16250.0 0.00456691
16350.0 0.00462434
16450.0 0.00468191
16550.0 0.00473965
16650.0 0.00479757
16750.0 0.00485564
16850.0 0.00491389
16950.0 0.00497230
17050.0 0.00503088
17150.0 0.00508963
17250.0 0.00514852
17350.0 0.00520759
17450.0 0.00526682
17550.0 0.00532620
17650.0 0.00538576
17750.0 0.00544548
17850.0 0.00550534
17950.0 0.00556538
18050.0 0.00562556
18150.0 0.00568591
18250.0 0.00574642
18350.0 0.00580708
18450.0 0.00586791
18550.0 0.00592889
18650.0 0.00599002
18750.0 0.00605131
18850.0 0.00611276
18950.0 0.00617437
19050.0 0.00623611
19150.0 0.00629801
19250.0 0.00636007
19350.0 0.00642229
19450.0 0.00648465
19550.0 0.00654717
19650.0 0.00660984
19750.0 0.00667266
19850.0 0.00673564
19950.0 0.00679874
20050.0 0.00686201
20150.0 0.00692543
20250.0 0.00698899
20350.0 0.00705270
20450.0 0.00711656
20550.0 0.00718056
20650.0 0.00724471
20750.0 0.00730901
20850.0 0.00737346
20950.0 0.00743804
21050.0 0.00750278
21150.0 0.00756765
21250.0 0.00763268
21350.0 0.00769784
21450.0 0.00776314
21550.0 0.00782861
21650.0 0.00789418
21750.0 0.00795992
21850.0 0.00802578
21950.0 0.00809181
22050.0 0.00815797
22150.0 0.00822425
22250.0 0.00829069
22350.0 0.00835728
22450.0 0.00842400
22550.0 0.00849083
22650.0 0.00855782
22750.0 0.00862496
22850.0 0.00869223
22950.0 0.00875962
23050.0 0.00882715
23150.0 0.00889483
23250.0 0.00896263
23350.0 0.00903059
23450.0 0.00909866
23550.0 0.00916688
23650.0 0.00923523
23750.0 0.00930372
23850.0 0.00937232
23950.0 0.00944107
24050.0 0.00950995
24150.0 0.00957897
24250.0 0.00964811
24350.0 0.00971738
24450.0 0.00978679
24550.0 0.00985632
24650.0 0.00992599
24750.0 0.00999579
24850.0 0.0100657
24950.0 0.0101358
25050.0 0.0102060
25150.0 0.0102763
25250.0 0.0103467
25350.0 0.0104173
25450.0 0.0104880
25550.0 0.0105588
25650.0 0.0106298
25750.0 0.0107008
25850.0 0.0107721
25950.0 0.0108434
26050.0 0.0109148
26150.0 0.0109864
26250.0 0.0110581
26350.0 0.0111300
26450.0 0.0112019
26550.0 0.0112740
26650.0 0.0113462
26750.0 0.0114185
26850.0 0.0114910
26950.0 0.0115635
27050.0 0.0116362
27150.0 0.0117090
27250.0 0.0117820
27350.0 0.0118550
27450.0 0.0119282
27550.0 0.0120015
27650.0 0.0120749
27750.0 0.0121485
27850.0 0.0122221
27950.0 0.0122959
28050.0 0.0123698
28150.0 0.0124439
28250.0 0.0125180
28350.0 0.0125923
28450.0 0.0126666
28550.0 0.0127411
28650.0 0.0128157
28750.0 0.0128905
28850.0 0.0129653
28950.0 0.0130402
29050.0 0.0131153
29150.0 0.0131905
29250.0 0.0132658
29350.0 0.0133412
29450.0 0.0134168
29550.0 0.0134924
29650.0 0.0135682
29750.0 0.0136441
29850.0 0.0137201
29950.0 0.0137962
