50.0000 0.0290558
150.000 0.0233657
250.000 0.0144289
350.000 0.00807686
450.000 0.00547255
550.000 0.00384175
650.000 0.00225654
750.000 0.00000
850.000 -0.00163400
950.000 -0.00234302
1050.00 -0.00290734
1150.00 -0.00363792
1250.00 -0.00425550
1350.00 -0.00510556
1450.00 -0.00530586
1550.00 -0.00526762
1650.00 -0.00538583
1750.00 -0.00555146
1850.00 -0.00583662
1950.00 -0.00592614
2050.00 -0.00582831
2150.00 -0.00582105
2250.00 -0.00589048
2350.00 -0.00592835
2450.00 -0.00603621
2550.00 -0.00596646
2650.00 -0.00597027
2750.00 -0.00605241
2850.00 -0.00618046
2950.00 -0.00629901
3050.00 -0.00624925
3150.00 -0.00627043
3250.00 -0.00625164
3350.00 -0.00620673
3450.00 -0.00622393
3550.00 -0.00629045
3650.00 -0.00633558
3750.00 -0.00634010
3850.00 -0.00629695
3950.00 -0.00626291
4050.00 -0.00625189
4150.00 -0.00624495
4250.00 -0.00617826
4350.00 -0.00616854
4450.00 -0.00609670
4550.00 -0.00607150
4650.00 -0.00603762
4750.00 -0.00599841
4850.00 -0.00601649
4950.00 -0.00598528
5050.00 -0.00594223
5150.00 -0.00589020
5250.00 -0.00586562
5350.00 -0.00588304
5450.00 -0.00591511
5550.00 -0.00590254
5650.00 -0.00589533
5750.00 -0.00588944
5850.00 -0.00590082
5950.00 -0.00594611
6050.00 -0.00593953
6150.00 -0.00592288
6250.00 -0.00590136
6350.00 -0.00591615
6450.00 -0.00596962
6550.00 -0.00598467
6650.00 -0.00597807
6750.00 -0.00594201
6850.00 -0.00595268
6950.00 -0.00602285
7050.00 -0.00605823
7150.00 -0.00602386
7250.00 -0.00599658
7350.00 -0.00596324
7450.00 -0.00599395
7550.00 -0.00602983
7650.00 -0.00604964
7750.00 -0.00603744
7850.00 -0.00606061
7950.00 -0.00603097
8050.00 -0.00606005
8150.00 -0.00608199
8250.00 -0.00607846
8350.00 -0.00611303
8450.00 -0.00610486
8550.00 -0.00611746
8650.00 -0.00611998
8750.00 -0.00610976
8850.00 -0.00611869
8950.00 -0.00612427
9050.00 -0.00608759
9150.00 -0.00610121
9250.00 -0.00612303
9350.00 -0.00612143
9450.00 -0.00606616
9550.00 -0.00601756
9650.00 -0.00601150
9750.00 -0.00602489
9850.00 -0.00602499
9950.00 -0.00600774
10050.0 -0.00600752
10150.0 -0.00598803
10250.0 -0.00595575
10350.0 -0.00592666
10450.0 -0.00593033
10550.0 -0.00593203
10650.0 -0.00594251
10750.0 -0.00595875
10850.0 -0.00594152
10950.0 -0.00596528
11050.0 -0.00591050
11150.0 -0.00591989
11250.0 -0.00593757
11350.0 -0.00597330
11450.0 -0.00596074
11550.0 -0.00595149
11650.0 -0.00600915
11750.0 -0.00600830
11850.0 -0.00599563
11950.0 -0.00595006
12050.0 -0.00598112
12150.0 -0.00600161
12250.0 -0.00607006
12350.0 -0.00600591
12450.0 -0.00598146
12550.0 -0.00598980
12650.0 -0.00604512
12750.0 -0.00608613
12850.0 -0.00615930
12950.0 -0.00615365
13050.0 -0.00620615
13150.0 -0.00619062
13250.0 -0.00614805
13350.0 -0.00602961
13450.0 -0.00603067
13550.0 -0.00604957
13650.0 -0.00602344
13750.0 -0.00598087
13850.0 -0.00601345
13950.0 -0.00614333
14050.0 -0.00609641
14150.0 -0.00604995
14250.0 -0.00601587
14350.0 -0.00606177
14450.0 -0.00604955
14550.0 -0.00607819
14650.0 -0.00598391
14750.0 -0.00595575
14850.0 -0.00601243
14950.0 -0.00592125
15050.0 -0.00594796
15150.0 -0.00602310
15250.0 -0.00611209
15350.0 -0.00601568
15450.0 -0.00597867
15550.0 -0.00606547
15650.0 -0.00608449
15750.0 -0.00594001
15850.0 -0.00605776
15950.0 -0.00601996
16050.0 -0.00591329
16150.0 -0.00572962
16250.0 -0.00578379
16350.0 -0.00590462
16450.0 -0.00590101
16550.0 -0.00590774
16650.0 -0.00604292
16750.0 -0.00605558
16850.0 -0.00595260
16950.0 -0.00582706
17050.0 -0.00594365
17150.0 -0.00598941
17250.0 -0.00609307
17350.0 -0.00613675
17450.0 -0.00618931
17550.0 -0.00589041
17650.0 -0.00597538
17750.0 -0.00623304
17850.0 -0.00622694
17950.0 -0.00619497
18050.0 -0.00619940
18150.0 -0.00608011
18250.0 -0.00600321
18350.0 -0.00595893
18450.0 -0.00584551
18550.0 -0.00610159
18650.0 -0.00618939
18750.0 -0.00594380
18850.0 -0.00592375
18950.0 -0.00599049
19050.0 -0.00612912
19150.0 -0.00625378
19250.0 -0.00634494
19350.0 -0.00619477
19450.0 -0.00605722
19550.0 -0.00615045
19650.0 -0.00612433
19750.0 -0.00604629
19850.0 -0.00592860
19950.0 -0.00587396
20050.0 -0.00583860
20150.0 -0.00619580
20250.0 -0.00642650
20350.0 -0.00640102
20450.0 -0.00622053
20550.0 -0.00590736
20650.0 -0.00576185
20750.0 -0.00603633
20850.0 -0.00576936
20950.0 -0.00614462
21050.0 -0.00624619
21150.0 -0.00571367
21250.0 -0.00560986
21350.0 -0.00590674
21450.0 -0.00611213
21550.0 -0.00577538
21650.0 -0.00547709
21750.0 -0.00587940
21850.0 -0.00631576
21950.0 -0.00577196
22050.0 -0.00524353
22150.0 -0.00543319
22250.0 -0.00653748
22350.0 -0.00664193
22450.0 -0.00657496
22550.0 -0.00627402
22650.0 -0.00590245
22750.0 -0.00609792
22850.0 -0.00656544
22950.0 -0.00690114
23050.0 -0.00644596
23150.0 -0.00582360
23250.0 -0.00492295
23350.0 -0.00536931
23450.0 -0.00583939
23550.0 -0.00572588
23650.0 -0.00618480
23750.0 -0.00680723
23850.0 -0.00176269
23950.0 -0.00147137
24050.0 -0.00117950
24150.0 -0.000887122
24250.0 -0.000594253
24350.0 -0.000300890
24450.0 -7.04319e-06
24550.0 0.000287313
24650.0 0.000582161
24750.0 0.000877484
24850.0 0.00117332
24950.0 0.00146962
25050.0 0.00176644
25150.0 0.00206369
25250.0 0.00236145
25350.0 0.00265969
25450.0 0.00295842
25550.0 0.00325760
25650.0 0.00355726
25750.0 0.00385738
25850.0 0.00415796
25950.0 0.00445905
26050.0 0.00476058
26150.0 0.00506260
26250.0 0.00536505
26350.0 0.00566798
26450.0 0.00597135
26550.0 0.00627522
26650.0 0.00657949
26750.0 0.00688426
26850.0 0.00718943
26950.0 0.00749509
27050.0 0.00780119
27150.0 0.00810773
27250.0 0.00841470
27350.0 0.00872215
27450.0 0.00903002
27550.0 0.00933831
27650.0 0.00964706
27750.0 0.00995625
27850.0 0.0102659
27950.0 0.0105759
28050.0 0.0108864
28150.0 0.0111973
28250.0 0.0115087
28350.0 0.0118204
28450.0 0.0121326
28550.0 0.0124452
28650.0 0.0127582
28750.0 0.0130717
28850.0 0.0133856
28950.0 0.0136998
29050.0 0.0140145
29150.0 0.0143296
29250.0 0.0146452
29350.0 0.0149611
29450.0 0.0152775
29550.0 0.0155942
29650.0 0.0159113
29750.0 0.0162289
29850.0 0.0165468
29950.0 0.0168652
