50.0000 0.00443208
150.000 0.00398498
250.000 0.00316657
350.000 0.00226496
450.000 0.00146467
550.000 0.000852573
650.000 0.000389048
750.000 0.00000
850.000 -0.000332337
950.000 -0.000633586
1050.00 -0.000855026
1150.00 -0.00104388
1250.00 -0.00124668
1350.00 -0.00141565
1450.00 -0.00156279
1550.00 -0.00170174
1650.00 -0.00183147
1750.00 -0.00194575
1850.00 -0.00207638
1950.00 -0.00219691
2050.00 -0.00231642
2150.00 -0.00242713
2250.00 -0.00252611
2350.00 -0.00263586
2450.00 -0.00273785
2550.00 -0.00283733
2650.00 -0.00293724
2750.00 -0.00302975
2850.00 -0.00311875
2950.00 -0.00319661
3050.00 -0.00326034
3150.00 -0.00333199
3250.00 -0.00340024
3350.00 -0.00346007
3450.00 -0.00351562
3550.00 -0.00356208
3650.00 -0.00360018
3750.00 -0.00363680
3850.00 -0.00366597
3950.00 -0.00369027
4050.00 -0.00370771
4150.00 -0.00371811
4250.00 -0.00372249
4350.00 -0.00372497
4450.00 -0.00371911
4550.00 -0.00371106
4650.00 -0.00369643
4750.00 -0.00367896
4850.00 -0.00365861
4950.00 -0.00363718
5050.00 -0.00361055
5150.00 -0.00357976
5250.00 -0.00354984
5350.00 -0.00352066
5450.00 -0.00348912
5550.00 -0.00345395
5650.00 -0.00342005
5750.00 -0.00338356
5850.00 -0.00334924
5950.00 -0.00331654
6050.00 -0.00328834
6150.00 -0.00325843
6250.00 -0.00322787
6350.00 -0.00320056
6450.00 -0.00317509
6550.00 -0.00315279
6650.00 -0.00313571
6750.00 -0.00311781
6850.00 -0.00310378
6950.00 -0.00309462
7050.00 -0.00308705
7150.00 -0.00308457
7250.00 -0.00308475
7350.00 -0.00308515
7450.00 -0.00309069
7550.00 -0.00309886
7650.00 -0.00310906
7750.00 -0.00312623
7850.00 -0.00314185
7950.00 -0.00315810
8050.00 -0.00317944
8150.00 -0.00320220
8250.00 -0.00322741
8350.00 -0.00325433
8450.00 -0.00327824
8550.00 -0.00330403
8650.00 -0.00333218
8750.00 -0.00335989
8850.00 -0.00338723
8950.00 -0.00341339
9050.00 -0.00343625
9150.00 -0.00345651
9250.00 -0.00347909
9350.00 -0.00350083
9450.00 -0.00351893
9550.00 -0.00353234
9650.00 -0.00354248
9750.00 -0.00355325
9850.00 -0.00355897
9950.00 -0.00356255
10050.0 -0.00356081
10150.0 -0.00356001
10250.0 -0.00355224
10350.0 -0.00354624
10450.0 -0.00353674
10550.0 -0.00352244
10650.0 -0.00350693
10750.0 -0.00348721
10850.0 -0.00346574
10950.0 -0.00344365
11050.0 -0.00342136
11150.0 -0.00339540
11250.0 -0.00336903
11350.0 -0.00334274
11450.0 -0.00331554
11550.0 -0.00329035
11650.0 -0.00326050
11750.0 -0.00323297
11850.0 -0.00320731
11950.0 -0.00318451
12050.0 -0.00316403
12150.0 -0.00314281
12250.0 -0.00312346
12350.0 -0.00310851
12450.0 -0.00309408
12550.0 -0.00308514
12650.0 -0.00307832
12750.0 -0.00307567
12850.0 -0.00307399
12950.0 -0.00307954
13050.0 -0.00308538
13150.0 -0.00309495
13250.0 -0.00310980
13350.0 -0.00312494
13450.0 -0.00314398
13550.0 -0.00316620
13650.0 -0.00319357
13750.0 -0.00321806
13850.0 -0.00325039
13950.0 -0.00328124
14050.0 -0.00331369
14150.0 -0.00334804
14250.0 -0.00338114
14350.0 -0.00341685
14450.0 -0.00345226
14550.0 -0.00348429
14650.0 -0.00351669
14750.0 -0.00355160
14850.0 -0.00358270
14950.0 -0.00361132
15050.0 -0.00363766
15150.0 -0.00365696
15250.0 -0.00367443
15350.0 -0.00368663
15450.0 -0.00369638
15550.0 -0.00370162
15650.0 -0.00370079
15750.0 -0.00370101
15850.0 -0.00369424
15950.0 -0.00368281
16050.0 -0.00366202
16150.0 -0.00363543
16250.0 -0.00360171
16350.0 -0.00356678
16450.0 -0.00352489
16550.0 -0.00348282
16650.0 -0.00343135
16750.0 -0.00337258
16850.0 -0.00331217
16950.0 -0.00325937
17050.0 -0.00319336
17150.0 -0.00312656
17250.0 -0.00306323
17350.0 -0.00299987
17450.0 -0.00293995
17550.0 -0.00288602
17650.0 -0.00282416
17750.0 -0.00276789
17850.0 -0.00272209
17950.0 -0.00267952
18050.0 -0.00264332
18150.0 -0.00262024
18250.0 -0.00258167
18350.0 -0.00257227
18450.0 -0.00257959
18550.0 -0.00258904
18650.0 -0.00261045
18750.0 -0.00265501
18850.0 -0.00269152
18950.0 -0.00275212
19050.0 -0.00281654
19150.0 -0.00290713
19250.0 -0.00300895
19350.0 -0.00313490
19450.0 -0.00325698
19550.0 -0.00340049
19650.0 -0.00355120
19750.0 -0.00370772
19850.0 -0.00385112
19950.0 -0.00400387
20050.0 -0.00418040
20150.0 -0.00438692
20250.0 -0.00457269
20350.0 -0.00468553
20450.0 -0.00483279
20550.0 -0.00498327
20650.0 -0.00515324
20750.0 -0.00523527
20850.0 -0.00531093
20950.0 -0.00530910
21050.0 -0.00539758
21150.0 -0.00576166
21250.0 -0.00590868
21350.0 -0.00605613
21450.0 -0.00620387
21550.0 -0.00635205
21650.0 -0.00650052
21750.0 -0.00664932
21850.0 -0.00679836
21950.0 -0.00694797
22050.0 -0.00709767
22150.0 -0.00724791
22250.0 -0.00739837
22350.0 -0.00754918
22450.0 -0.00770043
22550.0 -0.00785195
22650.0 -0.00800378
22750.0 -0.00815590
22850.0 -0.00830846
22950.0 -0.00846133
23050.0 -0.00861449
23150.0 -0.00876804
23250.0 -0.00892187
23350.0 -0.00907605
23450.0 -0.00923052
23550.0 -0.00938541
23650.0 -0.00954061
23750.0 -0.00969603
23850.0 -0.00985186
23950.0 -0.0100081
24050.0 -0.0101645
24150.0 -0.0103214
24250.0 -0.0104784
24350.0 -0.0106359
24450.0 -0.0107937
24550.0 -0.0109517
24650.0 -0.0111102
24750.0 -0.0112689
24850.0 -0.0114280
24950.0 -0.0115874
25050.0 -0.0117471
25150.0 -0.0119071
25250.0 -0.0120675
25350.0 -0.0122281
25450.0 -0.0123891
25550.0 -0.0125504
25650.0 -0.0127121
25750.0 -0.0128739
25850.0 -0.0130362
25950.0 -0.0131987
26050.0 -0.0133616
26150.0 -0.0135247
26250.0 -0.0136882
26350.0 -0.0138520
26450.0 -0.0140162
26550.0 -0.0141805
26650.0 -0.0143453
26750.0 -0.0145104
26850.0 -0.0146757
26950.0 -0.0148414
27050.0 -0.0150074
27150.0 -0.0151736
27250.0 -0.0153402
27350.0 -0.0155072
27450.0 -0.0156742
27550.0 -0.0158417
27650.0 -0.0160096
27750.0 -0.0161777
27850.0 -0.0163461
27950.0 -0.0165148
28050.0 -0.0166838
28150.0 -0.0168532
28250.0 -0.0170228
28350.0 -0.0171926
28450.0 -0.0173628
28550.0 -0.0175333
28650.0 -0.0177042
28750.0 -0.0178752
28850.0 -0.0180466
28950.0 -0.0182184
29050.0 -0.0183904
29150.0 -0.0185627
29250.0 -0.0187353
29350.0 -0.0189082
29450.0 -0.0190813
29550.0 -0.0192548
29650.0 -0.0194286
29750.0 -0.0196027
29850.0 -0.0197770
29950.0 -0.0199516
