50.0000 -0.00391972
150.000 -0.00274366
250.000 -0.000771433
350.000 0.000778567
450.000 0.00110452
550.000 0.000135937
650.000 -6.67481e-05
750.000 0.00000
850.000 -0.000173351
950.000 -0.000306649
1050.00 -0.000369750
1150.00 -0.000407735
1250.00 -0.000377154
1350.00 -0.000418427
1450.00 -0.000507245
1550.00 -0.000498463
1650.00 -0.000461425
1750.00 -0.000530342
1850.00 -0.000505222
1950.00 -0.000514929
2050.00 -0.000534058
2150.00 -0.000510000
2250.00 -0.000508911
2350.00 -0.000525379
2450.00 -0.000523192
2550.00 -0.000516643
2650.00 -0.000517473
2750.00 -0.000511487
2850.00 -0.000522520
2950.00 -0.000519592
3050.00 -0.000520316
3150.00 -0.000517015
3250.00 -0.000513787
3350.00 -0.000516933
3450.00 -0.000525909
3550.00 -0.000512366
3650.00 -0.000517324
3750.00 -0.000515700
3850.00 -0.000514041
3950.00 -0.000515436
4050.00 -0.000516339
4150.00 -0.000510223
4250.00 -0.000516390
4350.00 -0.000512868
4450.00 -0.000513038
4550.00 -0.000511556
4650.00 -0.000508377
4750.00 -0.000513145
4850.00 -0.000511851
4950.00 -0.000512537
5050.00 -0.000510871
5150.00 -0.000510335
5250.00 -0.000509801
5350.00 -0.000511444
5450.00 -0.000510136
5550.00 -0.000510085
5650.00 -0.000509421
5750.00 -0.000510270
5850.00 -0.000510107
5950.00 -0.000508031
6050.00 -0.000509596
6150.00 -0.000508608
6250.00 -0.000509504
6350.00 -0.000508760
6450.00 -0.000508416
6550.00 -0.000504975
6650.00 -0.000509726
6750.00 -0.000508830
6850.00 -0.000509367
6950.00 -0.000507283
7050.00 -0.000506495
7150.00 -0.000506786
7250.00 -0.000507733
7350.00 -0.000508358
7450.00 -0.000507355
7550.00 -0.000505990
7650.00 -0.000507879
7750.00 -0.000510465
7850.00 -0.000509520
7950.00 -0.000510086
8050.00 -0.000508936
8150.00 -0.000510951
8250.00 -0.000512260
8350.00 -0.000512105
8450.00 -0.000512745
8550.00 -0.000511367
8650.00 -0.000512350
8750.00 -0.000515262
8850.00 -0.000515786
8950.00 -0.000513601
9050.00 -0.000515233
9150.00 -0.000514700
9250.00 -0.000514593
9350.00 -0.000513745
9450.00 -0.000512765
9550.00 -0.000513765
9650.00 -0.000514168
9750.00 -0.000514405
9850.00 -0.000514149
9950.00 -0.000512583
10050.0 -0.000511839
10150.0 -0.000510986
10250.0 -0.000511696
10350.0 -0.000510652
10450.0 -0.000509568
10550.0 -0.000510083
10650.0 -0.000509741
10750.0 -0.000507845
10850.0 -0.000507349
10950.0 -0.000508242
11050.0 -0.000508086
11150.0 -0.000508077
11250.0 -0.000506181
11350.0 -0.000504334
11450.0 -0.000504910
11550.0 -0.000506678
11650.0 -0.000506734
11750.0 -0.000506820
11850.0 -0.000506482
11950.0 -0.000509698
12050.0 -0.000511642
12150.0 -0.000507811
12250.0 -0.000510836
12350.0 -0.000510288
12450.0 -0.000509936
12550.0 -0.000511463
12650.0 -0.000509846
12750.0 -0.000511183
12850.0 -0.000508701
12950.0 -0.000510227
13050.0 -0.000512848
13150.0 -0.000512767
13250.0 -0.000508863
13350.0 -0.000513612
13450.0 -0.000512953
13550.0 -0.000516898
13650.0 -0.000515747
13750.0 -0.000511880
13850.0 -0.000512170
13950.0 -0.000513224
14050.0 -0.000513841
14150.0 -0.000514033
14250.0 -0.000512085
14350.0 -0.000512248
14450.0 -0.000513242
14550.0 -0.000510627
14650.0 -0.000512587
14750.0 -0.000509866
14850.0 -0.000509176
14950.0 -0.000510597
15050.0 -0.000507926
15150.0 -0.000508189
15250.0 -0.000509602
15350.0 -0.000511337
15450.0 -0.000514211
15550.0 -0.000514181
15650.0 -0.000511590
15750.0 -0.000508723
15850.0 -0.000510049
15950.0 -0.000509566
16050.0 -0.000510077
16150.0 -0.000509845
16250.0 -0.000512201
16350.0 -0.000511067
16450.0 -0.000510808
16550.0 -0.000505543
16650.0 -0.000503280
16750.0 -0.000503842
16850.0 -0.000505960
16950.0 -0.000512262
17050.0 -0.000508461
17150.0 -0.000507182
17250.0 -0.000503015
17350.0 -0.000503428
17450.0 -0.000504285
17550.0 -0.000511181
17650.0 -0.000510062
17750.0 -0.000511015
17850.0 -0.000512383
17950.0 -0.000512856
18050.0 -0.000510855
18150.0 -0.000512267
18250.0 -0.000513766
18350.0 -0.000515268
18450.0 -0.000512734
18550.0 -0.000511128
18650.0 -0.000514031
18750.0 -0.000515411
18850.0 -0.000515397
18950.0 -0.000509909
19050.0 -0.000507785
19150.0 -0.000510126
19250.0 -0.000513344
19350.0 -0.000512498
19450.0 -0.000519049
19550.0 -0.000517105
19650.0 -0.000518354
19750.0 -0.000517165
19850.0 -0.000514475
19950.0 -0.000515703
20050.0 -0.000518056
20150.0 -0.000522520
20250.0 -0.000514296
20350.0 -0.000499540
20450.0 -0.000495346
20550.0 -0.000502923
20650.0 -0.000517270
20750.0 -0.000515214
20850.0 -0.000518031
20950.0 -0.000515846
21050.0 -0.000508296
21150.0 -0.000512377
21250.0 -0.000505325
21350.0 -0.000510263
21450.0 -0.000505135
21550.0 -0.000489445
21650.0 -0.000482260
21750.0 -0.000493319
21850.0 -0.000503703
21950.0 -0.000503822
22050.0 -0.000503673
22150.0 -0.000473171
22250.0 -0.000473241
22350.0 -0.000525479
22450.0 -0.000511570
22550.0 -0.000580801
22650.0 -0.000570539
22750.0 -0.000494422
22850.0 -0.000443622
22950.0 -0.000404246
23050.0 -0.000469924
23150.0 -0.000477160
23250.0 -0.000520608
23350.0 -0.000521080
23450.0 -0.000505215
23550.0 -0.000520803
23650.0 -0.000537693
23750.0 -0.000555427
23850.0 -0.00115140
23950.0 -0.00115070
24050.0 -0.00115000
24150.0 -0.00114928
24250.0 -0.00114856
24350.0 -0.00114785
24450.0 -0.00114713
24550.0 -0.00114642
24650.0 -0.00114568
24750.0 -0.00114497
24850.0 -0.00114425
24950.0 -0.00114353
25050.0 -0.00114279
25150.0 -0.00114209
25250.0 -0.00114135
25350.0 -0.00114060
25450.0 -0.00113986
25550.0 -0.00113913
25650.0 -0.00113842
25750.0 -0.00113767
25850.0 -0.00113693
25950.0 -0.00113620
26050.0 -0.00113545
26150.0 -0.00113472
26250.0 -0.00113397
26350.0 -0.00113320
26450.0 -0.00113246
26550.0 -0.00113174
26650.0 -0.00113099
26750.0 -0.00113023
26850.0 -0.00112947
26950.0 -0.00112872
27050.0 -0.00112797
27150.0 -0.00112721
27250.0 -0.00112646
27350.0 -0.00112571
27450.0 -0.00112493
27550.0 -0.00112418
27650.0 -0.00112342
27750.0 -0.00112263
27850.0 -0.00112187
27950.0 -0.00112112
28050.0 -0.00112034
28150.0 -0.00111959
28250.0 -0.00111881
28350.0 -0.00111804
28450.0 -0.00111726
28550.0 -0.00111651
28650.0 -0.00111570
28750.0 -0.00111495
28850.0 -0.00111416
28950.0 -0.00111337
29050.0 -0.00111258
29150.0 -0.00111179
29250.0 -0.00111101
29350.0 -0.00111021
29450.0 -0.00110944
29550.0 -0.00110865
29650.0 -0.00110787
29750.0 -0.00110709
29850.0 -0.00110628
29950.0 -0.00110549
