50.0000 -0.00473423
150.000 -0.00466833
250.000 -0.00434787
350.000 -0.00370542
450.000 -0.00281747
550.000 -0.00180150
650.000 -0.000826397
750.000 0.00000
850.000 0.000731887
950.000 0.00125604
1050.00 0.00163018
1150.00 0.00202328
1250.00 0.00242824
1350.00 0.00268558
1450.00 0.00290703
1550.00 0.00311210
1650.00 0.00330789
1750.00 0.00347957
1850.00 0.00361089
1950.00 0.00367400
2050.00 0.00373447
2150.00 0.00377050
2250.00 0.00381508
2350.00 0.00381514
2450.00 0.00376221
2550.00 0.00373268
2650.00 0.00369272
2750.00 0.00359653
2850.00 0.00348650
2950.00 0.00338305
3050.00 0.00330297
3150.00 0.00318236
3250.00 0.00305826
3350.00 0.00290376
3450.00 0.00277614
3550.00 0.00264031
3650.00 0.00250579
3750.00 0.00239755
3850.00 0.00224653
3950.00 0.00210206
4050.00 0.00197386
4150.00 0.00185871
4250.00 0.00176351
4350.00 0.00169398
4450.00 0.00161142
4550.00 0.00152987
4650.00 0.00150860
4750.00 0.00149472
4850.00 0.00142655
4950.00 0.00141732
5050.00 0.00143278
5150.00 0.00146708
5250.00 0.00148408
5350.00 0.00149006
5450.00 0.00155465
5550.00 0.00164981
5650.00 0.00171809
5750.00 0.00178178
5850.00 0.00186568
5950.00 0.00199121
6050.00 0.00209971
6150.00 0.00216835
6250.00 0.00227504
6350.00 0.00240728
6450.00 0.00253295
6550.00 0.00263876
6650.00 0.00272914
6750.00 0.00284803
6850.00 0.00295274
6950.00 0.00299653
7050.00 0.00304502
7150.00 0.00316328
7250.00 0.00327405
7350.00 0.00330877
7450.00 0.00331665
7550.00 0.00330551
7650.00 0.00333926
7750.00 0.00334665
7850.00 0.00336284
7950.00 0.00332721
8050.00 0.00325072
8150.00 0.00317514
8250.00 0.00313216
8350.00 0.00306218
8450.00 0.00297549
8550.00 0.00286237
8650.00 0.00275177
8750.00 0.00267978
8850.00 0.00260644
8950.00 0.00244757
9050.00 0.00225818
9150.00 0.00217292
9250.00 0.00207692
9350.00 0.00195048
9450.00 0.00174737
9550.00 0.00160875
9650.00 0.00151283
9750.00 0.00140371
9850.00 0.00126793
9950.00 0.00114808
10050.0 0.00103711
10150.0 0.00103112
10250.0 0.00104801
10350.0 0.00100444
10450.0 0.000897750
10550.0 0.000910345
10650.0 0.000994226
10750.0 0.000998581
10850.0 0.000982357
10950.0 0.00104173
11050.0 0.00116720
11150.0 0.00127431
11250.0 0.00150226
11350.0 0.00167750
11450.0 0.00189814
11550.0 0.00214669
11650.0 0.00228198
11750.0 0.00261129
11850.0 0.00295759
11950.0 0.00323090
12050.0 0.00327827
12150.0 0.00366073
12250.0 0.00411218
12350.0 0.00451867
12450.0 0.00494364
12550.0 0.00522580
12650.0 0.00559690
12750.0 0.00592504
12850.0 0.00619280
12950.0 0.00644890
13050.0 0.00667794
13150.0 0.00654733
13250.0 0.00673521
13350.0 0.00688593
13450.0 0.00661043
13550.0 0.00677239
13650.0 0.00694353
13750.0 0.00621811
13850.0 0.00784381
13950.0 0.00805611
14050.0 0.00826910
14150.0 0.00848280
14250.0 0.00869738
14350.0 0.00891264
14450.0 0.00912857
14550.0 0.00934531
14650.0 0.00956290
14750.0 0.00978113
14850.0 0.0100001
14950.0 0.0102199
15050.0 0.0104403
15150.0 0.0106616
15250.0 0.0108835
15350.0 0.0111061
15450.0 0.0113295
15550.0 0.0115536
15650.0 0.0117784
15750.0 0.0120040
15850.0 0.0122303
15950.0 0.0124572
16050.0 0.0126850
16150.0 0.0129133
16250.0 0.0131424
16350.0 0.0133723
16450.0 0.0136028
16550.0 0.0138340
16650.0 0.0140659
16750.0 0.0142985
16850.0 0.0145319
16950.0 0.0147659
17050.0 0.0150005
17150.0 0.0152359
17250.0 0.0154720
17350.0 0.0157088
17450.0 0.0159462
17550.0 0.0161843
17650.0 0.0164231
17750.0 0.0166626
17850.0 0.0169027
17950.0 0.0171436
18050.0 0.0173851
18150.0 0.0176272
18250.0 0.0178701
18350.0 0.0181135
18450.0 0.0183577
18550.0 0.0186026
18650.0 0.0188480
18750.0 0.0190943
18850.0 0.0193409
18950.0 0.0195884
19050.0 0.0198365
19150.0 0.0200853
19250.0 0.0203348
19350.0 0.0205848
19450.0 0.0208355
19550.0 0.0210869
19650.0 0.0213388
19750.0 0.0215914
19850.0 0.0218447
19950.0 0.0220986
20050.0 0.0223532
20150.0 0.0226083
20250.0 0.0228641
20350.0 0.0231206
20450.0 0.0233778
20550.0 0.0236353
20650.0 0.0238937
20750.0 0.0241526
20850.0 0.0244123
20950.0 0.0246724
21050.0 0.0249332
21150.0 0.0251947
21250.0 0.0254567
21350.0 0.0257195
21450.0 0.0259827
21550.0 0.0262466
21650.0 0.0265112
21750.0 0.0267763
21850.0 0.0270421
21950.0 0.0273084
22050.0 0.0275754
22150.0 0.0278430
22250.0 0.0281111
22350.0 0.0283798
22450.0 0.0286492
22550.0 0.0289192
22650.0 0.0291897
22750.0 0.0294609
22850.0 0.0297326
22950.0 0.0300050
23050.0 0.0302780
23150.0 0.0305515
23250.0 0.0308256
23350.0 0.0311003
23450.0 0.0313756
23550.0 0.0316514
23650.0 0.0319280
23750.0 0.0322050
23850.0 0.0324826
23950.0 0.0327608
24050.0 0.0330397
24150.0 0.0333191
24250.0 0.0335990
24350.0 0.0338796
24450.0 0.0341606
24550.0 0.0344423
24650.0 0.0347246
24750.0 0.0350074
24850.0 0.0352908
24950.0 0.0355748
25050.0 0.0358593
25150.0 0.0361444
25250.0 0.0364301
25350.0 0.0367162
25450.0 0.0370031
25550.0 0.0372905
25650.0 0.0375784
25750.0 0.0378669
25850.0 0.0381559
25950.0 0.0384455
26050.0 0.0387357
26150.0 0.0390264
26250.0 0.0393177
26350.0 0.0396095
26450.0 0.0399018
26550.0 0.0401948
26650.0 0.0404882
26750.0 0.0407823
26850.0 0.0410769
26950.0 0.0413720
27050.0 0.0416676
27150.0 0.0419638
27250.0 0.0422606
27350.0 0.0425579
27450.0 0.0428556
27550.0 0.0431541
27650.0 0.0434530
27750.0 0.0437525
27850.0 0.0440525
27950.0 0.0443531
28050.0 0.0446541
28150.0 0.0449557
28250.0 0.0452578
28350.0 0.0455605
28450.0 0.0458637
28550.0 0.0461675
28650.0 0.0464718
28750.0 0.0467765
28850.0 0.0470818
28950.0 0.0473877
29050.0 0.0476940
29150.0 0.0480010
29250.0 0.0483084
29350.0 0.0486163
29450.0 0.0489248
29550.0 0.0492338
29650.0 0.0495433
29750.0 0.0498534
29850.0 0.0501640
29950.0 0.0504750
