50.0000 -0.00436513
150.000 -0.00392500
250.000 -0.00312083
350.000 -0.00223223
450.000 -0.00143767
550.000 -0.000823129
650.000 -0.000359727
750.000 0.00000
850.000 0.000300815
950.000 0.000554666
1050.00 0.000741713
1150.00 0.000902245
1250.00 0.00103883
1350.00 0.00114839
1450.00 0.00123845
1550.00 0.00132220
1650.00 0.00139855
1750.00 0.00146580
1850.00 0.00152291
1950.00 0.00157701
2050.00 0.00162930
2150.00 0.00167757
2250.00 0.00171661
2350.00 0.00175926
2450.00 0.00179807
2550.00 0.00183174
2650.00 0.00186492
2750.00 0.00189413
2850.00 0.00192099
2950.00 0.00194469
3050.00 0.00196005
3150.00 0.00197753
3250.00 0.00199183
3350.00 0.00200455
3450.00 0.00201384
3550.00 0.00202023
3650.00 0.00202351
3750.00 0.00202947
3850.00 0.00202919
3950.00 0.00202807
4050.00 0.00202482
4150.00 0.00202051
4250.00 0.00201527
4350.00 0.00201248
4450.00 0.00200373
4550.00 0.00199641
4650.00 0.00198768
4750.00 0.00198037
4850.00 0.00197183
4950.00 0.00196409
5050.00 0.00195493
5150.00 0.00194552
5250.00 0.00193613
5350.00 0.00192762
5450.00 0.00192016
5550.00 0.00190999
5650.00 0.00190230
5750.00 0.00189367
5850.00 0.00188672
5950.00 0.00188075
6050.00 0.00187357
6150.00 0.00186716
6250.00 0.00186078
6350.00 0.00185672
6450.00 0.00185298
6550.00 0.00184991
6650.00 0.00184859
6750.00 0.00184516
6850.00 0.00184449
6950.00 0.00184605
7050.00 0.00184730
7150.00 0.00185005
7250.00 0.00185273
7350.00 0.00185362
7450.00 0.00185704
7550.00 0.00185952
7650.00 0.00186373
7750.00 0.00187153
7850.00 0.00187840
7950.00 0.00188257
8050.00 0.00188878
8150.00 0.00189509
8250.00 0.00190296
8350.00 0.00190915
8450.00 0.00191219
8550.00 0.00191948
8650.00 0.00192442
8750.00 0.00192920
8850.00 0.00193669
8950.00 0.00194193
9050.00 0.00194615
9150.00 0.00194972
9250.00 0.00195371
9350.00 0.00195677
9450.00 0.00196042
9550.00 0.00196223
9650.00 0.00196174
9750.00 0.00196198
9850.00 0.00196170
9950.00 0.00196173
10050.0 0.00195814
10150.0 0.00195621
10250.0 0.00195188
10350.0 0.00195124
10450.0 0.00194897
10550.0 0.00194282
10650.0 0.00193732
10750.0 0.00192979
10850.0 0.00192342
10950.0 0.00191870
11050.0 0.00190928
11150.0 0.00190292
11250.0 0.00189757
11350.0 0.00189267
11450.0 0.00188537
11550.0 0.00187845
11650.0 0.00187116
11750.0 0.00186541
11850.0 0.00186398
11950.0 0.00186035
12050.0 0.00185754
12150.0 0.00185048
12250.0 0.00184532
12350.0 0.00184631
12450.0 0.00184675
12550.0 0.00184399
12650.0 0.00184478
12750.0 0.00185215
12850.0 0.00185261
12950.0 0.00185644
13050.0 0.00186014
13150.0 0.00186453
13250.0 0.00187160
13350.0 0.00187491
13450.0 0.00188349
13550.0 0.00189218
13650.0 0.00190159
13750.0 0.00190844
13850.0 0.00191872
13950.0 0.00192158
14050.0 0.00192866
14150.0 0.00193778
14250.0 0.00194702
14350.0 0.00195705
14450.0 0.00196612
14550.0 0.00196966
14650.0 0.00197349
14750.0 0.00197974
14850.0 0.00198251
14950.0 0.00198401
15050.0 0.00198653
15150.0 0.00198707
15250.0 0.00199116
15350.0 0.00199049
15450.0 0.00198832
15550.0 0.00198864
15650.0 0.00198877
15750.0 0.00198832
15850.0 0.00197969
15950.0 0.00196424
16050.0 0.00195167
16150.0 0.00194104
16250.0 0.00191926
16350.0 0.00191404
16450.0 0.00189954
16550.0 0.00188711
16650.0 0.00187148
16750.0 0.00186422
16850.0 0.00185755
16950.0 0.00184423
17050.0 0.00184266
17150.0 0.00182804
17250.0 0.00180828
17350.0 0.00178722
17450.0 0.00177607
17550.0 0.00176073
17650.0 0.00175566
17750.0 0.00174824
17850.0 0.00174643
17950.0 0.00174378
18050.0 0.00175145
18150.0 0.00175942
18250.0 0.00177320
18350.0 0.00176476
18450.0 0.00175435
18550.0 0.00175815
18650.0 0.00176148
18750.0 0.00179384
18850.0 0.00182536
18950.0 0.00185246
19050.0 0.00188258
19150.0 0.00195690
19250.0 0.00199196
19350.0 0.00199731
19450.0 0.00201367
19550.0 0.00205668
19650.0 0.00209801
19750.0 0.00211368
19850.0 0.00212424
19950.0 0.00215067
20050.0 0.00220255
20150.0 0.00229271
20250.0 0.00239302
20350.0 0.00239526
20450.0 0.00234927
20550.0 0.00236880
20650.0 0.00229544
20750.0 0.00231525
20850.0 0.00242424
20950.0 0.00236001
21050.0 0.00223495
21150.0 0.00250512
21250.0 0.00253363
21350.0 0.00256219
21450.0 0.00259084
21550.0 0.00261955
21650.0 0.00264832
21750.0 0.00267716
21850.0 0.00270608
21950.0 0.00273504
22050.0 0.00276408
22150.0 0.00279318
22250.0 0.00282234
22350.0 0.00285158
22450.0 0.00288089
22550.0 0.00291024
22650.0 0.00293966
22750.0 0.00296916
22850.0 0.00299873
22950.0 0.00302834
23050.0 0.00305804
23150.0 0.00308779
23250.0 0.00311759
23350.0 0.00314747
23450.0 0.00317742
23550.0 0.00320743
23650.0 0.00323749
23750.0 0.00326763
23850.0 0.00329785
23950.0 0.00332810
24050.0 0.00335841
24150.0 0.00338881
24250.0 0.00341927
24350.0 0.00344977
24450.0 0.00348033
24550.0 0.00351098
24650.0 0.00354168
24750.0 0.00357243
24850.0 0.00360325
24950.0 0.00363414
25050.0 0.00366510
25150.0 0.00369607
25250.0 0.00372717
25350.0 0.00375831
25450.0 0.00378948
25550.0 0.00382074
25650.0 0.00385205
25750.0 0.00388342
25850.0 0.00391486
25950.0 0.00394635
26050.0 0.00397791
26150.0 0.00400954
26250.0 0.00404121
26350.0 0.00407295
26450.0 0.00410475
26550.0 0.00413660
26650.0 0.00416852
26750.0 0.00420049
26850.0 0.00423252
26950.0 0.00426461
27050.0 0.00429679
27150.0 0.00432900
27250.0 0.00436126
27350.0 0.00439360
27450.0 0.00442600
27550.0 0.00445844
27650.0 0.00449094
27750.0 0.00452351
27850.0 0.00455614
27950.0 0.00458882
28050.0 0.00462156
28150.0 0.00465438
28250.0 0.00468721
28350.0 0.00472015
28450.0 0.00475312
28550.0 0.00478614
28650.0 0.00481923
28750.0 0.00485238
28850.0 0.00488559
28950.0 0.00491884
29050.0 0.00495216
29150.0 0.00498554
29250.0 0.00501897
29350.0 0.00505246
29450.0 0.00508601
29550.0 0.00511962
29650.0 0.00515326
29750.0 0.00518698
29850.0 0.00522076
29950.0 0.00525459
