50.0000 -0.000600493
150.000 -0.000524007
250.000 -0.000381077
350.000 -0.000224063
450.000 -9.56196e-05
550.000 -2.11989e-05
650.000 8.52386e-06
750.000 0.00000
850.000 -4.81487e-05
950.000 -0.000140350
1050.00 -0.000255100
1150.00 -0.000391484
1250.00 -0.000556710
1350.00 -0.000738559
1450.00 -0.000924786
1550.00 -0.00114725
1650.00 -0.00138924
1750.00 -0.00163427
1850.00 -0.00189255
1950.00 -0.00217002
2050.00 -0.00246416
2150.00 -0.00275595
2250.00 -0.00302905
2350.00 -0.00333689
2450.00 -0.00363357
2550.00 -0.00394121
2650.00 -0.00426319
2750.00 -0.00457640
2850.00 -0.00489300
2950.00 -0.00517994
3050.00 -0.00542069
3150.00 -0.00570677
3250.00 -0.00598601
3350.00 -0.00624273
3450.00 -0.00649317
3550.00 -0.00671164
3650.00 -0.00689991
3750.00 -0.00708422
3850.00 -0.00725392
3950.00 -0.00741043
4050.00 -0.00754159
4150.00 -0.00764325
4250.00 -0.00771875
4350.00 -0.00778205
4450.00 -0.00781722
4550.00 -0.00783650
4650.00 -0.00782821
4750.00 -0.00780169
4850.00 -0.00775629
4950.00 -0.00769447
5050.00 -0.00760697
5150.00 -0.00749541
5250.00 -0.00738072
5350.00 -0.00725832
5450.00 -0.00711811
5550.00 -0.00696062
5650.00 -0.00678977
5750.00 -0.00661104
5850.00 -0.00643247
5950.00 -0.00625782
6050.00 -0.00609171
6150.00 -0.00591859
6250.00 -0.00573461
6350.00 -0.00556024
6450.00 -0.00539275
6550.00 -0.00523634
6650.00 -0.00510173
6750.00 -0.00497564
6850.00 -0.00485543
6950.00 -0.00475424
7050.00 -0.00466629
7150.00 -0.00460585
7250.00 -0.00456121
7350.00 -0.00453049
7450.00 -0.00452468
7550.00 -0.00453612
7650.00 -0.00456918
7750.00 -0.00463349
7850.00 -0.00470228
7950.00 -0.00479240
8050.00 -0.00490862
8150.00 -0.00503525
8250.00 -0.00518370
8350.00 -0.00534474
8450.00 -0.00550984
8550.00 -0.00569043
8650.00 -0.00589261
8750.00 -0.00609763
8850.00 -0.00630809
8950.00 -0.00651246
9050.00 -0.00671569
9150.00 -0.00692086
9250.00 -0.00712726
9350.00 -0.00733497
9450.00 -0.00752879
9550.00 -0.00770364
9650.00 -0.00784923
9750.00 -0.00799163
9850.00 -0.00811426
9950.00 -0.00821902
10050.0 -0.00829604
10150.0 -0.00834895
10250.0 -0.00836570
10350.0 -0.00836395
10450.0 -0.00833100
10550.0 -0.00825663
10650.0 -0.00815795
10750.0 -0.00801930
10850.0 -0.00785267
10950.0 -0.00765471
11050.0 -0.00741848
11150.0 -0.00714245
11250.0 -0.00685292
11350.0 -0.00652392
11450.0 -0.00616807
11550.0 -0.00579969
11650.0 -0.00537470
11750.0 -0.00493570
11850.0 -0.00447412
11950.0 -0.00401647
12050.0 -0.00356603
12150.0 -0.00308967
12250.0 -0.00260573
12350.0 -0.00213701
12450.0 -0.00165924
12550.0 -0.00121668
12650.0 -0.000779731
12750.0 -0.000434275
12850.0 -5.37954e-05
12950.0 0.000266296
13050.0 0.000523146
13150.0 0.000707866
13250.0 0.000717698
13350.0 0.000702706
13450.0 0.000649100
13550.0 0.000438121
13650.0 -0.000100215
13750.0 -0.000716552
13850.0 0.00184959
13950.0 0.00210133
14050.0 0.00235386
14150.0 0.00260742
14250.0 0.00286185
14350.0 0.00311717
14450.0 0.00337343
14550.0 0.00363038
14650.0 0.00388836
14750.0 0.00414724
14850.0 0.00440697
14950.0 0.00466757
15050.0 0.00492906
15150.0 0.00519144
15250.0 0.00545462
15350.0 0.00571869
15450.0 0.00598364
15550.0 0.00624943
15650.0 0.00651614
15750.0 0.00678361
15850.0 0.00705199
15950.0 0.00732118
16050.0 0.00759120
16150.0 0.00786213
16250.0 0.00813378
16350.0 0.00840643
16450.0 0.00867985
16550.0 0.00895404
16650.0 0.00922918
16750.0 0.00950501
16850.0 0.00978173
16950.0 0.0100593
17050.0 0.0103377
17150.0 0.0106169
17250.0 0.0108968
17350.0 0.0111776
17450.0 0.0114592
17550.0 0.0117416
17650.0 0.0120249
17750.0 0.0123090
17850.0 0.0125937
17950.0 0.0128793
18050.0 0.0131658
18150.0 0.0134530
18250.0 0.0137411
18350.0 0.0140298
18450.0 0.0143194
18550.0 0.0146097
18650.0 0.0149010
18750.0 0.0151929
18850.0 0.0154856
18950.0 0.0157791
19050.0 0.0160733
19150.0 0.0163684
19250.0 0.0166642
19350.0 0.0169607
19450.0 0.0172581
19550.0 0.0175562
19650.0 0.0178551
19750.0 0.0181547
19850.0 0.0184551
19950.0 0.0187563
20050.0 0.0190582
20150.0 0.0193609
20250.0 0.0196642
20350.0 0.0199684
20450.0 0.0202733
20550.0 0.0205790
20650.0 0.0208854
20750.0 0.0211925
20850.0 0.0215004
20950.0 0.0218090
21050.0 0.0221183
21150.0 0.0224285
21250.0 0.0227392
21350.0 0.0230508
21450.0 0.0233631
21550.0 0.0236761
21650.0 0.0239898
21750.0 0.0243043
21850.0 0.0246194
21950.0 0.0249353
22050.0 0.0252519
22150.0 0.0255693
22250.0 0.0258873
22350.0 0.0262062
22450.0 0.0265257
22550.0 0.0268458
22650.0 0.0271667
22750.0 0.0274883
22850.0 0.0278106
22950.0 0.0281336
23050.0 0.0284573
23150.0 0.0287818
23250.0 0.0291068
23350.0 0.0294327
23450.0 0.0297592
23550.0 0.0300864
23650.0 0.0304144
23750.0 0.0307430
23850.0 0.0310723
23950.0 0.0314022
24050.0 0.0317329
24150.0 0.0320642
24250.0 0.0323963
24350.0 0.0327290
24450.0 0.0330624
24550.0 0.0333965
24650.0 0.0337313
24750.0 0.0340666
24850.0 0.0344028
24950.0 0.0347396
25050.0 0.0350770
25150.0 0.0354152
25250.0 0.0357540
25350.0 0.0360935
25450.0 0.0364337
25550.0 0.0367744
25650.0 0.0371159
25750.0 0.0374581
25850.0 0.0378009
25950.0 0.0381444
26050.0 0.0384885
26150.0 0.0388333
26250.0 0.0391787
26350.0 0.0395248
26450.0 0.0398715
26550.0 0.0402189
26650.0 0.0405671
26750.0 0.0409157
26850.0 0.0412651
26950.0 0.0416151
27050.0 0.0419658
27150.0 0.0423171
27250.0 0.0426691
27350.0 0.0430215
27450.0 0.0433748
27550.0 0.0437287
27650.0 0.0440833
27750.0 0.0444384
27850.0 0.0447942
27950.0 0.0451506
28050.0 0.0455077
28150.0 0.0458654
28250.0 0.0462237
28350.0 0.0465828
28450.0 0.0469423
28550.0 0.0473026
28650.0 0.0476633
28750.0 0.0480249
28850.0 0.0483870
28950.0 0.0487498
29050.0 0.0491130
29150.0 0.0494771
29250.0 0.0498416
29350.0 0.0502069
29450.0 0.0505727
29550.0 0.0509391
29650.0 0.0513062
29750.0 0.0516740
29850.0 0.0520423
29950.0 0.0524111
