50.0000 0.000548830
150.000 0.000412574
250.000 0.000239987
350.000 0.000147187
450.000 9.80889e-05
550.000 1.58065e-05
650.000 -3.73156e-05
750.000 0.00000
850.000 0.000103089
950.000 0.000314499
1050.00 0.000536327
1150.00 0.000769516
1250.00 0.00106895
1350.00 0.00139839
1450.00 0.00176634
1550.00 0.00217159
1650.00 0.00257180
1750.00 0.00293684
1850.00 0.00336664
1950.00 0.00380269
2050.00 0.00425171
2150.00 0.00468319
2250.00 0.00507006
2350.00 0.00548556
2450.00 0.00588523
2550.00 0.00629398
2650.00 0.00669426
2750.00 0.00707341
2850.00 0.00743729
2950.00 0.00775754
3050.00 0.00801754
3150.00 0.00833932
3250.00 0.00863107
3350.00 0.00889034
3450.00 0.00913063
3550.00 0.00933722
3650.00 0.00949763
3750.00 0.00970383
3850.00 0.00983438
3950.00 0.00993903
4050.00 0.0100212
4150.00 0.0100747
4250.00 0.0100832
4350.00 0.0101599
4450.00 0.0101625
4550.00 0.0101127
4650.00 0.0100481
4750.00 0.00995483
4850.00 0.00983911
4950.00 0.00982516
5050.00 0.00967521
5150.00 0.00954048
5250.00 0.00942051
5350.00 0.00921570
5450.00 0.00903145
5550.00 0.00898742
5650.00 0.00872998
5750.00 0.00858227
5850.00 0.00837189
5950.00 0.00820289
6050.00 0.00804160
6150.00 0.00792672
6250.00 0.00772913
6350.00 0.00761620
6450.00 0.00741442
6550.00 0.00728713
6650.00 0.00721904
6750.00 0.00717128
6850.00 0.00701311
6950.00 0.00699443
7050.00 0.00687476
7150.00 0.00688539
7250.00 0.00685050
7350.00 0.00684109
7450.00 0.00689300
7550.00 0.00691313
7650.00 0.00693770
7750.00 0.00706612
7850.00 0.00708713
7950.00 0.00720365
8050.00 0.00733523
8150.00 0.00748096
8250.00 0.00764243
8350.00 0.00779840
8450.00 0.00796260
8550.00 0.00811043
8650.00 0.00830094
8750.00 0.00849066
8850.00 0.00868735
8950.00 0.00886947
9050.00 0.00912061
9150.00 0.00916975
9250.00 0.00940201
9350.00 0.00959393
9450.00 0.00973929
9550.00 0.00988425
9650.00 0.0100529
9750.00 0.0100822
9850.00 0.0101982
9950.00 0.0102516
10050.0 0.0102896
10150.0 0.0103431
10250.0 0.0103308
10350.0 0.0103171
10450.0 0.0102538
10550.0 0.0101127
10650.0 0.0101032
10750.0 0.00996267
10850.0 0.00988433
10950.0 0.00968823
11050.0 0.00942054
11150.0 0.00917564
11250.0 0.00887979
11350.0 0.00865924
11450.0 0.00835096
11550.0 0.00803236
11650.0 0.00758877
11750.0 0.00717729
11850.0 0.00675567
11950.0 0.00641458
12050.0 0.00608503
12150.0 0.00571279
12250.0 0.00516098
12350.0 0.00480034
12450.0 0.00450523
12550.0 0.00412328
12650.0 0.00377742
12750.0 0.00366443
12850.0 0.00317753
12950.0 0.00296719
13050.0 0.00278084
13150.0 0.00262249
13250.0 0.00245761
13350.0 0.00243311
13450.0 0.00237687
13550.0 0.00261999
13650.0 0.00293447
13750.0 0.00335116
13850.0 0.00158176
13950.0 0.00137493
14050.0 0.00116729
14150.0 0.000958851
14250.0 0.000749800
14350.0 0.000539960
14450.0 0.000329376
14550.0 0.000118065
14650.0 -9.38869e-05
14750.0 -0.000306586
14850.0 -0.000520066
14950.0 -0.000734360
15050.0 -0.000949177
15150.0 -0.00116475
15250.0 -0.00138111
15350.0 -0.00159816
15450.0 -0.00181595
15550.0 -0.00203437
15650.0 -0.00225348
15750.0 -0.00247330
15850.0 -0.00269394
15950.0 -0.00291520
16050.0 -0.00313712
16150.0 -0.00335974
16250.0 -0.00358306
16350.0 -0.00380707
16450.0 -0.00403181
16550.0 -0.00425719
16650.0 -0.00448321
16750.0 -0.00470998
16850.0 -0.00493743
16950.0 -0.00516552
17050.0 -0.00539432
17150.0 -0.00562371
17250.0 -0.00585385
17350.0 -0.00608463
17450.0 -0.00631609
17550.0 -0.00654820
17650.0 -0.00678101
17750.0 -0.00701447
17850.0 -0.00724857
17950.0 -0.00748334
18050.0 -0.00771864
18150.0 -0.00795477
18250.0 -0.00819142
18350.0 -0.00842886
18450.0 -0.00866686
18550.0 -0.00890544
18650.0 -0.00914477
18750.0 -0.00938467
18850.0 -0.00962527
18950.0 -0.00986649
19050.0 -0.0101084
19150.0 -0.0103509
19250.0 -0.0105940
19350.0 -0.0108378
19450.0 -0.0110821
19550.0 -0.0113271
19650.0 -0.0115728
19750.0 -0.0118190
19850.0 -0.0120659
19950.0 -0.0123134
20050.0 -0.0125616
20150.0 -0.0128103
20250.0 -0.0130597
20350.0 -0.0133096
20450.0 -0.0135603
20550.0 -0.0138116
20650.0 -0.0140633
20750.0 -0.0143158
20850.0 -0.0145688
20950.0 -0.0148225
21050.0 -0.0150767
21150.0 -0.0153316
21250.0 -0.0155871
21350.0 -0.0158431
21450.0 -0.0160997
21550.0 -0.0163571
21650.0 -0.0166150
21750.0 -0.0168734
21850.0 -0.0171324
21950.0 -0.0173921
22050.0 -0.0176523
22150.0 -0.0179132
22250.0 -0.0181745
22350.0 -0.0184365
22450.0 -0.0186991
22550.0 -0.0189623
22650.0 -0.0192261
22750.0 -0.0194903
22850.0 -0.0197553
22950.0 -0.0200208
23050.0 -0.0202869
23150.0 -0.0205536
23250.0 -0.0208208
23350.0 -0.0210886
23450.0 -0.0213570
23550.0 -0.0216259
23650.0 -0.0218954
23750.0 -0.0221656
23850.0 -0.0224362
23950.0 -0.0227073
24050.0 -0.0229793
24150.0 -0.0232516
24250.0 -0.0235245
24350.0 -0.0237980
24450.0 -0.0240720
24550.0 -0.0243466
24650.0 -0.0246218
24750.0 -0.0248975
24850.0 -0.0251738
24950.0 -0.0254507
25050.0 -0.0257280
25150.0 -0.0260059
25250.0 -0.0262844
25350.0 -0.0265634
25450.0 -0.0268430
25550.0 -0.0271232
25650.0 -0.0274039
25750.0 -0.0276851
25850.0 -0.0279669
25950.0 -0.0282493
26050.0 -0.0285321
26150.0 -0.0288155
26250.0 -0.0290994
26350.0 -0.0293840
26450.0 -0.0296690
26550.0 -0.0299546
26650.0 -0.0302407
26750.0 -0.0305273
26850.0 -0.0308145
26950.0 -0.0311023
27050.0 -0.0313905
27150.0 -0.0316792
27250.0 -0.0319686
27350.0 -0.0322585
27450.0 -0.0325487
27550.0 -0.0328397
27650.0 -0.0331311
27750.0 -0.0334230
27850.0 -0.0337155
27950.0 -0.0340085
28050.0 -0.0343020
28150.0 -0.0345961
28250.0 -0.0348907
28350.0 -0.0351857
28450.0 -0.0354814
28550.0 -0.0357775
28650.0 -0.0360741
28750.0 -0.0363712
28850.0 -0.0366689
28950.0 -0.0369671
29050.0 -0.0372658
29150.0 -0.0375650
29250.0 -0.0378647
29350.0 -0.0381650
29450.0 -0.0384658
29550.0 -0.0387670
29650.0 -0.0390688
29750.0 -0.0393710
29850.0 -0.0396738
29950.0 -0.0399772
