50.0000 -0.000910769
150.000 -0.000736435
250.000 -0.000433778
350.000 -0.000139332
450.000 5.83795e-05
550.000 0.000129578
650.000 9.97433e-05
750.000 0.00000
850.000 -0.000193447
950.000 -0.000478361
1050.00 -0.000797619
1150.00 -0.00116792
1250.00 -0.00159473
1350.00 -0.00204959
1450.00 -0.00251513
1550.00 -0.00305065
1650.00 -0.00361577
1750.00 -0.00417766
1850.00 -0.00476052
1950.00 -0.00537490
2050.00 -0.00601067
2150.00 -0.00662971
2250.00 -0.00720274
2350.00 -0.00784052
2450.00 -0.00844428
2550.00 -0.00906074
2650.00 -0.00969642
2750.00 -0.0103050
2850.00 -0.0109109
2950.00 -0.0114502
3050.00 -0.0118976
3150.00 -0.0124211
3250.00 -0.0129241
3350.00 -0.0133791
3450.00 -0.0138153
3550.00 -0.0141895
3650.00 -0.0145061
3750.00 -0.0148108
3850.00 -0.0150861
3950.00 -0.0153327
4050.00 -0.0155335
4150.00 -0.0156826
4250.00 -0.0157864
4350.00 -0.0158675
4450.00 -0.0159035
4550.00 -0.0159105
4650.00 -0.0158740
4750.00 -0.0158090
4850.00 -0.0157171
4950.00 -0.0156001
5050.00 -0.0154430
5150.00 -0.0152516
5250.00 -0.0150614
5350.00 -0.0148639
5450.00 -0.0146412
5550.00 -0.0143957
5650.00 -0.0141351
5750.00 -0.0138672
5850.00 -0.0136048
5950.00 -0.0133531
6050.00 -0.0131176
6150.00 -0.0128764
6250.00 -0.0126247
6350.00 -0.0123912
6450.00 -0.0121706
6550.00 -0.0119715
6650.00 -0.0118014
6750.00 -0.0116497
6850.00 -0.0115061
6950.00 -0.0113928
7050.00 -0.0112978
7150.00 -0.0112378
7250.00 -0.0112018
7350.00 -0.0111841
7450.00 -0.0111968
7550.00 -0.0112316
7650.00 -0.0112908
7750.00 -0.0113881
7850.00 -0.0114869
7950.00 -0.0116112
8050.00 -0.0117635
8150.00 -0.0119229
8250.00 -0.0121035
8350.00 -0.0122950
8450.00 -0.0124859
8550.00 -0.0126898
8650.00 -0.0129110
8750.00 -0.0131299
8850.00 -0.0133486
8950.00 -0.0135548
9050.00 -0.0137544
9150.00 -0.0139492
9250.00 -0.0141390
9350.00 -0.0143229
9450.00 -0.0144867
9550.00 -0.0146262
9650.00 -0.0147345
9750.00 -0.0148362
9850.00 -0.0149159
9950.00 -0.0149713
10050.0 -0.0150003
10150.0 -0.0150073
10250.0 -0.0149826
10350.0 -0.0149443
10450.0 -0.0148804
10550.0 -0.0147856
10650.0 -0.0146735
10750.0 -0.0145357
10850.0 -0.0143831
10950.0 -0.0142155
11050.0 -0.0140277
11150.0 -0.0138222
11250.0 -0.0136180
11350.0 -0.0133992
11450.0 -0.0131765
11550.0 -0.0129595
11650.0 -0.0127223
11750.0 -0.0124947
11850.0 -0.0122711
11950.0 -0.0120684
12050.0 -0.0118828
12150.0 -0.0116979
12250.0 -0.0115326
12350.0 -0.0113874
12450.0 -0.0112601
12550.0 -0.0111640
12650.0 -0.0110825
12750.0 -0.0110308
12850.0 -0.0110068
12950.0 -0.0110151
13050.0 -0.0110488
13150.0 -0.0111121
13250.0 -0.0112080
13350.0 -0.0113218
13450.0 -0.0114600
13550.0 -0.0116264
13650.0 -0.0118295
13750.0 -0.0120373
13850.0 -0.0122832
13950.0 -0.0125301
14050.0 -0.0127917
14150.0 -0.0130775
14250.0 -0.0133582
14350.0 -0.0136591
14450.0 -0.0139606
14550.0 -0.0142409
14650.0 -0.0145136
14750.0 -0.0147954
14850.0 -0.0150613
14950.0 -0.0153206
15050.0 -0.0155369
15150.0 -0.0157263
15250.0 -0.0158863
15350.0 -0.0160294
15450.0 -0.0161377
15550.0 -0.0162074
15650.0 -0.0162314
15750.0 -0.0162283
15850.0 -0.0161689
15950.0 -0.0160628
16050.0 -0.0159251
16150.0 -0.0157213
16250.0 -0.0154957
16350.0 -0.0152345
16450.0 -0.0149230
16550.0 -0.0145662
16650.0 -0.0141515
16750.0 -0.0137355
16850.0 -0.0132668
16950.0 -0.0128115
17050.0 -0.0123308
17150.0 -0.0117841
17250.0 -0.0112536
17350.0 -0.0107483
17450.0 -0.0102222
17550.0 -0.00974735
17650.0 -0.00924507
17750.0 -0.00875042
17850.0 -0.00833786
17950.0 -0.00794389
18050.0 -0.00759938
18150.0 -0.00739042
18250.0 -0.00710315
18350.0 -0.00694849
18450.0 -0.00690714
18550.0 -0.00693863
18650.0 -0.00703827
18750.0 -0.00730277
18850.0 -0.00750511
18950.0 -0.00796294
19050.0 -0.00848475
19150.0 -0.00916454
19250.0 -0.00990823
19350.0 -0.0107807
19450.0 -0.0116762
19550.0 -0.0127787
19650.0 -0.0139235
19750.0 -0.0151933
19850.0 -0.0164649
19950.0 -0.0178375
20050.0 -0.0192673
20150.0 -0.0208009
20250.0 -0.0223351
20350.0 -0.0235732
20450.0 -0.0249616
20550.0 -0.0260921
20650.0 -0.0273999
20750.0 -0.0284863
20850.0 -0.0295095
20950.0 -0.0298236
21050.0 -0.0305209
21150.0 -0.0325525
21250.0 -0.0337702
21350.0 -0.0349908
21450.0 -0.0362142
21550.0 -0.0374404
21650.0 -0.0386695
21750.0 -0.0399014
21850.0 -0.0411360
21950.0 -0.0423735
22050.0 -0.0436137
22150.0 -0.0448567
22250.0 -0.0461025
22350.0 -0.0473511
22450.0 -0.0486025
22550.0 -0.0498565
22650.0 -0.0511134
22750.0 -0.0523729
22850.0 -0.0536353
22950.0 -0.0549003
23050.0 -0.0561680
23150.0 -0.0574385
23250.0 -0.0587116
23350.0 -0.0599874
23450.0 -0.0612659
23550.0 -0.0625472
23650.0 -0.0638310
23750.0 -0.0651175
23850.0 -0.0664067
23950.0 -0.0676986
24050.0 -0.0689931
24150.0 -0.0702902
24250.0 -0.0715900
24350.0 -0.0728923
24450.0 -0.0741973
24550.0 -0.0755049
24650.0 -0.0768152
24750.0 -0.0781279
24850.0 -0.0794433
24950.0 -0.0807612
25050.0 -0.0820818
25150.0 -0.0834049
25250.0 -0.0847306
25350.0 -0.0860588
25450.0 -0.0873895
25550.0 -0.0887228
25650.0 -0.0900587
25750.0 -0.0913970
25850.0 -0.0927379
25950.0 -0.0940813
26050.0 -0.0954271
26150.0 -0.0967755
26250.0 -0.0981264
26350.0 -0.0994798
26450.0 -0.100836
26550.0 -0.102194
26650.0 -0.103555
26750.0 -0.104918
26850.0 -0.106284
26950.0 -0.107652
27050.0 -0.109022
27150.0 -0.110395
27250.0 -0.111771
27350.0 -0.113149
27450.0 -0.114529
27550.0 -0.115912
27650.0 -0.117297
27750.0 -0.118684
27850.0 -0.120074
27950.0 -0.121466
28050.0 -0.122861
28150.0 -0.124258
28250.0 -0.125657
28350.0 -0.127059
28450.0 -0.128463
28550.0 -0.129869
28650.0 -0.131278
28750.0 -0.132689
28850.0 -0.134103
28950.0 -0.135518
29050.0 -0.136936
29150.0 -0.138357
29250.0 -0.139779
29350.0 -0.141204
29450.0 -0.142631
29550.0 -0.144061
29650.0 -0.145493
29750.0 -0.146927
29850.0 -0.148363
29950.0 -0.149801
