50.0000 -0.0269438
150.000 -0.0220644
250.000 -0.0145424
350.000 -0.00850614
450.000 -0.00498843
550.000 -0.00317594
650.000 -0.00131904
750.000 0.00000
850.000 0.000994443
950.000 0.00167632
1050.00 0.00224552
1150.00 0.00297290
1250.00 0.00348096
1350.00 0.00393349
1450.00 0.00430313
1550.00 0.00463327
1650.00 0.00488715
1750.00 0.00504730
1850.00 0.00518310
1950.00 0.00525938
2050.00 0.00535495
2150.00 0.00542614
2250.00 0.00544554
2350.00 0.00542088
2450.00 0.00538475
2550.00 0.00530466
2650.00 0.00520379
2750.00 0.00506479
2850.00 0.00491083
2950.00 0.00475755
3050.00 0.00463115
3150.00 0.00446143
3250.00 0.00426982
3350.00 0.00407426
3450.00 0.00388140
3550.00 0.00371273
3650.00 0.00355994
3750.00 0.00339391
3850.00 0.00322454
3950.00 0.00308170
4050.00 0.00294524
4150.00 0.00280596
4250.00 0.00268877
4350.00 0.00260641
4450.00 0.00253466
4550.00 0.00247945
4650.00 0.00240956
4750.00 0.00235338
4850.00 0.00234442
4950.00 0.00235002
5050.00 0.00236965
5150.00 0.00240077
5250.00 0.00243942
5350.00 0.00247605
5450.00 0.00254111
5550.00 0.00260496
5650.00 0.00270804
5750.00 0.00280954
5850.00 0.00291051
5950.00 0.00301472
6050.00 0.00310835
6150.00 0.00320621
6250.00 0.00332645
6350.00 0.00344082
6450.00 0.00355773
6550.00 0.00366160
6650.00 0.00377838
6750.00 0.00384761
6850.00 0.00394216
6950.00 0.00402708
7050.00 0.00409948
7150.00 0.00417051
7250.00 0.00423019
7350.00 0.00425696
7450.00 0.00428081
7550.00 0.00429130
7650.00 0.00430773
7750.00 0.00432447
7850.00 0.00429576
7950.00 0.00421375
8050.00 0.00415555
8150.00 0.00412035
8250.00 0.00408439
8350.00 0.00403019
8450.00 0.00393830
8550.00 0.00382633
8650.00 0.00371354
8750.00 0.00361102
8850.00 0.00353983
8950.00 0.00344989
9050.00 0.00337252
9150.00 0.00325793
9250.00 0.00314882
9350.00 0.00305662
9450.00 0.00295442
9550.00 0.00285079
9650.00 0.00277873
9750.00 0.00274304
9850.00 0.00269457
9950.00 0.00262683
10050.0 0.00258110
10150.0 0.00259606
10250.0 0.00258205
10350.0 0.00257074
10450.0 0.00259607
10550.0 0.00259180
10650.0 0.00261504
10750.0 0.00266021
10850.0 0.00270835
10950.0 0.00276745
11050.0 0.00283539
11150.0 0.00292565
11250.0 0.00300821
11350.0 0.00309991
11450.0 0.00317916
11550.0 0.00327073
11650.0 0.00339064
11750.0 0.00350312
11850.0 0.00363964
11950.0 0.00376647
12050.0 0.00386467
12150.0 0.00395776
12250.0 0.00402949
12350.0 0.00414870
12450.0 0.00422450
12550.0 0.00431097
12650.0 0.00437045
12750.0 0.00439770
12850.0 0.00439304
12950.0 0.00442248
13050.0 0.00446614
13150.0 0.00445660
13250.0 0.00448057
13350.0 0.00442767
13450.0 0.00437194
13550.0 0.00428583
13650.0 0.00421598
13750.0 0.00418313
13850.0 0.00408599
13950.0 0.00391557
14050.0 0.00381665
14150.0 0.00372504
14250.0 0.00364620
14350.0 0.00345291
14450.0 0.00326118
14550.0 0.00310356
14650.0 0.00299654
14750.0 0.00291480
14850.0 0.00276774
14950.0 0.00253658
15050.0 0.00240582
15150.0 0.00231204
15250.0 0.00214814
15350.0 0.00203384
15450.0 0.00191568
15550.0 0.00189614
15650.0 0.00191242
15750.0 0.00189723
15850.0 0.00179825
15950.0 0.00179375
16050.0 0.00181749
16150.0 0.00190885
16250.0 0.00196015
16350.0 0.00207103
16450.0 0.00227251
16550.0 0.00237583
16650.0 0.00250666
16750.0 0.00280427
16850.0 0.00306563
16950.0 0.00316075
17050.0 0.00330412
17150.0 0.00354733
17250.0 0.00374754
17350.0 0.00393113
17450.0 0.00427414
17550.0 0.00474728
17650.0 0.00502334
17750.0 0.00512210
17850.0 0.00536092
17950.0 0.00549977
18050.0 0.00572056
18150.0 0.00599206
18250.0 0.00648696
18350.0 0.00678185
18450.0 0.00662720
18550.0 0.00647904
18650.0 0.00647417
18750.0 0.00672930
18850.0 0.00680312
18950.0 0.00694718
19050.0 0.00680335
19150.0 0.00629576
19250.0 0.00578498
19350.0 0.00566429
19450.0 0.00563967
19550.0 0.00529440
19650.0 0.00447698
19750.0 0.00398305
19850.0 0.00363167
19950.0 0.00338011
20050.0 0.00282530
20150.0 0.00181476
20250.0 0.000688505
20350.0 0.000463061
20450.0 3.76951e-05
20550.0 -0.000501520
20650.0 -0.00127230
20750.0 -0.00187385
20850.0 -0.00210590
20950.0 -0.00281259
21050.0 -0.00380607
21150.0 -0.00325364
21250.0 -0.00375983
21350.0 -0.00426724
21450.0 -0.00477585
21550.0 -0.00528563
21650.0 -0.00579660
21750.0 -0.00630876
21850.0 -0.00682208
21950.0 -0.00733659
22050.0 -0.00785221
22150.0 -0.00836909
22250.0 -0.00888712
22350.0 -0.00940618
22450.0 -0.00992657
22550.0 -0.0104481
22650.0 -0.0109707
22750.0 -0.0114945
22850.0 -0.0120195
22950.0 -0.0125456
23050.0 -0.0130729
23150.0 -0.0136012
23250.0 -0.0141307
23350.0 -0.0146614
23450.0 -0.0151932
23550.0 -0.0157262
23650.0 -0.0162602
23750.0 -0.0167954
23850.0 -0.0173317
23950.0 -0.0178692
24050.0 -0.0184077
24150.0 -0.0189474
24250.0 -0.0194882
24350.0 -0.0200302
24450.0 -0.0205732
24550.0 -0.0211174
24650.0 -0.0216625
24750.0 -0.0222089
24850.0 -0.0227563
24950.0 -0.0233049
25050.0 -0.0238545
25150.0 -0.0244052
25250.0 -0.0249571
25350.0 -0.0255099
25450.0 -0.0260640
25550.0 -0.0266191
25650.0 -0.0271752
25750.0 -0.0277325
25850.0 -0.0282909
25950.0 -0.0288502
26050.0 -0.0294107
26150.0 -0.0299722
26250.0 -0.0305349
26350.0 -0.0310986
26450.0 -0.0316633
26550.0 -0.0322292
26650.0 -0.0327960
26750.0 -0.0333639
26850.0 -0.0339330
26950.0 -0.0345030
27050.0 -0.0350741
27150.0 -0.0356463
27250.0 -0.0362195
27350.0 -0.0367937
27450.0 -0.0373691
27550.0 -0.0379454
27650.0 -0.0385229
27750.0 -0.0391012
27850.0 -0.0396807
27950.0 -0.0402612
28050.0 -0.0408426
28150.0 -0.0414253
28250.0 -0.0420088
28350.0 -0.0425934
28450.0 -0.0431791
28550.0 -0.0437657
28650.0 -0.0443534
28750.0 -0.0449421
28850.0 -0.0455318
28950.0 -0.0461225
29050.0 -0.0467143
29150.0 -0.0473070
29250.0 -0.0479008
29350.0 -0.0484955
29450.0 -0.0490913
29550.0 -0.0496881
29650.0 -0.0502859
29750.0 -0.0508847
29850.0 -0.0514844
29950.0 -0.0520852
