50.0000 -0.00433041
150.000 -0.00267400
250.000 -0.000760015
350.000 -0.000183390
450.000 -0.000483678
550.000 -0.000424817
650.000 -0.000164365
750.000 0.00000
850.000 0.000199031
950.000 0.000200324
1050.00 0.000215928
1150.00 0.000315707
1250.00 0.000342893
1350.00 0.000404978
1450.00 0.000414066
1550.00 0.000415019
1650.00 0.000446994
1750.00 0.000472639
1850.00 0.000480046
1950.00 0.000483667
2050.00 0.000489365
2150.00 0.000506302
2250.00 0.000527636
2350.00 0.000517038
2450.00 0.000521602
2550.00 0.000518754
2650.00 0.000530894
2750.00 0.000540098
2850.00 0.000537765
2950.00 0.000529965
3050.00 0.000538906
3150.00 0.000538274
3250.00 0.000541688
3350.00 0.000536232
3450.00 0.000531404
3550.00 0.000531022
3650.00 0.000529829
3750.00 0.000531735
3850.00 0.000525080
3950.00 0.000519956
4050.00 0.000520785
4150.00 0.000520743
4250.00 0.000510348
4350.00 0.000509140
4450.00 0.000503468
4550.00 0.000504399
4650.00 0.000502399
4750.00 0.000497836
4850.00 0.000494095
4950.00 0.000491306
5050.00 0.000492059
5150.00 0.000492395
5250.00 0.000488477
5350.00 0.000485652
5450.00 0.000488489
5550.00 0.000488420
5650.00 0.000490809
5750.00 0.000489302
5850.00 0.000487333
5950.00 0.000489406
6050.00 0.000491457
6150.00 0.000493367
6250.00 0.000493715
6350.00 0.000494557
6450.00 0.000499451
6550.00 0.000501474
6650.00 0.000502039
6750.00 0.000502415
6850.00 0.000503349
6950.00 0.000507389
7050.00 0.000510375
7150.00 0.000509647
7250.00 0.000511803
7350.00 0.000511017
7450.00 0.000515317
7550.00 0.000517650
7650.00 0.000515993
7750.00 0.000515671
7850.00 0.000517862
7950.00 0.000517967
8050.00 0.000518742
8150.00 0.000516625
8250.00 0.000514770
8350.00 0.000518337
8450.00 0.000517534
8550.00 0.000518554
8650.00 0.000515750
8750.00 0.000513573
8850.00 0.000513031
8950.00 0.000512737
9050.00 0.000510765
9150.00 0.000507885
9250.00 0.000506823
9350.00 0.000507803
9450.00 0.000507063
9550.00 0.000502777
9650.00 0.000500399
9750.00 0.000499695
9850.00 0.000499199
9950.00 0.000498271
10050.0 0.000494995
10150.0 0.000493355
10250.0 0.000494499
10350.0 0.000492622
10450.0 0.000493890
10550.0 0.000491090
10650.0 0.000490649
10750.0 0.000492723
10850.0 0.000495096
10950.0 0.000491428
11050.0 0.000493934
11150.0 0.000493867
11250.0 0.000496615
11350.0 0.000498717
11450.0 0.000497098
11550.0 0.000499726
11650.0 0.000498506
11750.0 0.000501087
11850.0 0.000504690
11950.0 0.000505009
12050.0 0.000506149
12150.0 0.000509266
12250.0 0.000511697
12350.0 0.000514532
12450.0 0.000512029
12550.0 0.000512286
12650.0 0.000517361
12750.0 0.000516720
12850.0 0.000521797
12950.0 0.000518811
13050.0 0.000514641
13150.0 0.000517123
13250.0 0.000521757
13350.0 0.000518716
13450.0 0.000520216
13550.0 0.000518701
13650.0 0.000519220
13750.0 0.000519404
13850.0 0.000516737
13950.0 0.000515949
14050.0 0.000513561
14150.0 0.000514333
14250.0 0.000513761
14350.0 0.000509184
14450.0 0.000506121
14550.0 0.000504835
14650.0 0.000504729
14750.0 0.000504035
14850.0 0.000499986
14950.0 0.000494313
15050.0 0.000494697
15150.0 0.000492296
15250.0 0.000492627
15350.0 0.000487637
15450.0 0.000484705
15550.0 0.000488381
15650.0 0.000491259
15750.0 0.000484154
15850.0 0.000487221
15950.0 0.000483512
16050.0 0.000483683
16150.0 0.000488026
16250.0 0.000489588
16350.0 0.000485427
16450.0 0.000487396
16550.0 0.000492172
16650.0 0.000496786
16750.0 0.000493970
16850.0 0.000488141
16950.0 0.000495529
17050.0 0.000489771
17150.0 0.000497077
17250.0 0.000500581
17350.0 0.000503126
17450.0 0.000511883
17550.0 0.000512282
17650.0 0.000520847
17750.0 0.000520331
17850.0 0.000522712
17950.0 0.000538722
18050.0 0.000548692
18150.0 0.000531271
18250.0 0.000539070
18350.0 0.000535174
18450.0 0.000543871
18550.0 0.000552523
18650.0 0.000545669
18750.0 0.000544659
18850.0 0.000534333
18950.0 0.000538181
19050.0 0.000547589
19150.0 0.000546462
19250.0 0.000537473
19350.0 0.000545651
19450.0 0.000546296
19550.0 0.000550814
19650.0 0.000546326
19750.0 0.000529120
19850.0 0.000520446
19950.0 0.000517009
20050.0 0.000500013
20150.0 0.000517935
20250.0 0.000506538
20350.0 0.000486692
20450.0 0.000474650
20550.0 0.000465798
20650.0 0.000452327
20750.0 0.000436895
20850.0 0.000402749
20950.0 0.000389237
21050.0 0.000385231
21150.0 0.000425250
21250.0 0.000418498
21350.0 0.000411676
21450.0 0.000404883
21550.0 0.000398023
21650.0 0.000391194
21750.0 0.000384315
21850.0 0.000377449
21950.0 0.000370552
22050.0 0.000363662
22150.0 0.000356718
22250.0 0.000349772
22350.0 0.000342825
22450.0 0.000335842
22550.0 0.000328869
22650.0 0.000321856
22750.0 0.000314839
22850.0 0.000307803
22950.0 0.000300741
23050.0 0.000293698
23150.0 0.000286598
23250.0 0.000279518
23350.0 0.000272382
23450.0 0.000265290
23550.0 0.000258120
23650.0 0.000250968
23750.0 0.000243799
23850.0 0.000236623
23950.0 0.000229416
24050.0 0.000222209
24150.0 0.000214962
24250.0 0.000207717
24350.0 0.000200455
24450.0 0.000193172
24550.0 0.000185898
24650.0 0.000178570
24750.0 0.000171255
24850.0 0.000163898
24950.0 0.000156563
25050.0 0.000149204
25150.0 0.000141822
25250.0 0.000134411
25350.0 0.000127011
25450.0 0.000119591
25550.0 0.000112145
25650.0 0.000104679
25750.0 9.72189e-05
25850.0 8.97430e-05
25950.0 8.22421e-05
26050.0 7.47520e-05
26150.0 6.72266e-05
26250.0 5.96614e-05
26350.0 5.21094e-05
26450.0 4.45289e-05
26550.0 3.69689e-05
26650.0 2.93517e-05
26750.0 2.17347e-05
26850.0 1.41199e-05
26950.0 6.48093e-06
27050.0 -1.17338e-06
27150.0 -8.86337e-06
27250.0 -1.65395e-05
27350.0 -2.42313e-05
27450.0 -3.19214e-05
27550.0 -3.96586e-05
27650.0 -4.74071e-05
27750.0 -5.51639e-05
27850.0 -6.29309e-05
27950.0 -7.06961e-05
28050.0 -7.85151e-05
28150.0 -8.63255e-05
28250.0 -9.41516e-05
28350.0 -0.000101952
28450.0 -0.000109818
28550.0 -0.000117667
28650.0 -0.000125552
28750.0 -0.000133448
28850.0 -0.000141366
28950.0 -0.000149282
29050.0 -0.000157218
29150.0 -0.000165178
29250.0 -0.000173112
29350.0 -0.000181100
29450.0 -0.000189073
29550.0 -0.000197109
29650.0 -0.000205112
29750.0 -0.000213147
29850.0 -0.000221173
29950.0 -0.000229244
