50.0000 -0.0270089
150.000 -0.0221198
250.000 -0.0145769
350.000 -0.00851824
450.000 -0.00498883
550.000 -0.00317351
650.000 -0.00132009
750.000 0.00000
850.000 0.00100352
950.000 0.00169119
1050.00 0.00225936
1150.00 0.00298661
1250.00 0.00349787
1350.00 0.00395542
1450.00 0.00432564
1550.00 0.00465317
1650.00 0.00490640
1750.00 0.00506896
1850.00 0.00520656
1950.00 0.00528304
2050.00 0.00537684
2150.00 0.00544753
2250.00 0.00546813
2350.00 0.00544204
2450.00 0.00540347
2550.00 0.00532177
2650.00 0.00521916
2750.00 0.00508309
2850.00 0.00492673
2950.00 0.00476885
3050.00 0.00463958
3150.00 0.00446901
3250.00 0.00427888
3350.00 0.00408150
3450.00 0.00388466
3550.00 0.00371102
3650.00 0.00355617
3750.00 0.00339058
3850.00 0.00321917
3950.00 0.00307380
4050.00 0.00293360
4150.00 0.00279190
4250.00 0.00267233
4350.00 0.00259080
4450.00 0.00251849
4550.00 0.00246191
4650.00 0.00239262
4750.00 0.00233783
4850.00 0.00233085
4950.00 0.00233951
5050.00 0.00235965
5150.00 0.00239237
5250.00 0.00243618
5350.00 0.00247213
5450.00 0.00254164
5550.00 0.00260999
5650.00 0.00271600
5750.00 0.00282108
5850.00 0.00292701
5950.00 0.00303580
6050.00 0.00313260
6150.00 0.00323529
6250.00 0.00335900
6350.00 0.00347363
6450.00 0.00358907
6550.00 0.00369805
6650.00 0.00382098
6750.00 0.00389049
6850.00 0.00398417
6950.00 0.00406804
7050.00 0.00414035
7150.00 0.00421390
7250.00 0.00427493
7350.00 0.00430062
7450.00 0.00432213
7550.00 0.00433162
7650.00 0.00434597
7750.00 0.00436119
7850.00 0.00432757
7950.00 0.00423974
8050.00 0.00417361
8150.00 0.00413254
8250.00 0.00409512
8350.00 0.00403423
8450.00 0.00393996
8550.00 0.00382448
8650.00 0.00371064
8750.00 0.00360502
8850.00 0.00352983
8950.00 0.00344013
9050.00 0.00335476
9150.00 0.00323431
9250.00 0.00312453
9350.00 0.00303137
9450.00 0.00292625
9550.00 0.00282274
9650.00 0.00274704
9750.00 0.00271268
9850.00 0.00266308
9950.00 0.00259445
10050.0 0.00255137
10150.0 0.00256969
10250.0 0.00254981
10350.0 0.00253912
10450.0 0.00256823
10550.0 0.00257248
10650.0 0.00260223
10750.0 0.00265059
10850.0 0.00270323
10950.0 0.00276609
11050.0 0.00283567
11150.0 0.00292663
11250.0 0.00301495
11350.0 0.00312320
11450.0 0.00321295
11550.0 0.00330655
11650.0 0.00344617
11750.0 0.00356711
11850.0 0.00370504
11950.0 0.00383347
12050.0 0.00393339
12150.0 0.00403859
12250.0 0.00411060
12350.0 0.00423426
12450.0 0.00431931
12550.0 0.00441182
12650.0 0.00447256
12750.0 0.00450665
12850.0 0.00448935
12950.0 0.00452398
13050.0 0.00457599
13150.0 0.00455925
13250.0 0.00454639
13350.0 0.00449033
13450.0 0.00443235
13550.0 0.00433551
13650.0 0.00425581
13750.0 0.00419262
13850.0 0.00407029
13950.0 0.00389426
14050.0 0.00379888
14150.0 0.00369060
14250.0 0.00359266
14350.0 0.00337346
14450.0 0.00317216
14550.0 0.00303670
14650.0 0.00291472
14750.0 0.00281160
14850.0 0.00265459
14950.0 0.00239707
15050.0 0.00225693
15150.0 0.00215791
15250.0 0.00195621
15350.0 0.00182679
15450.0 0.00170503
15550.0 0.00172951
15650.0 0.00174206
15750.0 0.00171439
15850.0 0.00162565
15950.0 0.00165468
16050.0 0.00168475
16150.0 0.00175808
16250.0 0.00183993
16350.0 0.00205703
16450.0 0.00223601
16550.0 0.00229294
16650.0 0.00239095
16750.0 0.00279445
16850.0 0.00318223
16950.0 0.00332878
17050.0 0.00344441
17150.0 0.00377617
17250.0 0.00402581
17350.0 0.00428965
17450.0 0.00471464
17550.0 0.00517401
17650.0 0.00541964
17750.0 0.00558818
17850.0 0.00591315
17950.0 0.00608876
18050.0 0.00629300
18150.0 0.00665521
18250.0 0.00726337
18350.0 0.00754204
18450.0 0.00749298
18550.0 0.00747443
18650.0 0.00747418
18750.0 0.00754523
18850.0 0.00756103
18950.0 0.00761701
19050.0 0.00751895
19150.0 0.00697740
19250.0 0.00640590
19350.0 0.00622314
19450.0 0.00595446
19550.0 0.00531898
19650.0 0.00434924
19750.0 0.00387039
19850.0 0.00333425
19950.0 0.00269845
20050.0 0.00170039
20150.0 -0.000341869
20250.0 -0.00202805
20350.0 -0.00237850
20450.0 -0.00374582
20550.0 -0.00476328
20650.0 -0.00687677
20750.0 -0.00817110
20850.0 -0.00894002
20950.0 -0.00982466
21050.0 -0.0131161
21150.0 -0.00939745
21250.0 -0.0102764
21350.0 -0.0111574
21450.0 -0.0120403
21550.0 -0.0129254
21650.0 -0.0138126
21750.0 -0.0147017
21850.0 -0.0155930
21950.0 -0.0164863
22050.0 -0.0173815
22150.0 -0.0182788
22250.0 -0.0191782
22350.0 -0.0200795
22450.0 -0.0209829
22550.0 -0.0218883
22650.0 -0.0227956
22750.0 -0.0237050
22850.0 -0.0246163
22950.0 -0.0255296
23050.0 -0.0264450
23150.0 -0.0273622
23250.0 -0.0282816
23350.0 -0.0292028
23450.0 -0.0301260
23550.0 -0.0310511
23650.0 -0.0319783
23750.0 -0.0329073
23850.0 -0.0338383
23950.0 -0.0347713
24050.0 -0.0357062
24150.0 -0.0366429
24250.0 -0.0375816
24350.0 -0.0385223
24450.0 -0.0394649
24550.0 -0.0404093
24650.0 -0.0413557
24750.0 -0.0423040
24850.0 -0.0432542
24950.0 -0.0442063
25050.0 -0.0451602
25150.0 -0.0461161
25250.0 -0.0470739
25350.0 -0.0480335
25450.0 -0.0489950
25550.0 -0.0499584
25650.0 -0.0509235
25750.0 -0.0518906
25850.0 -0.0528595
25950.0 -0.0538304
26050.0 -0.0548030
26150.0 -0.0557774
26250.0 -0.0567537
26350.0 -0.0577319
26450.0 -0.0587119
26550.0 -0.0596937
26650.0 -0.0606773
26750.0 -0.0616627
26850.0 -0.0626500
26950.0 -0.0636391
27050.0 -0.0646300
27150.0 -0.0656226
27250.0 -0.0666171
27350.0 -0.0676134
27450.0 -0.0686114
27550.0 -0.0696112
27650.0 -0.0706128
27750.0 -0.0716162
27850.0 -0.0726214
27950.0 -0.0736284
28050.0 -0.0746371
28150.0 -0.0756475
28250.0 -0.0766598
28350.0 -0.0776737
28450.0 -0.0786894
28550.0 -0.0797069
28650.0 -0.0807262
28750.0 -0.0817471
28850.0 -0.0827698
28950.0 -0.0837942
29050.0 -0.0848204
29150.0 -0.0858482
29250.0 -0.0868778
29350.0 -0.0879092
29450.0 -0.0889421
29550.0 -0.0899768
29650.0 -0.0910133
29750.0 -0.0920514
29850.0 -0.0930913
29950.0 -0.0941327
