50.0000 0.00965605
150.000 0.00792997
250.000 0.00525039
350.000 0.00308349
450.000 0.00181366
550.000 0.00115590
650.000 0.000482665
750.000 0.00000
850.000 -0.000370708
950.000 -0.000629398
1050.00 -0.000845002
1150.00 -0.00111926
1250.00 -0.00131692
1350.00 -0.00149556
1450.00 -0.00164269
1550.00 -0.00177603
1650.00 -0.00188320
1750.00 -0.00195726
1850.00 -0.00202298
1950.00 -0.00206713
2050.00 -0.00211820
2150.00 -0.00216034
2250.00 -0.00218310
2350.00 -0.00219060
2450.00 -0.00219262
2550.00 -0.00217925
2650.00 -0.00215892
2750.00 -0.00212559
2850.00 -0.00208488
2950.00 -0.00204191
3050.00 -0.00200679
3150.00 -0.00195869
3250.00 -0.00190312
3350.00 -0.00184379
3450.00 -0.00178397
3550.00 -0.00173087
3650.00 -0.00168317
3750.00 -0.00163133
3850.00 -0.00157650
3950.00 -0.00153044
4050.00 -0.00148514
4150.00 -0.00143797
4250.00 -0.00139749
4350.00 -0.00137029
4450.00 -0.00134513
4550.00 -0.00132481
4650.00 -0.00129891
4750.00 -0.00127739
4850.00 -0.00127247
4950.00 -0.00127262
5050.00 -0.00127597
5150.00 -0.00128262
5250.00 -0.00129335
5350.00 -0.00130118
5450.00 -0.00132040
5550.00 -0.00133860
5650.00 -0.00136989
5750.00 -0.00140058
5850.00 -0.00143173
5950.00 -0.00146420
6050.00 -0.00149288
6150.00 -0.00152342
6250.00 -0.00156125
6350.00 -0.00159635
6450.00 -0.00163220
6550.00 -0.00166607
6650.00 -0.00170575
6750.00 -0.00172676
6850.00 -0.00175672
6950.00 -0.00178372
7050.00 -0.00180725
7150.00 -0.00183216
7250.00 -0.00185326
7350.00 -0.00186206
7450.00 -0.00187025
7550.00 -0.00187461
7650.00 -0.00188149
7750.00 -0.00188955
7850.00 -0.00187999
7950.00 -0.00185156
8050.00 -0.00183215
8150.00 -0.00182157
8250.00 -0.00181303
8350.00 -0.00179631
8450.00 -0.00176740
8550.00 -0.00173154
8650.00 -0.00169632
8750.00 -0.00166439
8850.00 -0.00164319
8950.00 -0.00161677
9050.00 -0.00159144
9150.00 -0.00155324
9250.00 -0.00151890
9350.00 -0.00149057
9450.00 -0.00145727
9550.00 -0.00142375
9650.00 -0.00139949
9750.00 -0.00138980
9850.00 -0.00137435
9950.00 -0.00135119
10050.0 -0.00133631
10150.0 -0.00134311
10250.0 -0.00133551
10350.0 -0.00133064
10450.0 -0.00133912
10550.0 -0.00133822
10650.0 -0.00134569
10750.0 -0.00135933
10850.0 -0.00137416
10950.0 -0.00139208
11050.0 -0.00141205
11150.0 -0.00143890
11250.0 -0.00146494
11350.0 -0.00149747
11450.0 -0.00152359
11550.0 -0.00155130
11650.0 -0.00159467
11750.0 -0.00163190
11850.0 -0.00167518
11950.0 -0.00171560
12050.0 -0.00174632
12150.0 -0.00177867
12250.0 -0.00179973
12350.0 -0.00184004
12450.0 -0.00186704
12550.0 -0.00189744
12650.0 -0.00191696
12750.0 -0.00192727
12850.0 -0.00192055
12950.0 -0.00193312
13050.0 -0.00195272
13150.0 -0.00194835
13250.0 -0.00194659
13350.0 -0.00192941
13450.0 -0.00191258
13550.0 -0.00188256
13650.0 -0.00185987
13750.0 -0.00184331
13850.0 -0.00180642
13950.0 -0.00175016
14050.0 -0.00172381
14150.0 -0.00169368
14250.0 -0.00166697
14350.0 -0.00159710
14450.0 -0.00153355
14550.0 -0.00149361
14650.0 -0.00145806
14750.0 -0.00143000
14850.0 -0.00138171
14950.0 -0.00129667
15050.0 -0.00125307
15150.0 -0.00122361
15250.0 -0.00115604
15350.0 -0.00111389
15450.0 -0.00107372
15550.0 -0.00108513
15650.0 -0.00109057
15750.0 -0.00108105
15850.0 -0.00104716
15950.0 -0.00105436
16050.0 -0.00106100
16150.0 -0.00108113
16250.0 -0.00110369
16350.0 -0.00117367
16450.0 -0.00122835
16550.0 -0.00123738
16650.0 -0.00125885
16750.0 -0.00139104
16850.0 -0.00151544
16950.0 -0.00155326
17050.0 -0.00157886
17150.0 -0.00168021
17250.0 -0.00175213
17350.0 -0.00182988
17450.0 -0.00196543
17550.0 -0.00211461
17650.0 -0.00218662
17750.0 -0.00223047
17850.0 -0.00233247
17950.0 -0.00238143
18050.0 -0.00244301
18150.0 -0.00256458
18250.0 -0.00277630
18350.0 -0.00287153
18450.0 -0.00285076
18550.0 -0.00284352
18650.0 -0.00284695
18750.0 -0.00287891
18850.0 -0.00289487
18950.0 -0.00292988
19050.0 -0.00291286
19150.0 -0.00274049
19250.0 -0.00255989
19350.0 -0.00252449
19450.0 -0.00246093
19550.0 -0.00227211
19650.0 -0.00196443
19750.0 -0.00183894
19850.0 -0.00169490
19950.0 -0.00152069
20050.0 -0.00121600
20150.0 -0.000540109
20250.0 6.53565e-06
20350.0 7.22288e-05
20450.0 0.000498660
20550.0 0.000810321
20650.0 0.00151211
20750.0 0.00191238
20850.0 0.00212949
20950.0 0.00241594
21050.0 0.00354653
21150.0 0.00223461
21250.0 0.00250199
21350.0 0.00276991
21450.0 0.00303841
21550.0 0.00330741
21650.0 0.00357695
21750.0 0.00384701
21850.0 0.00411764
21950.0 0.00438876
22050.0 0.00466045
22150.0 0.00493264
22250.0 0.00520536
22350.0 0.00547857
22450.0 0.00575233
22550.0 0.00602659
22650.0 0.00630139
22750.0 0.00657669
22850.0 0.00685249
22950.0 0.00712883
23050.0 0.00740565
23150.0 0.00768299
23250.0 0.00796083
23350.0 0.00823916
23450.0 0.00851800
23550.0 0.00879732
23650.0 0.00907715
23750.0 0.00935749
23850.0 0.00963833
23950.0 0.00991962
24050.0 0.0102014
24150.0 0.0104837
24250.0 0.0107664
24350.0 0.0110497
24450.0 0.0113334
24550.0 0.0116176
24650.0 0.0119023
24750.0 0.0121875
24850.0 0.0124731
24950.0 0.0127592
25050.0 0.0130458
25150.0 0.0133328
25250.0 0.0136203
25350.0 0.0139083
25450.0 0.0141967
25550.0 0.0144856
25650.0 0.0147749
25750.0 0.0150648
25850.0 0.0153550
25950.0 0.0156458
26050.0 0.0159369
26150.0 0.0162285
26250.0 0.0165206
26350.0 0.0168131
26450.0 0.0171061
26550.0 0.0173995
26650.0 0.0176933
26750.0 0.0179876
26850.0 0.0182823
26950.0 0.0185775
27050.0 0.0188730
27150.0 0.0191691
27250.0 0.0194655
27350.0 0.0197624
27450.0 0.0200597
27550.0 0.0203574
27650.0 0.0206556
27750.0 0.0209542
27850.0 0.0212532
27950.0 0.0215526
28050.0 0.0218524
28150.0 0.0221527
28250.0 0.0224534
28350.0 0.0227545
28450.0 0.0230560
28550.0 0.0233579
28650.0 0.0236602
28750.0 0.0239629
28850.0 0.0242661
28950.0 0.0245696
29050.0 0.0248735
29150.0 0.0251779
29250.0 0.0254826
29350.0 0.0257877
29450.0 0.0260933
29550.0 0.0263992
29650.0 0.0267055
29750.0 0.0270122
29850.0 0.0273193
29950.0 0.0276268
