50.0000 0.221985
150.000 0.183723
250.000 0.118950
350.000 0.0688761
450.000 0.0469638
550.000 0.0330181
650.000 0.0194556
750.000 0.00000
850.000 -0.0143875
950.000 -0.0206162
1050.00 -0.0255465
1150.00 -0.0320522
1250.00 -0.0374346
1350.00 -0.0449648
1450.00 -0.0465870
1550.00 -0.0460433
1650.00 -0.0470340
1750.00 -0.0483208
1850.00 -0.0506950
1950.00 -0.0514138
2050.00 -0.0501765
2150.00 -0.0498031
2250.00 -0.0503093
2350.00 -0.0504687
2450.00 -0.0512912
2550.00 -0.0503599
2650.00 -0.0501304
2750.00 -0.0507484
2850.00 -0.0518794
2950.00 -0.0528304
3050.00 -0.0521764
3150.00 -0.0522222
3250.00 -0.0519123
3350.00 -0.0514722
3450.00 -0.0516177
3550.00 -0.0522566
3650.00 -0.0525835
3750.00 -0.0525935
3850.00 -0.0521971
3950.00 -0.0517989
4050.00 -0.0516917
4150.00 -0.0516497
4250.00 -0.0510936
4350.00 -0.0509782
4450.00 -0.0504241
4550.00 -0.0501621
4650.00 -0.0498704
4750.00 -0.0495471
4850.00 -0.0497538
4950.00 -0.0494890
5050.00 -0.0491397
5150.00 -0.0487119
5250.00 -0.0485317
5350.00 -0.0487086
5450.00 -0.0490397
5550.00 -0.0489968
5650.00 -0.0489761
5750.00 -0.0489959
5850.00 -0.0491338
5950.00 -0.0495575
6050.00 -0.0494827
6150.00 -0.0494247
6250.00 -0.0492499
6350.00 -0.0494170
6450.00 -0.0499275
6550.00 -0.0500903
6650.00 -0.0500139
6750.00 -0.0497692
6850.00 -0.0498443
6950.00 -0.0504938
7050.00 -0.0508326
7150.00 -0.0505146
7250.00 -0.0502525
7350.00 -0.0499888
7450.00 -0.0502491
7550.00 -0.0505720
7650.00 -0.0507466
7750.00 -0.0506103
7850.00 -0.0507735
7950.00 -0.0504960
8050.00 -0.0507365
8150.00 -0.0509102
8250.00 -0.0508320
8350.00 -0.0510740
8450.00 -0.0509876
8550.00 -0.0510839
8650.00 -0.0510902
8750.00 -0.0509437
8850.00 -0.0509798
8950.00 -0.0509868
9050.00 -0.0506437
9150.00 -0.0507470
9250.00 -0.0508876
9350.00 -0.0508071
9450.00 -0.0503054
9550.00 -0.0498992
9650.00 -0.0498579
9750.00 -0.0499664
9850.00 -0.0499494
9950.00 -0.0497666
10050.0 -0.0497634
10150.0 -0.0495823
10250.0 -0.0493019
10350.0 -0.0490457
10450.0 -0.0490658
10550.0 -0.0491513
10650.0 -0.0493063
10750.0 -0.0494438
10850.0 -0.0493312
10950.0 -0.0496133
11050.0 -0.0491758
11150.0 -0.0493327
11250.0 -0.0495101
11350.0 -0.0498432
11450.0 -0.0497920
11550.0 -0.0497241
11650.0 -0.0502531
11750.0 -0.0502976
11850.0 -0.0502016
11950.0 -0.0498128
12050.0 -0.0501199
12150.0 -0.0503212
12250.0 -0.0508447
12350.0 -0.0502571
12450.0 -0.0500528
12550.0 -0.0501548
12650.0 -0.0506399
12750.0 -0.0509210
12850.0 -0.0516218
12950.0 -0.0515313
13050.0 -0.0518619
13150.0 -0.0516439
13250.0 -0.0513086
13350.0 -0.0503623
13450.0 -0.0504666
13550.0 -0.0504754
13650.0 -0.0502304
13750.0 -0.0498486
13850.0 -0.0500498
13950.0 -0.0509936
14050.0 -0.0506851
14150.0 -0.0503354
14250.0 -0.0501309
14350.0 -0.0504281
14450.0 -0.0502689
14550.0 -0.0504429
14650.0 -0.0497613
14750.0 -0.0496447
14850.0 -0.0500841
14950.0 -0.0493319
15050.0 -0.0495046
15150.0 -0.0500962
15250.0 -0.0507638
15350.0 -0.0499402
15450.0 -0.0495892
15550.0 -0.0502689
15650.0 -0.0505535
15750.0 -0.0495380
15850.0 -0.0503948
15950.0 -0.0501145
16050.0 -0.0492434
16150.0 -0.0477968
16250.0 -0.0483668
16350.0 -0.0493086
16450.0 -0.0492919
16550.0 -0.0493288
16650.0 -0.0502668
16750.0 -0.0504564
16850.0 -0.0495071
16950.0 -0.0488396
17050.0 -0.0497835
17150.0 -0.0498390
17250.0 -0.0503338
17350.0 -0.0508157
17450.0 -0.0514651
17550.0 -0.0492760
17650.0 -0.0497141
17750.0 -0.0516174
17850.0 -0.0516258
17950.0 -0.0513894
18050.0 -0.0517360
18150.0 -0.0514280
18250.0 -0.0505110
18350.0 -0.0500070
18450.0 -0.0497264
18550.0 -0.0523509
18650.0 -0.0527990
18750.0 -0.0506396
18850.0 -0.0500074
18950.0 -0.0506982
19050.0 -0.0514378
19150.0 -0.0524436
19250.0 -0.0532537
19350.0 -0.0514278
19450.0 -0.0506682
19550.0 -0.0522090
19650.0 -0.0522708
19750.0 -0.0507432
19850.0 -0.0492872
19950.0 -0.0487251
20050.0 -0.0479782
20150.0 -0.0510765
20250.0 -0.0534394
20350.0 -0.0528424
20450.0 -0.0503898
20550.0 -0.0475947
20650.0 -0.0463613
20750.0 -0.0486071
20850.0 -0.0471010
20950.0 -0.0502288
21050.0 -0.0504642
21150.0 -0.0460960
21250.0 -0.0455019
21350.0 -0.0478087
21450.0 -0.0493415
21550.0 -0.0475038
21650.0 -0.0455372
21750.0 -0.0462026
21850.0 -0.0504635
21950.0 -0.0451839
22050.0 -0.0445018
22150.0 -0.0480071
22250.0 -0.0553790
22350.0 -0.0598379
22450.0 -0.0588787
22550.0 -0.0532057
22650.0 -0.0484759
22750.0 -0.0556817
22850.0 -0.0614463
22950.0 -0.0623585
23050.0 -0.0536773
23150.0 -0.0497108
23250.0 -0.0440771
23350.0 -0.0492687
23450.0 -0.0532058
23550.0 -0.0498910
23650.0 -0.0536199
23750.0 -0.0542648
23850.0 -0.113371
23950.0 -0.117900
24050.0 -0.122437
24150.0 -0.126983
24250.0 -0.131536
24350.0 -0.136098
24450.0 -0.140668
24550.0 -0.145245
24650.0 -0.149831
24750.0 -0.154424
24850.0 -0.159024
24950.0 -0.163633
25050.0 -0.168248
25150.0 -0.172872
25250.0 -0.177502
25350.0 -0.182140
25450.0 -0.186785
25550.0 -0.191437
25650.0 -0.196096
25750.0 -0.200762
25850.0 -0.205435
25950.0 -0.210114
26050.0 -0.214801
26150.0 -0.219494
26250.0 -0.224193
26350.0 -0.228899
26450.0 -0.233611
26550.0 -0.238330
26650.0 -0.243054
26750.0 -0.247785
26850.0 -0.252522
26950.0 -0.257265
27050.0 -0.262014
27150.0 -0.266768
27250.0 -0.271528
27350.0 -0.276294
27450.0 -0.281065
27550.0 -0.285842
27650.0 -0.290624
27750.0 -0.295411
27850.0 -0.300204
27950.0 -0.305001
28050.0 -0.309804
28150.0 -0.314611
28250.0 -0.319423
28350.0 -0.324240
28450.0 -0.329062
28550.0 -0.333888
28650.0 -0.338719
28750.0 -0.343553
28850.0 -0.348393
28950.0 -0.353236
29050.0 -0.358084
29150.0 -0.362935
29250.0 -0.367790
29350.0 -0.372650
29450.0 -0.377513
29550.0 -0.382379
29650.0 -0.387249
29750.0 -0.392123
29850.0 -0.397000
29950.0 -0.401880
