50.0000 0.0286453
150.000 0.0230103
250.000 0.0141772
350.000 0.00792889
450.000 0.00538701
550.000 0.00378639
650.000 0.00222140
750.000 0.00000
850.000 -0.00161590
950.000 -0.00232421
1050.00 -0.00288834
1150.00 -0.00361158
1250.00 -0.00421890
1350.00 -0.00506287
1450.00 -0.00526893
1550.00 -0.00523714
1650.00 -0.00536539
1750.00 -0.00551682
1850.00 -0.00580720
1950.00 -0.00591262
2050.00 -0.00580763
2150.00 -0.00579376
2250.00 -0.00587119
2350.00 -0.00590846
2450.00 -0.00601670
2550.00 -0.00594929
2650.00 -0.00594891
2750.00 -0.00603605
2850.00 -0.00617456
2950.00 -0.00629373
3050.00 -0.00624083
3150.00 -0.00626982
3250.00 -0.00625305
3350.00 -0.00621197
3450.00 -0.00623728
3550.00 -0.00630832
3650.00 -0.00635342
3750.00 -0.00636191
3850.00 -0.00632021
3950.00 -0.00628528
4050.00 -0.00627346
4150.00 -0.00626804
4250.00 -0.00621010
4350.00 -0.00620014
4450.00 -0.00613296
4550.00 -0.00610697
4650.00 -0.00607188
4750.00 -0.00603419
4850.00 -0.00604946
4950.00 -0.00601680
5050.00 -0.00597554
5150.00 -0.00592492
5250.00 -0.00590058
5350.00 -0.00591576
5450.00 -0.00594380
5550.00 -0.00593205
5650.00 -0.00592389
5750.00 -0.00591709
5850.00 -0.00592552
5950.00 -0.00596650
6050.00 -0.00595886
6150.00 -0.00594276
6250.00 -0.00591777
6350.00 -0.00592842
6450.00 -0.00597899
6550.00 -0.00599554
6650.00 -0.00598775
6750.00 -0.00595376
6850.00 -0.00596094
6950.00 -0.00602741
7050.00 -0.00606228
7150.00 -0.00602908
7250.00 -0.00600265
7350.00 -0.00597138
7450.00 -0.00600023
7550.00 -0.00603609
7650.00 -0.00605636
7750.00 -0.00604368
7850.00 -0.00606289
7950.00 -0.00603690
8050.00 -0.00606689
8150.00 -0.00608936
8250.00 -0.00608569
8350.00 -0.00611289
8450.00 -0.00610667
8550.00 -0.00612347
8650.00 -0.00612850
8750.00 -0.00611683
8850.00 -0.00612598
8950.00 -0.00612929
9050.00 -0.00609832
9150.00 -0.00611330
9250.00 -0.00613366
9350.00 -0.00613056
9450.00 -0.00608061
9550.00 -0.00603837
9650.00 -0.00603624
9750.00 -0.00605089
9850.00 -0.00604908
9950.00 -0.00602966
10050.0 -0.00603008
10150.0 -0.00601275
10250.0 -0.00598424
10350.0 -0.00595616
10450.0 -0.00595412
10550.0 -0.00595852
10650.0 -0.00597378
10750.0 -0.00598613
10850.0 -0.00596964
10950.0 -0.00599381
11050.0 -0.00594231
11150.0 -0.00595265
11250.0 -0.00596712
11350.0 -0.00599691
11450.0 -0.00598497
11550.0 -0.00597538
11650.0 -0.00602678
11750.0 -0.00602727
11850.0 -0.00601390
11950.0 -0.00596872
12050.0 -0.00599960
12150.0 -0.00602300
12250.0 -0.00607581
12350.0 -0.00601183
12450.0 -0.00598870
12550.0 -0.00600000
12650.0 -0.00604922
12750.0 -0.00608479
12850.0 -0.00615370
12950.0 -0.00614652
13050.0 -0.00618650
13150.0 -0.00616380
13250.0 -0.00612960
13350.0 -0.00603461
13450.0 -0.00604280
13550.0 -0.00605158
13650.0 -0.00603111
13750.0 -0.00599255
13850.0 -0.00601659
13950.0 -0.00612339
14050.0 -0.00608932
14150.0 -0.00605613
14250.0 -0.00603973
14350.0 -0.00607214
14450.0 -0.00605688
14550.0 -0.00608002
14650.0 -0.00600891
14750.0 -0.00599933
14850.0 -0.00604696
14950.0 -0.00596678
15050.0 -0.00598561
15150.0 -0.00605205
15250.0 -0.00612336
15350.0 -0.00604134
15450.0 -0.00600025
15550.0 -0.00606982
15650.0 -0.00609938
15750.0 -0.00598750
15850.0 -0.00608027
15950.0 -0.00605577
16050.0 -0.00596531
16150.0 -0.00580770
16250.0 -0.00586585
16350.0 -0.00596096
16450.0 -0.00595914
16550.0 -0.00595942
16650.0 -0.00605875
16750.0 -0.00608479
16850.0 -0.00598342
16950.0 -0.00590538
17050.0 -0.00600649
17150.0 -0.00600901
17250.0 -0.00605114
17350.0 -0.00610028
17450.0 -0.00616196
17550.0 -0.00592950
17650.0 -0.00597058
17750.0 -0.00616423
17850.0 -0.00615392
17950.0 -0.00612686
18050.0 -0.00615785
18150.0 -0.00612803
18250.0 -0.00601354
18350.0 -0.00593873
18450.0 -0.00590778
18550.0 -0.00618480
18650.0 -0.00623278
18750.0 -0.00600786
18850.0 -0.00593414
18950.0 -0.00601230
19050.0 -0.00609613
19150.0 -0.00620060
19250.0 -0.00629635
19350.0 -0.00610475
19450.0 -0.00601970
19550.0 -0.00619052
19650.0 -0.00620683
19750.0 -0.00606209
19850.0 -0.00592051
19950.0 -0.00589033
20050.0 -0.00581127
20150.0 -0.00614968
20250.0 -0.00641783
20350.0 -0.00637193
20450.0 -0.00613918
20550.0 -0.00586546
20650.0 -0.00575260
20750.0 -0.00599565
20850.0 -0.00583955
20950.0 -0.00618003
21050.0 -0.00621295
21150.0 -0.00574837
21250.0 -0.00569945
21350.0 -0.00593367
21450.0 -0.00603903
21550.0 -0.00584732
21650.0 -0.00561481
21750.0 -0.00563608
21850.0 -0.00611247
21950.0 -0.00549878
22050.0 -0.00538898
22150.0 -0.00574984
22250.0 -0.00653328
22350.0 -0.00694550
22450.0 -0.00683028
22550.0 -0.00618002
22650.0 -0.00570878
22750.0 -0.00637842
22850.0 -0.00692876
22950.0 -0.00702133
23050.0 -0.00623573
23150.0 -0.00574934
23250.0 -0.00523958
23350.0 -0.00574102
23450.0 -0.00609729
23550.0 -0.00578843
23650.0 -0.00620226
23750.0 -0.00616834
23850.0 -0.00192796
23950.0 -0.00158982
24050.0 -0.00125010
24150.0 -0.000908794
24250.0 -0.000565897
24350.0 -0.000221425
24450.0 0.000124594
24550.0 0.000472239
24650.0 0.000821475
24750.0 0.00117226
24850.0 0.00152464
24950.0 0.00187861
25050.0 0.00223418
25150.0 0.00259133
25250.0 0.00295006
25350.0 0.00331040
25450.0 0.00367232
25550.0 0.00403586
25650.0 0.00440099
25750.0 0.00476768
25850.0 0.00513597
25950.0 0.00550589
26050.0 0.00587739
26150.0 0.00625051
26250.0 0.00662520
26350.0 0.00700146
26450.0 0.00737934
26550.0 0.00775884
26650.0 0.00813991
26750.0 0.00852261
26850.0 0.00890690
26950.0 0.00929278
27050.0 0.00968028
27150.0 0.0100694
27250.0 0.0104600
27350.0 0.0108523
27450.0 0.0112462
27550.0 0.0116417
27650.0 0.0120388
27750.0 0.0124375
27850.0 0.0128378
27950.0 0.0132397
28050.0 0.0136432
28150.0 0.0140483
28250.0 0.0144550
28350.0 0.0148633
28450.0 0.0152732
28550.0 0.0156847
28650.0 0.0160978
28750.0 0.0165125
28850.0 0.0169288
28950.0 0.0173467
29050.0 0.0177662
29150.0 0.0181872
29250.0 0.0186099
29350.0 0.0190342
29450.0 0.0194601
29550.0 0.0198876
29650.0 0.0203166
29750.0 0.0207473
29850.0 0.0211795
29950.0 0.0216133
