       0     675   1.799181069E+03
       1     725   1.880287524E+03
       2     775   2.425236457E+03
       3     825   2.576484708E+03
       4     875   2.261346369E+03
       5     925   1.589482060E+03
       6     975   1.181397979E+03
       7    1025   1.044316861E+03
       8    1075   1.156933043E+03
       9    1125   1.229476981E+03
      10    1175   1.201577813E+03
      11    1225   9.995826868E+02
      12    1275   7.780817457E+02
      13    1325   7.483454795E+02
      14    1375   8.043836820E+02
      15    1425   8.662394864E+02
      16    1475   7.753098070E+02
      17    1525   6.444339123E+02
      18    1575   4.782060194E+02
      19    1625   4.111706304E+02
      20    1675   4.158871582E+02
      21    1725   4.130464947E+02
      22    1775   4.000811306E+02
      23    1825   3.437765116E+02
      24    1875   3.066485525E+02
      25    1925   2.568526565E+02
      26    1975   2.602268229E+02
      27    2025   2.487660824E+02
      28    2075   2.333472802E+02
      29    2125   2.173954618E+02
      30    2175   1.748144857E+02
      31    2225   1.616800310E+02
      32    2275   1.325578902E+02
      33    2325   1.448773649E+02
      34    2375   1.260566563E+02
      35    2425   1.148871621E+02
      36    2475   1.138584597E+02
      37    2525   1.110964608E+02
      38    2575   9.147493900E+01
      39    2625   8.425198444E+01
      40    2675   6.813258133E+01
      41    2725   1.065092728E+02
      42    2775   7.686376962E+01
