       0     675   1.889606340E+03
       1     725   1.951604020E+03
       2     775   2.335704204E+03
       3     825   2.470139461E+03
       4     875   2.188161030E+03
       5     925   1.638268854E+03
       6     975   1.212899044E+03
       7    1025   1.035646097E+03
       8    1075   1.191076380E+03
       9    1125   1.301820897E+03
      10    1175   1.200577000E+03
      11    1225   9.572095186E+02
      12    1275   7.803017220E+02
      13    1325   7.414832731E+02
      14    1375   7.683076535E+02
      15    1425   8.539617644E+02
      16    1475   7.873648365E+02
      17    1525   6.415738459E+02
      18    1575   4.927656501E+02
      19    1625   4.241654019E+02
      20    1675   3.955686606E+02
      21    1725   4.075657027E+02
      22    1775   4.027430562E+02
      23    1825   3.682480822E+02
      24    1875   2.836748866E+02
      25    1925   2.555326679E+02
      26    1975   2.619199809E+02
      27    2025   2.592896738E+02
      28    2075   2.460113324E+02
      29    2125   2.096669399E+02
      30    2175   1.918944707E+02
      31    2225   1.545765582E+02
      32    2275   1.314346018E+02
      33    2325   1.340126116E+02
      34    2375   1.266229162E+02
      35    2425   1.345356534E+02
      36    2475   1.206185432E+02
      37    2525   1.028660234E+02
      38    2575   1.085511486E+02
      39    2625   9.762240554E+01
      40    2675   1.092932006E+02
      41    2725   5.294249032E+01
      42    2775   9.531584404E+01
