       0     675   1.756128545E+03
       1     725   2.077757210E+03
       2     775   2.391058200E+03
       3     825   2.479327800E+03
       4     875   2.347134157E+03
       5     925   1.638272380E+03
       6     975   1.170232726E+03
       7    1025   1.076269176E+03
       8    1075   1.150565220E+03
       9    1125   1.224333455E+03
      10    1175   1.217076713E+03
      11    1225   1.024966283E+03
      12    1275   7.540957522E+02
      13    1325   7.305262951E+02
      14    1375   7.933661601E+02
      15    1425   8.373821246E+02
      16    1475   7.993296110E+02
      17    1525   6.390127164E+02
      18    1575   4.740451125E+02
      19    1625   4.087979342E+02
      20    1675   3.954529687E+02
      21    1725   4.182291329E+02
      22    1775   4.058921829E+02
      23    1825   3.476569498E+02
      24    1875   2.944155254E+02
      25    1925   2.571555189E+02
      26    1975   2.596192220E+02
      27    2025   2.360498567E+02
      28    2075   2.445631228E+02
      29    2125   2.174089405E+02
      30    2175   1.774706048E+02
      31    2225   1.538442238E+02
      32    2275   1.456275139E+02
      33    2325   1.371785127E+02
      34    2375   1.294408679E+02
      35    2425   1.227749297E+02
      36    2475   1.134788689E+02
      37    2525   1.005087639E+02
      38    2575   7.283910719E+01
      39    2625   7.977336951E+01
      40    2675   1.143449191E+02
      41    2725   6.281551022E+01
      42    2775   1.046373649E+02
