       0     675   1.845817934E+03
       1     725   1.995568787E+03
       2     775   2.393460523E+03
       3     825   2.445173935E+03
       4     875   2.216702905E+03
       5     925   1.586660007E+03
       6     975   1.199755909E+03
       7    1025   1.070201582E+03
       8    1075   1.193208856E+03
       9    1125   1.264620184E+03
      10    1175   1.132452864E+03
      11    1225   9.553348927E+02
      12    1275   7.584567482E+02
      13    1325   7.750953290E+02
      14    1375   8.190318128E+02
      15    1425   8.367099021E+02
      16    1475   7.829653015E+02
      17    1525   6.365339246E+02
      18    1575   4.889792744E+02
      19    1625   4.026748734E+02
      20    1675   4.219852156E+02
      21    1725   4.147369857E+02
      22    1775   4.060159306E+02
      23    1825   3.405153589E+02
      24    1875   2.963651012E+02
      25    1925   2.466748570E+02
      26    1975   2.507781663E+02
      27    2025   2.522277169E+02
      28    2075   2.454680406E+02
      29    2125   2.224981672E+02
      30    2175   1.829370046E+02
      31    2225   1.599501614E+02
      32    2275   1.574636238E+02
      33    2325   1.366189007E+02
      34    2375   1.297832971E+02
      35    2425   1.233030531E+02
      36    2475   9.509703633E+01
      37    2525   1.018286834E+02
      38    2575   7.736554199E+01
      39    2625   8.151070432E+01
      40    2675   1.009410253E+02
      41    2725   8.059453707E+01
      42    2775   7.635385199E+01
