       0     675   1.793600731E+03
       1     725   2.047422757E+03
       2     775   2.565296557E+03
       3     825   2.534183057E+03
       4     875   2.200453415E+03
       5     925   1.674622204E+03
       6     975   1.165854881E+03
       7    1025   1.079085893E+03
       8    1075   1.163813874E+03
       9    1125   1.285939230E+03
      10    1175   1.143627956E+03
      11    1225   9.320546506E+02
      12    1275   8.182330187E+02
      13    1325   7.412313311E+02
      14    1375   7.859297812E+02
      15    1425   8.202029956E+02
      16    1475   7.921280064E+02
      17    1525   6.044297901E+02
      18    1575   5.140519108E+02
      19    1625   4.054469423E+02
      20    1675   4.091527148E+02
      21    1725   4.179026815E+02
      22    1775   4.019660080E+02
      23    1825   3.657233416E+02
      24    1875   2.914114477E+02
      25    1925   2.513432946E+02
      26    1975   2.455711298E+02
      27    2025   2.526036064E+02
      28    2075   2.468644110E+02
      29    2125   2.196308220E+02
      30    2175   1.822132182E+02
      31    2225   1.529689524E+02
      32    2275   1.387434491E+02
      33    2325   1.413401500E+02
      34    2375   1.188547925E+02
      35    2425   1.251892731E+02
      36    2475   1.052537074E+02
      37    2525   1.075502040E+02
      38    2575   9.817175311E+01
      39    2625   8.449380767E+01
      40    2675   9.124702575E+01
      41    2725   4.871824241E+01
      42    2775   1.001646275E+02
