       0     675   1.764871957E+03
       1     725   2.030118790E+03
       2     775   2.339385038E+03
       3     825   2.554629781E+03
       4     875   2.277750584E+03
       5     925   1.643897124E+03
       6     975   1.209746745E+03
       7    1025   1.017400215E+03
       8    1075   1.264361763E+03
       9    1125   1.253583622E+03
      10    1175   1.165630060E+03
      11    1225   9.846488618E+02
      12    1275   7.488017857E+02
      13    1325   7.495730825E+02
      14    1375   8.147800959E+02
      15    1425   8.347345682E+02
      16    1475   7.768653803E+02
      17    1525   6.285037737E+02
      18    1575   4.702017334E+02
      19    1625   4.139741362E+02
      20    1675   4.214503084E+02
      21    1725   4.250848302E+02
      22    1775   3.964235877E+02
      23    1825   3.573706185E+02
      24    1875   2.969649420E+02
      25    1925   2.593563886E+02
      26    1975   2.605012293E+02
      27    2025   2.480996210E+02
      28    2075   2.484247535E+02
      29    2125   2.031998201E+02
      30    2175   1.783911370E+02
      31    2225   1.474593972E+02
      32    2275   1.349470302E+02
      33    2325   1.481753506E+02
      34    2375   1.298091717E+02
      35    2425   1.208478888E+02
      36    2475   1.233272256E+02
      37    2525   1.067217633E+02
      38    2575   7.494831543E+01
      39    2625   1.070402597E+02
      40    2675   8.988792563E+01
      41    2725   7.618624206E+01
      42    2775   7.543511313E+01
