       0     675   1.808079027E+03
       1     725   2.024413758E+03
       2     775   2.339449947E+03
       3     825   2.608601199E+03
       4     875   2.255466669E+03
       5     925   1.689459054E+03
       6     975   1.134270278E+03
       7    1025   1.067650576E+03
       8    1075   1.204387478E+03
       9    1125   1.245626087E+03
      10    1175   1.227238876E+03
      11    1225   9.838297401E+02
      12    1275   7.739017530E+02
      13    1325   7.369623459E+02
      14    1375   8.111113966E+02
      15    1425   8.488602769E+02
      16    1475   7.817173293E+02
      17    1525   6.293586966E+02
      18    1575   4.954001523E+02
      19    1625   3.962440759E+02
      20    1675   4.035001742E+02
      21    1725   4.217057412E+02
      22    1775   4.041255530E+02
      23    1825   3.480308521E+02
      24    1875   2.853564120E+02
      25    1925   2.501016003E+02
      26    1975   2.480790927E+02
      27    2025   2.554833735E+02
      28    2075   2.403206312E+02
      29    2125   2.169674864E+02
      30    2175   2.019550917E+02
      31    2225   1.509781899E+02
      32    2275   1.412963253E+02
      33    2325   1.343754681E+02
      34    2375   1.366790785E+02
      35    2425   1.290963406E+02
      36    2475   1.049880031E+02
      37    2525   1.152608605E+02
      38    2575   9.919910495E+01
      39    2625   1.035835310E+02
      40    2675   9.415252274E+01
      41    2725   8.045092000E+01
      42    2775   8.335452889E+01
