       0     675   1.752657845E+03
       1     725   1.965247182E+03
       2     775   2.494715938E+03
       3     825   2.576756392E+03
       4     875   2.218628878E+03
       5     925   1.697838694E+03
       6     975   1.142937735E+03
       7    1025   1.092904215E+03
       8    1075   1.178938931E+03
       9    1125   1.237920856E+03
      10    1175   1.214211511E+03
      11    1225   9.823039601E+02
      12    1275   7.726072783E+02
      13    1325   7.402002347E+02
      14    1375   8.022410188E+02
      15    1425   8.166939002E+02
      16    1475   7.559281536E+02
      17    1525   6.535092183E+02
      18    1575   4.794798927E+02
      19    1625   4.199968527E+02
      20    1675   4.031726517E+02
      21    1725   4.279930709E+02
      22    1775   4.166330691E+02
      23    1825   3.628559744E+02
      24    1875   3.004047940E+02
      25    1925   2.547478879E+02
      26    1975   2.397767150E+02
      27    2025   2.367132709E+02
      28    2075   2.420712695E+02
      29    2125   2.118945728E+02
      30    2175   1.683330456E+02
      31    2225   1.493355269E+02
      32    2275   1.258556055E+02
      33    2325   1.361937487E+02
      34    2375   1.264649683E+02
      35    2425   1.206843237E+02
      36    2475   9.857705769E+01
      37    2525   8.420918470E+01
      38    2575   9.029588695E+01
      39    2625   1.033267523E+02
      40    2675   1.369327847E+02
      41    2725   1.047214400E+02
      42    2775   6.128845367E+01
