       0     675   1.780612030E+03
       1     725   2.029060074E+03
       2     775   2.324431729E+03
       3     825   2.495690283E+03
       4     875   2.333773195E+03
       5     925   1.644242220E+03
       6     975   1.164105402E+03
       7    1025   1.080262673E+03
       8    1075   1.163352019E+03
       9    1125   1.272863518E+03
      10    1175   1.117494830E+03
      11    1225   9.914955770E+02
      12    1275   7.556407843E+02
      13    1325   7.385095679E+02
      14    1375   8.094192520E+02
      15    1425   8.598502032E+02
      16    1475   7.732085788E+02
      17    1525   6.404059309E+02
      18    1575   4.838237948E+02
      19    1625   4.208599736E+02
      20    1675   3.980180653E+02
      21    1725   4.260282596E+02
      22    1775   4.007434586E+02
      23    1825   3.398207866E+02
      24    1875   3.019662423E+02
      25    1925   2.718982725E+02
      26    1975   2.450071624E+02
      27    2025   2.515839021E+02
      28    2075   2.430816428E+02
      29    2125   2.143818631E+02
      30    2175   1.780636783E+02
      31    2225   1.394907799E+02
      32    2275   1.407553848E+02
      33    2325   1.254998859E+02
      34    2375   1.341591128E+02
      35    2425   1.279240414E+02
      36    2475   1.111437844E+02
      37    2525   9.807343742E+01
      38    2575   1.011121905E+02
      39    2625   9.590841157E+01
      40    2675   8.392997120E+01
      41    2725   4.873102152E+01
      42    2775   9.931861745E+01
