       0     675   1.736857008E+03
       1     725   1.969655517E+03
       2     775   2.374724611E+03
       3     825   2.599416106E+03
       4     875   2.256477794E+03
       5     925   1.575426758E+03
       6     975   1.195022578E+03
       7    1025   1.057358291E+03
       8    1075   1.169578033E+03
       9    1125   1.262871324E+03
      10    1175   1.220856145E+03
      11    1225   9.475186318E+02
      12    1275   7.763366427E+02
      13    1325   7.268013753E+02
      14    1375   8.278780375E+02
      15    1425   8.205777450E+02
      16    1475   7.832156494E+02
      17    1525   6.228905285E+02
      18    1575   4.999076442E+02
      19    1625   4.144949111E+02
      20    1675   3.994106609E+02
      21    1725   4.309065684E+02
      22    1775   3.987814427E+02
      23    1825   3.483234536E+02
      24    1875   2.935855072E+02
      25    1925   2.525368092E+02
      26    1975   2.653031227E+02
      27    2025   2.583003998E+02
      28    2075   2.558663465E+02
      29    2125   2.041630100E+02
      30    2175   1.840803966E+02
      31    2225   1.456678401E+02
      32    2275   1.485849123E+02
      33    2325   1.317826967E+02
      34    2375   1.410415262E+02
      35    2425   1.293322598E+02
      36    2475   1.293874508E+02
      37    2525   9.643372449E+01
      38    2575   1.220961523E+02
      39    2625   9.559318931E+01
      40    2675   7.873172510E+01
      41    2725   1.054517196E+02
      42    2775   8.098719644E+01
