       0     675   1.818538966E+03
       1     725   2.119782584E+03
       2     775   2.394280438E+03
       3     825   2.525322407E+03
       4     875   2.233739095E+03
       5     925   1.600594932E+03
       6     975   1.110026419E+03
       7    1025   1.093252216E+03
       8    1075   1.166756409E+03
       9    1125   1.218085772E+03
      10    1175   1.158847768E+03
      11    1225   9.619572844E+02
      12    1275   7.902758847E+02
      13    1325   7.426216201E+02
      14    1375   7.735480628E+02
      15    1425   8.315297098E+02
      16    1475   7.842436026E+02
      17    1525   6.399711502E+02
      18    1575   4.976771202E+02
      19    1625   4.071750488E+02
      20    1675   4.059196713E+02
      21    1725   4.325177820E+02
      22    1775   4.094289859E+02
      23    1825   3.570787215E+02
      24    1875   2.915931170E+02
      25    1925   2.649645072E+02
      26    1975   2.530738177E+02
      27    2025   2.603397156E+02
      28    2075   2.497204641E+02
      29    2125   2.152522605E+02
      30    2175   1.832405495E+02
      31    2225   1.574760951E+02
      32    2275   1.411184014E+02
      33    2325   1.386628798E+02
      34    2375   1.624146740E+02
      35    2425   1.157422348E+02
      36    2475   1.148583982E+02
      37    2525   1.012894993E+02
      38    2575   9.785464019E+01
      39    2625   7.979541199E+01
      40    2675   8.588933066E+01
      41    2725   9.075517958E+01
      42    2775   5.173629910E+01
