       0     675   1.935206014E+03
       1     725   1.875506713E+03
       2     775   2.525706057E+03
       3     825   2.526242966E+03
       4     875   2.237110490E+03
       5     925   1.618632462E+03
       6     975   1.216785741E+03
       7    1025   1.105600642E+03
       8    1075   1.190722483E+03
       9    1125   1.274892620E+03
      10    1175   1.190771777E+03
      11    1225   9.669768776E+02
      12    1275   7.854968731E+02
      13    1325   7.192588554E+02
      14    1375   7.898453615E+02
      15    1425   8.367254163E+02
      16    1475   7.789473768E+02
      17    1525   6.343682256E+02
      18    1575   4.922189318E+02
      19    1625   4.127338604E+02
      20    1675   4.024298363E+02
      21    1725   4.152825237E+02
      22    1775   4.200945015E+02
      23    1825   3.534354168E+02
      24    1875   2.934962739E+02
      25    1925   2.611576605E+02
      26    1975   2.393098493E+02
      27    2025   2.589577968E+02
      28    2075   2.397790453E+02
      29    2125   2.209967484E+02
      30    2175   1.853578823E+02
      31    2225   1.558024565E+02
      32    2275   1.278757825E+02
      33    2325   1.360961660E+02
      34    2375   1.468584796E+02
      35    2425   1.086301068E+02
      36    2475   1.181829137E+02
      37    2525   1.066426430E+02
      38    2575   9.896797291E+01
      39    2625   7.654134575E+01
      40    2675   9.058366071E+01
      41    2725   8.672809500E+01
      42    2775   9.942035859E+01
