       0     675   1.766969837E+03
       1     725   2.032670544E+03
       2     775   2.312044473E+03
       3     825   2.593991213E+03
       4     875   2.175089096E+03
       5     925   1.661294273E+03
       6     975   1.140026367E+03
       7    1025   1.068591744E+03
       8    1075   1.160369931E+03
       9    1125   1.228026920E+03
      10    1175   1.157221326E+03
      11    1225   9.411039288E+02
      12    1275   7.919905242E+02
      13    1325   7.293562444E+02
      14    1375   7.982822529E+02
      15    1425   8.160995451E+02
      16    1475   7.935414518E+02
      17    1525   6.368971999E+02
      18    1575   4.949834399E+02
      19    1625   4.049983386E+02
      20    1675   4.075463915E+02
      21    1725   4.067008088E+02
      22    1775   4.188864769E+02
      23    1825   3.373230971E+02
      24    1875   2.943330525E+02
      25    1925   2.578553587E+02
      26    1975   2.533006515E+02
      27    2025   2.613564433E+02
      28    2075   2.478213656E+02
      29    2125   2.208904910E+02
      30    2175   1.716347231E+02
      31    2225   1.599545143E+02
      32    2275   1.436695323E+02
      33    2325   1.281121650E+02
      34    2375   1.349547590E+02
      35    2425   1.232925731E+02
      36    2475   1.116721946E+02
      37    2525   8.518231404E+01
      38    2575   9.159662048E+01
      39    2625   1.046223396E+02
      40    2675   1.210345627E+02
      41    2725   7.064117905E+01
      42    2775   8.140997271E+01
