       0     675   1.890877748E+03
       1     725   1.856482176E+03
       2     775   2.430780873E+03
       3     825   2.559361965E+03
       4     875   2.261057506E+03
       5     925   1.588076854E+03
       6     975   1.159148840E+03
       7    1025   1.101409626E+03
       8    1075   1.175605447E+03
       9    1125   1.257449463E+03
      10    1175   1.179222713E+03
      11    1225   9.705624183E+02
      12    1275   7.692954555E+02
      13    1325   7.298069284E+02
      14    1375   7.692466122E+02
      15    1425   8.582559847E+02
      16    1475   7.789748688E+02
      17    1525   6.509420600E+02
      18    1575   4.681685258E+02
      19    1625   4.208905575E+02
      20    1675   3.997954934E+02
      21    1725   4.247072396E+02
      22    1775   4.027100736E+02
      23    1825   3.426738627E+02
      24    1875   2.965018402E+02
      25    1925   2.695043010E+02
      26    1975   2.454172925E+02
      27    2025   2.548561953E+02
      28    2075   2.461551285E+02
      29    2125   2.213140128E+02
      30    2175   1.802525128E+02
      31    2225   1.534110021E+02
      32    2275   1.410649021E+02
      33    2325   1.202096999E+02
      34    2375   1.456471634E+02
      35    2425   1.125397027E+02
      36    2475   1.092537369E+02
      37    2525   9.809956585E+01
      38    2575   8.124495397E+01
      39    2625   8.431117859E+01
      40    2675   7.053532419E+01
      41    2725   1.133258237E+02
      42    2775   5.738972043E+01
