       0     675   1.848682811E+03
       1     725   2.013461796E+03
       2     775   2.374871933E+03
       3     825   2.579695069E+03
       4     875   2.203705658E+03
       5     925   1.658898456E+03
       6     975   1.201516389E+03
       7    1025   1.014123742E+03
       8    1075   1.201390408E+03
       9    1125   1.315896893E+03
      10    1175   1.158324843E+03
      11    1225   9.465917268E+02
      12    1275   7.753480497E+02
      13    1325   7.583343015E+02
      14    1375   7.747299334E+02
      15    1425   8.421353022E+02
      16    1475   7.684199923E+02
      17    1525   6.302606898E+02
      18    1575   4.861155971E+02
      19    1625   4.103170309E+02
      20    1675   4.053642060E+02
      21    1725   4.039539916E+02
      22    1775   4.064579013E+02
      23    1825   3.427556729E+02
      24    1875   3.057722499E+02
      25    1925   2.686199950E+02
      26    1975   2.483090134E+02
      27    2025   2.498865618E+02
      28    2075   2.414706247E+02
      29    2125   2.141029863E+02
      30    2175   1.833538996E+02
      31    2225   1.486341720E+02
      32    2275   1.336389804E+02
      33    2325   1.483752618E+02
      34    2375   1.433457975E+02
      35    2425   1.006921689E+02
      36    2475   1.184527787E+02
      37    2525   1.109417774E+02
      38    2575   7.970630480E+01
      39    2625   1.207401530E+02
      40    2675   9.881087341E+01
      41    2725   8.003865638E+01
      42    2775   6.355894116E+01
