       0     675   1.828545747E+03
       1     725   2.084343439E+03
       2     775   2.278743151E+03
       3     825   2.571544047E+03
       4     875   2.103407324E+03
       5     925   1.618184798E+03
       6     975   1.205817208E+03
       7    1025   1.083828139E+03
       8    1075   1.144239792E+03
       9    1125   1.265405778E+03
      10    1175   1.163948267E+03
      11    1225   9.541102444E+02
      12    1275   8.162367296E+02
      13    1325   7.034332083E+02
      14    1375   7.892060336E+02
      15    1425   8.054896370E+02
      16    1475   7.746484561E+02
      17    1525   6.455932350E+02
      18    1575   4.838183383E+02
      19    1625   4.171463300E+02
      20    1675   4.130632326E+02
      21    1725   4.125526597E+02
      22    1775   3.991001153E+02
      23    1825   3.628718643E+02
      24    1875   2.914357301E+02
      25    1925   2.551245913E+02
      26    1975   2.614273832E+02
      27    2025   2.560542545E+02
      28    2075   2.480381718E+02
      29    2125   2.287435401E+02
      30    2175   1.784684671E+02
      31    2225   1.579978409E+02
      32    2275   1.400115922E+02
      33    2325   1.420833242E+02
      34    2375   1.328715545E+02
      35    2425   1.236747599E+02
      36    2475   1.324123739E+02
      37    2525   1.009557357E+02
      38    2575   1.104005940E+02
      39    2625   9.652341176E+01
      40    2675   9.059752101E+01
      41    2725   7.835995948E+01
      42    2775   4.394718884E+01
