       0     675   1.678555773E+03
       1     725   1.900191554E+03
       2     775   2.498150171E+03
       3     825   2.484382074E+03
       4     875   2.167690889E+03
       5     925   1.595999710E+03
       6     975   1.113209481E+03
       7    1025   1.078586263E+03
       8    1075   1.193004509E+03
       9    1125   1.247157628E+03
      10    1175   1.210698982E+03
      11    1225   9.617324573E+02
      12    1275   7.743076329E+02
      13    1325   7.260967435E+02
      14    1375   7.924579710E+02
      15    1425   8.362974774E+02
      16    1475   7.942762492E+02
      17    1525   6.345742733E+02
      18    1575   4.935553815E+02
      19    1625   4.085941455E+02
      20    1675   4.137019091E+02
      21    1725   4.127993230E+02
      22    1775   3.916663535E+02
      23    1825   3.543144721E+02
      24    1875   2.963512177E+02
      25    1925   2.588080223E+02
      26    1975   2.689308141E+02
      27    2025   2.506781884E+02
      28    2075   2.448581066E+02
      29    2125   2.320441058E+02
      30    2175   1.824532269E+02
      31    2225   1.528356668E+02
      32    2275   1.367149729E+02
      33    2325   1.399140133E+02
      34    2375   1.377354774E+02
      35    2425   1.277059308E+02
      36    2475   8.473722010E+01
      37    2525   9.211988797E+01
      38    2575   9.183757280E+01
      39    2625   8.910443923E+01
      40    2675   8.810380250E+01
      41    2725   1.116694691E+02
      42    2775   6.345092230E+01
