       0     675   1.825643877E+03
       1     725   1.876046015E+03
       2     775   2.337996233E+03
       3     825   2.555113826E+03
       4     875   2.160333308E+03
       5     925   1.651890008E+03
       6     975   1.200483614E+03
       7    1025   1.055724646E+03
       8    1075   1.216070972E+03
       9    1125   1.221794308E+03
      10    1175   1.150931452E+03
      11    1225   9.907889941E+02
      12    1275   7.557543539E+02
      13    1325   7.250519034E+02
      14    1375   8.202877518E+02
      15    1425   8.267401573E+02
      16    1475   7.844412713E+02
      17    1525   6.336384082E+02
      18    1575   4.778928196E+02
      19    1625   3.999385050E+02
      20    1675   4.076190345E+02
      21    1725   4.232637590E+02
      22    1775   4.061100010E+02
      23    1825   3.670122390E+02
      24    1875   2.893582166E+02
      25    1925   2.655166058E+02
      26    1975   2.602350339E+02
      27    2025   2.437586734E+02
      28    2075   2.491503549E+02
      29    2125   1.912655304E+02
      30    2175   1.973322382E+02
      31    2225   1.513000066E+02
      32    2275   1.388870239E+02
      33    2325   1.202363499E+02
      34    2375   1.428633497E+02
      35    2425   1.212683607E+02
      36    2475   1.044591448E+02
      37    2525   6.659099808E+01
      38    2575   1.012652969E+02
      39    2625   1.087871072E+02
      40    2675   8.604773583E+01
      41    2725   7.454312434E+01
      42    2775   7.687524707E+01
