       0     675   1.796189087E+03
       1     725   2.139726097E+03
       2     775   2.276544667E+03
       3     825   2.525568858E+03
       4     875   2.292417687E+03
       5     925   1.625201109E+03
       6     975   1.193448808E+03
       7    1025   1.072238058E+03
       8    1075   1.113389991E+03
       9    1125   1.222226889E+03
      10    1175   1.186260353E+03
      11    1225   9.482082339E+02
      12    1275   7.638169686E+02
      13    1325   7.435843841E+02
      14    1375   7.983644829E+02
      15    1425   8.192658824E+02
      16    1475   7.805344923E+02
      17    1525   6.208149988E+02
      18    1575   5.005676732E+02
      19    1625   4.145540974E+02
      20    1675   4.085237862E+02
      21    1725   4.092851727E+02
      22    1775   4.120179151E+02
      23    1825   3.514965030E+02
      24    1875   2.902727042E+02
      25    1925   2.617644944E+02
      26    1975   2.495036487E+02
      27    2025   2.505253381E+02
      28    2075   2.330695896E+02
      29    2125   2.198284516E+02
      30    2175   1.659423436E+02
      31    2225   1.650768031E+02
      32    2275   1.470017762E+02
      33    2325   1.330415089E+02
      34    2375   1.377409221E+02
      35    2425   1.260314813E+02
      36    2475   1.127769537E+02
      37    2525   1.055904331E+02
      38    2575   1.289435199E+02
      39    2625   6.368208183E+01
      40    2675   1.113706368E+02
      41    2725   6.578374763E+01
      42    2775   1.014449700E+02
