       0     675   1.717675297E+03
       1     725   1.966194766E+03
       2     775   2.463379919E+03
       3     825   2.460311804E+03
       4     875   2.252374987E+03
       5     925   1.506217832E+03
       6     975   1.194088810E+03
       7    1025   1.042714469E+03
       8    1075   1.182226492E+03
       9    1125   1.258780208E+03
      10    1175   1.215119916E+03
      11    1225   9.573002372E+02
      12    1275   7.670790796E+02
      13    1325   7.432534204E+02
      14    1375   8.085610099E+02
      15    1425   8.203301354E+02
      16    1475   7.895291269E+02
      17    1525   6.223094689E+02
      18    1575   5.097242106E+02
      19    1625   4.261146113E+02
      20    1675   4.167058133E+02
      21    1725   4.155061522E+02
      22    1775   4.009690344E+02
      23    1825   3.500667982E+02
      24    1875   2.956748362E+02
      25    1925   2.646067047E+02
      26    1975   2.592276651E+02
      27    2025   2.540277913E+02
      28    2075   2.486072807E+02
      29    2125   2.059631121E+02
      30    2175   1.761442065E+02
      31    2225   1.509792273E+02
      32    2275   1.317106104E+02
      33    2325   1.354986953E+02
      34    2375   1.251460350E+02
      35    2425   1.112734306E+02
      36    2475   1.046482125E+02
      37    2525   7.203051125E+01
      38    2575   1.198639769E+02
      39    2625   1.068155871E+02
      40    2675   8.717703280E+01
      41    2725   1.104808671E+02
      42    2775   6.700372684E+01
