       0     675   1.775097487E+03
       1     725   1.913598143E+03
       2     775   2.453285899E+03
       3     825   2.562217750E+03
       4     875   2.153391342E+03
       5     925   1.618641440E+03
       6     975   1.209285421E+03
       7    1025   1.019914625E+03
       8    1075   1.185721323E+03
       9    1125   1.269657880E+03
      10    1175   1.211139302E+03
      11    1225   9.608147416E+02
      12    1275   7.924021529E+02
      13    1325   7.210576120E+02
      14    1375   8.020440987E+02
      15    1425   8.226282048E+02
      16    1475   7.700815963E+02
      17    1525   6.331853018E+02
      18    1575   4.918584877E+02
      19    1625   4.153394180E+02
      20    1675   4.090185059E+02
      21    1725   4.175875553E+02
      22    1775   4.005647668E+02
      23    1825   3.603290928E+02
      24    1875   2.974151458E+02
      25    1925   2.457701206E+02
      26    1975   2.621208854E+02
      27    2025   2.433328200E+02
      28    2075   2.354014870E+02
      29    2125   2.250409327E+02
      30    2175   1.594694544E+02
      31    2225   1.608029109E+02
      32    2275   1.420570016E+02
      33    2325   1.224760822E+02
      34    2375   1.214800267E+02
      35    2425   1.238487425E+02
      36    2475   1.007961514E+02
      37    2525   9.226563191E+01
      38    2575   8.543146593E+01
      39    2625   1.115298707E+02
      40    2675   9.633734616E+01
      41    2725   9.135554993E+01
      42    2775   6.467177418E+01
