       0     675   1.855524643E+03
       1     725   1.982555860E+03
       2     775   2.437370160E+03
       3     825   2.473499580E+03
       4     875   2.237431346E+03
       5     925   1.628704668E+03
       6     975   1.177900978E+03
       7    1025   1.024579308E+03
       8    1075   1.117771133E+03
       9    1125   1.261446335E+03
      10    1175   1.200123735E+03
      11    1225   9.557462301E+02
      12    1275   7.893003806E+02
      13    1325   7.063884128E+02
      14    1375   8.153429729E+02
      15    1425   8.412148308E+02
      16    1475   7.637623246E+02
      17    1525   6.662009522E+02
      18    1575   4.843863994E+02
      19    1625   4.269902939E+02
      20    1675   4.111159126E+02
      21    1725   4.209056580E+02
      22    1775   4.002998197E+02
      23    1825   3.569262810E+02
      24    1875   2.998771494E+02
      25    1925   2.560529991E+02
      26    1975   2.640901205E+02
      27    2025   2.537774533E+02
      28    2075   2.295949737E+02
      29    2125   2.232453234E+02
      30    2175   1.792273572E+02
      31    2225   1.578885412E+02
      32    2275   1.422270911E+02
      33    2325   1.352237514E+02
      34    2375   1.314886649E+02
      35    2425   1.176062689E+02
      36    2475   1.183409147E+02
      37    2525   9.425487040E+01
      38    2575   7.462420573E+01
      39    2625   8.283953266E+01
      40    2675   7.102112680E+01
      41    2725   8.597850194E+01
      42    2775   1.134855300E+02
