       0     675   1.802026289E+03
       1     725   2.002700780E+03
       2     775   2.369534385E+03
       3     825   2.670315750E+03
       4     875   2.187119517E+03
       5     925   1.557849908E+03
       6     975   1.148234678E+03
       7    1025   1.093736215E+03
       8    1075   1.154991723E+03
       9    1125   1.222025111E+03
      10    1175   1.170311719E+03
      11    1225   9.577623667E+02
      12    1275   7.563695379E+02
      13    1325   7.581102851E+02
      14    1375   7.737319482E+02
      15    1425   8.504083896E+02
      16    1475   7.612857615E+02
      17    1525   6.460029312E+02
      18    1575   4.847094373E+02
      19    1625   4.070353725E+02
      20    1675   4.087085938E+02
      21    1725   4.092817349E+02
      22    1775   4.015831444E+02
      23    1825   3.505973053E+02
      24    1875   2.890425145E+02
      25    1925   2.666459970E+02
      26    1975   2.462939396E+02
      27    2025   2.583040035E+02
      28    2075   2.479271810E+02
      29    2125   2.110061527E+02
      30    2175   1.863091886E+02
      31    2225   1.520275427E+02
      32    2275   1.406684518E+02
      33    2325   1.320042103E+02
      34    2375   1.308082118E+02
      35    2425   1.182960724E+02
      36    2475   1.123716336E+02
      37    2525   1.171783923E+02
      38    2575   1.067009819E+02
      39    2625   8.011775357E+01
      40    2675   9.977517422E+01
      41    2725   8.185843626E+01
      42    2775   1.061724000E+02
