       0     675   1.858070333E+03
       1     725   2.035177269E+03
       2     775   2.436626758E+03
       3     825   2.616923634E+03
       4     875   2.172149655E+03
       5     925   1.645469284E+03
       6     975   1.194469717E+03
       7    1025   1.072154553E+03
       8    1075   1.158660359E+03
       9    1125   1.253094326E+03
      10    1175   1.161661005E+03
      11    1225   9.678555353E+02
      12    1275   7.700905243E+02
      13    1325   7.514089145E+02
      14    1375   7.623816802E+02
      15    1425   8.298594617E+02
      16    1475   7.775135376E+02
      17    1525   6.354394533E+02
      18    1575   5.150417643E+02
      19    1625   4.125342345E+02
      20    1675   4.119856888E+02
      21    1725   4.414418320E+02
      22    1775   4.017261885E+02
      23    1825   3.618267911E+02
      24    1875   2.951066480E+02
      25    1925   2.475862498E+02
      26    1975   2.619752552E+02
      27    2025   2.528074991E+02
      28    2075   2.436781861E+02
      29    2125   2.171543648E+02
      30    2175   1.861939697E+02
      31    2225   1.713268456E+02
      32    2275   1.373360887E+02
      33    2325   1.303123898E+02
      34    2375   1.212510353E+02
      35    2425   1.300666204E+02
      36    2475   1.194213787E+02
      37    2525   7.336829571E+01
      38    2575   1.086281746E+02
      39    2625   9.523872893E+01
      40    2675   8.229082021E+01
      41    2725   9.704308287E+01
      42    2775   3.219223048E+01
