       0     675   1.706859092E+03
       1     725   2.003786382E+03
       2     775   2.430133228E+03
       3     825   2.438874953E+03
       4     875   2.152222897E+03
       5     925   1.598818649E+03
       6     975   1.172355861E+03
       7    1025   1.052982404E+03
       8    1075   1.171753160E+03
       9    1125   1.253802589E+03
      10    1175   1.194485394E+03
      11    1225   9.749363709E+02
      12    1275   7.745531487E+02
      13    1325   7.245059484E+02
      14    1375   8.228422389E+02
      15    1425   8.595797910E+02
      16    1475   7.921995500E+02
      17    1525   6.403298606E+02
      18    1575   4.860873034E+02
      19    1625   4.164088744E+02
      20    1675   4.143539591E+02
      21    1725   4.127684348E+02
      22    1775   3.949067950E+02
      23    1825   3.463829157E+02
      24    1875   2.949472929E+02
      25    1925   2.606649158E+02
      26    1975   2.526213414E+02
      27    2025   2.511906202E+02
      28    2075   2.440938108E+02
      29    2125   2.089668861E+02
      30    2175   1.751554325E+02
      31    2225   1.640770808E+02
      32    2275   1.392640363E+02
      33    2325   1.496163670E+02
      34    2375   1.266573152E+02
      35    2425   1.307456943E+02
      36    2475   9.614372099E+01
      37    2525   1.105173666E+02
      38    2575   8.810345863E+01
      39    2625   1.042820000E+02
      40    2675   6.510126395E+01
      41    2725   7.447263962E+01
      42    2775   7.839046399E+01
