       0     675   1.754806627E+03
       1     725   2.034281616E+03
       2     775   2.438673631E+03
       3     825   2.616654422E+03
       4     875   2.178942774E+03
       5     925   1.625212968E+03
       6     975   1.141218463E+03
       7    1025   1.058848088E+03
       8    1075   1.150467807E+03
       9    1125   1.227877245E+03
      10    1175   1.189005726E+03
      11    1225   9.531725567E+02
      12    1275   8.362045920E+02
      13    1325   7.308752064E+02
      14    1375   7.998077787E+02
      15    1425   8.096683663E+02
      16    1475   7.761864803E+02
      17    1525   6.396877526E+02
      18    1575   5.040003603E+02
      19    1625   4.102001324E+02
      20    1675   4.035201447E+02
      21    1725   4.160163006E+02
      22    1775   4.107923898E+02
      23    1825   3.477882583E+02
      24    1875   2.939887622E+02
      25    1925   2.551196611E+02
      26    1975   2.516996924E+02
      27    2025   2.485793576E+02
      28    2075   2.542100942E+02
      29    2125   2.301766408E+02
      30    2175   1.734954099E+02
      31    2225   1.511620607E+02
      32    2275   1.313865854E+02
      33    2325   1.311450221E+02
      34    2375   1.418782437E+02
      35    2425   9.085331342E+01
      36    2475   1.209125556E+02
      37    2525   8.341466400E+01
      38    2575   7.639925497E+01
      39    2625   8.687453970E+01
      40    2675   7.339921940E+01
      41    2725   8.021981619E+01
      42    2775   9.756399442E+01
