       0     675   1.854259303E+03
       1     725   2.050478659E+03
       2     775   2.463169898E+03
       3     825   2.510006050E+03
       4     875   2.247308213E+03
       5     925   1.628307281E+03
       6     975   1.152329495E+03
       7    1025   1.062703329E+03
       8    1075   1.194801147E+03
       9    1125   1.289550662E+03
      10    1175   1.198041562E+03
      11    1225   9.561769559E+02
      12    1275   7.902655795E+02
      13    1325   7.333557413E+02
      14    1375   7.777244586E+02
      15    1425   8.394322238E+02
      16    1475   7.739890520E+02
      17    1525   6.373756648E+02
      18    1575   4.929903140E+02
      19    1625   4.092783002E+02
      20    1675   3.930419474E+02
      21    1725   4.275774424E+02
      22    1775   3.926379143E+02
      23    1825   3.523270975E+02
      24    1875   2.869999823E+02
      25    1925   2.620229755E+02
      26    1975   2.415368189E+02
      27    2025   2.630065434E+02
      28    2075   2.398016860E+02
      29    2125   2.071654257E+02
      30    2175   1.733235814E+02
      31    2225   1.496069644E+02
      32    2275   1.414420546E+02
      33    2325   1.504804377E+02
      34    2375   1.353107983E+02
      35    2425   1.194928106E+02
      36    2475   1.153419151E+02
      37    2525   7.314818271E+01
      38    2575   1.115657904E+02
      39    2625   9.098322253E+01
      40    2675   1.150597388E+02
      41    2725   6.138187222E+01
      42    2775   2.499194108E+01
