       0     675   1.808344623E+03
       1     725   2.034073669E+03
       2     775   2.447185266E+03
       3     825   2.668909214E+03
       4     875   2.221763623E+03
       5     925   1.608886043E+03
       6     975   1.179320989E+03
       7    1025   1.136376530E+03
       8    1075   1.154816310E+03
       9    1125   1.290388480E+03
      10    1175   1.194830723E+03
      11    1225   9.389209621E+02
      12    1275   7.818386803E+02
      13    1325   7.306229443E+02
      14    1375   7.962371688E+02
      15    1425   8.422710904E+02
      16    1475   7.627397413E+02
      17    1525   6.340309939E+02
      18    1575   4.822434016E+02
      19    1625   4.233720141E+02
      20    1675   3.961805018E+02
      21    1725   4.174796642E+02
      22    1775   4.061169765E+02
      23    1825   3.450431819E+02
      24    1875   3.112723941E+02
      25    1925   2.587782652E+02
      26    1975   2.487521536E+02
      27    2025   2.616396016E+02
      28    2075   2.558506839E+02
      29    2125   2.083964652E+02
      30    2175   1.801459753E+02
      31    2225   1.581514717E+02
      32    2275   1.374315257E+02
      33    2325   1.236036942E+02
      34    2375   1.299759740E+02
      35    2425   1.333703097E+02
      36    2475   1.370867987E+02
      37    2525   1.106343916E+02
      38    2575   8.920925354E+01
      39    2625   9.777354404E+01
      40    2675   9.107251493E+01
      41    2725   7.061024780E+01
      42    2775   9.592761659E+01
