       0     675   1.850590400E+03
       1     725   1.899166280E+03
       2     775   2.401992772E+03
       3     825   2.506807710E+03
       4     875   2.085639886E+03
       5     925   1.634008976E+03
       6     975   1.189747312E+03
       7    1025   1.056408888E+03
       8    1075   1.131232111E+03
       9    1125   1.266995001E+03
      10    1175   1.192065928E+03
      11    1225   9.440285816E+02
      12    1275   7.572899536E+02
      13    1325   7.165003803E+02
      14    1375   8.055104749E+02
      15    1425   8.591101095E+02
      16    1475   7.688715100E+02
      17    1525   6.207988530E+02
      18    1575   4.861508026E+02
      19    1625   4.134616327E+02
      20    1675   3.862930523E+02
      21    1725   4.237084915E+02
      22    1775   3.896150997E+02
      23    1825   3.466302651E+02
      24    1875   2.846343048E+02
      25    1925   2.566371012E+02
      26    1975   2.518658695E+02
      27    2025   2.469277466E+02
      28    2075   2.403661509E+02
      29    2125   2.233735504E+02
      30    2175   1.932502528E+02
      31    2225   1.506732418E+02
      32    2275   1.410183012E+02
      33    2325   1.385366330E+02
      34    2375   1.265751745E+02
      35    2425   1.216018136E+02
      36    2475   1.039991513E+02
      37    2525   1.250650835E+02
      38    2575   9.924627079E+01
      39    2625   9.577730995E+01
      40    2675   8.595390398E+01
      41    2725   8.245824115E+01
      42    2775   9.578315620E+01
