       0     675   1.754807445E+03
       1     725   1.943855941E+03
       2     775   2.509321256E+03
       3     825   2.684671654E+03
       4     875   2.232439641E+03
       5     925   1.644690655E+03
       6     975   1.128160945E+03
       7    1025   1.069896413E+03
       8    1075   1.247648794E+03
       9    1125   1.297322270E+03
      10    1175   1.196152907E+03
      11    1225   9.848917004E+02
      12    1275   7.793617750E+02
      13    1325   7.562166201E+02
      14    1375   8.044936636E+02
      15    1425   8.551702210E+02
      16    1475   7.639383318E+02
      17    1525   6.394616614E+02
      18    1575   4.821456725E+02
      19    1625   4.120764659E+02
      20    1675   4.077937183E+02
      21    1725   4.130077919E+02
      22    1775   3.914468240E+02
      23    1825   3.412641034E+02
      24    1875   2.933933953E+02
      25    1925   2.488535116E+02
      26    1975   2.514808912E+02
      27    2025   2.554246443E+02
      28    2075   2.314325164E+02
      29    2125   2.056093654E+02
      30    2175   1.899702513E+02
      31    2225   1.439205037E+02
      32    2275   1.424972936E+02
      33    2325   1.310571544E+02
      34    2375   1.416994627E+02
      35    2425   1.303006433E+02
      36    2475   1.195621821E+02
      37    2525   1.022466754E+02
      38    2575   8.497390056E+01
      39    2625   1.024241229E+02
      40    2675   9.153826710E+01
      41    2725   7.175511502E+01
      42    2775   9.574724728E+01
