       0     675   1.951286369E+03
       1     725   1.990963888E+03
       2     775   2.379661820E+03
       3     825   2.600291466E+03
       4     875   2.105383044E+03
       5     925   1.700322891E+03
       6     975   1.208963286E+03
       7    1025   1.041623929E+03
       8    1075   1.142553876E+03
       9    1125   1.253544324E+03
      10    1175   1.180849330E+03
      11    1225   9.356324269E+02
      12    1275   7.674692587E+02
      13    1325   7.318751550E+02
      14    1375   7.945814056E+02
      15    1425   8.085010447E+02
      16    1475   7.828296276E+02
      17    1525   6.300957591E+02
      18    1575   5.006873578E+02
      19    1625   4.143405577E+02
      20    1675   4.093755111E+02
      21    1725   4.191580823E+02
      22    1775   4.078279908E+02
      23    1825   3.588052998E+02
      24    1875   2.765807273E+02
      25    1925   2.594989963E+02
      26    1975   2.453029959E+02
      27    2025   2.586598249E+02
      28    2075   2.388551127E+02
      29    2125   2.120753620E+02
      30    2175   1.748078514E+02
      31    2225   1.362965900E+02
      32    2275   1.401967845E+02
      33    2325   1.317813152E+02
      34    2375   1.487199205E+02
      35    2425   1.276571047E+02
      36    2475   1.090007061E+02
      37    2525   7.865541129E+01
      38    2575   7.754839937E+01
      39    2625   7.156436507E+01
      40    2675   9.640840673E+01
      41    2725   9.131053010E+01
      42    2775   8.367132476E+01
