       0     675   1.802836387E+03
       1     725   2.048790775E+03
       2     775   2.559375725E+03
       3     825   2.455972290E+03
       4     875   2.244781717E+03
       5     925   1.623741193E+03
       6     975   1.173490943E+03
       7    1025   1.044235747E+03
       8    1075   1.153837017E+03
       9    1125   1.276408250E+03
      10    1175   1.172393400E+03
      11    1225   1.008261499E+03
      12    1275   7.739099055E+02
      13    1325   7.225175272E+02
      14    1375   7.904129211E+02
      15    1425   8.786721360E+02
      16    1475   7.800871504E+02
      17    1525   6.355492547E+02
      18    1575   5.001330457E+02
      19    1625   4.266534641E+02
      20    1675   4.046927800E+02
      21    1725   4.140689702E+02
      22    1775   3.951783322E+02
      23    1825   3.365461316E+02
      24    1875   2.942170801E+02
      25    1925   2.491000300E+02
      26    1975   2.536501884E+02
      27    2025   2.520813532E+02
      28    2075   2.338398532E+02
      29    2125   2.160141767E+02
      30    2175   1.812217061E+02
      31    2225   1.445258560E+02
      32    2275   1.316500546E+02
      33    2325   1.394007554E+02
      34    2375   1.223577726E+02
      35    2425   1.295427707E+02
      36    2475   1.059535606E+02
      37    2525   8.743522667E+01
      38    2575   9.540838319E+01
      39    2625   8.546620219E+01
      40    2675   9.005487749E+01
      41    2725   1.228231253E+02
      42    2775   5.613854746E+01
