       0     675   1.674693949E+03
       1     725   2.055242562E+03
       2     775   2.421307272E+03
       3     825   2.606578168E+03
       4     875   2.279070364E+03
       5     925   1.657847948E+03
       6     975   1.203112444E+03
       7    1025   1.029940958E+03
       8    1075   1.164811571E+03
       9    1125   1.289769568E+03
      10    1175   1.203646161E+03
      11    1225   9.410930437E+02
      12    1275   7.858542708E+02
      13    1325   7.449248381E+02
      14    1375   7.875076005E+02
      15    1425   8.409996114E+02
      16    1475   7.769383810E+02
      17    1525   6.480078738E+02
      18    1575   4.897636758E+02
      19    1625   4.059073863E+02
      20    1675   4.119688909E+02
      21    1725   4.091089402E+02
      22    1775   4.055697367E+02
      23    1825   3.526741609E+02
      24    1875   2.920916287E+02
      25    1925   2.540328472E+02
      26    1975   2.588321632E+02
      27    2025   2.607258167E+02
      28    2075   2.455976886E+02
      29    2125   2.135548368E+02
      30    2175   1.790305360E+02
      31    2225   1.542696886E+02
      32    2275   1.429854562E+02
      33    2325   1.521660552E+02
      34    2375   1.268564390E+02
      35    2425   1.325304565E+02
      36    2475   1.117351241E+02
      37    2525   9.340449412E+01
      38    2575   9.275204568E+01
      39    2625   8.610039646E+01
      40    2675   6.394384197E+01
      41    2725   8.935329883E+01
      42    2775   6.780316190E+01
