       0     675   1.858230009E+03
       1     725   2.003350437E+03
       2     775   2.327816838E+03
       3     825   2.627005692E+03
       4     875   2.147154732E+03
       5     925   1.669841655E+03
       6     975   1.117268821E+03
       7    1025   1.041843835E+03
       8    1075   1.175152279E+03
       9    1125   1.288786378E+03
      10    1175   1.153339953E+03
      11    1225   9.675167176E+02
      12    1275   7.850369034E+02
      13    1325   7.415905954E+02
      14    1375   7.443610118E+02
      15    1425   8.561666010E+02
      16    1475   7.870809627E+02
      17    1525   6.183239527E+02
      18    1575   5.076713721E+02
      19    1625   4.135900677E+02
      20    1675   3.953734390E+02
      21    1725   4.227505446E+02
      22    1775   4.115182121E+02
      23    1825   3.505120612E+02
      24    1875   2.832652928E+02
      25    1925   2.607066666E+02
      26    1975   2.472278795E+02
      27    2025   2.525615435E+02
      28    2075   2.512700209E+02
      29    2125   2.195356909E+02
      30    2175   1.735538454E+02
      31    2225   1.606653740E+02
      32    2275   1.495513490E+02
      33    2325   1.435918791E+02
      34    2375   1.238176414E+02
      35    2425   1.322986044E+02
      36    2475   1.183129915E+02
      37    2525   9.111150602E+01
      38    2575   8.210625601E+01
      39    2625   7.467012480E+01
      40    2675   8.712743711E+01
      41    2725   9.819938190E+01
      42    2775   6.438032091E+01
