       0     675   1.763682165E+03
       1     725   2.026943494E+03
       2     775   2.419019307E+03
       3     825   2.524918079E+03
       4     875   2.149466632E+03
       5     925   1.631183653E+03
       6     975   1.148748440E+03
       7    1025   1.074761520E+03
       8    1075   1.145669358E+03
       9    1125   1.225359111E+03
      10    1175   1.187130180E+03
      11    1225   9.770853996E+02
      12    1275   8.035820013E+02
      13    1325   7.490785678E+02
      14    1375   7.972577194E+02
      15    1425   8.635977208E+02
      16    1475   7.755704347E+02
      17    1525   6.361958518E+02
      18    1575   4.856742312E+02
      19    1625   4.198769237E+02
      20    1675   3.954147066E+02
      21    1725   4.255906732E+02
      22    1775   4.071976277E+02
      23    1825   3.533974491E+02
      24    1875   2.948650111E+02
      25    1925   2.718086583E+02
      26    1975   2.559598841E+02
      27    2025   2.464450597E+02
      28    2075   2.343675349E+02
      29    2125   2.282314889E+02
      30    2175   1.800986662E+02
      31    2225   1.450033573E+02
      32    2275   1.401123521E+02
      33    2325   1.426695811E+02
      34    2375   1.228496449E+02
      35    2425   1.339748323E+02
      36    2475   1.091480812E+02
      37    2525   1.245551566E+02
      38    2575   9.784179362E+01
      39    2625   8.651782092E+01
      40    2675   9.209312841E+01
      41    2725   6.340549100E+01
      42    2775   5.171939961E+01
