       0     675   1.745613338E+03
       1     725   1.908639414E+03
       2     775   2.378309493E+03
       3     825   2.571831232E+03
       4     875   2.253361218E+03
       5     925   1.700012762E+03
       6     975   1.139511208E+03
       7    1025   1.074961046E+03
       8    1075   1.180781727E+03
       9    1125   1.255524572E+03
      10    1175   1.178598350E+03
      11    1225   9.506453548E+02
      12    1275   7.798728273E+02
      13    1325   7.582501998E+02
      14    1375   7.963413801E+02
      15    1425   8.229991255E+02
      16    1475   7.917475562E+02
      17    1525   6.438648765E+02
      18    1575   4.941645923E+02
      19    1625   4.080468531E+02
      20    1675   4.076825302E+02
      21    1725   4.264443174E+02
      22    1775   3.917319951E+02
      23    1825   3.541336344E+02
      24    1875   2.869472155E+02
      25    1925   2.582419570E+02
      26    1975   2.560291270E+02
      27    2025   2.480402997E+02
      28    2075   2.357640743E+02
      29    2125   2.145497153E+02
      30    2175   1.654319660E+02
      31    2225   1.382007705E+02
      32    2275   1.445016877E+02
      33    2325   1.517286987E+02
      34    2375   1.180314310E+02
      35    2425   1.301983518E+02
      36    2475   9.039565789E+01
      37    2525   1.170095302E+02
      38    2575   8.305596176E+01
      39    2625   1.007395073E+02
      40    2675   1.096070886E+02
      41    2725   7.450020798E+01
      42    2775   7.615888369E+01
