       0     675   1.814462296E+03
       1     725   2.086568459E+03
       2     775   2.415596051E+03
       3     825   2.639870511E+03
       4     875   2.230722115E+03
       5     925   1.687828533E+03
       6     975   1.265618025E+03
       7    1025   1.111919211E+03
       8    1075   1.178349908E+03
       9    1125   1.290067281E+03
      10    1175   1.228460059E+03
      11    1225   9.753231829E+02
      12    1275   7.957005623E+02
      13    1325   7.840238642E+02
      14    1375   8.028397475E+02
      15    1425   8.783526742E+02
      16    1475   7.727895329E+02
      17    1525   6.828926960E+02
      18    1575   5.147748340E+02
      19    1625   4.258426273E+02
      20    1675   4.250976658E+02
      21    1725   4.580557720E+02
      22    1775   4.351302408E+02
      23    1825   3.520371877E+02
      24    1875   3.326869083E+02
      25    1925   2.624843282E+02
      26    1975   2.431599981E+02
      27    2025   2.770690222E+02
      28    2075   2.943217142E+02
      29    2125   2.078058555E+02
      30    2175   2.722901631E+02
      31    2225   5.912514590E+01
      32    2275   1.512073221E+02
      33    2325   1.596888130E+02
      34    2375   4.576661064E+01
      35    2425   1.544241407E+02
      36    2475   2.571164251E+02
