       0     675   1.890837635E+03
       1     725   1.946645692E+03
       2     775   2.555893302E+03
       3     825   2.658065480E+03
       4     875   2.166658087E+03
       5     925   1.658628820E+03
       6     975   1.216098871E+03
       7    1025   1.061472058E+03
       8    1075   1.187881602E+03
       9    1125   1.265626961E+03
      10    1175   1.215927040E+03
      11    1225   9.708343237E+02
      12    1275   7.796001157E+02
      13    1325   7.662782291E+02
      14    1375   7.890791871E+02
      15    1425   8.946513193E+02
      16    1475   7.905748810E+02
      17    1525   6.455624927E+02
      18    1575   4.934081977E+02
      19    1625   4.299204135E+02
      20    1675   4.287177106E+02
      21    1725   4.318373133E+02
      22    1775   4.075132823E+02
      23    1825   3.942723149E+02
      24    1875   3.152339047E+02
      25    1925   2.760818324E+02
      26    1975   2.948650462E+02
      27    2025   3.021959022E+02
      28    2075   1.955163724E+02
      29    2125   2.251195898E+02
      30    2175   1.518432774E+02
      31    2225   1.747316879E+02
      32    2275   1.683240676E+02
      33    2325   9.239503960E+01
      34    2375   1.434932558E+02
      35    2425   3.363875871E+02
      36    2475  -2.851550890E+01
