       0     675   1.902070739E+03
       1     725   2.060839151E+03
       2     775   2.519912546E+03
       3     825   2.591049654E+03
       4     875   2.276542886E+03
       5     925   1.687897955E+03
       6     975   1.186187758E+03
       7    1025   1.104370934E+03
       8    1075   1.228870172E+03
       9    1125   1.301813317E+03
      10    1175   1.222259520E+03
      11    1225   9.831096557E+02
      12    1275   8.084787454E+02
      13    1325   7.382858733E+02
      14    1375   7.922959653E+02
      15    1425   8.565031007E+02
      16    1475   7.733072457E+02
      17    1525   6.447968486E+02
      18    1575   5.187026387E+02
      19    1625   4.153086180E+02
      20    1675   3.947894442E+02
      21    1725   4.306467482E+02
      22    1775   4.097676047E+02
      23    1825   3.841755787E+02
      24    1875   3.259191341E+02
      25    1925   2.426910733E+02
      26    1975   2.749444024E+02
      27    2025   2.485020115E+02
      28    2075   2.439218835E+02
      29    2125   2.339899761E+02
      30    2175   1.113022445E+02
      31    2225   2.400773098E+02
      32    2275   7.876293546E+01
      33    2325   1.702279167E+02
      34    2375   3.676992767E+02
      35    2425   3.720041350E+02
      36    2475   1.000000703E+02
