       0     675   1.829189697E+03
       1     725   2.054948158E+03
       2     775   2.420365120E+03
       3     825   2.568052742E+03
       4     875   2.366562731E+03
       5     925   1.662789449E+03
       6     975   1.229716490E+03
       7    1025   1.108724519E+03
       8    1075   1.183730459E+03
       9    1125   1.283970599E+03
      10    1175   1.145037756E+03
      11    1225   1.017537645E+03
      12    1275   7.860705186E+02
      13    1325   7.557744836E+02
      14    1375   8.408818402E+02
      15    1425   8.723234560E+02
      16    1475   8.060064160E+02
      17    1525   6.442939779E+02
      18    1575   4.920296145E+02
      19    1625   4.469296833E+02
      20    1675   4.105046708E+02
      21    1725   4.266196933E+02
      22    1775   4.333706674E+02
      23    1825   3.602289186E+02
      24    1875   3.026613286E+02
      25    1925   2.765417368E+02
      26    1975   2.859477306E+02
      27    2025   2.554886359E+02
      28    2075   2.537140362E+02
      29    2125   2.094337961E+02
      30    2175   2.845654929E+02
      31    2225   2.087777680E+02
      32    2275   1.755509777E+02
      33    2325   1.701340818E+02
      34    2375  -1.030050194E+02
      35    2425   8.546899300E+01
      36    2475   3.176726326E+02
