       0     675   1.927338420E+03
       1     725   2.119156540E+03
       2     775   2.506437510E+03
       3     825   2.598808453E+03
       4     875   2.302404623E+03
       5     925   1.647130401E+03
       6     975   1.178541522E+03
       7    1025   1.127532036E+03
       8    1075   1.228205298E+03
       9    1125   1.260330417E+03
      10    1175   1.235680442E+03
      11    1225   9.815290257E+02
      12    1275   8.177195053E+02
      13    1325   7.475344228E+02
      14    1375   8.223851024E+02
      15    1425   8.667089549E+02
      16    1475   7.873294851E+02
      17    1525   6.584018551E+02
      18    1575   4.969371347E+02
      19    1625   4.490525852E+02
      20    1675   4.492585213E+02
      21    1725   4.396449739E+02
      22    1775   4.233407773E+02
      23    1825   4.029218645E+02
      24    1875   3.049008199E+02
      25    1925   2.625792864E+02
      26    1975   2.258704904E+02
      27    2025   2.580883141E+02
      28    2075   2.607081239E+02
      29    2125   2.071623294E+02
      30    2175   1.851721188E+02
      31    2225   1.996600538E+02
      32    2275   2.351545946E+02
      33    2325   2.480778941E+02
      34    2375   2.320003271E+02
      35    2425   3.305097089E+02
      36    2475   4.366545266E+02
