       0     675   1.865937919E+03
       1     725   2.126489428E+03
       2     775   2.435028775E+03
       3     825   2.670356724E+03
       4     875   2.203342171E+03
       5     925   1.651003034E+03
       6     975   1.197386863E+03
       7    1025   1.128411745E+03
       8    1075   1.206340075E+03
       9    1125   1.306880672E+03
      10    1175   1.174625775E+03
      11    1225   1.005052642E+03
      12    1275   7.782292147E+02
      13    1325   7.407800738E+02
      14    1375   8.037881398E+02
      15    1425   8.514842022E+02
      16    1475   7.790265117E+02
      17    1525   6.424030708E+02
      18    1575   5.096995427E+02
      19    1625   4.186407761E+02
      20    1675   4.680095356E+02
      21    1725   4.324431024E+02
      22    1775   4.278925329E+02
      23    1825   3.606932911E+02
      24    1875   3.213357797E+02
      25    1925   2.640004834E+02
      26    1975   2.762204855E+02
      27    2025   2.824533543E+02
      28    2075   3.021742252E+02
      29    2125   2.421076793E+02
      30    2175   1.810351832E+02
      31    2225   1.744346818E+02
      32    2275   2.410366360E+02
      33    2325   1.178451119E+02
      34    2375  -1.219715727E+02
      35    2425   3.784281435E+00
      36    2475   2.651808533E+02
