       0     675   1.857301049E+03
       1     725   2.030036403E+03
       2     775   2.384565041E+03
       3     825   2.618588785E+03
       4     875   2.218762612E+03
       5     925   1.695362420E+03
       6     975   1.147240640E+03
       7    1025   1.077691171E+03
       8    1075   1.142216707E+03
       9    1125   1.297516197E+03
      10    1175   1.223820192E+03
      11    1225   9.943627353E+02
      12    1275   8.097421038E+02
      13    1325   7.686281953E+02
      14    1375   8.136359602E+02
      15    1425   8.480611696E+02
      16    1475   7.794690818E+02
      17    1525   6.653277829E+02
      18    1575   5.018907843E+02
      19    1625   4.347573206E+02
      20    1675   4.212561891E+02
      21    1725   4.371156830E+02
      22    1775   4.063908768E+02
      23    1825   3.551781017E+02
      24    1875   3.093995795E+02
      25    1925   2.934728156E+02
      26    1975   2.553146944E+02
      27    2025   3.113349815E+02
      28    2075   2.987060489E+02
      29    2125   2.525623407E+02
      30    2175   1.510413805E+02
      31    2225   3.671596386E+01
      32    2275   1.450633508E+02
      33    2325   1.283048067E+02
      34    2375   1.016292338E+02
      35    2425   2.328912513E+02
      36    2475   4.034026751E+02
