       0     675   1.860883135E+03
       1     725   2.111141962E+03
       2     775   2.355977036E+03
       3     825   2.663918006E+03
       4     875   2.311591893E+03
       5     925   1.709855304E+03
       6     975   1.163273927E+03
       7    1025   1.100652752E+03
       8    1075   1.231122799E+03
       9    1125   1.250111023E+03
      10    1175   1.258676688E+03
      11    1225   9.941094276E+02
      12    1275   7.924690497E+02
      13    1325   7.471834910E+02
      14    1375   8.374948028E+02
      15    1425   8.517399254E+02
      16    1475   7.974689553E+02
      17    1525   6.265141349E+02
      18    1575   5.212186690E+02
      19    1625   4.128976900E+02
      20    1675   4.293846259E+02
      21    1725   4.181719335E+02
      22    1775   4.321458557E+02
      23    1825   3.749803549E+02
      24    1875   3.105666572E+02
      25    1925   2.634194357E+02
      26    1975   2.655597356E+02
      27    2025   2.545683765E+02
      28    2075   3.237282254E+02
      29    2125   2.257929942E+02
      30    2175   2.323923902E+02
      31    2225   1.447822382E+02
      32    2275   1.563226403E+02
      33    2325   1.360259102E+02
      34    2375   1.386200488E+02
      35    2425  -1.330597260E+01
      36    2475   7.647823933E+01
