       0     675   1.846454485E+03
       1     725   2.027612421E+03
       2     775   2.405481668E+03
       3     825   2.595474625E+03
       4     875   2.217063017E+03
       5     925   1.648103758E+03
       6     975   1.201759008E+03
       7    1025   1.070834719E+03
       8    1075   1.154612467E+03
       9    1125   1.318837590E+03
      10    1175   1.168939595E+03
      11    1225   9.855699394E+02
      12    1275   7.789130116E+02
      13    1325   7.402266859E+02
      14    1375   8.237091114E+02
      15    1425   8.337359620E+02
      16    1475   7.830024106E+02
      17    1525   6.534415015E+02
      18    1575   4.905144093E+02
      19    1625   4.553997919E+02
      20    1675   4.079735111E+02
      21    1725   4.140577564E+02
      22    1775   4.195539890E+02
      23    1825   3.983135289E+02
      24    1875   3.105461238E+02
      25    1925   3.128699782E+02
      26    1975   2.419237969E+02
      27    2025   2.809083290E+02
      28    2075   2.835077147E+02
      29    2125   1.495872430E+02
      30    2175   2.231816696E+02
      31    2225   1.459653443E+02
      32    2275   1.240871333E+02
      33    2325   1.936100806E+02
      34    2375   1.035654344E+02
      35    2425   2.290566507E+02
      36    2475   1.738468231E+02
