       0     675   1.869006745E+03
       1     725   2.069776230E+03
       2     775   2.562506548E+03
       3     825   2.608020821E+03
       4     875   2.224413053E+03
       5     925   1.719360710E+03
       6     975   1.191577991E+03
       7    1025   1.122170351E+03
       8    1075   1.185584284E+03
       9    1125   1.295476613E+03
      10    1175   1.162608657E+03
      11    1225   9.575986162E+02
      12    1275   8.360546384E+02
      13    1325   7.686796088E+02
      14    1375   7.885850986E+02
      15    1425   8.588595745E+02
      16    1475   8.113240150E+02
      17    1525   6.354930683E+02
      18    1575   5.195471285E+02
      19    1625   4.062309976E+02
      20    1675   4.204975601E+02
      21    1725   4.608464734E+02
      22    1775   4.279041574E+02
      23    1825   3.804567513E+02
      24    1875   2.862645902E+02
      25    1925   3.026730992E+02
      26    1975   2.388380269E+02
      27    2025   2.325937795E+02
      28    2075   2.975922886E+02
      29    2125   2.537825895E+02
      30    2175   2.356266176E+02
      31    2225   2.178153604E+02
      32    2275   1.810264483E+02
      33    2325   1.260560762E+02
      34    2375  -8.101885825E+01
      35    2425   3.129203546E+02
      36    2475   1.108903710E+02
