       0     675   1.862605768E+03
       1     725   1.985737143E+03
       2     775   2.464754405E+03
       3     825   2.485325015E+03
       4     875   2.180945067E+03
       5     925   1.683529642E+03
       6     975   1.220668192E+03
       7    1025   1.092256748E+03
       8    1075   1.192418368E+03
       9    1125   1.312800823E+03
      10    1175   1.218231942E+03
      11    1225   9.771918182E+02
      12    1275   8.082521999E+02
      13    1325   7.748682998E+02
      14    1375   8.065604100E+02
      15    1425   8.617009161E+02
      16    1475   7.660978434E+02
      17    1525   6.613511177E+02
      18    1575   4.765202361E+02
      19    1625   4.294329259E+02
      20    1675   4.268533586E+02
      21    1725   4.260939035E+02
      22    1775   4.229886073E+02
      23    1825   3.785728841E+02
      24    1875   3.015495333E+02
      25    1925   2.825259307E+02
      26    1975   2.639181069E+02
      27    2025   2.893418630E+02
      28    2075   2.401308137E+02
      29    2125   2.036750031E+02
      30    2175   2.509076625E+02
      31    2225   2.053310114E+02
      32    2275   1.720544502E+02
      33    2325   2.469044407E+02
      34    2375   1.688718302E+00
      35    2425   2.315008347E+02
      36    2475   3.590768266E+02
