       0     675   1.934735862E+03
       1     725   1.956622375E+03
       2     775   2.559311204E+03
       3     825   2.606669233E+03
       4     875   2.312176814E+03
       5     925   1.668274587E+03
       6     975   1.269835510E+03
       7    1025   1.099819958E+03
       8    1075   1.193297144E+03
       9    1125   1.281893364E+03
      10    1175   1.216875167E+03
      11    1225   9.725146660E+02
      12    1275   8.026239273E+02
      13    1325   7.370888338E+02
      14    1375   8.227349967E+02
      15    1425   8.470192271E+02
      16    1475   7.883782687E+02
      17    1525   6.396250238E+02
      18    1575   5.169183774E+02
      19    1625   4.366244461E+02
      20    1675   4.371755667E+02
      21    1725   4.313012374E+02
      22    1775   4.300958624E+02
      23    1825   3.582094023E+02
      24    1875   3.187841795E+02
      25    1925   3.256922658E+02
      26    1975   2.724350841E+02
      27    2025   2.932630817E+02
      28    2075   2.469643069E+02
      29    2125   2.214471172E+02
      30    2175   2.003194333E+02
      31    2225   1.421755481E+02
      32    2275   9.364581350E+01
      33    2325   1.788397642E+02
      34    2375   1.582162731E+02
      35    2425   2.412650088E+02
      36    2475   2.044645477E+02
