       0     675   1.805757540E+03
       1     725   2.083590663E+03
       2     775   2.504570989E+03
       3     825   2.532239342E+03
       4     875   2.247801058E+03
       5     925   1.674462071E+03
       6     975   1.197707900E+03
       7    1025   1.071478038E+03
       8    1075   1.196639806E+03
       9    1125   1.304490011E+03
      10    1175   1.227703012E+03
      11    1225   9.882186299E+02
      12    1275   7.952234311E+02
      13    1325   7.456267733E+02
      14    1375   8.081905036E+02
      15    1425   8.980638070E+02
      16    1475   8.203875473E+02
      17    1525   6.603489772E+02
      18    1575   4.970218978E+02
      19    1625   4.377576955E+02
      20    1675   4.250712622E+02
      21    1725   4.391776667E+02
      22    1775   4.075277916E+02
      23    1825   3.692958823E+02
      24    1875   2.857768465E+02
      25    1925   3.057473891E+02
      26    1975   2.883241848E+02
      27    2025   2.659518031E+02
      28    2075   2.668897805E+02
      29    2125   2.063287112E+02
      30    2175   2.528292119E+02
      31    2225   2.097409606E+02
      32    2275   1.627482869E+02
      33    2325   2.959926236E+02
      34    2375   2.056453552E+02
      35    2425   2.918713893E+02
      36    2475   1.882627146E+02
