       0     675   1.829409331E+03
       1     725   2.089780128E+03
       2     775   2.513924399E+03
       3     825   2.614210143E+03
       4     875   2.215559724E+03
       5     925   1.636249008E+03
       6     975   1.195419758E+03
       7    1025   1.102860020E+03
       8    1075   1.164731194E+03
       9    1125   1.248828980E+03
      10    1175   1.204594068E+03
      11    1225   9.704344749E+02
      12    1275   8.294382553E+02
      13    1325   7.448254941E+02
      14    1375   8.249176270E+02
      15    1425   8.410568061E+02
      16    1475   7.874981599E+02
      17    1525   6.504546428E+02
      18    1575   5.186454783E+02
      19    1625   4.333889566E+02
      20    1675   4.154340095E+02
      21    1725   4.411813898E+02
      22    1775   4.354780208E+02
      23    1825   3.687001646E+02
      24    1875   2.949973593E+02
      25    1925   2.608832794E+02
      26    1975   2.814493495E+02
      27    2025   2.509710290E+02
      28    2075   2.876898855E+02
      29    2125   2.706639217E+02
      30    2175   2.033044131E+02
      31    2225   1.633660249E+02
      32    2275   2.207094051E+02
      33    2325   1.321277800E+02
      34    2375   1.338173117E+02
      35    2425   1.356827134E+02
      36    2475  -1.266490171E+02
