       0     675   1.858874110E+03
       1     725   2.093788006E+03
       2     775   2.395145919E+03
       3     825   2.588769119E+03
       4     875   2.318154772E+03
       5     925   1.626789365E+03
       6     975   1.240941752E+03
       7    1025   1.090059195E+03
       8    1075   1.184712879E+03
       9    1125   1.303881735E+03
      10    1175   1.238603799E+03
      11    1225   1.000343063E+03
      12    1275   8.191997976E+02
      13    1325   7.325948263E+02
      14    1375   8.117307899E+02
      15    1425   8.134361395E+02
      16    1475   7.808755216E+02
      17    1525   6.480527589E+02
      18    1575   5.020709802E+02
      19    1625   4.411655463E+02
      20    1675   4.345415371E+02
      21    1725   4.379149745E+02
      22    1775   4.159474324E+02
      23    1825   3.705038830E+02
      24    1875   3.196766217E+02
      25    1925   2.558951691E+02
      26    1975   2.572763772E+02
      27    2025   3.100827773E+02
      28    2075   2.821512891E+02
      29    2125   2.595514014E+02
      30    2175   1.836636316E+02
      31    2225   2.080278563E+02
      32    2275   1.901146587E+02
      33    2325   6.710216769E+01
      34    2375   1.001454567E+02
      35    2425   2.095078991E+02
      36    2475   1.488685967E+02
