       0     675   1.854058771E+03
       1     725   2.193746717E+03
       2     775   2.482397093E+03
       3     825   2.655552070E+03
       4     875   2.163210718E+03
       5     925   1.691401983E+03
       6     975   1.184163272E+03
       7    1025   1.090642614E+03
       8    1075   1.172658903E+03
       9    1125   1.281848224E+03
      10    1175   1.219075610E+03
      11    1225   9.707947532E+02
      12    1275   7.662183969E+02
      13    1325   7.415300422E+02
      14    1375   8.081343415E+02
      15    1425   8.519243870E+02
      16    1475   7.791291253E+02
      17    1525   6.451063565E+02
      18    1575   5.038673843E+02
      19    1625   4.248749359E+02
      20    1675   4.345779725E+02
      21    1725   4.311320313E+02
      22    1775   4.321936653E+02
      23    1825   3.681779040E+02
      24    1875   3.126753151E+02
      25    1925   2.578677194E+02
      26    1975   2.934120989E+02
      27    2025   2.970116389E+02
      28    2075   2.178278568E+02
      29    2125   2.298440749E+02
      30    2175   2.358271176E+02
      31    2225   1.423782479E+02
      32    2275   1.479460651E+02
      33    2325   2.240167980E+02
      34    2375   8.811243183E+01
      35    2425  -9.274123089E+01
      36    2475   4.172256388E+01
