       0     675   1.890525163E+03
       1     725   2.018646995E+03
       2     775   2.568197221E+03
       3     825   2.620886056E+03
       4     875   2.260241532E+03
       5     925   1.649561902E+03
       6     975   1.211371145E+03
       7    1025   1.061330530E+03
       8    1075   1.177020659E+03
       9    1125   1.261639655E+03
      10    1175   1.181127731E+03
      11    1225   9.494390589E+02
      12    1275   7.861204662E+02
      13    1325   7.666341917E+02
      14    1375   8.126882505E+02
      15    1425   8.620526629E+02
      16    1475   7.781168916E+02
      17    1525   6.736528419E+02
      18    1575   4.843588590E+02
      19    1625   4.421420167E+02
      20    1675   4.148698746E+02
      21    1725   4.057679895E+02
      22    1775   3.944588606E+02
      23    1825   3.750123356E+02
      24    1875   3.347960489E+02
      25    1925   2.771935137E+02
      26    1975   2.810262965E+02
      27    2025   2.476718234E+02
      28    2075   3.263965961E+02
      29    2125   2.163295842E+02
      30    2175   1.948597966E+02
      31    2225   1.911910101E+02
      32    2275   1.533125726E+02
      33    2325   3.713821242E+02
      34    2375   1.230335462E+02
      35    2425  -1.058227025E+02
      36    2475   3.165576021E+02
