       0     675   1.773234830E+03
       1     725   2.021432171E+03
       2     775   2.534928878E+03
       3     825   2.524256421E+03
       4     875   2.176687421E+03
       5     925   1.629886048E+03
       6     975   1.239138472E+03
       7    1025   1.068037035E+03
       8    1075   1.179034053E+03
       9    1125   1.260440576E+03
      10    1175   1.220807965E+03
      11    1225   9.915444907E+02
      12    1275   7.755715490E+02
      13    1325   7.369539856E+02
      14    1375   8.350972641E+02
      15    1425   8.228097199E+02
      16    1475   7.954668839E+02
      17    1525   6.532462321E+02
      18    1575   4.901310536E+02
      19    1625   4.203715913E+02
      20    1675   4.124752353E+02
      21    1725   4.489757436E+02
      22    1775   4.301866554E+02
      23    1825   3.783927755E+02
      24    1875   3.043314872E+02
      25    1925   2.896966942E+02
      26    1975   2.836724462E+02
      27    2025   2.770613523E+02
      28    2075   2.457708129E+02
      29    2125   1.615697303E+02
      30    2175   2.448155264E+02
      31    2225   2.056416333E+02
      32    2275   8.165906046E+01
      33    2325   1.209387997E+02
      34    2375   2.355059595E+02
      35    2425   2.654615031E+02
      36    2475   1.432899022E+02
