       0     675   1.881782999E+03
       1     725   2.026686961E+03
       2     775   2.498407765E+03
       3     825   2.606884087E+03
       4     875   2.313602202E+03
       5     925   1.632585670E+03
       6     975   1.228444964E+03
       7    1025   1.072784276E+03
       8    1075   1.207097589E+03
       9    1125   1.264797202E+03
      10    1175   1.196677470E+03
      11    1225   9.922587260E+02
      12    1275   8.204231702E+02
      13    1325   7.381542042E+02
      14    1375   8.301545449E+02
      15    1425   8.599079546E+02
      16    1475   7.825355665E+02
      17    1525   6.629649259E+02
      18    1575   5.223438827E+02
      19    1625   4.353608919E+02
      20    1675   4.036011558E+02
      21    1725   4.330980132E+02
      22    1775   3.915311149E+02
      23    1825   3.929255162E+02
      24    1875   3.064738862E+02
      25    1925   2.848939245E+02
      26    1975   2.858245503E+02
      27    2025   2.364356255E+02
      28    2075   2.443105315E+02
      29    2125   3.149821622E+02
      30    2175   2.650808563E+02
      31    2225   2.359330409E+02
      32    2275   1.468743351E+02
      33    2325   1.393986667E+02
      34    2375   8.383322973E+01
      35    2425  -8.633329145E+01
      36    2475   4.043098613E+02
