       0     675   1.874170445E+03
       1     725   2.024628487E+03
       2     775   2.532532927E+03
       3     825   2.707691240E+03
       4     875   2.297266834E+03
       5     925   1.657535917E+03
       6     975   1.171033764E+03
       7    1025   1.106261108E+03
       8    1075   1.289283345E+03
       9    1125   1.300343646E+03
      10    1175   1.221430694E+03
      11    1225   1.004377606E+03
      12    1275   7.995121017E+02
      13    1325   7.895425945E+02
      14    1375   8.077830539E+02
      15    1425   8.605114377E+02
      16    1475   7.792997033E+02
      17    1525   6.647958767E+02
      18    1575   4.914123622E+02
      19    1625   4.287121958E+02
      20    1675   4.243738374E+02
      21    1725   4.390146868E+02
      22    1775   4.044499052E+02
      23    1825   3.274096670E+02
      24    1875   3.019075046E+02
      25    1925   2.786984779E+02
      26    1975   3.008893378E+02
      27    2025   2.583512421E+02
      28    2075   2.532010368E+02
      29    2125   2.784342322E+02
      30    2175   2.196665204E+02
      31    2225   1.253211086E+02
      32    2275   1.842307618E+02
      33    2325   1.846994635E+02
      34    2375   1.431118446E+02
      35    2425   3.242283649E+02
      36    2475   3.174992322E+01
