       0     675   1.953591169E+03
       1     725   2.008746005E+03
       2     775   2.377505700E+03
       3     825   2.579200082E+03
       4     875   2.246171293E+03
       5     925   1.715287575E+03
       6     975   1.242468241E+03
       7    1025   1.049840311E+03
       8    1075   1.222105956E+03
       9    1125   1.310377979E+03
      10    1175   1.226766470E+03
      11    1225   9.690991072E+02
      12    1275   7.848443428E+02
      13    1325   7.529891663E+02
      14    1375   7.866484809E+02
      15    1425   8.683781886E+02
      16    1475   7.986937823E+02
      17    1525   6.600825477E+02
      18    1575   5.036151883E+02
      19    1625   4.526323649E+02
      20    1675   4.198048273E+02
      21    1725   4.184848604E+02
      22    1775   4.166452605E+02
      23    1825   3.495504934E+02
      24    1875   2.824469946E+02
      25    1925   2.756132829E+02
      26    1975   2.219252251E+02
      27    2025   3.135211071E+02
      28    2075   3.021986161E+02
      29    2125   2.336600929E+02
      30    2175   3.060839675E+02
      31    2225   1.716930289E+02
      32    2275   2.754699251E+02
      33    2325   8.685746871E+01
      34    2375   1.606507931E+02
      35    2425   2.010839150E+02
      36    2475   6.381754052E+01
