       0     675   1.868349438E+03
       1     725   2.079686251E+03
       2     775   2.430018937E+03
       3     825   2.597591733E+03
       4     875   2.258458244E+03
       5     925   1.689125460E+03
       6     975   1.222629460E+03
       7    1025   1.089930130E+03
       8    1075   1.219786734E+03
       9    1125   1.263109473E+03
      10    1175   1.156803420E+03
      11    1225   1.004010128E+03
      12    1275   7.885751092E+02
      13    1325   7.425193506E+02
      14    1375   7.924159742E+02
      15    1425   8.328976574E+02
      16    1475   7.951529497E+02
      17    1525   6.360312464E+02
      18    1575   5.152787136E+02
      19    1625   4.457536868E+02
      20    1675   4.255597269E+02
      21    1725   4.567555509E+02
      22    1775   4.094245776E+02
      23    1825   3.723728127E+02
      24    1875   3.277547283E+02
      25    1925   2.696146459E+02
      26    1975   2.787538070E+02
      27    2025   2.275693947E+02
      28    2075   2.601507762E+02
      29    2125   2.414938439E+02
      30    2175   1.907056362E+02
      31    2225   2.658658113E+02
      32    2275   1.097958069E+02
      33    2325  -2.929324067E+01
      34    2375   2.717301778E+02
      35    2425   3.270522454E+02
      36    2475  -6.871742096E+01
