       0     675   1.807292572E+03
       1     725   1.983757936E+03
       2     775   2.539469599E+03
       3     825   2.591994377E+03
       4     875   2.177421149E+03
       5     925   1.677958000E+03
       6     975   1.281590148E+03
       7    1025   1.121465510E+03
       8    1075   1.228214611E+03
       9    1125   1.291167383E+03
      10    1175   1.161357978E+03
      11    1225   1.026976590E+03
      12    1275   7.948818953E+02
      13    1325   7.674051075E+02
      14    1375   8.235384040E+02
      15    1425   8.564517056E+02
      16    1475   7.800741755E+02
      17    1525   6.676560713E+02
      18    1575   5.005918293E+02
      19    1625   4.318390434E+02
      20    1675   4.256020427E+02
      21    1725   4.083806902E+02
      22    1775   4.016346589E+02
      23    1825   3.758756166E+02
      24    1875   3.056207462E+02
      25    1925   2.478289227E+02
      26    1975   2.958768464E+02
      27    2025   2.721618126E+02
      28    2075   2.804556076E+02
      29    2125   2.028731571E+02
      30    2175   2.192210275E+02
      31    2225   1.924227947E+02
      32    2275   8.268238050E+01
      33    2325   1.474730209E+02
      34    2375   2.588496474E+02
      35    2425   1.150749328E+02
      36    2475   7.959145531E+01
