       0     675   1.803974079E+03
       1     725   2.054966139E+03
       2     775   2.463426286E+03
       3     825   2.465123984E+03
       4     875   2.245406762E+03
       5     925   1.713838223E+03
       6     975   1.173373417E+03
       7    1025   1.086516243E+03
       8    1075   1.190240783E+03
       9    1125   1.273402496E+03
      10    1175   1.165161378E+03
      11    1225   9.741111907E+02
      12    1275   8.215406719E+02
      13    1325   7.638624277E+02
      14    1375   7.960263215E+02
      15    1425   8.320170650E+02
      16    1475   8.194362369E+02
      17    1525   6.607878203E+02
      18    1575   5.169920107E+02
      19    1625   4.372547677E+02
      20    1675   3.972162964E+02
      21    1725   4.548846557E+02
      22    1775   4.321683335E+02
      23    1825   3.391004645E+02
      24    1875   3.086361457E+02
      25    1925   2.534399366E+02
      26    1975   2.768395362E+02
      27    2025   2.408007209E+02
      28    2075   2.427272891E+02
      29    2125   2.419850277E+02
      30    2175   3.017293509E+02
      31    2225   2.268253606E+02
      32    2275   1.866899317E+01
      33    2325   1.399161498E+02
      34    2375   1.794009752E+02
      35    2425   2.845468001E+01
      36    2475   6.146584042E+01
