       0     675   1.851287677E+03
       1     725   2.126805102E+03
       2     775   2.507006687E+03
       3     825   2.492235265E+03
       4     875   2.370073738E+03
       5     925   1.684858397E+03
       6     975   1.211995121E+03
       7    1025   1.119358309E+03
       8    1075   1.172581969E+03
       9    1125   1.244995604E+03
      10    1175   1.227563038E+03
      11    1225   1.043972449E+03
      12    1275   7.667237783E+02
      13    1325   7.537497338E+02
      14    1375   8.017870934E+02
      15    1425   8.637848570E+02
      16    1475   7.977507996E+02
      17    1525   6.421757153E+02
      18    1575   5.059183986E+02
      19    1625   4.299320307E+02
      20    1675   4.013771860E+02
      21    1725   4.529438897E+02
      22    1775   4.405974336E+02
      23    1825   3.534068536E+02
      24    1875   3.409978134E+02
      25    1925   2.738910054E+02
      26    1975   2.680787153E+02
      27    2025   2.341288013E+02
      28    2075   2.955882388E+02
      29    2125   1.883433481E+02
      30    2175   2.567685003E+02
      31    2225   2.328731523E+02
      32    2275   1.117347061E+02
      33    2325   2.566320969E+02
      34    2375   1.587842957E+02
      35    2425   1.385244777E+02
      36    2475   1.958908281E+02
