       0     675   1.795479935E+03
       1     725   1.960078188E+03
       2     775   2.579891702E+03
       3     825   2.626920407E+03
       4     875   2.226002693E+03
       5     925   1.659856435E+03
       6     975   1.197141540E+03
       7    1025   1.093517483E+03
       8    1075   1.198185362E+03
       9    1125   1.271416743E+03
      10    1175   1.185000357E+03
      11    1225   9.571824373E+02
      12    1275   8.159513753E+02
      13    1325   7.598654042E+02
      14    1375   8.135951726E+02
      15    1425   8.418367933E+02
      16    1475   8.038621482E+02
      17    1525   6.684179042E+02
      18    1575   5.159649644E+02
      19    1625   4.404487273E+02
      20    1675   4.286537405E+02
      21    1725   4.406763648E+02
      22    1775   4.123166798E+02
      23    1825   3.809975514E+02
      24    1875   2.935425972E+02
      25    1925   3.012915089E+02
      26    1975   2.635098164E+02
      27    2025   2.466853857E+02
      28    2075   2.174287605E+02
      29    2125   2.956672539E+02
      30    2175   1.431615071E+02
      31    2225   1.803237132E+02
      32    2275   1.827417302E+02
      33    2325   5.904147792E+01
      34    2375   3.716524113E+02
      35    2425   1.982584209E+02
      36    2475  -2.092101994E+02
