       0     675   1.738834791E+03
       1     725   2.118759686E+03
       2     775   2.366428823E+03
       3     825   2.610732651E+03
       4     875   2.078812534E+03
       5     925   1.785642043E+03
       6     975   1.155130585E+03
       7    1025   1.128863457E+03
       8    1075   1.204276620E+03
       9    1125   1.261218297E+03
      10    1175   1.203002617E+03
      11    1225   9.733430439E+02
      12    1275   7.931827232E+02
      13    1325   7.356490134E+02
      14    1375   7.926116498E+02
      15    1425   8.605939131E+02
      16    1475   8.207016201E+02
      17    1525   6.582126128E+02
      18    1575   4.752021117E+02
      19    1625   4.340548366E+02
      20    1675   4.253101729E+02
      21    1725   4.260613786E+02
      22    1775   4.266983083E+02
      23    1825   3.630386926E+02
      24    1875   3.255941325E+02
      25    1925   2.527152081E+02
      26    1975   2.702681192E+02
      27    2025   2.568979224E+02
      28    2075   2.936960005E+02
      29    2125   2.333985071E+02
      30    2175   2.379875742E+02
      31    2225   1.730406689E+02
      32    2275   9.717227660E+01
      33    2325   7.303356871E+01
      34    2375   1.157205998E+02
      35    2425   3.485976361E+02
      36    2475   3.983651272E+02
