       0     675   1.847112645E+03
       1     725   2.066734549E+03
       2     775   2.439541008E+03
       3     825   2.546290440E+03
       4     875   2.290924849E+03
       5     925   1.665824456E+03
       6     975   1.191131973E+03
       7    1025   1.090361804E+03
       8    1075   1.214844762E+03
       9    1125   1.238138696E+03
      10    1175   1.190418399E+03
      11    1225   1.012803096E+03
      12    1275   7.958102456E+02
      13    1325   7.587737022E+02
      14    1375   8.050048263E+02
      15    1425   8.464147941E+02
      16    1475   7.965469753E+02
      17    1525   6.544312401E+02
      18    1575   5.194389346E+02
      19    1625   4.427827607E+02
      20    1675   4.434778728E+02
      21    1725   4.335534321E+02
      22    1775   4.359129095E+02
      23    1825   3.604959584E+02
      24    1875   2.843574461E+02
      25    1925   2.981189153E+02
      26    1975   2.500915485E+02
      27    2025   2.900934404E+02
      28    2075   3.205686814E+02
      29    2125   2.108931103E+02
      30    2175   2.982395812E+02
      31    2225   1.751673868E+02
      32    2275   2.660302954E+02
      33    2325   1.333416077E+02
      34    2375   3.638418266E+02
      35    2425   3.603712203E+01
      36    2475   4.794113193E+02
