       0     675   1.870371739E+03
       1     725   2.098339606E+03
       2     775   2.383954370E+03
       3     825   2.645371109E+03
       4     875   2.220968622E+03
       5     925   1.695281456E+03
       6     975   1.163112128E+03
       7    1025   1.065941408E+03
       8    1075   1.199609507E+03
       9    1125   1.312381246E+03
      10    1175   1.159924067E+03
      11    1225   9.811769294E+02
      12    1275   7.998414449E+02
      13    1325   7.623481083E+02
      14    1375   7.605683984E+02
      15    1425   8.644969461E+02
      16    1475   7.994995136E+02
      17    1525   6.273009594E+02
      18    1575   5.085570890E+02
      19    1625   4.128823812E+02
      20    1675   4.108604559E+02
      21    1725   4.316214620E+02
      22    1775   4.469731850E+02
      23    1825   3.591296748E+02
      24    1875   2.872667428E+02
      25    1925   2.871580176E+02
      26    1975   2.774343864E+02
      27    2025   2.741386335E+02
      28    2075   2.184773598E+02
      29    2125   2.750127467E+02
      30    2175   2.061227222E+02
      31    2225   2.455003450E+02
      32    2275   1.674257629E+02
      33    2325   1.315885186E+02
      34    2375   3.621299280E+02
      35    2425   1.079522396E+02
      36    2475   2.813846760E+02
