       0     675   1.894024406E+03
       1     725   2.115333116E+03
       2     775   2.490430914E+03
       3     825   2.651090062E+03
       4     875   2.205578105E+03
       5     925   1.690710023E+03
       6     975   1.221074215E+03
       7    1025   1.052547000E+03
       8    1075   1.197085168E+03
       9    1125   1.297495434E+03
      10    1175   1.221784855E+03
      11    1225   9.415029052E+02
      12    1275   7.932947193E+02
      13    1325   7.641035228E+02
      14    1375   8.272578754E+02
      15    1425   8.373417978E+02
      16    1475   7.808704988E+02
      17    1525   6.352202700E+02
      18    1575   4.902719641E+02
      19    1625   4.279229037E+02
      20    1675   4.499057328E+02
      21    1725   4.192311102E+02
      22    1775   4.378047957E+02
      23    1825   3.740361655E+02
      24    1875   2.844204245E+02
      25    1925   3.050428089E+02
      26    1975   2.785043041E+02
      27    2025   2.688663779E+02
      28    2075   2.415436506E+02
      29    2125   2.478281553E+02
      30    2175   1.963519615E+02
      31    2225   1.162738098E+02
      32    2275   2.119043481E+02
      33    2325   1.627242074E+02
      34    2375   1.980051907E+02
      35    2425   1.629181735E+02
      36    2475   2.486295866E+02
