       0     675   1.847814555E+03
       1     725   2.011297359E+03
       2     775   2.427111901E+03
       3     825   2.558070163E+03
       4     875   2.340771561E+03
       5     925   1.636472375E+03
       6     975   1.184673846E+03
       7    1025   1.100793845E+03
       8    1075   1.194766874E+03
       9    1125   1.310947661E+03
      10    1175   1.208504751E+03
      11    1225   9.861070248E+02
      12    1275   8.040752871E+02
      13    1325   7.751894113E+02
      14    1375   8.060046411E+02
      15    1425   8.103320231E+02
      16    1475   7.892388195E+02
      17    1525   6.506397709E+02
      18    1575   4.928849598E+02
      19    1625   4.237852092E+02
      20    1675   4.375199819E+02
      21    1725   4.434420274E+02
      22    1775   3.917731964E+02
      23    1825   3.696022963E+02
      24    1875   3.112417836E+02
      25    1925   2.665030895E+02
      26    1975   2.642651044E+02
      27    2025   3.023008686E+02
      28    2075   2.213844729E+02
      29    2125   2.182998097E+02
      30    2175   1.922663903E+02
      31    2225   1.045590394E+02
      32    2275   2.945250757E+02
      33    2325   1.659500250E+02
      34    2375   4.899329083E+01
      35    2425   1.441701283E+02
      36    2475   1.988763766E+02
