       0     675   1.873071977E+03
       1     725   2.035953456E+03
       2     775   2.464628948E+03
       3     825   2.610529223E+03
       4     875   2.237652914E+03
       5     925   1.724677811E+03
       6     975   1.187505084E+03
       7    1025   1.049549123E+03
       8    1075   1.148610018E+03
       9    1125   1.260202787E+03
      10    1175   1.207691239E+03
      11    1225   9.995970632E+02
      12    1275   8.124195443E+02
      13    1325   7.514997702E+02
      14    1375   8.280795857E+02
      15    1425   8.620759994E+02
      16    1475   8.043048698E+02
      17    1525   6.556122573E+02
      18    1575   5.117240947E+02
      19    1625   4.279509730E+02
      20    1675   4.372726123E+02
      21    1725   4.394172240E+02
      22    1775   4.028265220E+02
      23    1825   3.740754378E+02
      24    1875   3.345543003E+02
      25    1925   2.842589316E+02
      26    1975   2.551150500E+02
      27    2025   2.785666952E+02
      28    2075   2.728042288E+02
      29    2125   2.456773572E+02
      30    2175   1.362066277E+02
      31    2225   2.473609726E+02
      32    2275   8.186190158E+01
      33    2325   3.399448912E+02
      34    2375   1.829107719E+02
      35    2425   4.318514613E+02
      36    2475   2.966947701E+02
