       0     675   1.734732677E+03
       1     725   2.068698759E+03
       2     775   2.454256188E+03
       3     825   2.607903828E+03
       4     875   2.188902182E+03
       5     925   1.647543625E+03
       6     975   1.241587803E+03
       7    1025   1.091789395E+03
       8    1075   1.228538112E+03
       9    1125   1.276898102E+03
      10    1175   1.187292701E+03
      11    1225   9.536300602E+02
      12    1275   8.017442179E+02
      13    1325   7.484406801E+02
      14    1375   8.139924318E+02
      15    1425   8.390881779E+02
      16    1475   7.882068124E+02
      17    1525   6.455598059E+02
      18    1575   5.198967066E+02
      19    1625   4.349556137E+02
      20    1675   4.161454726E+02
      21    1725   4.161973738E+02
      22    1775   4.387699264E+02
      23    1825   3.517886696E+02
      24    1875   3.314521267E+02
      25    1925   2.495361583E+02
      26    1975   3.010109406E+02
      27    2025   2.885871744E+02
      28    2075   3.242122220E+02
      29    2125   1.830674940E+02
      30    2175   1.927670841E+02
      31    2225   6.921857064E+01
      32    2275   1.929335386E+02
      33    2325   1.866710501E+02
      34    2375   1.153912063E+02
      35    2425   2.017114453E+02
      36    2475   7.224454407E+01
