       0     675   1.856975958E+03
       1     725   1.981500338E+03
       2     775   2.465780890E+03
       3     825   2.560243225E+03
       4     875   2.202518270E+03
       5     925   1.666120100E+03
       6     975   1.232424725E+03
       7    1025   1.061384937E+03
       8    1075   1.198200079E+03
       9    1125   1.295497976E+03
      10    1175   1.238731411E+03
      11    1225   9.863717525E+02
      12    1275   8.003848226E+02
      13    1325   7.347783434E+02
      14    1375   8.151008583E+02
      15    1425   8.324567723E+02
      16    1475   7.842411543E+02
      17    1525   6.435025300E+02
      18    1575   5.185811495E+02
      19    1625   4.286225763E+02
      20    1675   4.089844909E+02
      21    1725   4.314997050E+02
      22    1775   4.263016724E+02
      23    1825   3.561814529E+02
      24    1875   3.077980697E+02
      25    1925   2.472805536E+02
      26    1975   2.466230719E+02
      27    2025   2.795093463E+02
      28    2075   2.272148642E+02
      29    2125   1.807266050E+02
      30    2175   1.939716963E+02
      31    2225   1.153570669E+02
      32    2275   3.575156111E+02
      33    2325   6.624907801E+01
      34    2375   1.413442429E+02
      35    2425  -8.999371802E+00
      36    2475   6.548960778E+01
