       0     675   1.862825710E+03
       1     725   2.056935750E+03
       2     775   2.503081394E+03
       3     825   2.571418809E+03
       4     875   2.251498183E+03
       5     925   1.730781237E+03
       6     975   1.204585647E+03
       7    1025   1.124208472E+03
       8    1075   1.215793706E+03
       9    1125   1.268762699E+03
      10    1175   1.199569749E+03
      11    1225   1.026037244E+03
      12    1275   7.591692312E+02
      13    1325   7.522575503E+02
      14    1375   8.027534832E+02
      15    1425   8.078834931E+02
      16    1475   8.058434667E+02
      17    1525   6.641595784E+02
      18    1575   5.126966322E+02
      19    1625   4.599551181E+02
      20    1675   4.178833299E+02
      21    1725   4.139167344E+02
      22    1775   4.031512346E+02
      23    1825   3.700146180E+02
      24    1875   3.163514402E+02
      25    1925   2.807353444E+02
      26    1975   3.046863330E+02
      27    2025   2.565313696E+02
      28    2075   3.188323060E+02
      29    2125   2.437755927E+02
      30    2175   2.708860211E+02
      31    2225   2.655478355E+02
      32    2275   1.919944243E+02
      33    2325   1.936488939E+02
      34    2375   6.191550549E+01
      35    2425   3.246718615E+02
      36    2475   3.250898464E+02
