       0     675   1.906254819E+03
       1     725   2.085542293E+03
       2     775   2.536322533E+03
       3     825   2.672853944E+03
       4     875   2.239813351E+03
       5     925   1.674369220E+03
       6     975   1.211207843E+03
       7    1025   1.111754606E+03
       8    1075   1.278826694E+03
       9    1125   1.262328511E+03
      10    1175   1.215383217E+03
      11    1225   9.485696069E+02
      12    1275   8.053708505E+02
      13    1325   7.693327692E+02
      14    1375   7.893301694E+02
      15    1425   8.963168831E+02
      16    1475   7.620483365E+02
      17    1525   6.592703104E+02
      18    1575   5.063614302E+02
      19    1625   4.366639338E+02
      20    1675   4.185784460E+02
      21    1725   4.403889159E+02
      22    1775   3.975687033E+02
      23    1825   4.010896312E+02
      24    1875   3.090403038E+02
      25    1925   2.932248246E+02
      26    1975   2.861396180E+02
      27    2025   2.178560209E+02
      28    2075   3.081581487E+02
      29    2125   2.204938660E+02
      30    2175   1.834525976E+02
      31    2225   1.361495096E+02
      32    2275   1.986798749E+02
      33    2325   2.141602681E+02
      34    2375   3.128803772E+01
      35    2425  -2.046896295E+01
      36    2475   1.824864979E+02
