       0     675   1.754050884E+03
       1     725   1.900307171E+03
       2     775   2.317576559E+03
       3     825   2.490616654E+03
       4     875   2.159280701E+03
       5     925   1.588760955E+03
       6     975   1.224806875E+03
       7    1025   9.923347706E+02
       8    1075   1.132900313E+03
       9    1125   1.251383804E+03
      10    1175   1.131830245E+03
      11    1225   9.799872422E+02
      12    1275   8.065005728E+02
      13    1325   7.268802393E+02
      14    1375   8.045534231E+02
      15    1425   8.490972539E+02
      16    1475   7.161497885E+02
      17    1525   6.316272613E+02
      18    1575   5.051393821E+02
      19    1625   4.206554003E+02
      20    1675   3.925674625E+02
      21    1725   4.035553851E+02
      22    1775   3.963186365E+02
      23    1825   3.419082163E+02
      24    1875   2.941217332E+02
      25    1925   2.525850827E+02
      26    1975   2.530635464E+02
      27    2025   2.503633960E+02
      28    2075   2.349430506E+02
      29    2125   2.147094554E+02
      30    2175   1.804288830E+02
      31    2225   1.475063231E+02
      32    2275   1.348282357E+02
      33    2325   1.322152271E+02
      34    2375   1.265483379E+02
      35    2425   1.184188393E+02
      36    2475   1.125264438E+02
      37    2525   9.632045244E+01
      38    2575   8.913318830E+01
      39    2625   8.740776159E+01
      40    2675   8.212242756E+01
      41    2725   7.843901049E+01
      42    2775   7.317883820E+01
      43    2825   6.751399001E+01
      44    2875   5.754900891E+01
      45    2925   6.239510713E+01
      46    2975   5.793057705E+01
