       0     675   1.853022475E+03
       1     725   1.937103809E+03
       2     775   2.361595725E+03
       3     825   2.532389281E+03
       4     875   2.138327296E+03
       5     925   1.582440229E+03
       6     975   1.127522227E+03
       7    1025   1.033711653E+03
       8    1075   1.142019020E+03
       9    1125   1.216669658E+03
      10    1175   1.190222936E+03
      11    1225   9.438255669E+02
      12    1275   7.781949911E+02
      13    1325   7.411753432E+02
      14    1375   7.913450024E+02
      15    1425   8.373226477E+02
      16    1475   7.737838130E+02
      17    1525   6.409332691E+02
      18    1575   4.748936965E+02
      19    1625   4.174536461E+02
      20    1675   4.018578204E+02
      21    1725   4.121309975E+02
      22    1775   4.056294225E+02
      23    1825   3.568500234E+02
      24    1875   2.844459129E+02
      25    1925   2.645429084E+02
      26    1975   2.534442360E+02
      27    2025   2.553547879E+02
      28    2075   2.352284387E+02
      29    2125   2.104144306E+02
      30    2175   1.800003761E+02
      31    2225   1.542264895E+02
      32    2275   1.404383855E+02
      33    2325   1.377859909E+02
      34    2375   1.304940329E+02
      35    2425   1.164360106E+02
      36    2475   1.087049842E+02
      37    2525   9.743185098E+01
      38    2575   9.048087470E+01
      39    2625   8.838504557E+01
      40    2675   8.506092133E+01
      41    2725   8.627830268E+01
      42    2775   7.421049215E+01
      43    2825   7.146739620E+01
      44    2875   6.289223026E+01
      45    2925   6.032364927E+01
      46    2975   6.213471067E+01
