       0     675   1.677528396E+03
       1     725   2.013511353E+03
       2     775   2.373136065E+03
       3     825   2.469589473E+03
       4     875   2.236167590E+03
       5     925   1.580516090E+03
       6     975   1.096951534E+03
       7    1025   1.038884732E+03
       8    1075   1.182650911E+03
       9    1125   1.260772510E+03
      10    1175   1.141050401E+03
      11    1225   9.606988224E+02
      12    1275   7.893284392E+02
      13    1325   7.286539917E+02
      14    1375   8.219443654E+02
      15    1425   8.114669187E+02
      16    1475   7.690127654E+02
      17    1525   6.256481828E+02
      18    1575   4.855607098E+02
      19    1625   4.191264795E+02
      20    1675   3.866396288E+02
      21    1725   4.186796720E+02
      22    1775   3.934202084E+02
      23    1825   3.476381314E+02
      24    1875   2.908513944E+02
      25    1925   2.538214879E+02
      26    1975   2.412718833E+02
      27    2025   2.510104252E+02
      28    2075   2.407371722E+02
      29    2125   2.007230394E+02
      30    2175   1.787454819E+02
      31    2225   1.532656320E+02
      32    2275   1.345254129E+02
      33    2325   1.357751295E+02
      34    2375   1.307314920E+02
      35    2425   1.214825777E+02
      36    2475   1.102284747E+02
      37    2525   1.020518007E+02
      38    2575   9.284095870E+01
      39    2625   8.779524228E+01
      40    2675   8.435903356E+01
      41    2725   8.200545791E+01
      42    2775   7.489862319E+01
      43    2825   7.056103434E+01
      44    2875   6.019205227E+01
      45    2925   6.343605314E+01
      46    2975   5.770329355E+01
