       0     675   1.730054574E+03
       1     725   1.903819163E+03
       2     775   2.389238679E+03
       3     825   2.464187286E+03
       4     875   2.126148197E+03
       5     925   1.583355077E+03
       6     975   1.153569291E+03
       7    1025   1.081239827E+03
       8    1075   1.157139106E+03
       9    1125   1.242651043E+03
      10    1175   1.176189779E+03
      11    1225   9.965361482E+02
      12    1275   7.695158899E+02
      13    1325   7.202330803E+02
      14    1375   7.991122383E+02
      15    1425   8.266365856E+02
      16    1475   7.647527499E+02
      17    1525   6.184141920E+02
      18    1575   4.728957876E+02
      19    1625   4.094187624E+02
      20    1675   3.992048454E+02
      21    1725   4.036382375E+02
      22    1775   3.939178033E+02
      23    1825   3.572303623E+02
      24    1875   3.021740228E+02
      25    1925   2.434870671E+02
      26    1975   2.402500995E+02
      27    2025   2.499072619E+02
      28    2075   2.408589138E+02
      29    2125   2.106809290E+02
      30    2175   1.774190852E+02
      31    2225   1.565259110E+02
      32    2275   1.394273944E+02
      33    2325   1.351174883E+02
      34    2375   1.290577247E+02
      35    2425   1.232266850E+02
      36    2475   1.074380398E+02
      37    2525   9.563834569E+01
      38    2575   9.476308389E+01
      39    2625   9.176632650E+01
      40    2675   8.997109408E+01
      41    2725   8.015700520E+01
      42    2775   7.744998238E+01
      43    2825   6.583163531E+01
      44    2875   6.361473607E+01
      45    2925   5.740034524E+01
      46    2975   5.616241012E+01
