       0     675   1.690918448E+03
       1     725   1.993990023E+03
       2     775   2.284244478E+03
       3     825   2.542701586E+03
       4     875   2.216204902E+03
       5     925   1.639241574E+03
       6     975   1.186922483E+03
       7    1025   9.991377224E+02
       8    1075   1.134599855E+03
       9    1125   1.282025214E+03
      10    1175   1.197451107E+03
      11    1225   9.734351666E+02
      12    1275   7.832928546E+02
      13    1325   7.331368233E+02
      14    1375   7.666318917E+02
      15    1425   8.347944856E+02
      16    1475   7.830730596E+02
      17    1525   6.451395107E+02
      18    1575   4.649731122E+02
      19    1625   4.128789179E+02
      20    1675   3.952347228E+02
      21    1725   4.107168794E+02
      22    1775   4.135149374E+02
      23    1825   3.496413284E+02
      24    1875   2.876311318E+02
      25    1925   2.595118682E+02
      26    1975   2.525080109E+02
      27    2025   2.559447115E+02
      28    2075   2.371509330E+02
      29    2125   2.105589323E+02
      30    2175   1.845968089E+02
      31    2225   1.502728809E+02
      32    2275   1.359624152E+02
      33    2325   1.365961587E+02
      34    2375   1.339683795E+02
      35    2425   1.191950187E+02
      36    2475   1.105148355E+02
      37    2525   9.943493656E+01
      38    2575   9.337218530E+01
      39    2625   8.609258087E+01
      40    2675   8.586531216E+01
      41    2725   7.757336657E+01
      42    2775   7.453335399E+01
      43    2825   6.777840416E+01
      44    2875   6.133556316E+01
      45    2925   6.371391538E+01
      46    2975   5.747171133E+01
