       0     675   1.776217924E+03
       1     725   1.945994162E+03
       2     775   2.417817675E+03
       3     825   2.434003976E+03
       4     875   2.238560675E+03
       5     925   1.610678512E+03
       6     975   1.197718926E+03
       7    1025   1.053913691E+03
       8    1075   1.123535300E+03
       9    1125   1.241644200E+03
      10    1175   1.147141815E+03
      11    1225   9.647351253E+02
      12    1275   7.955754602E+02
      13    1325   7.116534391E+02
      14    1375   7.906499285E+02
      15    1425   8.157107331E+02
      16    1475   7.766767645E+02
      17    1525   6.052384567E+02
      18    1575   4.818975517E+02
      19    1625   4.071314604E+02
      20    1675   4.069315057E+02
      21    1725   4.135557354E+02
      22    1775   4.021705749E+02
      23    1825   3.566055218E+02
      24    1875   2.904547633E+02
      25    1925   2.518972159E+02
      26    1975   2.490176106E+02
      27    2025   2.491658110E+02
      28    2075   2.316674213E+02
      29    2125   2.167706469E+02
      30    2175   1.736651419E+02
      31    2225   1.486653742E+02
      32    2275   1.424942854E+02
      33    2325   1.313320146E+02
      34    2375   1.253059823E+02
      35    2425   1.186736258E+02
      36    2475   1.099041665E+02
      37    2525   9.944833017E+01
      38    2575   9.142244450E+01
      39    2625   9.050743229E+01
      40    2675   8.385644380E+01
      41    2725   7.826480320E+01
      42    2775   7.441360435E+01
      43    2825   7.094333744E+01
      44    2875   5.937971497E+01
      45    2925   5.814831260E+01
      46    2975   5.575411065E+01
