       0     675   1.705274310E+03
       1     725   1.936340094E+03
       2     775   2.483557021E+03
       3     825   2.532657717E+03
       4     875   2.301035026E+03
       5     925   1.550225325E+03
       6     975   1.159147176E+03
       7    1025   1.035334767E+03
       8    1075   1.152599189E+03
       9    1125   1.250864068E+03
      10    1175   1.145679162E+03
      11    1225   9.561618910E+02
      12    1275   7.624769056E+02
      13    1325   6.995158011E+02
      14    1375   8.169871977E+02
      15    1425   8.048446314E+02
      16    1475   7.796973073E+02
      17    1525   5.962787570E+02
      18    1575   4.976709971E+02
      19    1625   4.082722737E+02
      20    1675   4.026580894E+02
      21    1725   4.119010877E+02
      22    1775   3.881555075E+02
      23    1825   3.465853882E+02
      24    1875   2.954921937E+02
      25    1925   2.502846677E+02
      26    1975   2.489777061E+02
      27    2025   2.546166062E+02
      28    2075   2.360935567E+02
      29    2125   2.118728468E+02
      30    2175   1.695452159E+02
      31    2225   1.509146296E+02
      32    2275   1.356025099E+02
      33    2325   1.336407348E+02
      34    2375   1.350390379E+02
      35    2425   1.206094265E+02
      36    2475   1.072960371E+02
      37    2525   9.423615712E+01
      38    2575   8.947764052E+01
      39    2625   9.003879842E+01
      40    2675   8.424072254E+01
      41    2725   7.799829405E+01
      42    2775   7.467534306E+01
      43    2825   6.735512557E+01
      44    2875   6.315616264E+01
      45    2925   6.026299805E+01
      46    2975   5.842540805E+01
