       0     675   1.757233401E+03
       1     725   2.013386100E+03
       2     775   2.344272191E+03
       3     825   2.586154160E+03
       4     875   2.202427918E+03
       5     925   1.601105397E+03
       6     975   1.121594184E+03
       7    1025   1.068572768E+03
       8    1075   1.175272373E+03
       9    1125   1.281499518E+03
      10    1175   1.170950477E+03
      11    1225   9.351952026E+02
      12    1275   7.753761350E+02
      13    1325   7.363465765E+02
      14    1375   7.685288145E+02
      15    1425   8.449147740E+02
      16    1475   7.768088465E+02
      17    1525   5.981423957E+02
      18    1575   5.027512708E+02
      19    1625   4.107981249E+02
      20    1675   4.191193015E+02
      21    1725   4.037080001E+02
      22    1775   3.995070381E+02
      23    1825   3.452038878E+02
      24    1875   2.919214134E+02
      25    1925   2.484510108E+02
      26    1975   2.491609927E+02
      27    2025   2.431512148E+02
      28    2075   2.395872840E+02
      29    2125   2.086432856E+02
      30    2175   1.759410212E+02
      31    2225   1.489543756E+02
      32    2275   1.351327357E+02
      33    2325   1.371751465E+02
      34    2375   1.268889228E+02
      35    2425   1.212849820E+02
      36    2475   1.090652019E+02
      37    2525   9.953805616E+01
      38    2575   8.867072286E+01
      39    2625   9.064640159E+01
      40    2675   8.380271604E+01
      41    2725   8.163511413E+01
      42    2775   7.160928127E+01
      43    2825   6.815837194E+01
      44    2875   6.463747834E+01
      45    2925   6.013769154E+01
      46    2975   5.924852761E+01
