       0     675   1.701414570E+03
       1     725   1.871897417E+03
       2     775   2.420107082E+03
       3     825   2.561134512E+03
       4     875   2.124071331E+03
       5     925   1.626273234E+03
       6     975   1.187263152E+03
       7    1025   1.079712366E+03
       8    1075   1.177478971E+03
       9    1125   1.202497020E+03
      10    1175   1.194799844E+03
      11    1225   9.344898677E+02
      12    1275   8.027291143E+02
      13    1325   7.317353966E+02
      14    1375   7.781779783E+02
      15    1425   8.421757652E+02
      16    1475   7.440517509E+02
      17    1525   6.355911815E+02
      18    1575   4.871184299E+02
      19    1625   4.181208289E+02
      20    1675   4.084420841E+02
      21    1725   4.124043135E+02
      22    1775   4.010819329E+02
      23    1825   3.511326556E+02
      24    1875   2.923233824E+02
      25    1925   2.614423275E+02
      26    1975   2.450816432E+02
      27    2025   2.540895815E+02
      28    2075   2.396141707E+02
      29    2125   2.123032122E+02
      30    2175   1.764636751E+02
      31    2225   1.487661664E+02
      32    2275   1.383274911E+02
      33    2325   1.331521082E+02
      34    2375   1.304011251E+02
      35    2425   1.195960903E+02
      36    2475   1.110717934E+02
      37    2525   9.518288380E+01
      38    2575   9.384833294E+01
      39    2625   8.742168379E+01
      40    2675   8.496175149E+01
      41    2725   8.016392983E+01
      42    2775   7.638928487E+01
      43    2825   6.851934789E+01
      44    2875   6.469614018E+01
      45    2925   6.113485101E+01
      46    2975   5.911297003E+01
