       0     675   1.716124664E+03
       1     725   1.939101288E+03
       2     775   2.470990091E+03
       3     825   2.551232216E+03
       4     875   2.201107801E+03
       5     925   1.542887589E+03
       6     975   1.171720213E+03
       7    1025   1.019949593E+03
       8    1075   1.130239100E+03
       9    1125   1.287090551E+03
      10    1175   1.164152825E+03
      11    1225   9.170891644E+02
      12    1275   8.043044323E+02
      13    1325   7.699129568E+02
      14    1375   7.845650151E+02
      15    1425   8.218002094E+02
      16    1475   8.151398416E+02
      17    1525   6.309414972E+02
      18    1575   4.733334388E+02
      19    1625   4.033501944E+02
      20    1675   3.984569938E+02
      21    1725   4.069946788E+02
      22    1775   3.998668015E+02
      23    1825   3.462075812E+02
      24    1875   2.880573186E+02
      25    1925   2.547911803E+02
      26    1975   2.451270938E+02
      27    2025   2.480378562E+02
      28    2075   2.419817211E+02
      29    2125   2.113518704E+02
      30    2175   1.790708643E+02
      31    2225   1.586731049E+02
      32    2275   1.377239648E+02
      33    2325   1.326784544E+02
      34    2375   1.266221078E+02
      35    2425   1.228130847E+02
      36    2475   1.072338758E+02
      37    2525   9.635827852E+01
      38    2575   9.115159678E+01
      39    2625   9.122959650E+01
      40    2675   8.369246771E+01
      41    2725   8.302131369E+01
      42    2775   7.418414188E+01
      43    2825   6.627525564E+01
      44    2875   6.092832424E+01
      45    2925   6.024004716E+01
      46    2975   5.938371030E+01
