       0     675   1.737786168E+03
       1     725   2.060215173E+03
       2     775   2.351481771E+03
       3     825   2.604662866E+03
       4     875   2.179747592E+03
       5     925   1.579075040E+03
       6     975   1.189187266E+03
       7    1025   9.856157653E+02
       8    1075   1.160279545E+03
       9    1125   1.183779676E+03
      10    1175   1.173943967E+03
      11    1225   9.479654381E+02
      12    1275   7.533358566E+02
      13    1325   7.510683122E+02
      14    1375   7.666399461E+02
      15    1425   8.585248312E+02
      16    1475   7.702692117E+02
      17    1525   6.149464366E+02
      18    1575   4.735048827E+02
      19    1625   4.223740767E+02
      20    1675   4.128974578E+02
      21    1725   4.263458473E+02
      22    1775   4.156165120E+02
      23    1825   3.397626488E+02
      24    1875   2.793922298E+02
      25    1925   2.619229428E+02
      26    1975   2.478676284E+02
      27    2025   2.506434476E+02
      28    2075   2.354947595E+02
      29    2125   2.134471557E+02
      30    2175   1.764211638E+02
      31    2225   1.508898454E+02
      32    2275   1.411299227E+02
      33    2325   1.409812784E+02
      34    2375   1.291503631E+02
      35    2425   1.207504314E+02
      36    2475   1.164153952E+02
      37    2525   9.426082948E+01
      38    2575   9.287293848E+01
      39    2625   8.486127363E+01
      40    2675   8.286111767E+01
      41    2725   8.313824334E+01
      42    2775   7.178416357E+01
      43    2825   7.001125325E+01
      44    2875   6.311240543E+01
      45    2925   6.059395468E+01
      46    2975   6.123392844E+01
