       0     675   1.658431021E+03
       1     725   2.014891907E+03
       2     775   2.410611660E+03
       3     825   2.533305253E+03
       4     875   2.183469665E+03
       5     925   1.670801303E+03
       6     975   1.139275209E+03
       7    1025   1.101507163E+03
       8    1075   1.149378126E+03
       9    1125   1.253902071E+03
      10    1175   1.181724263E+03
      11    1225   9.478743143E+02
      12    1275   7.785524445E+02
      13    1325   7.200194083E+02
      14    1375   7.903467545E+02
      15    1425   8.273886528E+02
      16    1475   7.856052494E+02
      17    1525   6.421293653E+02
      18    1575   4.897030754E+02
      19    1625   4.081726233E+02
      20    1675   4.059378191E+02
      21    1725   4.238472147E+02
      22    1775   3.968158439E+02
      23    1825   3.570125185E+02
      24    1875   2.860759981E+02
      25    1925   2.606042429E+02
      26    1975   2.459437410E+02
      27    2025   2.557300835E+02
      28    2075   2.324483789E+02
      29    2125   2.102009679E+02
      30    2175   1.725760544E+02
      31    2225   1.513851752E+02
      32    2275   1.401970146E+02
      33    2325   1.318155746E+02
      34    2375   1.311152000E+02
      35    2425   1.179410897E+02
      36    2475   1.033270668E+02
      37    2525   9.740085847E+01
      38    2575   8.943724101E+01
      39    2625   8.747003142E+01
      40    2675   8.299309579E+01
      41    2725   7.992302271E+01
      42    2775   7.685978928E+01
      43    2825   6.803666031E+01
      44    2875   6.222814748E+01
      45    2925   6.211316313E+01
      46    2975   6.170566882E+01
