       0     675   1.739641388E+03
       1     725   1.952995615E+03
       2     775   2.434327668E+03
       3     825   2.499173315E+03
       4     875   2.159279664E+03
       5     925   1.588940800E+03
       6     975   1.152845883E+03
       7    1025   1.047674069E+03
       8    1075   1.175452908E+03
       9    1125   1.193522176E+03
      10    1175   1.170402639E+03
      11    1225   9.910580331E+02
      12    1275   7.799284258E+02
      13    1325   7.313680194E+02
      14    1375   7.966686416E+02
      15    1425   8.253085579E+02
      16    1475   7.612996832E+02
      17    1525   6.471567966E+02
      18    1575   4.816299578E+02
      19    1625   4.110836042E+02
      20    1675   4.129070055E+02
      21    1725   4.146877491E+02
      22    1775   3.989520284E+02
      23    1825   3.520919137E+02
      24    1875   2.812694023E+02
      25    1925   2.580099046E+02
      26    1975   2.466622681E+02
      27    2025   2.603140928E+02
      28    2075   2.356326089E+02
      29    2125   2.048819521E+02
      30    2175   1.801741416E+02
      31    2225   1.508437598E+02
      32    2275   1.340057066E+02
      33    2325   1.350785435E+02
      34    2375   1.277609708E+02
      35    2425   1.205750515E+02
      36    2475   1.050467882E+02
      37    2525   9.960801410E+01
      38    2575   8.577382068E+01
      39    2625   8.947222999E+01
      40    2675   8.442054867E+01
      41    2725   7.841188388E+01
      42    2775   7.524406954E+01
      43    2825   6.871010169E+01
      44    2875   6.491374590E+01
      45    2925   6.008512055E+01
      46    2975   6.001474325E+01
