       0     675   1.788483641E+03
       1     725   1.882012950E+03
       2     775   2.402197204E+03
       3     825   2.534984039E+03
       4     875   2.226399068E+03
       5     925   1.587725498E+03
       6     975   1.175754813E+03
       7    1025   1.007303855E+03
       8    1075   1.133917441E+03
       9    1125   1.289470379E+03
      10    1175   1.179487445E+03
      11    1225   9.352202539E+02
      12    1275   8.191885248E+02
      13    1325   7.134285612E+02
      14    1375   7.769610924E+02
      15    1425   8.406442243E+02
      16    1475   7.570350973E+02
      17    1525   6.309495688E+02
      18    1575   4.700356528E+02
      19    1625   4.237699855E+02
      20    1675   3.951563451E+02
      21    1725   4.225496774E+02
      22    1775   4.010436784E+02
      23    1825   3.468158015E+02
      24    1875   2.795368890E+02
      25    1925   2.587498158E+02
      26    1975   2.423651030E+02
      27    2025   2.522454723E+02
      28    2075   2.362747102E+02
      29    2125   2.134470978E+02
      30    2175   1.780895816E+02
      31    2225   1.506131480E+02
      32    2275   1.429534402E+02
      33    2325   1.323156259E+02
      34    2375   1.335380607E+02
      35    2425   1.201092883E+02
      36    2475   1.114410993E+02
      37    2525   9.826454674E+01
      38    2575   9.346383136E+01
      39    2625   8.818819544E+01
      40    2675   8.649811416E+01
      41    2725   7.787518902E+01
      42    2775   7.194962873E+01
      43    2825   6.724928374E+01
      44    2875   6.873298728E+01
      45    2925   6.206473554E+01
      46    2975   5.996048862E+01
