       0     675   1.825426872E+03
       1     725   1.998419372E+03
       2     775   2.507813670E+03
       3     825   2.498539260E+03
       4     875   2.144687186E+03
       5     925   1.601097911E+03
       6     975   1.207431773E+03
       7    1025   1.105310694E+03
       8    1075   1.146766661E+03
       9    1125   1.193252340E+03
      10    1175   1.091768653E+03
      11    1225   9.876888596E+02
      12    1275   7.559655330E+02
      13    1325   7.280219093E+02
      14    1375   7.957980839E+02
      15    1425   8.218313577E+02
      16    1475   7.582543074E+02
      17    1525   6.363387628E+02
      18    1575   4.791012053E+02
      19    1625   4.098598266E+02
      20    1675   4.015478699E+02
      21    1725   4.204936294E+02
      22    1775   3.937492389E+02
      23    1825   3.494642402E+02
      24    1875   2.812904382E+02
      25    1925   2.556832539E+02
      26    1975   2.413131668E+02
      27    2025   2.472200729E+02
      28    2075   2.290112442E+02
      29    2125   2.168236316E+02
      30    2175   1.805172915E+02
      31    2225   1.539034996E+02
      32    2275   1.403697310E+02
      33    2325   1.318758016E+02
      34    2375   1.273931921E+02
      35    2425   1.224498962E+02
      36    2475   1.109809076E+02
      37    2525   9.720000526E+01
      38    2575   9.189703634E+01
      39    2625   9.044620703E+01
      40    2675   8.719496781E+01
      41    2725   8.152736129E+01
      42    2775   7.012707980E+01
      43    2825   6.869543398E+01
      44    2875   6.491360111E+01
      45    2925   5.849152108E+01
      46    2975   5.808949767E+01
