       0     675   1.690460034E+03
       1     725   2.015997918E+03
       2     775   2.342518991E+03
       3     825   2.502259640E+03
       4     875   2.145972259E+03
       5     925   1.633248241E+03
       6     975   1.176687664E+03
       7    1025   1.060370899E+03
       8    1075   1.112036921E+03
       9    1125   1.268457381E+03
      10    1175   1.157049648E+03
      11    1225   9.250411506E+02
      12    1275   7.601006452E+02
      13    1325   7.413018039E+02
      14    1375   7.791915575E+02
      15    1425   8.277724289E+02
      16    1475   7.779155072E+02
      17    1525   6.245728952E+02
      18    1575   4.779083138E+02
      19    1625   4.197517290E+02
      20    1675   4.094565272E+02
      21    1725   4.196576432E+02
      22    1775   4.031501486E+02
      23    1825   3.469439233E+02
      24    1875   3.056812980E+02
      25    1925   2.501517954E+02
      26    1975   2.471398829E+02
      27    2025   2.493590551E+02
      28    2075   2.396487176E+02
      29    2125   2.131897596E+02
      30    2175   1.733240046E+02
      31    2225   1.544059201E+02
      32    2275   1.353042252E+02
      33    2325   1.319376798E+02
      34    2375   1.340038391E+02
      35    2425   1.219019124E+02
      36    2475   1.102935846E+02
      37    2525   1.022594589E+02
      38    2575   9.369986670E+01
      39    2625   8.731067640E+01
      40    2675   8.194650329E+01
      41    2725   8.076190661E+01
      42    2775   7.567358257E+01
      43    2825   6.943197290E+01
      44    2875   6.593076056E+01
      45    2925   6.062777075E+01
      46    2975   5.885073963E+01
