       0     675   1.683335727E+03
       1     725   1.998981486E+03
       2     775   2.468542393E+03
       3     825   2.511068217E+03
       4     875   2.244618216E+03
       5     925   1.541654537E+03
       6     975   1.211773027E+03
       7    1025   1.045570846E+03
       8    1075   1.187062611E+03
       9    1125   1.253155456E+03
      10    1175   1.199510473E+03
      11    1225   9.384312897E+02
      12    1275   7.678510234E+02
      13    1325   7.265384716E+02
      14    1375   7.898807211E+02
      15    1425   8.452947613E+02
      16    1475   7.579643273E+02
      17    1525   6.187877483E+02
      18    1575   4.842702236E+02
      19    1625   3.954147243E+02
      20    1675   4.077318488E+02
      21    1725   4.007204506E+02
      22    1775   4.114297766E+02
      23    1825   3.399600494E+02
      24    1875   2.909791734E+02
      25    1925   2.565148391E+02
      26    1975   2.434679158E+02
      27    2025   2.471339988E+02
      28    2075   2.348079304E+02
      29    2125   2.124252190E+02
      30    2175   1.818115844E+02
      31    2225   1.525650513E+02
      32    2275   1.396276729E+02
      33    2325   1.347618612E+02
      34    2375   1.308900321E+02
      35    2425   1.176031621E+02
      36    2475   1.104577034E+02
      37    2525   9.142377577E+01
      38    2575   9.335193259E+01
      39    2625   8.784196948E+01
      40    2675   8.320099005E+01
      41    2725   8.106534186E+01
      42    2775   7.147255446E+01
      43    2825   7.069962459E+01
      44    2875   6.421928398E+01
      45    2925   6.067437602E+01
      46    2975   6.251028266E+01
