       0     675   1.790932262E+03
       1     725   1.909702434E+03
       2     775   2.430479112E+03
       3     825   2.417802243E+03
       4     875   2.250029770E+03
       5     925   1.483752264E+03
       6     975   1.141820946E+03
       7    1025   1.049255449E+03
       8    1075   1.155406228E+03
       9    1125   1.288572011E+03
      10    1175   1.147971654E+03
      11    1225   9.964121370E+02
      12    1275   7.736875363E+02
      13    1325   7.158189285E+02
      14    1375   7.598803012E+02
      15    1425   8.101264063E+02
      16    1475   7.633488743E+02
      17    1525   6.025515727E+02
      18    1575   4.711054965E+02
      19    1625   4.082311741E+02
      20    1675   4.009421630E+02
      21    1725   4.177866792E+02
      22    1775   3.834081087E+02
      23    1825   3.526840235E+02
      24    1875   2.913542495E+02
      25    1925   2.485887139E+02
      26    1975   2.512647328E+02
      27    2025   2.438021574E+02
      28    2075   2.382879979E+02
      29    2125   2.136599667E+02
      30    2175   1.780103053E+02
      31    2225   1.515220984E+02
      32    2275   1.403535089E+02
      33    2325   1.348171971E+02
      34    2375   1.282670684E+02
      35    2425   1.223683014E+02
      36    2475   1.043371084E+02
      37    2525   9.750740693E+01
      38    2575   9.073843948E+01
      39    2625   9.098027934E+01
      40    2675   8.217182194E+01
      41    2725   7.833676768E+01
      42    2775   7.284415177E+01
      43    2825   7.299856875E+01
      44    2875   6.226215829E+01
      45    2925   6.150679933E+01
      46    2975   5.779440509E+01
