       0     675   1.791918544E+03
       1     725   1.901761446E+03
       2     775   2.370289501E+03
       3     825   2.481393988E+03
       4     875   2.135784016E+03
       5     925   1.668163415E+03
       6     975   1.198304360E+03
       7    1025   1.027108339E+03
       8    1075   1.150414111E+03
       9    1125   1.254441435E+03
      10    1175   1.115337360E+03
      11    1225   9.832214944E+02
      12    1275   7.694794721E+02
      13    1325   7.255462313E+02
      14    1375   7.792016238E+02
      15    1425   8.126230785E+02
      16    1475   7.710589465E+02
      17    1525   6.244311464E+02
      18    1575   4.699455740E+02
      19    1625   4.096153569E+02
      20    1675   4.059677764E+02
      21    1725   4.071991788E+02
      22    1775   4.019627343E+02
      23    1825   3.497078956E+02
      24    1875   2.859983217E+02
      25    1925   2.549716329E+02
      26    1975   2.480021943E+02
      27    2025   2.502074906E+02
      28    2075   2.364874470E+02
      29    2125   1.981698663E+02
      30    2175   1.776514449E+02
      31    2225   1.583391044E+02
      32    2275   1.351047259E+02
      33    2325   1.297972678E+02
      34    2375   1.293837994E+02
      35    2425   1.142952253E+02
      36    2475   1.104420758E+02
      37    2525   9.989173478E+01
      38    2575   8.997793167E+01
      39    2625   8.859333744E+01
      40    2675   8.201824153E+01
      41    2725   8.306471251E+01
      42    2775   7.188781013E+01
      43    2825   6.684319857E+01
      44    2875   6.511828448E+01
      45    2925   6.057939517E+01
      46    2975   5.701697661E+01
