       0     675   1.804691719E+03
       1     725   1.906555267E+03
       2     775   2.360853539E+03
       3     825   2.541648458E+03
       4     875   2.220632584E+03
       5     925   1.644380979E+03
       6     975   1.176276164E+03
       7    1025   9.831528708E+02
       8    1075   1.177531236E+03
       9    1125   1.266446151E+03
      10    1175   1.180371593E+03
      11    1225   9.323535080E+02
      12    1275   7.750302805E+02
      13    1325   7.327667004E+02
      14    1375   7.867361938E+02
      15    1425   8.715213990E+02
      16    1475   7.812317306E+02
      17    1525   6.338362984E+02
      18    1575   4.794791057E+02
      19    1625   4.073051622E+02
      20    1675   4.092050396E+02
      21    1725   4.229573200E+02
      22    1775   4.048422656E+02
      23    1825   3.412129982E+02
      24    1875   2.920308399E+02
      25    1925   2.509208285E+02
      26    1975   2.471991740E+02
      27    2025   2.415600794E+02
      28    2075   2.339460174E+02
      29    2125   2.124514822E+02
      30    2175   1.740951214E+02
      31    2225   1.485600973E+02
      32    2275   1.400481761E+02
      33    2325   1.342875740E+02
      34    2375   1.277232314E+02
      35    2425   1.213961948E+02
      36    2475   1.065197288E+02
      37    2525   1.034833232E+02
      38    2575   9.171082562E+01
      39    2625   8.649799821E+01
      40    2675   8.258677905E+01
      41    2725   8.307204252E+01
      42    2775   7.265521656E+01
      43    2825   6.797467533E+01
      44    2875   6.262692125E+01
      45    2925   6.182198934E+01
      46    2975   5.633812121E+01
