       0     675   1.739902790E+03
       1     725   1.925192778E+03
       2     775   2.416811441E+03
       3     825   2.402376963E+03
       4     875   2.116772973E+03
       5     925   1.686103351E+03
       6     975   1.108026379E+03
       7    1025   1.061110263E+03
       8    1075   1.146625258E+03
       9    1125   1.265148148E+03
      10    1175   1.187671279E+03
      11    1225   9.865885478E+02
      12    1275   7.618770005E+02
      13    1325   7.785597028E+02
      14    1375   8.033621044E+02
      15    1425   8.179252705E+02
      16    1475   7.546317120E+02
      17    1525   6.379696215E+02
      18    1575   4.810480319E+02
      19    1625   4.204201100E+02
      20    1675   4.037404594E+02
      21    1725   4.196484818E+02
      22    1775   3.843250219E+02
      23    1825   3.472289122E+02
      24    1875   3.000214695E+02
      25    1925   2.483555508E+02
      26    1975   2.516017178E+02
      27    2025   2.468189290E+02
      28    2075   2.356018938E+02
      29    2125   2.160080203E+02
      30    2175   1.798276266E+02
      31    2225   1.524632657E+02
      32    2275   1.373747013E+02
      33    2325   1.322925197E+02
      34    2375   1.271670913E+02
      35    2425   1.183808599E+02
      36    2475   1.088108015E+02
      37    2525   1.014651315E+02
      38    2575   9.196866879E+01
      39    2625   8.763303877E+01
      40    2675   8.804424771E+01
      41    2725   8.211177897E+01
      42    2775   7.416096348E+01
      43    2825   6.589703737E+01
      44    2875   6.164456112E+01
      45    2925   6.164580594E+01
      46    2975   5.835692062E+01
