       0     675   1.763907127E+03
       1     725   1.925265355E+03
       2     775   2.451842106E+03
       3     825   2.441234596E+03
       4     875   2.238030297E+03
       5     925   1.650195910E+03
       6     975   1.174393349E+03
       7    1025   1.112056532E+03
       8    1075   1.146734198E+03
       9    1125   1.238352803E+03
      10    1175   1.184472706E+03
      11    1225   9.661176037E+02
      12    1275   7.735969674E+02
      13    1325   7.300173178E+02
      14    1375   8.138932514E+02
      15    1425   8.166138970E+02
      16    1475   7.681796241E+02
      17    1525   6.329321051E+02
      18    1575   4.926019119E+02
      19    1625   4.066720530E+02
      20    1675   3.985258153E+02
      21    1725   4.242591549E+02
      22    1775   4.075025637E+02
      23    1825   3.526557436E+02
      24    1875   2.899402855E+02
      25    1925   2.458351338E+02
      26    1975   2.603991190E+02
      27    2025   2.569980189E+02
      28    2075   2.375755585E+02
      29    2125   2.068624974E+02
      30    2175   1.715279393E+02
      31    2225   1.502359854E+02
      32    2275   1.456564637E+02
      33    2325   1.361888373E+02
      34    2375   1.338735187E+02
      35    2425   1.211729978E+02
      36    2475   1.087540259E+02
      37    2525   9.832558753E+01
      38    2575   8.879160814E+01
      39    2625   8.825397241E+01
      40    2675   8.449221426E+01
      41    2725   8.279992941E+01
      42    2775   7.361457982E+01
      43    2825   6.865004200E+01
      44    2875   6.058828887E+01
      45    2925   6.096782900E+01
      46    2975   5.917846904E+01
