       0     675   1.838758296E+03
       1     725   1.927782396E+03
       2     775   2.363508356E+03
       3     825   2.409705291E+03
       4     875   2.232234964E+03
       5     925   1.572558386E+03
       6     975   1.226368059E+03
       7    1025   1.040082716E+03
       8    1075   1.140198729E+03
       9    1125   1.332442484E+03
      10    1175   1.166277128E+03
      11    1225   9.313673845E+02
      12    1275   7.713570650E+02
      13    1325   7.594053931E+02
      14    1375   8.093613571E+02
      15    1425   8.227548763E+02
      16    1475   7.927636574E+02
      17    1525   6.383236275E+02
      18    1575   4.630319068E+02
      19    1625   4.247147160E+02
      20    1675   4.126473863E+02
      21    1725   4.059619199E+02
      22    1775   3.941488826E+02
      23    1825   3.453833955E+02
      24    1875   2.873201734E+02
      25    1925   2.611231076E+02
      26    1975   2.434668412E+02
      27    2025   2.551946618E+02
      28    2075   2.278695905E+02
      29    2125   2.112411824E+02
      30    2175   1.780796529E+02
      31    2225   1.518079962E+02
      32    2275   1.384086282E+02
      33    2325   1.357683195E+02
      34    2375   1.253781160E+02
      35    2425   1.213422279E+02
      36    2475   1.086557992E+02
      37    2525   9.714210334E+01
      38    2575   9.174109794E+01
      39    2625   8.752272546E+01
      40    2675   8.166508451E+01
      41    2725   8.116654060E+01
      42    2775   7.413838291E+01
      43    2825   6.437795765E+01
      44    2875   6.312346632E+01
      45    2925   6.189321182E+01
      46    2975   5.940256332E+01
