       0     675   1.833094665E+03
       1     725   2.012911862E+03
       2     775   2.444907277E+03
       3     825   2.503096006E+03
       4     875   2.201279892E+03
       5     925   1.572179561E+03
       6     975   1.198700951E+03
       7    1025   1.018757235E+03
       8    1075   1.139461589E+03
       9    1125   1.351143108E+03
      10    1175   1.155591995E+03
      11    1225   9.572712154E+02
      12    1275   7.876634312E+02
      13    1325   7.035140771E+02
      14    1375   8.092468636E+02
      15    1425   8.476043582E+02
      16    1475   7.575718758E+02
      17    1525   6.449609661E+02
      18    1575   4.861147338E+02
      19    1625   4.106375797E+02
      20    1675   4.204131991E+02
      21    1725   4.051711419E+02
      22    1775   3.974784320E+02
      23    1825   3.539308367E+02
      24    1875   2.808693877E+02
      25    1925   2.539990761E+02
      26    1975   2.490214457E+02
      27    2025   2.541378468E+02
      28    2075   2.381000273E+02
      29    2125   2.064426634E+02
      30    2175   1.832648519E+02
      31    2225   1.499113063E+02
      32    2275   1.401723298E+02
      33    2325   1.309020004E+02
      34    2375   1.269090283E+02
      35    2425   1.243035674E+02
      36    2475   1.090226746E+02
      37    2525   9.618473719E+01
      38    2575   9.064454242E+01
      39    2625   8.857362302E+01
      40    2675   8.397727008E+01
      41    2725   7.895167997E+01
      42    2775   7.248871891E+01
      43    2825   6.774159829E+01
      44    2875   5.819851258E+01
      45    2925   5.655163658E+01
      46    2975   6.085135643E+01
