       0     675   1.657831472E+03
       1     725   1.937963341E+03
       2     775   2.378622221E+03
       3     825   2.458859473E+03
       4     875   2.178748777E+03
       5     925   1.587303344E+03
       6     975   1.187756909E+03
       7    1025   1.074381742E+03
       8    1075   1.142538681E+03
       9    1125   1.285846250E+03
      10    1175   1.106007673E+03
      11    1225   9.467051210E+02
      12    1275   7.420999290E+02
      13    1325   7.367415690E+02
      14    1375   7.652359835E+02
      15    1425   8.256779264E+02
      16    1475   7.641298415E+02
      17    1525   6.270550303E+02
      18    1575   4.832113519E+02
      19    1625   4.200785359E+02
      20    1675   3.856959192E+02
      21    1725   4.108676445E+02
      22    1775   4.025515989E+02
      23    1825   3.465472735E+02
      24    1875   2.967541357E+02
      25    1925   2.535286850E+02
      26    1975   2.488362069E+02
      27    2025   2.480503890E+02
      28    2075   2.469068405E+02
      29    2125   2.106173431E+02
      30    2175   1.768600409E+02
      31    2225   1.516228895E+02
      32    2275   1.415312806E+02
      33    2325   1.337010518E+02
      34    2375   1.239294652E+02
      35    2425   1.186773296E+02
      36    2475   1.072201008E+02
      37    2525   9.351945948E+01
      38    2575   9.054522645E+01
      39    2625   8.790054007E+01
      40    2675   8.108286113E+01
      41    2725   8.259041147E+01
      42    2775   7.333991254E+01
      43    2825   6.806659949E+01
      44    2875   5.997352387E+01
      45    2925   5.889686912E+01
      46    2975   5.804727622E+01
