       0     675   1.660439899E+03
       1     725   2.059088008E+03
       2     775   2.332463095E+03
       3     825   2.628423502E+03
       4     875   2.081828644E+03
       5     925   1.645622782E+03
       6     975   1.149252549E+03
       7    1025   1.017874894E+03
       8    1075   1.128219386E+03
       9    1125   1.273222817E+03
      10    1175   1.160159959E+03
      11    1225   9.467812819E+02
      12    1275   7.634477355E+02
      13    1325   7.342378759E+02
      14    1375   8.009731008E+02
      15    1425   8.195067706E+02
      16    1475   8.016031006E+02
      17    1525   6.266766196E+02
      18    1575   4.743551094E+02
      19    1625   4.145504792E+02
      20    1675   3.986035252E+02
      21    1725   4.262779998E+02
      22    1775   3.945990194E+02
      23    1825   3.377481516E+02
      24    1875   3.015144676E+02
      25    1925   2.587597260E+02
      26    1975   2.488392160E+02
      27    2025   2.489110169E+02
      28    2075   2.333853683E+02
      29    2125   2.118481543E+02
      30    2175   1.807968473E+02
      31    2225   1.448529657E+02
      32    2275   1.374058738E+02
      33    2325   1.392854817E+02
      34    2375   1.326261435E+02
      35    2425   1.212102524E+02
      36    2475   1.116088999E+02
      37    2525   9.645960465E+01
      38    2575   9.347319298E+01
      39    2625   8.744406773E+01
      40    2675   8.494229245E+01
      41    2725   8.515959730E+01
      42    2775   7.548885604E+01
      43    2825   6.623525650E+01
      44    2875   6.279214215E+01
      45    2925   5.902496588E+01
      46    2975   5.483139001E+01
