       0     675   1.712004497E+03
       1     725   2.024398857E+03
       2     775   2.381995304E+03
       3     825   2.507225603E+03
       4     875   2.124236239E+03
       5     925   1.681551055E+03
       6     975   1.190713981E+03
       7    1025   1.058502947E+03
       8    1075   1.131891433E+03
       9    1125   1.283302619E+03
      10    1175   1.175962765E+03
      11    1225   9.631087014E+02
      12    1275   7.621836053E+02
      13    1325   7.062580709E+02
      14    1375   8.085987607E+02
      15    1425   8.314151169E+02
      16    1475   8.195501618E+02
      17    1525   6.268913772E+02
      18    1575   4.804825155E+02
      19    1625   4.087444319E+02
      20    1675   4.004048443E+02
      21    1725   4.137768892E+02
      22    1775   3.967362294E+02
      23    1825   3.448805108E+02
      24    1875   2.852227065E+02
      25    1925   2.564741504E+02
      26    1975   2.508794112E+02
      27    2025   2.449153834E+02
      28    2075   2.418014544E+02
      29    2125   2.102155127E+02
      30    2175   1.835549373E+02
      31    2225   1.505987812E+02
      32    2275   1.387872987E+02
      33    2325   1.338856256E+02
      34    2375   1.300808849E+02
      35    2425   1.204725881E+02
      36    2475   1.108050959E+02
      37    2525   9.679096286E+01
      38    2575   9.264068025E+01
      39    2625   8.668439955E+01
      40    2675   8.458175549E+01
      41    2725   7.565847836E+01
      42    2775   7.800479851E+01
      43    2825   6.808894064E+01
      44    2875   6.066063396E+01
      45    2925   6.012379874E+01
      46    2975   5.974475294E+01
