       0     675   1.698060052E+03
       1     725   2.021641148E+03
       2     775   2.355191070E+03
       3     825   2.532963461E+03
       4     875   2.222644349E+03
       5     925   1.555962202E+03
       6     975   1.164544483E+03
       7    1025   1.010473920E+03
       8    1075   1.205986936E+03
       9    1125   1.285236827E+03
      10    1175   1.187172934E+03
      11    1225   9.740363183E+02
      12    1275   7.731072123E+02
      13    1325   7.314490775E+02
      14    1375   7.958211668E+02
      15    1425   8.242837491E+02
      16    1475   7.550744450E+02
      17    1525   6.328151034E+02
      18    1575   4.862689215E+02
      19    1625   4.167420645E+02
      20    1675   4.042774065E+02
      21    1725   4.145818689E+02
      22    1775   4.060465624E+02
      23    1825   3.499255401E+02
      24    1875   2.867109506E+02
      25    1925   2.534960463E+02
      26    1975   2.514854025E+02
      27    2025   2.452624154E+02
      28    2075   2.505661954E+02
      29    2125   2.128446265E+02
      30    2175   1.790855027E+02
      31    2225   1.515533081E+02
      32    2275   1.403951079E+02
      33    2325   1.300008949E+02
      34    2375   1.292044623E+02
      35    2425   1.239353469E+02
      36    2475   1.027458038E+02
      37    2525   9.822572244E+01
      38    2575   8.880306978E+01
      39    2625   8.608688406E+01
      40    2675   8.914470144E+01
      41    2725   8.267409129E+01
      42    2775   7.517217721E+01
      43    2825   6.497770518E+01
      44    2875   6.334133999E+01
      45    2925   5.829621801E+01
      46    2975   5.902050753E+01
