       0     675   1.748176393E+03
       1     725   1.893883035E+03
       2     775   2.491602045E+03
       3     825   2.523164303E+03
       4     875   2.183282284E+03
       5     925   1.607417025E+03
       6     975   1.233355622E+03
       7    1025   1.041949783E+03
       8    1075   1.140641832E+03
       9    1125   1.279824539E+03
      10    1175   1.181675886E+03
      11    1225   9.276381651E+02
      12    1275   7.668936111E+02
      13    1325   7.325489752E+02
      14    1375   7.999745365E+02
      15    1425   8.104475271E+02
      16    1475   7.777722061E+02
      17    1525   6.409442655E+02
      18    1575   4.934483187E+02
      19    1625   4.087119053E+02
      20    1675   4.194443235E+02
      21    1725   4.152019929E+02
      22    1775   3.943831961E+02
      23    1825   3.576426463E+02
      24    1875   2.856346712E+02
      25    1925   2.594673051E+02
      26    1975   2.463446161E+02
      27    2025   2.524245714E+02
      28    2075   2.368754501E+02
      29    2125   2.071464781E+02
      30    2175   1.762255135E+02
      31    2225   1.526383190E+02
      32    2275   1.371169740E+02
      33    2325   1.331701876E+02
      34    2375   1.277122708E+02
      35    2425   1.232684354E+02
      36    2475   1.099884894E+02
      37    2525   9.652803443E+01
      38    2575   9.368075527E+01
      39    2625   8.605574619E+01
      40    2675   8.324075668E+01
      41    2725   7.999985781E+01
      42    2775   7.338366548E+01
      43    2825   6.730828059E+01
      44    2875   6.385285451E+01
      45    2925   6.313744073E+01
      46    2975   5.799228411E+01
