       0     675   1.739164157E+03
       1     725   2.054915280E+03
       2     775   2.297715324E+03
       3     825   2.440152085E+03
       4     875   2.180700493E+03
       5     925   1.634864315E+03
       6     975   1.159396467E+03
       7    1025   1.050783497E+03
       8    1075   1.086813329E+03
       9    1125   1.284462896E+03
      10    1175   1.171764572E+03
      11    1225   9.656556711E+02
      12    1275   7.567913891E+02
      13    1325   7.082680817E+02
      14    1375   7.756967652E+02
      15    1425   8.249153669E+02
      16    1475   7.756140487E+02
      17    1525   6.048577754E+02
      18    1575   4.902257127E+02
      19    1625   4.119432160E+02
      20    1675   3.953023547E+02
      21    1725   4.116156262E+02
      22    1775   4.098968039E+02
      23    1825   3.488783775E+02
      24    1875   2.928616152E+02
      25    1925   2.537842221E+02
      26    1975   2.435583039E+02
      27    2025   2.489273591E+02
      28    2075   2.295970586E+02
      29    2125   2.127463073E+02
      30    2175   1.780826256E+02
      31    2225   1.519756739E+02
      32    2275   1.373646535E+02
      33    2325   1.332782021E+02
      34    2375   1.329420467E+02
      35    2425   1.234928331E+02
      36    2475   1.095412162E+02
      37    2525   9.756406662E+01
      38    2575   9.039248623E+01
      39    2625   9.118941065E+01
      40    2675   8.506501016E+01
      41    2725   7.763168313E+01
      42    2775   7.790265289E+01
      43    2825   6.569387958E+01
      44    2875   6.515301986E+01
      45    2925   5.971882016E+01
      46    2975   6.078816894E+01
