       0     675   1.628097571E+03
       1     725   1.937421316E+03
       2     775   2.421219074E+03
       3     825   2.517636442E+03
       4     875   2.087375141E+03
       5     925   1.705977448E+03
       6     975   1.179783634E+03
       7    1025   1.032273170E+03
       8    1075   1.180156631E+03
       9    1125   1.189586136E+03
      10    1175   1.148308454E+03
      11    1225   9.545491160E+02
      12    1275   7.807766368E+02
      13    1325   7.106607644E+02
      14    1375   7.693632620E+02
      15    1425   8.115841341E+02
      16    1475   7.775706653E+02
      17    1525   6.283468807E+02
      18    1575   4.953775520E+02
      19    1625   3.990583972E+02
      20    1675   4.080488340E+02
      21    1725   4.125321889E+02
      22    1775   3.954779555E+02
      23    1825   3.535049424E+02
      24    1875   2.823926987E+02
      25    1925   2.587603158E+02
      26    1975   2.511675959E+02
      27    2025   2.419006762E+02
      28    2075   2.405638270E+02
      29    2125   2.132279819E+02
      30    2175   1.727106033E+02
      31    2225   1.530504121E+02
      32    2275   1.382950065E+02
      33    2325   1.321474497E+02
      34    2375   1.301737213E+02
      35    2425   1.212849414E+02
      36    2475   1.056753058E+02
      37    2525   9.591233012E+01
      38    2575   8.991598707E+01
      39    2625   8.807766705E+01
      40    2675   8.434548616E+01
      41    2725   8.154069163E+01
      42    2775   7.300873208E+01
      43    2825   6.889319068E+01
      44    2875   6.449219215E+01
      45    2925   5.797517460E+01
      46    2975   5.973791799E+01
