       0     675   1.797876508E+03
       1     725   1.905622309E+03
       2     775   2.362974196E+03
       3     825   2.444061149E+03
       4     875   2.127533760E+03
       5     925   1.655655466E+03
       6     975   1.214807658E+03
       7    1025   1.028921390E+03
       8    1075   1.124153124E+03
       9    1125   1.223657472E+03
      10    1175   1.164640148E+03
      11    1225   9.618001929E+02
      12    1275   7.776346754E+02
      13    1325   7.011472351E+02
      14    1375   7.923113481E+02
      15    1425   8.361130561E+02
      16    1475   7.455007803E+02
      17    1525   6.315468901E+02
      18    1575   4.712200254E+02
      19    1625   4.176803585E+02
      20    1675   3.970306589E+02
      21    1725   4.147444884E+02
      22    1775   3.986192349E+02
      23    1825   3.629483151E+02
      24    1875   2.947770682E+02
      25    1925   2.646418224E+02
      26    1975   2.400330245E+02
      27    2025   2.434955044E+02
      28    2075   2.447237609E+02
      29    2125   2.111068178E+02
      30    2175   1.787546254E+02
      31    2225   1.497029500E+02
      32    2275   1.400607252E+02
      33    2325   1.357753735E+02
      34    2375   1.308516222E+02
      35    2425   1.190610091E+02
      36    2475   1.098346556E+02
      37    2525   9.831662679E+01
      38    2575   8.823691937E+01
      39    2625   8.763442331E+01
      40    2675   8.499914004E+01
      41    2725   8.029931669E+01
      42    2775   7.571358076E+01
      43    2825   6.987859033E+01
      44    2875   6.473568386E+01
      45    2925   6.270639577E+01
      46    2975   5.871102607E+01
