       0     675   1.763000722E+03
       1     725   1.935520515E+03
       2     775   2.407168133E+03
       3     825   2.544573556E+03
       4     875   2.117867560E+03
       5     925   1.643644773E+03
       6     975   1.126863125E+03
       7    1025   1.011719480E+03
       8    1075   1.158406000E+03
       9    1125   1.237937139E+03
      10    1175   1.136551288E+03
      11    1225   9.347510440E+02
      12    1275   7.773241575E+02
      13    1325   7.096331442E+02
      14    1375   8.246255368E+02
      15    1425   8.239751841E+02
      16    1475   8.012010865E+02
      17    1525   6.330150405E+02
      18    1575   4.958998814E+02
      19    1625   4.201164250E+02
      20    1675   4.097648434E+02
      21    1725   4.205450872E+02
      22    1775   3.997654045E+02
      23    1825   3.460689497E+02
      24    1875   2.866503006E+02
      25    1925   2.641100397E+02
      26    1975   2.511036514E+02
      27    2025   2.401384228E+02
      28    2075   2.378679776E+02
      29    2125   2.133356075E+02
      30    2175   1.822881013E+02
      31    2225   1.540499118E+02
      32    2275   1.387507368E+02
      33    2325   1.377666223E+02
      34    2375   1.285630521E+02
      35    2425   1.175935023E+02
      36    2475   1.047527422E+02
      37    2525   9.794985699E+01
      38    2575   9.397484294E+01
      39    2625   8.857654329E+01
      40    2675   8.427879364E+01
      41    2725   7.698473869E+01
      42    2775   7.514283984E+01
      43    2825   6.695237348E+01
      44    2875   6.406336899E+01
      45    2925   6.009079667E+01
      46    2975   5.949170258E+01
