       0     675   1.655893238E+03
       1     725   1.819821810E+03
       2     775   2.307883882E+03
       3     825   2.594841591E+03
       4     875   2.192581561E+03
       5     925   1.633135989E+03
       6     975   1.214455557E+03
       7    1025   1.058289979E+03
       8    1075   1.161396976E+03
       9    1125   1.234386968E+03
      10    1175   1.212824597E+03
      11    1225   9.352319833E+02
      12    1275   7.761169181E+02
      13    1325   7.170113837E+02
      14    1375   8.003742320E+02
      15    1425   8.156183875E+02
      16    1475   8.153104868E+02
      17    1525   6.248807970E+02
      18    1575   4.703662475E+02
      19    1625   3.982122299E+02
      20    1675   4.107918183E+02
      21    1725   4.054558562E+02
      22    1775   4.044044793E+02
      23    1825   3.465616331E+02
      24    1875   2.893355108E+02
      25    1925   2.578057861E+02
      26    1975   2.475663947E+02
      27    2025   2.495337307E+02
      28    2075   2.313908288E+02
      29    2125   2.083965998E+02
      30    2175   1.786804063E+02
      31    2225   1.516276109E+02
      32    2275   1.384752127E+02
      33    2325   1.366242644E+02
      34    2375   1.346478416E+02
      35    2425   1.191168419E+02
      36    2475   1.112975297E+02
      37    2525   9.848162592E+01
      38    2575   9.126791863E+01
      39    2625   8.708252791E+01
      40    2675   8.707446705E+01
      41    2725   8.362641745E+01
      42    2775   7.659879843E+01
      43    2825   6.678870794E+01
      44    2875   6.539505231E+01
      45    2925   6.120364981E+01
      46    2975   5.666102865E+01
