       0     675   1.765381442E+03
       1     725   1.989538716E+03
       2     775   2.395506572E+03
       3     825   2.539599316E+03
       4     875   2.259739460E+03
       5     925   1.640127595E+03
       6     975   1.203733226E+03
       7    1025   1.029781362E+03
       8    1075   1.166265705E+03
       9    1125   1.225177591E+03
      10    1175   1.138953119E+03
      11    1225   9.874363035E+02
      12    1275   7.946087954E+02
      13    1325   7.390490919E+02
      14    1375   7.695071896E+02
      15    1425   8.606671081E+02
      16    1475   7.615403048E+02
      17    1525   6.360004232E+02
      18    1575   4.913611846E+02
      19    1625   4.188533023E+02
      20    1675   4.079768776E+02
      21    1725   4.174423579E+02
      22    1775   3.972049893E+02
      23    1825   3.531362031E+02
      24    1875   2.950413450E+02
      25    1925   2.620953512E+02
      26    1975   2.528259784E+02
      27    2025   2.464910562E+02
      28    2075   2.410495109E+02
      29    2125   2.129601909E+02
      30    2175   1.755216483E+02
      31    2225   1.511099707E+02
      32    2275   1.380584301E+02
      33    2325   1.347492319E+02
      34    2375   1.319349646E+02
      35    2425   1.247243034E+02
      36    2475   1.066040525E+02
      37    2525   9.618318405E+01
      38    2575   9.381329939E+01
      39    2625   8.827637000E+01
      40    2675   8.816746271E+01
      41    2725   7.760143835E+01
      42    2775   7.618512310E+01
      43    2825   6.938669134E+01
      44    2875   6.507044331E+01
      45    2925   6.500530370E+01
      46    2975   5.652275965E+01
