       0     675   1.758456054E+03
       1     725   1.952008591E+03
       2     775   2.322801737E+03
       3     825   2.625774463E+03
       4     875   2.151849166E+03
       5     925   1.607384435E+03
       6     975   1.130945839E+03
       7    1025   1.073718457E+03
       8    1075   1.178554689E+03
       9    1125   1.318177667E+03
      10    1175   1.161845810E+03
      11    1225   1.018386195E+03
      12    1275   7.463628516E+02
      13    1325   7.468585616E+02
      14    1375   7.748032441E+02
      15    1425   8.306905258E+02
      16    1475   7.347643092E+02
      17    1525   6.312587341E+02
      18    1575   4.839220152E+02
      19    1625   4.041698316E+02
      20    1675   4.084060887E+02
      21    1725   4.054610741E+02
      22    1775   4.021204343E+02
      23    1825   3.269407589E+02
      24    1875   2.993249935E+02
      25    1925   2.483399446E+02
      26    1975   2.491892464E+02
      27    2025   2.506855875E+02
      28    2075   2.421233361E+02
      29    2125   2.136157348E+02
      30    2175   1.780877190E+02
      31    2225   1.545655657E+02
      32    2275   1.372789597E+02
      33    2325   1.321912275E+02
      34    2375   1.343966058E+02
      35    2425   1.201482881E+02
      36    2475   1.047281339E+02
      37    2525   9.273471383E+01
      38    2575   9.111733864E+01
      39    2625   8.745653745E+01
      40    2675   8.811758004E+01
      41    2725   7.822811132E+01
      42    2775   7.429853667E+01
      43    2825   6.532611417E+01
      44    2875   6.305546080E+01
      45    2925   5.852172824E+01
      46    2975   6.108869171E+01
