       0     675   1.756135018E+03
       1     725   1.916449663E+03
       2     775   2.244399061E+03
       3     825   2.636574902E+03
       4     875   2.090525371E+03
       5     925   1.608039068E+03
       6     975   1.206344088E+03
       7    1025   1.005041426E+03
       8    1075   1.176215162E+03
       9    1125   1.261305004E+03
      10    1175   1.130340809E+03
      11    1225   9.230706205E+02
      12    1275   7.737700852E+02
      13    1325   7.369950675E+02
      14    1375   7.951109585E+02
      15    1425   8.081485629E+02
      16    1475   7.839012551E+02
      17    1525   6.352555008E+02
      18    1575   4.820356561E+02
      19    1625   4.044329588E+02
      20    1675   4.081119485E+02
      21    1725   4.098168389E+02
      22    1775   3.913882065E+02
      23    1825   3.453759166E+02
      24    1875   2.858195804E+02
      25    1925   2.587810601E+02
      26    1975   2.458194192E+02
      27    2025   2.519319979E+02
      28    2075   2.364795194E+02
      29    2125   2.128108543E+02
      30    2175   1.839336904E+02
      31    2225   1.467247696E+02
      32    2275   1.376393557E+02
      33    2325   1.378121336E+02
      34    2375   1.270356752E+02
      35    2425   1.189487155E+02
      36    2475   1.087474491E+02
      37    2525   9.905333090E+01
      38    2575   9.082284531E+01
      39    2625   8.839041328E+01
      40    2675   8.379921123E+01
      41    2725   7.997088840E+01
      42    2775   7.548671371E+01
      43    2825   6.905554068E+01
      44    2875   6.540250272E+01
      45    2925   5.852139108E+01
      46    2975   5.962495715E+01
