       0     675   1.734703565E+03
       1     725   1.971918523E+03
       2     775   2.320536779E+03
       3     825   2.446614859E+03
       4     875   2.170001010E+03
       5     925   1.618457575E+03
       6     975   1.091388349E+03
       7    1025   1.091975715E+03
       8    1075   1.151107916E+03
       9    1125   1.273840972E+03
      10    1175   1.152329011E+03
      11    1225   9.247876423E+02
      12    1275   7.946316551E+02
      13    1325   7.659582184E+02
      14    1375   7.910222443E+02
      15    1425   8.258581278E+02
      16    1475   8.091388250E+02
      17    1525   6.381451606E+02
      18    1575   4.769454352E+02
      19    1625   4.220184615E+02
      20    1675   4.033833585E+02
      21    1725   4.275682249E+02
      22    1775   3.956362628E+02
      23    1825   3.354276831E+02
      24    1875   3.032088748E+02
      25    1925   2.621006148E+02
      26    1975   2.429450817E+02
      27    2025   2.490201835E+02
      28    2075   2.388765683E+02
      29    2125   2.146985771E+02
      30    2175   1.797968033E+02
      31    2225   1.531861062E+02
      32    2275   1.376815318E+02
      33    2325   1.377203285E+02
      34    2375   1.345987686E+02
      35    2425   1.248745940E+02
      36    2475   1.061265749E+02
      37    2525   9.705575878E+01
      38    2575   8.816305341E+01
      39    2625   8.782420963E+01
      40    2675   8.719882262E+01
      41    2725   8.067129305E+01
      42    2775   7.288729665E+01
      43    2825   6.890566241E+01
      44    2875   6.066068948E+01
      45    2925   5.827788460E+01
      46    2975   6.183663576E+01
