       0     675   1.729086860E+03
       1     725   2.069363167E+03
       2     775   2.231583972E+03
       3     825   2.535423436E+03
       4     875   2.242532393E+03
       5     925   1.607859849E+03
       6     975   1.166412670E+03
       7    1025   1.055862433E+03
       8    1075   1.115616648E+03
       9    1125   1.276233073E+03
      10    1175   1.186887423E+03
      11    1225   9.409164640E+02
      12    1275   7.739856748E+02
      13    1325   7.663274107E+02
      14    1375   7.980075720E+02
      15    1425   8.015065468E+02
      16    1475   7.947721526E+02
      17    1525   6.251456470E+02
      18    1575   4.642562358E+02
      19    1625   4.089440251E+02
      20    1675   3.923807120E+02
      21    1725   4.228579639E+02
      22    1775   3.917230735E+02
      23    1825   3.329329342E+02
      24    1875   3.059298118E+02
      25    1925   2.512496551E+02
      26    1975   2.533481618E+02
      27    2025   2.441048817E+02
      28    2075   2.354922217E+02
      29    2125   2.069142021E+02
      30    2175   1.747902179E+02
      31    2225   1.517001207E+02
      32    2275   1.396385535E+02
      33    2325   1.353940425E+02
      34    2375   1.316677738E+02
      35    2425   1.239797737E+02
      36    2475   1.050690763E+02
      37    2525   9.664804811E+01
      38    2575   9.137717050E+01
      39    2625   9.004950201E+01
      40    2675   8.349829152E+01
      41    2725   8.148029964E+01
      42    2775   7.475031803E+01
      43    2825   6.748628129E+01
      44    2875   6.257309664E+01
      45    2925   6.000865770E+01
      46    2975   5.603953218E+01
