       0     675   1.698272337E+03
       1     725   2.068533076E+03
       2     775   2.366999979E+03
       3     825   2.498530113E+03
       4     875   2.185878834E+03
       5     925   1.599510924E+03
       6     975   1.125298314E+03
       7    1025   1.006624491E+03
       8    1075   1.213036946E+03
       9    1125   1.213458483E+03
      10    1175   1.191956519E+03
      11    1225   9.805799415E+02
      12    1275   7.457091054E+02
      13    1325   7.186677362E+02
      14    1375   7.981317126E+02
      15    1425   8.357324705E+02
      16    1475   7.714560388E+02
      17    1525   6.257448652E+02
      18    1575   4.892270099E+02
      19    1625   4.037147001E+02
      20    1675   3.934501200E+02
      21    1725   4.196721918E+02
      22    1775   3.924698510E+02
      23    1825   3.438477822E+02
      24    1875   2.981489866E+02
      25    1925   2.561570242E+02
      26    1975   2.501428180E+02
      27    2025   2.515099678E+02
      28    2075   2.401974038E+02
      29    2125   2.186318824E+02
      30    2175   1.719812483E+02
      31    2225   1.498509839E+02
      32    2275   1.384724917E+02
      33    2325   1.367644378E+02
      34    2375   1.320298263E+02
      35    2425   1.275107086E+02
      36    2475   1.049893738E+02
      37    2525   9.789685010E+01
      38    2575   9.143620112E+01
      39    2625   8.852533130E+01
      40    2675   8.547991683E+01
      41    2725   7.929567742E+01
      42    2775   7.463494049E+01
      43    2825   7.232762068E+01
      44    2875   6.401518141E+01
      45    2925   5.965643198E+01
      46    2975   6.316235902E+01
