       0     675   1.806548728E+03
       1     725   1.917432429E+03
       2     775   2.509428885E+03
       3     825   2.516912281E+03
       4     875   2.196367280E+03
       5     925   1.595757635E+03
       6     975   1.154878135E+03
       7    1025   1.079232815E+03
       8    1075   1.167917850E+03
       9    1125   1.222947386E+03
      10    1175   1.176778547E+03
      11    1225   9.525562367E+02
      12    1275   7.825773413E+02
      13    1325   7.478234104E+02
      14    1375   8.231543243E+02
      15    1425   8.372162773E+02
      16    1475   7.708824019E+02
      17    1525   6.334902330E+02
      18    1575   4.906863596E+02
      19    1625   4.092297156E+02
      20    1675   4.051571960E+02
      21    1725   3.959858237E+02
      22    1775   4.014741155E+02
      23    1825   3.442528288E+02
      24    1875   2.873191252E+02
      25    1925   2.623994451E+02
      26    1975   2.509894300E+02
      27    2025   2.421984878E+02
      28    2075   2.440457285E+02
      29    2125   2.050841238E+02
      30    2175   1.791278206E+02
      31    2225   1.559649165E+02
      32    2275   1.347540455E+02
      33    2325   1.353606236E+02
      34    2375   1.317686919E+02
      35    2425   1.167996203E+02
      36    2475   1.073557855E+02
      37    2525   1.001228989E+02
      38    2575   9.062468640E+01
      39    2625   8.975194654E+01
      40    2675   8.352381813E+01
      41    2725   7.857433244E+01
      42    2775   7.288373586E+01
      43    2825   6.854527212E+01
      44    2875   6.489489849E+01
      45    2925   6.213600351E+01
      46    2975   5.624534073E+01
