       0     675   1.755174158E+03
       1     725   1.953772015E+03
       2     775   2.388187915E+03
       3     825   2.556073643E+03
       4     875   2.163395063E+03
       5     925   1.657620555E+03
       6     975   1.241735697E+03
       7    1025   1.030117772E+03
       8    1075   1.170140637E+03
       9    1125   1.269952434E+03
      10    1175   1.118556832E+03
      11    1225   9.853800000E+02
      12    1275   7.751200435E+02
      13    1325   7.143133134E+02
      14    1375   7.931924948E+02
      15    1425   8.431620033E+02
      16    1475   8.029797235E+02
      17    1525   6.323692895E+02
      18    1575   4.847218665E+02
      19    1625   3.928629563E+02
      20    1675   4.029083596E+02
      21    1725   4.094460934E+02
      22    1775   3.960805618E+02
      23    1825   3.400935436E+02
      24    1875   2.974928731E+02
      25    1925   2.535659012E+02
      26    1975   2.492583173E+02
      27    2025   2.475249273E+02
      28    2075   2.364327025E+02
      29    2125   2.071494387E+02
      30    2175   1.767634733E+02
      31    2225   1.526226935E+02
      32    2275   1.417777322E+02
      33    2325   1.371699749E+02
      34    2375   1.315658478E+02
      35    2425   1.218527165E+02
      36    2475   1.086532669E+02
      37    2525   9.893485444E+01
      38    2575   9.210441661E+01
      39    2625   8.653975422E+01
      40    2675   8.659629952E+01
      41    2725   8.082124240E+01
      42    2775   7.215540097E+01
      43    2825   7.054649117E+01
      44    2875   6.259292370E+01
      45    2925   6.276410146E+01
      46    2975   5.868367481E+01
