       0     675   1.541357816E+03
       1     725   2.000221010E+03
       2     775   2.268111639E+03
       3     825   2.615728652E+03
       4     875   2.174135700E+03
       5     925   1.674162455E+03
       6     975   1.164926268E+03
       7    1025   1.074485549E+03
       8    1075   1.163382590E+03
       9    1125   1.240849549E+03
      10    1175   1.164637847E+03
      11    1225   9.563374566E+02
      12    1275   7.399326313E+02
      13    1325   7.351811067E+02
      14    1375   7.960368725E+02
      15    1425   8.609690588E+02
      16    1475   7.689775167E+02
      17    1525   6.201847664E+02
      18    1575   4.876090179E+02
      19    1625   3.954904678E+02
      20    1675   4.069096665E+02
      21    1725   3.977619835E+02
      22    1775   4.010693670E+02
      23    1825   3.530502603E+02
      24    1875   2.768308408E+02
      25    1925   2.621247170E+02
      26    1975   2.457162685E+02
      27    2025   2.535179561E+02
      28    2075   2.447726442E+02
      29    2125   2.088613336E+02
      30    2175   1.778729006E+02
      31    2225   1.483921080E+02
      32    2275   1.392134454E+02
      33    2325   1.361004274E+02
      34    2375   1.289859692E+02
      35    2425   1.196575665E+02
      36    2475   1.071957809E+02
      37    2525   1.018223110E+02
      38    2575   9.033987655E+01
      39    2625   8.621620474E+01
      40    2675   8.505854315E+01
      41    2725   8.116761993E+01
      42    2775   7.484299411E+01
      43    2825   6.809620716E+01
      44    2875   6.226322937E+01
      45    2925   6.278445385E+01
      46    2975   5.918590451E+01
