       0     675   1.688180273E+03
       1     725   1.990552529E+03
       2     775   2.253829457E+03
       3     825   2.555477466E+03
       4     875   2.176232469E+03
       5     925   1.559120229E+03
       6     975   1.145772811E+03
       7    1025   1.110662604E+03
       8    1075   1.105508839E+03
       9    1125   1.290922516E+03
      10    1175   1.142307080E+03
      11    1225   9.006533830E+02
      12    1275   7.948617844E+02
      13    1325   7.184169906E+02
      14    1375   7.993593959E+02
      15    1425   8.041168920E+02
      16    1475   7.695622627E+02
      17    1525   6.229009359E+02
      18    1575   4.800673250E+02
      19    1625   4.260378698E+02
      20    1675   4.109254201E+02
      21    1725   4.269178433E+02
      22    1775   3.967098865E+02
      23    1825   3.434770371E+02
      24    1875   2.919791301E+02
      25    1925   2.554383117E+02
      26    1975   2.509271185E+02
      27    2025   2.532997337E+02
      28    2075   2.317032734E+02
      29    2125   2.202817991E+02
      30    2175   1.706011475E+02
      31    2225   1.535045767E+02
      32    2275   1.346885584E+02
      33    2325   1.386557350E+02
      34    2375   1.244633853E+02
      35    2425   1.169745563E+02
      36    2475   1.108340027E+02
      37    2525   9.624192507E+01
      38    2575   9.393782235E+01
      39    2625   9.118077881E+01
      40    2675   8.478050100E+01
      41    2725   8.135986298E+01
      42    2775   7.229448011E+01
      43    2825   6.913297683E+01
      44    2875   6.153572695E+01
      45    2925   6.196355506E+01
      46    2975   6.013716264E+01
