       0     675   1.632876520E+03
       1     725   2.067372859E+03
       2     775   2.376479230E+03
       3     825   2.617630404E+03
       4     875   2.066502077E+03
       5     925   1.656100347E+03
       6     975   1.148093268E+03
       7    1025   1.050299573E+03
       8    1075   1.210950621E+03
       9    1125   1.300916695E+03
      10    1175   1.160755969E+03
      11    1225   9.843330889E+02
      12    1275   7.562082232E+02
      13    1325   7.312975173E+02
      14    1375   8.018438413E+02
      15    1425   8.301068587E+02
      16    1475   7.779015065E+02
      17    1525   6.245479714E+02
      18    1575   4.744266477E+02
      19    1625   4.094651454E+02
      20    1675   3.914265257E+02
      21    1725   4.229852910E+02
      22    1775   4.041713524E+02
      23    1825   3.344864583E+02
      24    1875   2.925146528E+02
      25    1925   2.523711910E+02
      26    1975   2.441000481E+02
      27    2025   2.500479676E+02
      28    2075   2.348590683E+02
      29    2125   2.138359443E+02
      30    2175   1.710755577E+02
      31    2225   1.522031514E+02
      32    2275   1.370845568E+02
      33    2325   1.370697127E+02
      34    2375   1.303817441E+02
      35    2425   1.232164555E+02
      36    2475   1.029160144E+02
      37    2525   9.998643499E+01
      38    2575   9.158051136E+01
      39    2625   8.891419570E+01
      40    2675   8.690599186E+01
      41    2725   8.095774483E+01
      42    2775   7.653267380E+01
      43    2825   6.839832852E+01
      44    2875   6.371376308E+01
      45    2925   5.896317849E+01
      46    2975   6.106928637E+01
