       0     675   1.646369174E+03
       1     725   2.007360321E+03
       2     775   2.383865044E+03
       3     825   2.588673529E+03
       4     875   2.230643667E+03
       5     925   1.706863293E+03
       6     975   1.191661161E+03
       7    1025   1.027234229E+03
       8    1075   1.179823495E+03
       9    1125   1.227112015E+03
      10    1175   1.133821787E+03
      11    1225   9.877605896E+02
      12    1275   7.714702986E+02
      13    1325   7.454341410E+02
      14    1375   8.201694417E+02
      15    1425   7.940419490E+02
      16    1475   7.808650199E+02
      17    1525   6.277331614E+02
      18    1575   4.824091703E+02
      19    1625   4.116403013E+02
      20    1675   3.939129226E+02
      21    1725   4.240588266E+02
      22    1775   3.885402959E+02
      23    1825   3.474586786E+02
      24    1875   2.911911233E+02
      25    1925   2.591593729E+02
      26    1975   2.473361431E+02
      27    2025   2.435973720E+02
      28    2075   2.477259807E+02
      29    2125   2.130363854E+02
      30    2175   1.786921270E+02
      31    2225   1.483283957E+02
      32    2275   1.420399048E+02
      33    2325   1.351797152E+02
      34    2375   1.282894517E+02
      35    2425   1.213928707E+02
      36    2475   1.121093321E+02
      37    2525   9.323556964E+01
      38    2575   8.873356258E+01
      39    2625   8.710586004E+01
      40    2675   8.560102601E+01
      41    2725   7.895948816E+01
      42    2775   7.407957485E+01
      43    2825   6.890956806E+01
      44    2875   6.496284355E+01
      45    2925   6.160877434E+01
      46    2975   5.900117726E+01
