       0     675   1.873454363E+03
       1     725   2.026024570E+03
       2     775   2.353838194E+03
       3     825   2.466283728E+03
       4     875   2.252475028E+03
       5     925   1.643099980E+03
       6     975   1.131095048E+03
       7    1025   1.056542656E+03
       8    1075   1.168207282E+03
       9    1125   1.273174494E+03
      10    1175   1.196798996E+03
      11    1225   9.237323858E+02
      12    1275   7.682223619E+02
      13    1325   7.431934034E+02
      14    1375   8.083373348E+02
      15    1425   8.147205345E+02
      16    1475   8.050346241E+02
      17    1525   6.458547806E+02
      18    1575   4.793233226E+02
      19    1625   4.104206334E+02
      20    1675   3.875361084E+02
      21    1725   4.080680429E+02
      22    1775   4.029566382E+02
      23    1825   3.566689690E+02
      24    1875   2.955174529E+02
      25    1925   2.575604866E+02
      26    1975   2.541562584E+02
      27    2025   2.511419402E+02
      28    2075   2.416689489E+02
      29    2125   2.121529785E+02
      30    2175   1.825761445E+02
      31    2225   1.518656814E+02
      32    2275   1.388043392E+02
      33    2325   1.385054203E+02
      34    2375   1.315766920E+02
      35    2425   1.203899126E+02
      36    2475   1.096481116E+02
      37    2525   9.975340311E+01
      38    2575   9.131704943E+01
      39    2625   8.725493407E+01
      40    2675   8.296540188E+01
      41    2725   8.373523415E+01
      42    2775   7.492003799E+01
      43    2825   7.127024132E+01
      44    2875   6.380222646E+01
      45    2925   6.148749493E+01
      46    2975   5.939440036E+01
