       0     675   1.684396806E+03
       1     725   1.995844337E+03
       2     775   2.408995245E+03
       3     825   2.473068889E+03
       4     875   2.155239976E+03
       5     925   1.611427891E+03
       6     975   1.162699063E+03
       7    1025   1.079495044E+03
       8    1075   1.133703041E+03
       9    1125   1.198868092E+03
      10    1175   1.230834157E+03
      11    1225   9.971033590E+02
      12    1275   7.499753679E+02
      13    1325   7.382502250E+02
      14    1375   7.760982800E+02
      15    1425   8.584635659E+02
      16    1475   7.176986661E+02
      17    1525   6.422391691E+02
      18    1575   4.976278080E+02
      19    1625   4.070503801E+02
      20    1675   3.949670835E+02
      21    1725   4.156847572E+02
      22    1775   3.933047430E+02
      23    1825   3.447174554E+02
      24    1875   2.822798725E+02
      25    1925   2.551589045E+02
      26    1975   2.502684361E+02
      27    2025   2.488121356E+02
      28    2075   2.328592987E+02
      29    2125   2.115197140E+02
      30    2175   1.775252082E+02
      31    2225   1.564318160E+02
      32    2275   1.384727522E+02
      33    2325   1.335171548E+02
      34    2375   1.265489199E+02
      35    2425   1.192565702E+02
      36    2475   1.127499660E+02
      37    2525   9.336371425E+01
      38    2575   9.245395223E+01
      39    2625   8.841468871E+01
      40    2675   8.132255264E+01
      41    2725   8.067134430E+01
      42    2775   7.499887076E+01
      43    2825   6.758120008E+01
      44    2875   6.305625457E+01
      45    2925   5.832927330E+01
      46    2975   6.238417755E+01
