       0     675   1.762283291E+03
       1     725   1.978749430E+03
       2     775   2.389422025E+03
       3     825   2.581145479E+03
       4     875   2.090629512E+03
       5     925   1.586404389E+03
       6     975   1.135126016E+03
       7    1025   1.021655883E+03
       8    1075   1.191168104E+03
       9    1125   1.253326116E+03
      10    1175   1.143947362E+03
      11    1225   9.952127938E+02
      12    1275   7.635766479E+02
      13    1325   7.438225267E+02
      14    1375   7.985273809E+02
      15    1425   8.445314136E+02
      16    1475   7.914540661E+02
      17    1525   6.240422933E+02
      18    1575   4.657636993E+02
      19    1625   4.202605683E+02
      20    1675   3.964507440E+02
      21    1725   4.070759466E+02
      22    1775   3.906438484E+02
      23    1825   3.419304612E+02
      24    1875   2.908344751E+02
      25    1925   2.581382643E+02
      26    1975   2.504644933E+02
      27    2025   2.501608581E+02
      28    2075   2.395298272E+02
      29    2125   2.098768847E+02
      30    2175   1.806279909E+02
      31    2225   1.516713465E+02
      32    2275   1.416686084E+02
      33    2325   1.337071993E+02
      34    2375   1.273361260E+02
      35    2425   1.196046227E+02
      36    2475   1.052026489E+02
      37    2525   9.577283102E+01
      38    2575   9.096161091E+01
      39    2625   8.695114764E+01
      40    2675   8.587975010E+01
      41    2725   7.950167922E+01
      42    2775   7.661951219E+01
      43    2825   6.781146786E+01
      44    2875   6.533688216E+01
      45    2925   5.790889125E+01
      46    2975   6.166043366E+01
