       0     675   1.820317927E+03
       1     725   1.852258147E+03
       2     775   2.358762223E+03
       3     825   2.567092316E+03
       4     875   2.324367389E+03
       5     925   1.616103807E+03
       6     975   1.193781390E+03
       7    1025   1.016708207E+03
       8    1075   1.175981024E+03
       9    1125   1.239515167E+03
      10    1175   1.179003115E+03
      11    1225   9.290553765E+02
      12    1275   7.611570543E+02
      13    1325   7.081809497E+02
      14    1375   7.990769479E+02
      15    1425   8.600677866E+02
      16    1475   7.836282806E+02
      17    1525   6.297901236E+02
      18    1575   4.915056839E+02
      19    1625   4.084494562E+02
      20    1675   4.098818329E+02
      21    1725   4.132227916E+02
      22    1775   4.139535667E+02
      23    1825   3.445267891E+02
      24    1875   2.864934334E+02
      25    1925   2.580811366E+02
      26    1975   2.541518289E+02
      27    2025   2.480931180E+02
      28    2075   2.354430704E+02
      29    2125   2.077836738E+02
      30    2175   1.796565593E+02
      31    2225   1.531921316E+02
      32    2275   1.356022482E+02
      33    2325   1.412943917E+02
      34    2375   1.321022387E+02
      35    2425   1.228276181E+02
      36    2475   1.064549406E+02
      37    2525   9.870289292E+01
      38    2575   9.097899747E+01
      39    2625   8.763441269E+01
      40    2675   9.167408215E+01
      41    2725   7.848274066E+01
      42    2775   7.310021388E+01
      43    2825   6.915211309E+01
      44    2875   6.113418736E+01
      45    2925   6.249570939E+01
      46    2975   5.574471333E+01
