       0     675   1.669156502E+03
       1     725   1.952218364E+03
       2     775   2.404008584E+03
       3     825   2.518217158E+03
       4     875   2.158826060E+03
       5     925   1.585759825E+03
       6     975   1.188841249E+03
       7    1025   1.010089988E+03
       8    1075   1.141046354E+03
       9    1125   1.276660606E+03
      10    1175   1.186153228E+03
      11    1225   9.661530464E+02
      12    1275   7.564408174E+02
      13    1325   7.400874325E+02
      14    1375   7.953347943E+02
      15    1425   8.349562273E+02
      16    1475   7.536316798E+02
      17    1525   6.207166359E+02
      18    1575   4.911482786E+02
      19    1625   3.962450236E+02
      20    1675   3.921536586E+02
      21    1725   4.001316347E+02
      22    1775   3.997091133E+02
      23    1825   3.422018608E+02
      24    1875   2.905945220E+02
      25    1925   2.585179433E+02
      26    1975   2.527173360E+02
      27    2025   2.440154801E+02
      28    2075   2.317595109E+02
      29    2125   2.076368435E+02
      30    2175   1.723228306E+02
      31    2225   1.505396169E+02
      32    2275   1.388176723E+02
      33    2325   1.387411991E+02
      34    2375   1.268381144E+02
      35    2425   1.187062715E+02
      36    2475   1.059249972E+02
      37    2525   9.556798790E+01
      38    2575   9.057274409E+01
      39    2625   8.591745719E+01
      40    2675   8.047335943E+01
      41    2725   7.638500668E+01
      42    2775   7.493347673E+01
      43    2825   6.643647375E+01
      44    2875   6.120166645E+01
      45    2925   5.673830718E+01
      46    2975   6.355379363E+01
