       0     675   1.740890501E+03
       1     725   1.937989805E+03
       2     775   2.308286629E+03
       3     825   2.500740683E+03
       4     875   2.122289119E+03
       5     925   1.598322402E+03
       6     975   1.225335888E+03
       7    1025   1.077490059E+03
       8    1075   1.189332704E+03
       9    1125   1.245339468E+03
      10    1175   1.127847955E+03
      11    1225   9.402151624E+02
      12    1275   7.640837467E+02
      13    1325   7.218541040E+02
      14    1375   7.890794313E+02
      15    1425   8.030782946E+02
      16    1475   7.858200770E+02
      17    1525   6.280977565E+02
      18    1575   4.972778751E+02
      19    1625   4.206283207E+02
      20    1675   4.014367485E+02
      21    1725   4.172440199E+02
      22    1775   3.923398465E+02
      23    1825   3.440086385E+02
      24    1875   2.894665869E+02
      25    1925   2.595547126E+02
      26    1975   2.504254039E+02
      27    2025   2.534311948E+02
      28    2075   2.344232691E+02
      29    2125   2.013037031E+02
      30    2175   1.750857847E+02
      31    2225   1.526863885E+02
      32    2275   1.332357100E+02
      33    2325   1.345495452E+02
      34    2375   1.347806917E+02
      35    2425   1.215104340E+02
      36    2475   1.050600815E+02
      37    2525   9.411672811E+01
      38    2575   8.717692982E+01
      39    2625   8.872658140E+01
      40    2675   8.435297809E+01
      41    2725   7.826201433E+01
      42    2775   7.316173675E+01
      43    2825   6.938074658E+01
      44    2875   6.429180840E+01
      45    2925   6.078781233E+01
      46    2975   5.904751029E+01
