       0     675   1.775220708E+03
       1     725   1.986624556E+03
       2     775   2.405281526E+03
       3     825   2.553451455E+03
       4     875   2.194534624E+03
       5     925   1.540026222E+03
       6     975   1.211292337E+03
       7    1025   1.079658701E+03
       8    1075   1.144014531E+03
       9    1125   1.261270761E+03
      10    1175   1.168300466E+03
      11    1225   9.385814587E+02
      12    1275   7.934416690E+02
      13    1325   7.731978842E+02
      14    1375   7.736272120E+02
      15    1425   8.452150655E+02
      16    1475   7.539720818E+02
      17    1525   6.286812012E+02
      18    1575   4.974204935E+02
      19    1625   4.117847636E+02
      20    1675   4.091539112E+02
      21    1725   4.167614452E+02
      22    1775   3.933832523E+02
      23    1825   3.498012665E+02
      24    1875   2.870722353E+02
      25    1925   2.602327695E+02
      26    1975   2.506981268E+02
      27    2025   2.449356558E+02
      28    2075   2.385648310E+02
      29    2125   2.189910404E+02
      30    2175   1.770125796E+02
      31    2225   1.507248809E+02
      32    2275   1.377707846E+02
      33    2325   1.423894934E+02
      34    2375   1.302627076E+02
      35    2425   1.228831613E+02
      36    2475   1.065146623E+02
      37    2525   9.882501487E+01
      38    2575   9.682984154E+01
      39    2625   8.742994292E+01
      40    2675   8.366809954E+01
      41    2725   7.942383690E+01
      42    2775   7.209066793E+01
      43    2825   6.759071309E+01
      44    2875   6.258515259E+01
      45    2925   5.853485604E+01
      46    2975   5.895277920E+01
