       0     675   1.754544157E+03
       1     725   1.960329397E+03
       2     775   2.397686697E+03
       3     825   2.532416674E+03
       4     875   2.205178908E+03
       5     925   1.615701910E+03
       6     975   1.173032102E+03
       7    1025   1.060140400E+03
       8    1075   1.195051768E+03
       9    1125   1.285121929E+03
      10    1175   1.173885842E+03
      11    1225   9.617638415E+02
      12    1275   7.701428198E+02
      13    1325   7.207963916E+02
      14    1375   7.960819450E+02
      15    1425   8.442450621E+02
      16    1475   7.598236181E+02
      17    1525   6.346642377E+02
      18    1575   4.697038875E+02
      19    1625   4.031777527E+02
      20    1675   4.099859544E+02
      21    1725   4.046408751E+02
      22    1775   3.931488365E+02
      23    1825   3.350781989E+02
      24    1875   2.923371103E+02
      25    1925   2.607008114E+02
      26    1975   2.478857576E+02
      27    2025   2.547058573E+02
      28    2075   2.326430001E+02
      29    2125   2.085112823E+02
      30    2175   1.814430730E+02
      31    2225   1.492890588E+02
      32    2275   1.383070599E+02
      33    2325   1.338562935E+02
      34    2375   1.300383077E+02
      35    2425   1.151065810E+02
      36    2475   1.083555543E+02
      37    2525   9.597336487E+01
      38    2575   8.910907237E+01
      39    2625   8.686842166E+01
      40    2675   8.393559893E+01
      41    2725   7.818625538E+01
      42    2775   7.401847672E+01
      43    2825   6.812143341E+01
      44    2875   6.191036199E+01
      45    2925   6.020433831E+01
      46    2975   5.975490670E+01
