       0     675   1.740307671E+03
       1     725   1.992629062E+03
       2     775   2.400264045E+03
       3     825   2.625471018E+03
       4     875   2.169507324E+03
       5     925   1.705249069E+03
       6     975   1.163056979E+03
       7    1025   1.002929210E+03
       8    1075   1.157936898E+03
       9    1125   1.242349775E+03
      10    1175   1.198654839E+03
      11    1225   9.699079230E+02
      12    1275   7.438187959E+02
      13    1325   7.321799577E+02
      14    1375   8.346247596E+02
      15    1425   8.397772213E+02
      16    1475   7.665620998E+02
      17    1525   6.244510040E+02
      18    1575   5.038969802E+02
      19    1625   4.059653120E+02
      20    1675   3.928314443E+02
      21    1725   4.316090372E+02
      22    1775   4.035997800E+02
      23    1825   3.471775580E+02
      24    1875   2.882924736E+02
      25    1925   2.657060198E+02
      26    1975   2.544170105E+02
      27    2025   2.568980871E+02
      28    2075   2.382960772E+02
      29    2125   2.121159045E+02
      30    2175   1.782585803E+02
      31    2225   1.549965956E+02
      32    2275   1.405911181E+02
      33    2325   1.336236550E+02
      34    2375   1.327475294E+02
      35    2425   1.242592843E+02
      36    2475   1.039201187E+02
      37    2525   9.756714334E+01
      38    2575   8.957523362E+01
      39    2625   9.013788428E+01
      40    2675   8.598288517E+01
      41    2725   7.814883105E+01
      42    2775   7.376392643E+01
      43    2825   6.923300631E+01
      44    2875   6.551877447E+01
      45    2925   5.963964423E+01
      46    2975   5.852188235E+01
