       0     675   1.639629564E+03
       1     725   1.986303659E+03
       2     775   2.474813209E+03
       3     825   2.432961522E+03
       4     875   2.134529979E+03
       5     925   1.626245676E+03
       6     975   1.144179450E+03
       7    1025   1.089356582E+03
       8    1075   1.160658789E+03
       9    1125   1.286419140E+03
      10    1175   1.169371950E+03
      11    1225   9.470916299E+02
      12    1275   7.745623248E+02
      13    1325   7.145537632E+02
      14    1375   8.100826926E+02
      15    1425   8.523621948E+02
      16    1475   7.783268521E+02
      17    1525   6.127997086E+02
      18    1575   4.809636065E+02
      19    1625   4.018311539E+02
      20    1675   4.021481232E+02
      21    1725   4.138041600E+02
      22    1775   3.867055490E+02
      23    1825   3.542986474E+02
      24    1875   2.890178009E+02
      25    1925   2.619231146E+02
      26    1975   2.465754116E+02
      27    2025   2.514483338E+02
      28    2075   2.349713339E+02
      29    2125   2.167434264E+02
      30    2175   1.848144985E+02
      31    2225   1.537022165E+02
      32    2275   1.373793167E+02
      33    2325   1.354932514E+02
      34    2375   1.326291160E+02
      35    2425   1.170162999E+02
      36    2475   1.084714468E+02
      37    2525   9.980055507E+01
      38    2575   9.393593728E+01
      39    2625   8.736104710E+01
      40    2675   8.609493498E+01
      41    2725   8.192832071E+01
      42    2775   7.502537378E+01
      43    2825   6.653565164E+01
      44    2875   6.299865526E+01
      45    2925   6.100796152E+01
      46    2975   5.806787057E+01
