       0     675   1.669655042E+03
       1     725   2.101208337E+03
       2     775   2.294609188E+03
       3     825   2.499157347E+03
       4     875   2.157843043E+03
       5     925   1.580972867E+03
       6     975   1.186900351E+03
       7    1025   1.047712688E+03
       8    1075   1.180770470E+03
       9    1125   1.256535129E+03
      10    1175   1.179534603E+03
      11    1225   9.600735866E+02
      12    1275   7.777737293E+02
      13    1325   7.628344884E+02
      14    1375   7.912289641E+02
      15    1425   8.421373954E+02
      16    1475   7.539103769E+02
      17    1525   6.277824567E+02
      18    1575   4.876937915E+02
      19    1625   4.114348624E+02
      20    1675   4.076386257E+02
      21    1725   4.188476526E+02
      22    1775   3.942722481E+02
      23    1825   3.412567799E+02
      24    1875   2.853168295E+02
      25    1925   2.582589218E+02
      26    1975   2.569493142E+02
      27    2025   2.566836524E+02
      28    2075   2.417337874E+02
      29    2125   2.142504174E+02
      30    2175   1.838075942E+02
      31    2225   1.566598419E+02
      32    2275   1.406507752E+02
      33    2325   1.397759411E+02
      34    2375   1.288754005E+02
      35    2425   1.239528433E+02
      36    2475   1.065718544E+02
      37    2525   1.014706213E+02
      38    2575   9.528015236E+01
      39    2625   8.874817279E+01
      40    2675   8.491531431E+01
      41    2725   7.958161690E+01
      42    2775   7.588781877E+01
      43    2825   6.979345668E+01
      44    2875   6.308643808E+01
      45    2925   6.203197486E+01
      46    2975   6.069903982E+01
