       0     675   1.783758871E+03
       1     725   1.993081225E+03
       2     775   2.317651755E+03
       3     825   2.454742242E+03
       4     875   2.225895303E+03
       5     925   1.622980197E+03
       6     975   1.186229894E+03
       7    1025   1.015068825E+03
       8    1075   1.187199661E+03
       9    1125   1.280079145E+03
      10    1175   1.108012934E+03
      11    1225   9.561614870E+02
      12    1275   7.891239138E+02
      13    1325   7.053614775E+02
      14    1375   7.991040128E+02
      15    1425   8.635685866E+02
      16    1475   7.787886057E+02
      17    1525   6.223109773E+02
      18    1575   4.961506905E+02
      19    1625   4.038849615E+02
      20    1675   3.993118332E+02
      21    1725   4.171090308E+02
      22    1775   4.002774354E+02
      23    1825   3.422875983E+02
      24    1875   2.984858410E+02
      25    1925   2.538888647E+02
      26    1975   2.467781247E+02
      27    2025   2.470176451E+02
      28    2075   2.401975947E+02
      29    2125   2.134234873E+02
      30    2175   1.817330479E+02
      31    2225   1.531503603E+02
      32    2275   1.410425746E+02
      33    2325   1.305701016E+02
      34    2375   1.255101497E+02
      35    2425   1.250129040E+02
      36    2475   1.051465900E+02
      37    2525   9.599914605E+01
      38    2575   9.381783403E+01
      39    2625   8.910165847E+01
      40    2675   8.508677537E+01
      41    2725   7.984119777E+01
      42    2775   7.416938382E+01
      43    2825   6.713198936E+01
      44    2875   6.089788343E+01
      45    2925   6.047947662E+01
      46    2975   6.036852674E+01
