       0     675   1.750047987E+03
       1     725   1.929632023E+03
       2     775   2.410627211E+03
       3     825   2.609745633E+03
       4     875   2.107905097E+03
       5     925   1.553596055E+03
       6     975   1.238658949E+03
       7    1025   1.057707613E+03
       8    1075   1.145634706E+03
       9    1125   1.209118354E+03
      10    1175   1.117869227E+03
      11    1225   9.279997009E+02
      12    1275   7.664147839E+02
      13    1325   7.378820023E+02
      14    1375   7.453016437E+02
      15    1425   8.495025633E+02
      16    1475   8.013712767E+02
      17    1525   6.210254552E+02
      18    1575   4.915096444E+02
      19    1625   4.198213889E+02
      20    1675   3.951708515E+02
      21    1725   4.135962372E+02
      22    1775   3.814433049E+02
      23    1825   3.567690568E+02
      24    1875   2.959440089E+02
      25    1925   2.648460666E+02
      26    1975   2.461074152E+02
      27    2025   2.482950187E+02
      28    2075   2.437787335E+02
      29    2125   2.097761079E+02
      30    2175   1.732669002E+02
      31    2225   1.530904593E+02
      32    2275   1.364229845E+02
      33    2325   1.320019295E+02
      34    2375   1.298807393E+02
      35    2425   1.172624228E+02
      36    2475   1.101224821E+02
      37    2525   9.525164136E+01
      38    2575   9.286840470E+01
      39    2625   8.540651657E+01
      40    2675   8.241363767E+01
      41    2725   8.192088936E+01
      42    2775   7.408145104E+01
      43    2825   6.574497355E+01
      44    2875   6.640657376E+01
      45    2925   6.317069750E+01
      46    2975   5.907960216E+01
