       0     675   1.796524472E+03
       1     725   2.025395785E+03
       2     775   2.342275332E+03
       3     825   2.422302155E+03
       4     875   2.131919139E+03
       5     925   1.614554380E+03
       6     975   1.186275540E+03
       7    1025   1.044686744E+03
       8    1075   1.174289889E+03
       9    1125   1.198715148E+03
      10    1175   1.135306872E+03
      11    1225   9.518222521E+02
      12    1275   7.963520734E+02
      13    1325   7.323497344E+02
      14    1375   7.836368808E+02
      15    1425   8.423329045E+02
      16    1475   7.588204479E+02
      17    1525   6.253109464E+02
      18    1575   4.961431015E+02
      19    1625   4.036970352E+02
      20    1675   4.063778207E+02
      21    1725   4.210635809E+02
      22    1775   3.889865936E+02
      23    1825   3.594694666E+02
      24    1875   2.913092775E+02
      25    1925   2.489555404E+02
      26    1975   2.418324439E+02
      27    2025   2.462533265E+02
      28    2075   2.381453247E+02
      29    2125   2.137811310E+02
      30    2175   1.745238222E+02
      31    2225   1.499889779E+02
      32    2275   1.451239301E+02
      33    2325   1.299008309E+02
      34    2375   1.329574173E+02
      35    2425   1.198522945E+02
      36    2475   1.056820401E+02
      37    2525   9.270120714E+01
      38    2575   9.066466369E+01
      39    2625   8.484345796E+01
      40    2675   8.320543388E+01
      41    2725   7.330919510E+01
      42    2775   7.242103402E+01
      43    2825   6.796689781E+01
      44    2875   6.142088764E+01
      45    2925   6.407630531E+01
      46    2975   5.413887754E+01
