       0     675   1.819938215E+03
       1     725   2.031752649E+03
       2     775   2.353352105E+03
       3     825   2.493205379E+03
       4     875   2.240928425E+03
       5     925   1.550797502E+03
       6     975   1.171867370E+03
       7    1025   1.048932981E+03
       8    1075   1.123749325E+03
       9    1125   1.262968696E+03
      10    1175   1.148908897E+03
      11    1225   9.652932780E+02
      12    1275   7.996869600E+02
      13    1325   7.393045014E+02
      14    1375   8.021239950E+02
      15    1425   8.526921312E+02
      16    1475   7.832762097E+02
      17    1525   6.375596343E+02
      18    1575   4.955919936E+02
      19    1625   4.080624032E+02
      20    1675   4.089184351E+02
      21    1725   4.107519956E+02
      22    1775   3.939669123E+02
      23    1825   3.506455376E+02
      24    1875   2.877842428E+02
      25    1925   2.592631256E+02
      26    1975   2.515100330E+02
      27    2025   2.456689414E+02
      28    2075   2.361344617E+02
      29    2125   2.161776188E+02
      30    2175   1.781633023E+02
      31    2225   1.496186394E+02
      32    2275   1.407175434E+02
      33    2325   1.296405444E+02
      34    2375   1.335221876E+02
      35    2425   1.206355605E+02
      36    2475   1.074108312E+02
      37    2525   1.028251432E+02
      38    2575   9.167556962E+01
      39    2625   8.708416286E+01
      40    2675   8.260713526E+01
      41    2725   8.285760937E+01
      42    2775   7.301187119E+01
      43    2825   6.957778932E+01
      44    2875   6.154221940E+01
      45    2925   6.397525147E+01
      46    2975   5.946087782E+01
