       0     675   1.769121199E+03
       1     725   1.940034199E+03
       2     775   2.305378850E+03
       3     825   2.666394908E+03
       4     875   2.167047992E+03
       5     925   1.664784443E+03
       6     975   1.184926497E+03
       7    1025   1.051801877E+03
       8    1075   1.168944493E+03
       9    1125   1.276910215E+03
      10    1175   1.178325348E+03
      11    1225   9.605482827E+02
      12    1275   7.742950383E+02
      13    1325   7.506085898E+02
      14    1375   7.711294318E+02
      15    1425   8.481724328E+02
      16    1475   7.620905380E+02
      17    1525   6.329626017E+02
      18    1575   4.857715506E+02
      19    1625   4.183186332E+02
      20    1675   3.994052021E+02
      21    1725   4.164046681E+02
      22    1775   4.019956809E+02
      23    1825   3.509097055E+02
      24    1875   2.901527702E+02
      25    1925   2.516680764E+02
      26    1975   2.456417393E+02
      27    2025   2.447244293E+02
      28    2075   2.430592868E+02
      29    2125   2.041404370E+02
      30    2175   1.779705295E+02
      31    2225   1.587229767E+02
      32    2275   1.390176905E+02
      33    2325   1.346711271E+02
      34    2375   1.306574718E+02
      35    2425   1.183153596E+02
      36    2475   1.117940270E+02
      37    2525   9.941818250E+01
      38    2575   8.860025600E+01
      39    2625   8.778741748E+01
      40    2675   8.448015528E+01
      41    2725   8.261182744E+01
      42    2775   7.395101050E+01
      43    2825   6.950510168E+01
      44    2875   6.391693557E+01
      45    2925   5.953528800E+01
      46    2975   6.313898985E+01
