       0     675   1.794865362E+03
       1     725   1.901643323E+03
       2     775   2.226179338E+03
       3     825   2.520900731E+03
       4     875   2.219245026E+03
       5     925   1.586269990E+03
       6     975   1.207998770E+03
       7    1025   9.965757100E+02
       8    1075   1.186277953E+03
       9    1125   1.273333685E+03
      10    1175   1.200861136E+03
      11    1225   9.505034649E+02
      12    1275   7.707475674E+02
      13    1325   7.267483515E+02
      14    1375   8.037390730E+02
      15    1425   8.218757772E+02
      16    1475   7.588302207E+02
      17    1525   6.381584248E+02
      18    1575   5.051457682E+02
      19    1625   4.220845446E+02
      20    1675   3.918371355E+02
      21    1725   4.037724005E+02
      22    1775   4.065100237E+02
      23    1825   3.543900719E+02
      24    1875   3.001132071E+02
      25    1925   2.539580683E+02
      26    1975   2.524090048E+02
      27    2025   2.505891003E+02
      28    2075   2.376610166E+02
      29    2125   2.204593171E+02
      30    2175   1.836054532E+02
      31    2225   1.506292889E+02
      32    2275   1.351080983E+02
      33    2325   1.386390418E+02
      34    2375   1.348316469E+02
      35    2425   1.239562829E+02
      36    2475   1.034541223E+02
      37    2525   9.548719392E+01
      38    2575   9.129958388E+01
      39    2625   8.789704163E+01
      40    2675   8.595126941E+01
      41    2725   7.408276481E+01
      42    2775   7.720424700E+01
      43    2825   6.815202675E+01
      44    2875   6.252771769E+01
      45    2925   6.297571894E+01
      46    2975   5.993758217E+01
