       0     675   1.750293862E+03
       1     725   1.991574178E+03
       2     775   2.337141734E+03
       3     825   2.444208927E+03
       4     875   2.271264785E+03
       5     925   1.690355837E+03
       6     975   1.122239569E+03
       7    1025   1.059094205E+03
       8    1075   1.208783057E+03
       9    1125   1.217660952E+03
      10    1175   1.212574259E+03
      11    1225   9.473900220E+02
      12    1275   7.578306454E+02
      13    1325   7.383858023E+02
      14    1375   8.000471227E+02
      15    1425   8.035616066E+02
      16    1475   7.702493923E+02
      17    1525   6.129429884E+02
      18    1575   4.777049447E+02
      19    1625   4.080878936E+02
      20    1675   4.088023703E+02
      21    1725   4.143814348E+02
      22    1775   3.955022666E+02
      23    1825   3.555407245E+02
      24    1875   2.902428650E+02
      25    1925   2.512728494E+02
      26    1975   2.491550051E+02
      27    2025   2.468327376E+02
      28    2075   2.367323232E+02
      29    2125   2.086551553E+02
      30    2175   1.785047402E+02
      31    2225   1.494349033E+02
      32    2275   1.404397239E+02
      33    2325   1.395125794E+02
      34    2375   1.290111370E+02
      35    2425   1.232840823E+02
      36    2475   1.084487214E+02
      37    2525   9.584677891E+01
      38    2575   9.531114658E+01
      39    2625   8.649575513E+01
      40    2675   8.562771382E+01
      41    2725   7.889847336E+01
      42    2775   7.197157614E+01
      43    2825   6.644038339E+01
      44    2875   6.358052050E+01
      45    2925   6.218550396E+01
      46    2975   5.961958594E+01
