       0     675   1.844339103E+03
       1     725   2.026728560E+03
       2     775   2.373959039E+03
       3     825   2.532431287E+03
       4     875   2.311589473E+03
       5     925   1.556598303E+03
       6     975   1.248284183E+03
       7    1025   1.071521962E+03
       8    1075   1.162397678E+03
       9    1125   1.257805291E+03
      10    1175   1.189694085E+03
      11    1225   9.418145684E+02
      12    1275   7.617877998E+02
      13    1325   7.613720252E+02
      14    1375   7.882577891E+02
      15    1425   8.382053544E+02
      16    1475   7.706132552E+02
      17    1525   6.111763032E+02
      18    1575   5.037887658E+02
      19    1625   4.020117431E+02
      20    1675   4.013697979E+02
      21    1725   4.120461487E+02
      22    1775   3.985063980E+02
      23    1825   3.438113695E+02
      24    1875   3.028797953E+02
      25    1925   2.572912171E+02
      26    1975   2.474236124E+02
      27    2025   2.519630568E+02
      28    2075   2.421306657E+02
      29    2125   2.139483900E+02
      30    2175   1.767847140E+02
      31    2225   1.534929543E+02
      32    2275   1.405892279E+02
      33    2325   1.341277802E+02
      34    2375   1.347838025E+02
      35    2425   1.194557037E+02
      36    2475   1.106931697E+02
      37    2525   9.748021846E+01
      38    2575   9.321970999E+01
      39    2625   8.776304853E+01
      40    2675   8.511221258E+01
      41    2725   8.078111981E+01
      42    2775   7.158800378E+01
      43    2825   6.572023979E+01
      44    2875   6.577647397E+01
      45    2925   5.950013499E+01
      46    2975   6.168418756E+01
