       0     675   1.742996163E+03
       1     725   2.005112082E+03
       2     775   2.273864348E+03
       3     825   2.538784330E+03
       4     875   2.112022966E+03
       5     925   1.640739550E+03
       6     975   1.139649103E+03
       7    1025   1.010627615E+03
       8    1075   1.173700057E+03
       9    1125   1.255783881E+03
      10    1175   1.144447361E+03
      11    1225   9.893649737E+02
      12    1275   7.907159821E+02
      13    1325   7.366570404E+02
      14    1375   8.365573932E+02
      15    1425   7.810655378E+02
      16    1475   7.614551035E+02
      17    1525   6.198557434E+02
      18    1575   4.801116115E+02
      19    1625   4.035693677E+02
      20    1675   4.121464338E+02
      21    1725   4.159421354E+02
      22    1775   4.026841859E+02
      23    1825   3.409355202E+02
      24    1875   2.805106347E+02
      25    1925   2.573106188E+02
      26    1975   2.503723049E+02
      27    2025   2.536610922E+02
      28    2075   2.413293760E+02
      29    2125   2.050122110E+02
      30    2175   1.792045928E+02
      31    2225   1.508337202E+02
      32    2275   1.390671170E+02
      33    2325   1.312341345E+02
      34    2375   1.280737535E+02
      35    2425   1.207580386E+02
      36    2475   1.079239542E+02
      37    2525   9.644783419E+01
      38    2575   9.098684128E+01
      39    2625   8.676980580E+01
      40    2675   8.013744003E+01
      41    2725   8.005374621E+01
      42    2775   7.159371786E+01
      43    2825   7.050084345E+01
      44    2875   6.443960866E+01
      45    2925   6.019015516E+01
      46    2975   5.802230338E+01
