       0     675   1.729692114E+03
       1     725   2.033017465E+03
       2     775   2.399159296E+03
       3     825   2.561407733E+03
       4     875   2.155947452E+03
       5     925   1.558526177E+03
       6     975   1.142953261E+03
       7    1025   1.024933209E+03
       8    1075   1.092955157E+03
       9    1125   1.261109542E+03
      10    1175   1.149813433E+03
      11    1225   9.499988420E+02
      12    1275   7.931258891E+02
      13    1325   7.264872782E+02
      14    1375   7.843656983E+02
      15    1425   8.513940333E+02
      16    1475   7.997721741E+02
      17    1525   6.295748114E+02
      18    1575   4.850599268E+02
      19    1625   4.032402682E+02
      20    1675   4.012178130E+02
      21    1725   4.190592435E+02
      22    1775   3.970380040E+02
      23    1825   3.559804568E+02
      24    1875   2.795494170E+02
      25    1925   2.571699462E+02
      26    1975   2.505012210E+02
      27    2025   2.487135620E+02
      28    2075   2.344691525E+02
      29    2125   2.148769855E+02
      30    2175   1.771616535E+02
      31    2225   1.566573374E+02
      32    2275   1.414645936E+02
      33    2325   1.340039193E+02
      34    2375   1.307387635E+02
      35    2425   1.202583111E+02
      36    2475   1.067172524E+02
      37    2525   9.561398220E+01
      38    2575   9.153304112E+01
      39    2625   8.914913237E+01
      40    2675   8.397188241E+01
      41    2725   8.161027689E+01
      42    2775   7.291465525E+01
      43    2825   6.526450879E+01
      44    2875   6.045057245E+01
      45    2925   6.224081520E+01
      46    2975   5.963284312E+01
