       0     675   1.731638217E+03
       1     725   2.007547332E+03
       2     775   2.321534894E+03
       3     825   2.633902098E+03
       4     875   2.058291782E+03
       5     925   1.668303792E+03
       6     975   1.223717336E+03
       7    1025   1.027596596E+03
       8    1075   1.151619854E+03
       9    1125   1.212498743E+03
      10    1175   1.171053803E+03
      11    1225   9.496918354E+02
      12    1275   7.365625836E+02
      13    1325   7.435621945E+02
      14    1375   7.779895096E+02
      15    1425   8.204417716E+02
      16    1475   7.627159521E+02
      17    1525   6.287912748E+02
      18    1575   5.015249920E+02
      19    1625   4.023021482E+02
      20    1675   4.054208313E+02
      21    1725   4.181013322E+02
      22    1775   3.895933886E+02
      23    1825   3.507595092E+02
      24    1875   2.945276232E+02
      25    1925   2.631700759E+02
      26    1975   2.499997932E+02
      27    2025   2.531210001E+02
      28    2075   2.464488539E+02
      29    2125   2.082425207E+02
      30    2175   1.826960966E+02
      31    2225   1.493501926E+02
      32    2275   1.391047316E+02
      33    2325   1.315287055E+02
      34    2375   1.289384283E+02
      35    2425   1.161487095E+02
      36    2475   1.113960875E+02
      37    2525   1.006395931E+02
      38    2575   8.892879318E+01
      39    2625   8.667558313E+01
      40    2675   8.957294497E+01
      41    2725   8.042131106E+01
      42    2775   7.102479293E+01
      43    2825   6.600407250E+01
      44    2875   6.702031419E+01
      45    2925   6.402032813E+01
      46    2975   5.989832509E+01
