       0     675   1.842013426E+03
       1     725   1.934445536E+03
       2     775   2.251976321E+03
       3     825   2.612254595E+03
       4     875   2.172361151E+03
       5     925   1.737845499E+03
       6     975   1.170015283E+03
       7    1025   1.015780074E+03
       8    1075   1.173275681E+03
       9    1125   1.231568341E+03
      10    1175   1.199907804E+03
      11    1225   9.713453763E+02
      12    1275   7.563488578E+02
      13    1325   7.519544417E+02
      14    1375   8.021782627E+02
      15    1425   8.322059765E+02
      16    1475   7.687283995E+02
      17    1525   6.218056439E+02
      18    1575   5.025915123E+02
      19    1625   4.003389941E+02
      20    1675   4.024168625E+02
      21    1725   4.176366698E+02
      22    1775   3.978166981E+02
      23    1825   3.506144538E+02
      24    1875   2.833812267E+02
      25    1925   2.527686782E+02
      26    1975   2.502872746E+02
      27    2025   2.576994100E+02
      28    2075   2.413410636E+02
      29    2125   2.190142138E+02
      30    2175   1.777699115E+02
      31    2225   1.498793028E+02
      32    2275   1.392368903E+02
      33    2325   1.365707061E+02
      34    2375   1.336687493E+02
      35    2425   1.193242694E+02
      36    2475   1.021399865E+02
      37    2525   9.781100331E+01
      38    2575   8.846844850E+01
      39    2625   8.986428135E+01
      40    2675   8.746304350E+01
      41    2725   7.859679912E+01
      42    2775   7.429311824E+01
      43    2825   6.695980154E+01
      44    2875   6.343546678E+01
      45    2925   6.102454840E+01
      46    2975   5.877746466E+01
