       0     675   1.589498022E+03
       1     725   2.039096071E+03
       2     775   2.428746242E+03
       3     825   2.488085522E+03
       4     875   2.224480676E+03
       5     925   1.647706440E+03
       6     975   1.157952311E+03
       7    1025   1.039912653E+03
       8    1075   1.207589985E+03
       9    1125   1.215708014E+03
      10    1175   1.159995440E+03
      11    1225   9.464490774E+02
      12    1275   8.097632822E+02
      13    1325   7.331320940E+02
      14    1375   7.865936527E+02
      15    1425   7.868258874E+02
      16    1475   7.876574604E+02
      17    1525   6.503675697E+02
      18    1575   4.856604974E+02
      19    1625   4.203192067E+02
      20    1675   3.935550406E+02
      21    1725   4.131740232E+02
      22    1775   3.973147280E+02
      23    1825   3.461687214E+02
      24    1875   2.823220872E+02
      25    1925   2.607238138E+02
      26    1975   2.515461038E+02
      27    2025   2.452849037E+02
      28    2075   2.342131616E+02
      29    2125   2.156825790E+02
      30    2175   1.761896655E+02
      31    2225   1.461595294E+02
      32    2275   1.459711725E+02
      33    2325   1.319884812E+02
      34    2375   1.254057539E+02
      35    2425   1.173240680E+02
      36    2475   1.095546226E+02
      37    2525   9.955924005E+01
      38    2575   9.187377488E+01
      39    2625   8.628475760E+01
      40    2675   8.273520553E+01
      41    2725   7.665771771E+01
      42    2775   7.949496326E+01
      43    2825   6.333480677E+01
      44    2875   6.336227024E+01
      45    2925   6.254506520E+01
      46    2975   5.840739477E+01
