       0     675   1.694804574E+03
       1     725   1.990745627E+03
       2     775   2.372800864E+03
       3     825   2.499133047E+03
       4     875   2.066780554E+03
       5     925   1.632524072E+03
       6     975   1.176578523E+03
       7    1025   1.064640780E+03
       8    1075   1.189430753E+03
       9    1125   1.220254336E+03
      10    1175   1.158877257E+03
      11    1225   9.788093706E+02
      12    1275   7.583770840E+02
      13    1325   7.688723652E+02
      14    1375   7.927177171E+02
      15    1425   8.458499157E+02
      16    1475   7.745005753E+02
      17    1525   6.240285400E+02
      18    1575   4.796287775E+02
      19    1625   4.209653015E+02
      20    1675   4.121788481E+02
      21    1725   4.125481196E+02
      22    1775   4.063519480E+02
      23    1825   3.601671683E+02
      24    1875   2.886745665E+02
      25    1925   2.666050100E+02
      26    1975   2.453014609E+02
      27    2025   2.441661029E+02
      28    2075   2.409058104E+02
      29    2125   2.077520084E+02
      30    2175   1.777462093E+02
      31    2225   1.506748044E+02
      32    2275   1.393834582E+02
      33    2325   1.362008969E+02
      34    2375   1.302755903E+02
      35    2425   1.215934827E+02
      36    2475   1.133293057E+02
      37    2525   9.745743715E+01
      38    2575   9.295021652E+01
      39    2625   8.734464717E+01
      40    2675   8.807285355E+01
      41    2725   7.826520989E+01
      42    2775   7.515299408E+01
      43    2825   6.726061467E+01
      44    2875   6.643840508E+01
      45    2925   6.264760852E+01
      46    2975   5.748485730E+01
