       0     675   1.674620830E+03
       1     725   1.904804774E+03
       2     775   2.323262914E+03
       3     825   2.499317642E+03
       4     875   2.104681842E+03
       5     925   1.618392634E+03
       6     975   1.146538752E+03
       7    1025   1.057666969E+03
       8    1075   1.169358868E+03
       9    1125   1.271877365E+03
      10    1175   1.105134366E+03
      11    1225   9.538148271E+02
      12    1275   7.660462313E+02
      13    1325   7.337905652E+02
      14    1375   7.950257180E+02
      15    1425   8.095407679E+02
      16    1475   7.786855634E+02
      17    1525   6.274678270E+02
      18    1575   4.796885008E+02
      19    1625   4.061515700E+02
      20    1675   4.078981248E+02
      21    1725   4.096285834E+02
      22    1775   4.024822246E+02
      23    1825   3.511039128E+02
      24    1875   2.927559639E+02
      25    1925   2.537321622E+02
      26    1975   2.416899994E+02
      27    2025   2.542586019E+02
      28    2075   2.397265166E+02
      29    2125   2.144786543E+02
      30    2175   1.724973768E+02
      31    2225   1.504140551E+02
      32    2275   1.424624997E+02
      33    2325   1.339145238E+02
      34    2375   1.293764680E+02
      35    2425   1.195085101E+02
      36    2475   1.103559319E+02
      37    2525   9.803023322E+01
      38    2575   8.871864731E+01
      39    2625   8.905942858E+01
      40    2675   8.001616043E+01
      41    2725   8.004076055E+01
      42    2775   7.035873126E+01
      43    2825   6.900183069E+01
      44    2875   6.369110359E+01
      45    2925   6.044034428E+01
      46    2975   5.911106577E+01
