       0     675   1.675081864E+03
       1     725   1.946131993E+03
       2     775   2.342486634E+03
       3     825   2.557372510E+03
       4     875   2.193589776E+03
       5     925   1.620418426E+03
       6     975   1.143086959E+03
       7    1025   1.029333468E+03
       8    1075   1.172668923E+03
       9    1125   1.256205636E+03
      10    1175   1.111217394E+03
      11    1225   9.430554858E+02
      12    1275   7.675083187E+02
      13    1325   7.255473514E+02
      14    1375   7.936484419E+02
      15    1425   8.258701044E+02
      16    1475   7.935191550E+02
      17    1525   6.020821620E+02
      18    1575   4.712314348E+02
      19    1625   4.212841506E+02
      20    1675   3.996639074E+02
      21    1725   4.218609810E+02
      22    1775   3.889263099E+02
      23    1825   3.594411149E+02
      24    1875   2.830519871E+02
      25    1925   2.546883832E+02
      26    1975   2.500308632E+02
      27    2025   2.531088566E+02
      28    2075   2.373184885E+02
      29    2125   2.110684068E+02
      30    2175   1.765286463E+02
      31    2225   1.515843192E+02
      32    2275   1.444137478E+02
      33    2325   1.319550812E+02
      34    2375   1.336141214E+02
      35    2425   1.196694973E+02
      36    2475   1.112116996E+02
      37    2525   9.951993754E+01
      38    2575   8.761252229E+01
      39    2625   8.897385831E+01
      40    2675   8.627603466E+01
      41    2725   8.153650953E+01
      42    2775   7.356195115E+01
      43    2825   6.587967751E+01
      44    2875   6.180755652E+01
      45    2925   6.149982326E+01
      46    2975   5.481384931E+01
