       0     675   1.730877272E+03
       1     725   1.950277803E+03
       2     775   2.369627143E+03
       3     825   2.452646492E+03
       4     875   2.293214064E+03
       5     925   1.597875915E+03
       6     975   1.169582355E+03
       7    1025   1.067456697E+03
       8    1075   1.136793557E+03
       9    1125   1.303579718E+03
      10    1175   1.147346674E+03
      11    1225   9.859761005E+02
      12    1275   7.588606204E+02
      13    1325   7.140987655E+02
      14    1375   8.144645218E+02
      15    1425   8.294407200E+02
      16    1475   7.692297810E+02
      17    1525   6.243272722E+02
      18    1575   4.818214466E+02
      19    1625   3.966413472E+02
      20    1675   4.016708058E+02
      21    1725   4.300757248E+02
      22    1775   3.963594021E+02
      23    1825   3.562554316E+02
      24    1875   2.863694703E+02
      25    1925   2.495249493E+02
      26    1975   2.478230525E+02
      27    2025   2.497862604E+02
      28    2075   2.435060273E+02
      29    2125   2.145408672E+02
      30    2175   1.819463773E+02
      31    2225   1.537293180E+02
      32    2275   1.426653567E+02
      33    2325   1.322515196E+02
      34    2375   1.281886908E+02
      35    2425   1.245507296E+02
      36    2475   1.103567468E+02
      37    2525   1.021335590E+02
      38    2575   9.189496983E+01
      39    2625   8.990263047E+01
      40    2675   8.720763085E+01
      41    2725   8.355699870E+01
      42    2775   7.529682772E+01
      43    2825   6.725387258E+01
      44    2875   6.243447783E+01
      45    2925   6.193019323E+01
      46    2975   6.020626511E+01
