       0     675   1.840720991E+03
       1     725   1.795193657E+03
       2     775   2.549208728E+03
       3     825   2.479070767E+03
       4     875   2.195986429E+03
       5     925   1.720506625E+03
       6     975   1.138580053E+03
       7    1025   1.120578404E+03
       8    1075   1.153460558E+03
       9    1125   1.246277687E+03
      10    1175   1.202085669E+03
      11    1225   9.444931730E+02
      12    1275   7.720312070E+02
      13    1325   7.425931966E+02
      14    1375   7.919745510E+02
      15    1425   8.248293087E+02
      16    1475   7.787826799E+02
      17    1525   6.330446912E+02
      18    1575   4.720588844E+02
      19    1625   4.057493101E+02
      20    1675   3.971394092E+02
      21    1725   4.117328033E+02
      22    1775   3.952961628E+02
      23    1825   3.464630559E+02
      24    1875   2.949684150E+02
      25    1925   2.682002139E+02
      26    1975   2.429539573E+02
      27    2025   2.474433032E+02
      28    2075   2.363811619E+02
      29    2125   2.075473379E+02
      30    2175   1.791355621E+02
      31    2225   1.545305285E+02
      32    2275   1.392010614E+02
      33    2325   1.430077073E+02
      34    2375   1.302706697E+02
      35    2425   1.202326555E+02
      36    2475   1.090268420E+02
      37    2525   9.517315544E+01
      38    2575   8.907063554E+01
      39    2625   9.081941831E+01
      40    2675   8.333190902E+01
      41    2725   8.352272157E+01
      42    2775   7.590929211E+01
      43    2825   6.623582199E+01
      44    2875   6.623300995E+01
      45    2925   6.418318451E+01
      46    2975   5.657477675E+01
