       0     675   1.825200373E+03
       1     725   2.019125905E+03
       2     775   2.447257122E+03
       3     825   2.558539842E+03
       4     875   2.128301439E+03
       5     925   1.651290339E+03
       6     975   1.175178266E+03
       7    1025   1.028304053E+03
       8    1075   1.130993728E+03
       9    1125   1.253056898E+03
      10    1175   1.171984435E+03
      11    1225   9.564307603E+02
      12    1275   7.693480275E+02
      13    1325   7.336628965E+02
      14    1375   7.895601919E+02
      15    1425   8.100040311E+02
      16    1475   7.573823954E+02
      17    1525   6.284595046E+02
      18    1575   4.809498465E+02
      19    1625   4.218333766E+02
      20    1675   4.228111327E+02
      21    1725   4.087773283E+02
      22    1775   4.025477193E+02
      23    1825   3.445547523E+02
      24    1875   2.940683671E+02
      25    1925   2.493569294E+02
      26    1975   2.525147120E+02
      27    2025   2.472453647E+02
      28    2075   2.551228469E+02
      29    2125   2.119971346E+02
      30    2175   1.783514371E+02
      31    2225   1.488177670E+02
      32    2275   1.393715268E+02
      33    2325   1.359660042E+02
      34    2375   1.275555489E+02
      35    2425   1.205883891E+02
      36    2475   1.112700542E+02
      37    2525   9.782649966E+01
      38    2575   9.228101450E+01
      39    2625   8.898106769E+01
      40    2675   8.794007204E+01
      41    2725   8.064315197E+01
      42    2775   7.510127296E+01
      43    2825   6.953363205E+01
      44    2875   6.064678100E+01
      45    2925   5.911278402E+01
      46    2975   6.274015265E+01
