       0     675   1.655621879E+03
       1     725   1.959824279E+03
       2     775   2.380871352E+03
       3     825   2.530926383E+03
       4     875   2.220758899E+03
       5     925   1.555854509E+03
       6     975   1.128633326E+03
       7    1025   1.059282177E+03
       8    1075   1.143201709E+03
       9    1125   1.208271059E+03
      10    1175   1.179630223E+03
      11    1225   9.478545266E+02
      12    1275   7.714070761E+02
      13    1325   7.408781668E+02
      14    1375   7.893556692E+02
      15    1425   8.528060226E+02
      16    1475   7.724603740E+02
      17    1525   6.438071280E+02
      18    1575   5.036127876E+02
      19    1625   4.158836313E+02
      20    1675   4.128542079E+02
      21    1725   4.032334086E+02
      22    1775   4.088971770E+02
      23    1825   3.418276529E+02
      24    1875   2.899724937E+02
      25    1925   2.536445591E+02
      26    1975   2.510596940E+02
      27    2025   2.455237562E+02
      28    2075   2.388489096E+02
      29    2125   2.206432886E+02
      30    2175   1.750368817E+02
      31    2225   1.502066869E+02
      32    2275   1.363188938E+02
      33    2325   1.390344341E+02
      34    2375   1.298739553E+02
      35    2425   1.201550303E+02
      36    2475   1.104425750E+02
      37    2525   9.713573309E+01
      38    2575   8.892895277E+01
      39    2625   8.960091030E+01
      40    2675   8.468943013E+01
      41    2725   8.301945390E+01
      42    2775   7.708702850E+01
      43    2825   6.697289804E+01
      44    2875   6.631714815E+01
      45    2925   6.184501253E+01
      46    2975   5.774046210E+01
