       0     675   1.718114363E+03
       1     725   1.965276262E+03
       2     775   2.386337299E+03
       3     825   2.655392254E+03
       4     875   2.260088330E+03
       5     925   1.642791143E+03
       6     975   1.149780693E+03
       7    1025   1.053533595E+03
       8    1075   1.148562490E+03
       9    1125   1.327985839E+03
      10    1175   1.157093087E+03
      11    1225   9.753885660E+02
      12    1275   7.751510832E+02
      13    1325   7.469201798E+02
      14    1375   7.920741562E+02
      15    1425   8.214085965E+02
      16    1475   7.822904899E+02
      17    1525   5.979838468E+02
      18    1575   5.094210739E+02
      19    1625   4.341326029E+02
      20    1675   4.123473729E+02
      21    1725   4.057969989E+02
      22    1775   4.250740206E+02
      23    1825   3.430082468E+02
      24    1875   2.942356358E+02
      25    1925   2.565489907E+02
      26    1975   2.494926703E+02
      27    2025   2.467877405E+02
      28    2075   2.474563412E+02
      29    2125   2.116702262E+02
      30    2175   1.840455512E+02
      31    2225   1.568600025E+02
      32    2275   1.411203861E+02
      33    2325   1.338398256E+02
      34    2375   1.325339571E+02
      35    2425   1.252551648E+02
      36    2475   1.096337432E+02
      37    2525   9.608657367E+01
      38    2575   9.084339407E+01
      39    2625   8.909997974E+01
      40    2675   8.841321328E+01
      41    2725   8.019722788E+01
      42    2775   7.461777145E+01
      43    2825   6.827354780E+01
      44    2875   6.287546481E+01
      45    2925   5.936809328E+01
      46    2975   6.136129110E+01
