       0     675   1.691830721E+03
       1     725   2.069739958E+03
       2     775   2.356806331E+03
       3     825   2.610842805E+03
       4     875   2.047442745E+03
       5     925   1.574222843E+03
       6     975   1.192269846E+03
       7    1025   1.041576609E+03
       8    1075   1.202172810E+03
       9    1125   1.230707442E+03
      10    1175   1.172474432E+03
      11    1225   9.406319329E+02
      12    1275   7.905025212E+02
      13    1325   7.611711381E+02
      14    1375   7.993837985E+02
      15    1425   8.462309706E+02
      16    1475   7.272380567E+02
      17    1525   6.151001874E+02
      18    1575   4.964249721E+02
      19    1625   4.149012073E+02
      20    1675   4.033090461E+02
      21    1725   4.155790333E+02
      22    1775   3.986557594E+02
      23    1825   3.297235446E+02
      24    1875   2.902451136E+02
      25    1925   2.573368201E+02
      26    1975   2.546121221E+02
      27    2025   2.549264756E+02
      28    2075   2.449043610E+02
      29    2125   2.141550115E+02
      30    2175   1.785241560E+02
      31    2225   1.523461717E+02
      32    2275   1.470531787E+02
      33    2325   1.297553668E+02
      34    2375   1.306471359E+02
      35    2425   1.231346053E+02
      36    2475   1.107680582E+02
      37    2525   9.863495054E+01
      38    2575   9.128198926E+01
      39    2625   8.931345225E+01
      40    2675   8.404204594E+01
      41    2725   8.469609428E+01
      42    2775   7.193234881E+01
      43    2825   6.944984900E+01
      44    2875   6.253722700E+01
      45    2925   5.971075186E+01
      46    2975   5.900977824E+01
