       0     675   1.883111991E+03
       1     725   1.880937100E+03
       2     775   2.300296103E+03
       3     825   2.440564781E+03
       4     875   2.217204030E+03
       5     925   1.622602610E+03
       6     975   1.174353061E+03
       7    1025   1.049719751E+03
       8    1075   1.213238932E+03
       9    1125   1.192797217E+03
      10    1175   1.142485224E+03
      11    1225   9.428399826E+02
      12    1275   7.924974165E+02
      13    1325   7.381420774E+02
      14    1375   7.763315603E+02
      15    1425   8.499369480E+02
      16    1475   7.853332330E+02
      17    1525   6.427724173E+02
      18    1575   4.788888032E+02
      19    1625   4.197272758E+02
      20    1675   3.997363480E+02
      21    1725   4.163305544E+02
      22    1775   4.125135787E+02
      23    1825   3.383813450E+02
      24    1875   2.998924087E+02
      25    1925   2.565231401E+02
      26    1975   2.490430297E+02
      27    2025   2.503233960E+02
      28    2075   2.401657716E+02
      29    2125   2.175793528E+02
      30    2175   1.767358348E+02
      31    2225   1.531209610E+02
      32    2275   1.373787478E+02
      33    2325   1.320221682E+02
      34    2375   1.359367982E+02
      35    2425   1.264407582E+02
      36    2475   1.074933526E+02
      37    2525   9.275457790E+01
      38    2575   9.433948101E+01
      39    2625   8.769148851E+01
      40    2675   8.567022242E+01
      41    2725   8.223903585E+01
      42    2775   7.676452508E+01
      43    2825   6.855640959E+01
      44    2875   6.123714102E+01
      45    2925   6.031186451E+01
      46    2975   5.726142407E+01
