       0     675   1.722722821E+03
       1     725   1.988722028E+03
       2     775   2.440948554E+03
       3     825   2.585806124E+03
       4     875   2.204887107E+03
       5     925   1.629836115E+03
       6     975   1.130758125E+03
       7    1025   1.065219616E+03
       8    1075   1.169082226E+03
       9    1125   1.251506758E+03
      10    1175   1.176094019E+03
      11    1225   9.490273226E+02
      12    1275   7.357165948E+02
      13    1325   7.406998315E+02
      14    1375   7.978965835E+02
      15    1425   8.345592561E+02
      16    1475   8.050895538E+02
      17    1525   6.260145421E+02
      18    1575   4.829702366E+02
      19    1625   4.135657474E+02
      20    1675   3.957711068E+02
      21    1725   4.014041364E+02
      22    1775   4.067725284E+02
      23    1825   3.369005156E+02
      24    1875   2.905178838E+02
      25    1925   2.573850438E+02
      26    1975   2.498633710E+02
      27    2025   2.514344774E+02
      28    2075   2.460917918E+02
      29    2125   2.117349658E+02
      30    2175   1.767395936E+02
      31    2225   1.512575010E+02
      32    2275   1.371964518E+02
      33    2325   1.384388688E+02
      34    2375   1.305122134E+02
      35    2425   1.180971589E+02
      36    2475   1.060774149E+02
      37    2525   9.739248552E+01
      38    2575   9.306097975E+01
      39    2625   8.949100706E+01
      40    2675   8.229147462E+01
      41    2725   7.773417079E+01
      42    2775   7.356753357E+01
      43    2825   6.223112339E+01
      44    2875   6.292679894E+01
      45    2925   6.081122607E+01
      46    2975   5.821533502E+01
