       0     675   1.759655851E+03
       1     725   1.875053847E+03
       2     775   2.563010465E+03
       3     825   2.570907339E+03
       4     875   2.250361075E+03
       5     925   1.645226711E+03
       6     975   1.158062133E+03
       7    1025   1.048507250E+03
       8    1075   1.155192639E+03
       9    1125   1.265374647E+03
      10    1175   1.166226481E+03
      11    1225   9.598631086E+02
      12    1275   7.497223093E+02
      13    1325   7.387042872E+02
      14    1375   7.859691895E+02
      15    1425   8.274937632E+02
      16    1475   7.707420521E+02
      17    1525   6.293295974E+02
      18    1575   4.939131864E+02
      19    1625   4.192728910E+02
      20    1675   4.032839671E+02
      21    1725   4.070805309E+02
      22    1775   4.006224067E+02
      23    1825   3.485040310E+02
      24    1875   2.861032383E+02
      25    1925   2.516525574E+02
      26    1975   2.504523804E+02
      27    2025   2.570414015E+02
      28    2075   2.431741826E+02
      29    2125   2.062385288E+02
      30    2175   1.795232718E+02
      31    2225   1.488077833E+02
      32    2275   1.380055004E+02
      33    2325   1.392678952E+02
      34    2375   1.335076775E+02
      35    2425   1.175130364E+02
      36    2475   1.082674429E+02
      37    2525   9.554854319E+01
      38    2575   9.066675473E+01
      39    2625   9.076334509E+01
      40    2675   8.583806662E+01
      41    2725   7.882231376E+01
      42    2775   7.651133783E+01
      43    2825   6.768227108E+01
      44    2875   6.388824526E+01
      45    2925   6.347501846E+01
      46    2975   5.836139772E+01
