       0     675   1.687969882E+03
       1     725   1.999712191E+03
       2     775   2.479009807E+03
       3     825   2.485694811E+03
       4     875   2.165309384E+03
       5     925   1.601906468E+03
       6     975   1.195232910E+03
       7    1025   1.024273103E+03
       8    1075   1.197799997E+03
       9    1125   1.268054594E+03
      10    1175   1.160794583E+03
      11    1225   9.847684486E+02
      12    1275   7.819074165E+02
      13    1325   7.393255765E+02
      14    1375   7.993525598E+02
      15    1425   8.562415165E+02
      16    1475   8.027813488E+02
      17    1525   6.391043753E+02
      18    1575   4.988749450E+02
      19    1625   3.907824720E+02
      20    1675   4.146049484E+02
      21    1725   4.166814088E+02
      22    1775   3.847472509E+02
      23    1825   3.481716892E+02
      24    1875   2.856463440E+02
      25    1925   2.542021406E+02
      26    1975   2.544669168E+02
      27    2025   2.453322874E+02
      28    2075   2.372296882E+02
      29    2125   2.049241815E+02
      30    2175   1.815004025E+02
      31    2225   1.515471159E+02
      32    2275   1.370474512E+02
      33    2325   1.366479846E+02
      34    2375   1.288401499E+02
      35    2425   1.212965580E+02
      36    2475   1.058620680E+02
      37    2525   9.683234573E+01
      38    2575   9.129005952E+01
      39    2625   8.668555085E+01
      40    2675   8.375114647E+01
      41    2725   8.474328322E+01
      42    2775   7.443797386E+01
      43    2825   7.076590676E+01
      44    2875   6.303974236E+01
      45    2925   5.922411846E+01
      46    2975   6.167139776E+01
