       0     675   1.700444487E+03
       1     725   1.958499171E+03
       2     775   2.313704384E+03
       3     825   2.651843973E+03
       4     875   2.118083590E+03
       5     925   1.597620912E+03
       6     975   1.166478060E+03
       7    1025   1.038231142E+03
       8    1075   1.143680460E+03
       9    1125   1.259590968E+03
      10    1175   1.194357713E+03
      11    1225   9.630424762E+02
      12    1275   7.667093374E+02
      13    1325   7.240050530E+02
      14    1375   7.976164947E+02
      15    1425   8.316771857E+02
      16    1475   7.821116757E+02
      17    1525   6.362204945E+02
      18    1575   4.878825041E+02
      19    1625   4.102712613E+02
      20    1675   4.086259907E+02
      21    1725   4.136657069E+02
      22    1775   3.990309943E+02
      23    1825   3.330945098E+02
      24    1875   2.885522406E+02
      25    1925   2.597262107E+02
      26    1975   2.522258878E+02
      27    2025   2.499536982E+02
      28    2075   2.416825248E+02
      29    2125   2.084296893E+02
      30    2175   1.701253750E+02
      31    2225   1.465456196E+02
      32    2275   1.391640830E+02
      33    2325   1.359444434E+02
      34    2375   1.316201998E+02
      35    2425   1.161184291E+02
      36    2475   1.065415239E+02
      37    2525   9.724918796E+01
      38    2575   9.191327831E+01
      39    2625   8.665219763E+01
      40    2675   8.534394306E+01
      41    2725   8.143629511E+01
      42    2775   7.165588348E+01
      43    2825   6.476141356E+01
      44    2875   6.085595836E+01
      45    2925   6.216504946E+01
      46    2975   6.104590424E+01
