       0     675   1.783371015E+03
       1     725   1.986001088E+03
       2     775   2.398179557E+03
       3     825   2.440690843E+03
       4     875   2.170640643E+03
       5     925   1.638300399E+03
       6     975   1.178069478E+03
       7    1025   1.110184524E+03
       8    1075   1.141917869E+03
       9    1125   1.256148227E+03
      10    1175   1.160218319E+03
      11    1225   9.639609256E+02
      12    1275   7.596561757E+02
      13    1325   7.322190084E+02
      14    1375   8.066872549E+02
      15    1425   8.288540781E+02
      16    1475   7.833989893E+02
      17    1525   6.259368545E+02
      18    1575   4.719608248E+02
      19    1625   4.129384709E+02
      20    1675   4.069766700E+02
      21    1725   4.042434175E+02
      22    1775   4.020867251E+02
      23    1825   3.590345949E+02
      24    1875   2.910936975E+02
      25    1925   2.597826818E+02
      26    1975   2.452537441E+02
      27    2025   2.488167206E+02
      28    2075   2.389276457E+02
      29    2125   2.126798169E+02
      30    2175   1.744311143E+02
      31    2225   1.479488558E+02
      32    2275   1.446302321E+02
      33    2325   1.297796898E+02
      34    2375   1.297018659E+02
      35    2425   1.182174882E+02
      36    2475   1.084032123E+02
      37    2525   9.468971170E+01
      38    2575   9.504528220E+01
      39    2625   8.768132217E+01
      40    2675   8.312351063E+01
      41    2725   8.207292888E+01
      42    2775   7.435078615E+01
      43    2825   6.357518339E+01
      44    2875   6.342030388E+01
      45    2925   6.028508183E+01
      46    2975   5.912368270E+01
