       0     675   1.791758038E+03
       1     725   1.962255838E+03
       2     775   2.446346026E+03
       3     825   2.596338942E+03
       4     875   2.063512115E+03
       5     925   1.602220960E+03
       6     975   1.173198563E+03
       7    1025   1.073454770E+03
       8    1075   1.201250700E+03
       9    1125   1.216386444E+03
      10    1175   1.210536344E+03
      11    1225   9.358486537E+02
      12    1275   8.021289945E+02
      13    1325   7.198690210E+02
      14    1375   7.928492964E+02
      15    1425   8.357828530E+02
      16    1475   7.657095700E+02
      17    1525   6.351915693E+02
      18    1575   4.866891361E+02
      19    1625   4.262641797E+02
      20    1675   4.099283807E+02
      21    1725   4.145639732E+02
      22    1775   3.889690554E+02
      23    1825   3.549769412E+02
      24    1875   2.951145946E+02
      25    1925   2.501147009E+02
      26    1975   2.488394751E+02
      27    2025   2.454358467E+02
      28    2075   2.362805693E+02
      29    2125   2.099159000E+02
      30    2175   1.720289341E+02
      31    2225   1.557406032E+02
      32    2275   1.416440527E+02
      33    2325   1.348949263E+02
      34    2375   1.336431478E+02
      35    2425   1.196809372E+02
      36    2475   1.036735898E+02
      37    2525   9.737098100E+01
      38    2575   8.957801549E+01
      39    2625   8.835145018E+01
      40    2675   8.377417910E+01
      41    2725   8.074995651E+01
      42    2775   7.636800146E+01
      43    2825   6.417028962E+01
      44    2875   6.554019733E+01
      45    2925   5.894879403E+01
      46    2975   5.965944208E+01
