       0     675   1.769383012E+03
       1     725   1.972139220E+03
       2     775   2.425498495E+03
       3     825   2.516250828E+03
       4     875   2.249330078E+03
       5     925   1.552016022E+03
       6     975   1.171956082E+03
       7    1025   1.035317956E+03
       8    1075   1.182049588E+03
       9    1125   1.253496650E+03
      10    1175   1.227648205E+03
      11    1225   9.881382916E+02
      12    1275   7.654864840E+02
      13    1325   7.267005959E+02
      14    1375   7.745085103E+02
      15    1425   8.529276187E+02
      16    1475   7.806271904E+02
      17    1525   6.213512022E+02
      18    1575   4.886491627E+02
      19    1625   4.099821844E+02
      20    1675   3.957105143E+02
      21    1725   4.104068010E+02
      22    1775   3.967642946E+02
      23    1825   3.482537229E+02
      24    1875   2.876865694E+02
      25    1925   2.551002559E+02
      26    1975   2.529843449E+02
      27    2025   2.504116409E+02
      28    2075   2.304739850E+02
      29    2125   2.145840179E+02
      30    2175   1.771577855E+02
      31    2225   1.516765964E+02
      32    2275   1.386738956E+02
      33    2325   1.333176120E+02
      34    2375   1.290626814E+02
      35    2425   1.171258156E+02
      36    2475   1.045196263E+02
      37    2525   9.579091619E+01
      38    2575   9.134942780E+01
      39    2625   8.770715048E+01
      40    2675   8.275089595E+01
      41    2725   7.805922351E+01
      42    2775   7.391043089E+01
      43    2825   6.710260313E+01
      44    2875   6.555875488E+01
      45    2925   6.042345105E+01
      46    2975   6.044093224E+01
