       0     675   1.694033354E+03
       1     725   1.881702049E+03
       2     775   2.301726590E+03
       3     825   2.447683960E+03
       4     875   2.156331608E+03
       5     925   1.634160817E+03
       6     975   1.150070931E+03
       7    1025   1.073340971E+03
       8    1075   1.127358787E+03
       9    1125   1.251845058E+03
      10    1175   1.150716913E+03
      11    1225   9.837894692E+02
      12    1275   7.484065411E+02
      13    1325   7.326170976E+02
      14    1375   7.932974430E+02
      15    1425   8.175833742E+02
      16    1475   7.302555090E+02
      17    1525   6.179469823E+02
      18    1575   4.916200210E+02
      19    1625   4.185592509E+02
      20    1675   3.952845047E+02
      21    1725   4.277471024E+02
      22    1775   4.038682330E+02
      23    1825   3.475059935E+02
      24    1875   2.917791442E+02
      25    1925   2.562078822E+02
      26    1975   2.458037851E+02
      27    2025   2.491308012E+02
      28    2075   2.383621588E+02
      29    2125   2.086038079E+02
      30    2175   1.754037775E+02
      31    2225   1.528963080E+02
      32    2275   1.368182194E+02
      33    2325   1.374134212E+02
      34    2375   1.324450437E+02
      35    2425   1.160767824E+02
      36    2475   1.098285107E+02
      37    2525   9.783933299E+01
      38    2575   8.687473551E+01
      39    2625   9.035266910E+01
      40    2675   8.260982755E+01
      41    2725   8.165604235E+01
      42    2775   7.549656942E+01
      43    2825   6.857256422E+01
      44    2875   6.655837600E+01
      45    2925   5.810395326E+01
      46    2975   6.011980709E+01
