       0     675   1.780677307E+03
       1     725   1.917802004E+03
       2     775   2.284882848E+03
       3     825   2.492283246E+03
       4     875   2.159870413E+03
       5     925   1.670506454E+03
       6     975   1.146424879E+03
       7    1025   1.052578515E+03
       8    1075   1.158612517E+03
       9    1125   1.288698835E+03
      10    1175   1.194555207E+03
      11    1225   9.841388490E+02
      12    1275   7.968053793E+02
      13    1325   7.277542167E+02
      14    1375   7.806563463E+02
      15    1425   8.190812778E+02
      16    1475   7.731992014E+02
      17    1525   6.201401903E+02
      18    1575   4.939723025E+02
      19    1625   4.067505697E+02
      20    1675   3.891191430E+02
      21    1725   4.076889133E+02
      22    1775   4.028378916E+02
      23    1825   3.441401376E+02
      24    1875   2.811951290E+02
      25    1925   2.544967020E+02
      26    1975   2.464575919E+02
      27    2025   2.475706262E+02
      28    2075   2.360206818E+02
      29    2125   2.110192876E+02
      30    2175   1.804960007E+02
      31    2225   1.528102421E+02
      32    2275   1.379889700E+02
      33    2325   1.348388436E+02
      34    2375   1.326054193E+02
      35    2425   1.214929754E+02
      36    2475   1.072049485E+02
      37    2525   9.751816372E+01
      38    2575   9.330541151E+01
      39    2625   8.815988219E+01
      40    2675   8.708123907E+01
      41    2725   7.898026653E+01
      42    2775   7.500791902E+01
      43    2825   6.624111788E+01
      44    2875   6.730811313E+01
      45    2925   5.786812739E+01
      46    2975   5.922905991E+01
