       0     675   1.842126970E+03
       1     725   1.963572540E+03
       2     775   2.376841725E+03
       3     825   2.489407214E+03
       4     875   2.223452562E+03
       5     925   1.566675915E+03
       6     975   1.161289969E+03
       7    1025   1.053261897E+03
       8    1075   1.133462254E+03
       9    1125   1.243743118E+03
      10    1175   1.131218731E+03
      11    1225   9.392190476E+02
      12    1275   7.582864705E+02
      13    1325   7.220535065E+02
      14    1375   8.127734500E+02
      15    1425   8.396286711E+02
      16    1475   7.637414798E+02
      17    1525   6.177720858E+02
      18    1575   4.834349058E+02
      19    1625   4.079902271E+02
      20    1675   4.059560118E+02
      21    1725   4.046776533E+02
      22    1775   3.861380970E+02
      23    1825   3.344341370E+02
      24    1875   2.935463696E+02
      25    1925   2.547141097E+02
      26    1975   2.605956429E+02
      27    2025   2.520492703E+02
      28    2075   2.385956849E+02
      29    2125   2.168080952E+02
      30    2175   1.726639337E+02
      31    2225   1.511420040E+02
      32    2275   1.374849522E+02
      33    2325   1.353174642E+02
      34    2375   1.278988524E+02
      35    2425   1.189401541E+02
      36    2475   1.050910085E+02
      37    2525   9.499950837E+01
      38    2575   8.712838494E+01
      39    2625   8.907332502E+01
      40    2675   8.380167479E+01
      41    2725   8.068637322E+01
      42    2775   7.588685098E+01
      43    2825   6.886344220E+01
      44    2875   6.485410606E+01
      45    2925   6.006563643E+01
      46    2975   6.043048816E+01
