       0     675   1.637371389E+03
       1     725   1.876557129E+03
       2     775   2.375342723E+03
       3     825   2.590334402E+03
       4     875   2.155116343E+03
       5     925   1.646140382E+03
       6     975   1.148206652E+03
       7    1025   1.088767290E+03
       8    1075   1.168920906E+03
       9    1125   1.264671171E+03
      10    1175   1.214627287E+03
      11    1225   9.730825450E+02
      12    1275   8.107176995E+02
      13    1325   7.561069826E+02
      14    1375   7.721362631E+02
      15    1425   8.209365465E+02
      16    1475   7.740883251E+02
      17    1525   6.220282076E+02
      18    1575   4.831093174E+02
      19    1625   4.194391172E+02
      20    1675   4.129224810E+02
      21    1725   4.093646644E+02
      22    1775   4.112350249E+02
      23    1825   3.487256813E+02
      24    1875   2.967080123E+02
      25    1925   2.566915123E+02
      26    1975   2.389371562E+02
      27    2025   2.454789508E+02
      28    2075   2.340356841E+02
      29    2125   2.054418375E+02
      30    2175   1.770139154E+02
      31    2225   1.526310790E+02
      32    2275   1.406040539E+02
      33    2325   1.350275695E+02
      34    2375   1.323148066E+02
      35    2425   1.232454007E+02
      36    2475   1.117940177E+02
      37    2525   9.687068921E+01
      38    2575   9.152283177E+01
      39    2625   9.081667001E+01
      40    2675   8.684489112E+01
      41    2725   7.899220262E+01
      42    2775   7.345921867E+01
      43    2825   6.522094473E+01
      44    2875   6.405702145E+01
      45    2925   5.985031678E+01
      46    2975   5.853487123E+01
