       0     675   1.684090877E+03
       1     725   1.968407300E+03
       2     775   2.418695810E+03
       3     825   2.590360293E+03
       4     875   2.185693421E+03
       5     925   1.579821917E+03
       6     975   1.187104246E+03
       7    1025   1.082460713E+03
       8    1075   1.156574923E+03
       9    1125   1.262581034E+03
      10    1175   1.211378873E+03
      11    1225   9.703737938E+02
      12    1275   7.661362665E+02
      13    1325   7.221196969E+02
      14    1375   7.926467572E+02
      15    1425   8.063871344E+02
      16    1475   7.738606956E+02
      17    1525   6.192370834E+02
      18    1575   4.831742679E+02
      19    1625   4.098399786E+02
      20    1675   4.155848324E+02
      21    1725   4.175269756E+02
      22    1775   4.041039237E+02
      23    1825   3.473349155E+02
      24    1875   2.954516195E+02
      25    1925   2.543391609E+02
      26    1975   2.529661557E+02
      27    2025   2.501746551E+02
      28    2075   2.343445103E+02
      29    2125   2.150212466E+02
      30    2175   1.801618422E+02
      31    2225   1.565626432E+02
      32    2275   1.415656955E+02
      33    2325   1.303792612E+02
      34    2375   1.350570930E+02
      35    2425   1.201494976E+02
      36    2475   1.080412232E+02
      37    2525   9.896342177E+01
      38    2575   9.012321207E+01
      39    2625   9.213559450E+01
      40    2675   8.310493154E+01
      41    2725   8.126437438E+01
      42    2775   7.485136539E+01
      43    2825   6.917048761E+01
      44    2875   6.216859267E+01
      45    2925   6.118982604E+01
      46    2975   6.216548049E+01
