       0     675   1.668615145E+03
       1     725   2.081237645E+03
       2     775   2.292726982E+03
       3     825   2.523368340E+03
       4     875   2.134383412E+03
       5     925   1.700627495E+03
       6     975   1.224570422E+03
       7    1025   1.091566963E+03
       8    1075   1.182971914E+03
       9    1125   1.261729185E+03
      10    1175   1.156252673E+03
      11    1225   9.351041456E+02
      12    1275   7.875671509E+02
      13    1325   7.175499737E+02
      14    1375   8.152194971E+02
      15    1425   8.216941300E+02
      16    1475   7.729590793E+02
      17    1525   6.435978546E+02
      18    1575   4.968779971E+02
      19    1625   4.086577654E+02
      20    1675   3.953131894E+02
      21    1725   4.174219181E+02
      22    1775   3.940214121E+02
      23    1825   3.545428040E+02
      24    1875   2.971085616E+02
      25    1925   2.606697283E+02
      26    1975   2.410319536E+02
      27    2025   2.542493302E+02
      28    2075   2.342788462E+02
      29    2125   2.139306524E+02
      30    2175   1.828077047E+02
      31    2225   1.546128056E+02
      32    2275   1.380113702E+02
      33    2325   1.331126873E+02
      34    2375   1.311007286E+02
      35    2425   1.218043046E+02
      36    2475   1.072446879E+02
      37    2525   9.636767077E+01
      38    2575   9.069213112E+01
      39    2625   8.791313868E+01
      40    2675   8.374793675E+01
      41    2725   8.509766546E+01
      42    2775   7.239880174E+01
      43    2825   6.759735444E+01
      44    2875   6.100404296E+01
      45    2925   6.077626790E+01
      46    2975   5.911047330E+01
