       0     675   1.870866373E+03
       1     725   1.939050468E+03
       2     775   2.451248761E+03
       3     825   2.545215400E+03
       4     875   2.248538509E+03
       5     925   1.573796284E+03
       6     975   1.210166830E+03
       7    1025   1.054260637E+03
       8    1075   1.147182504E+03
       9    1125   1.253128291E+03
      10    1175   1.160957484E+03
      11    1225   9.130597502E+02
      12    1275   7.502553565E+02
      13    1325   7.325835820E+02
      14    1375   8.142154170E+02
      15    1425   8.442620308E+02
      16    1475   7.657804887E+02
      17    1525   6.358735619E+02
      18    1575   4.794665297E+02
      19    1625   4.081597136E+02
      20    1675   3.899897628E+02
      21    1725   4.132542568E+02
      22    1775   4.186548179E+02
      23    1825   3.435041180E+02
      24    1875   2.878436840E+02
      25    1925   2.570922079E+02
      26    1975   2.535581775E+02
      27    2025   2.421371336E+02
      28    2075   2.397794838E+02
      29    2125   2.105605280E+02
      30    2175   1.771944383E+02
      31    2225   1.568401397E+02
      32    2275   1.393668971E+02
      33    2325   1.289913125E+02
      34    2375   1.308703045E+02
      35    2425   1.151645833E+02
      36    2475   1.119781840E+02
      37    2525   9.563054737E+01
      38    2575   8.540946253E+01
      39    2625   9.069044284E+01
      40    2675   8.439645413E+01
      41    2725   7.963982461E+01
      42    2775   7.398234298E+01
      43    2825   6.715768537E+01
      44    2875   6.033849865E+01
      45    2925   6.210354164E+01
      46    2975   5.933155759E+01
