       0     675   1.823235956E+03
       1     725   1.982832157E+03
       2     775   2.421187567E+03
       3     825   2.614896863E+03
       4     875   2.072921390E+03
       5     925   1.629641215E+03
       6     975   1.194827523E+03
       7    1025   1.041475862E+03
       8    1075   1.130672762E+03
       9    1125   1.256927339E+03
      10    1175   1.174858964E+03
      11    1225   9.585204870E+02
      12    1275   7.765541356E+02
      13    1325   7.642045809E+02
      14    1375   7.923156243E+02
      15    1425   8.228009101E+02
      16    1475   7.538493303E+02
      17    1525   6.151475009E+02
      18    1575   4.747031981E+02
      19    1625   4.056506002E+02
      20    1675   4.105606428E+02
      21    1725   4.287777218E+02
      22    1775   3.944821081E+02
      23    1825   3.451292440E+02
      24    1875   2.855428661E+02
      25    1925   2.546397213E+02
      26    1975   2.498646998E+02
      27    2025   2.395766270E+02
      28    2075   2.452383483E+02
      29    2125   2.119661684E+02
      30    2175   1.767393230E+02
      31    2225   1.463055642E+02
      32    2275   1.449446088E+02
      33    2325   1.353795486E+02
      34    2375   1.308100753E+02
      35    2425   1.187327337E+02
      36    2475   1.097470495E+02
      37    2525   9.703475094E+01
      38    2575   9.590807086E+01
      39    2625   8.826553534E+01
      40    2675   8.367310204E+01
      41    2725   8.213172436E+01
      42    2775   7.406932628E+01
      43    2825   7.042239102E+01
      44    2875   6.232271137E+01
      45    2925   6.250203702E+01
      46    2975   5.914374614E+01
