       0     675   1.686981600E+03
       1     725   1.921747135E+03
       2     775   2.420768096E+03
       3     825   2.640266787E+03
       4     875   2.174349129E+03
       5     925   1.634471332E+03
       6     975   1.161226782E+03
       7    1025   1.053556311E+03
       8    1075   1.153245511E+03
       9    1125   1.265750077E+03
      10    1175   1.151685929E+03
      11    1225   9.652714597E+02
      12    1275   7.888165222E+02
      13    1325   7.512993811E+02
      14    1375   7.944179475E+02
      15    1425   8.264092918E+02
      16    1475   7.861678371E+02
      17    1525   6.219212476E+02
      18    1575   4.881104146E+02
      19    1625   4.206130189E+02
      20    1675   4.089615258E+02
      21    1725   4.121828485E+02
      22    1775   3.922293370E+02
      23    1825   3.509909903E+02
      24    1875   2.928771288E+02
      25    1925   2.522973320E+02
      26    1975   2.484973660E+02
      27    2025   2.456755778E+02
      28    2075   2.385217817E+02
      29    2125   2.109511516E+02
      30    2175   1.726573986E+02
      31    2225   1.546781874E+02
      32    2275   1.435237653E+02
      33    2325   1.329777964E+02
      34    2375   1.280086306E+02
      35    2425   1.185793118E+02
      36    2475   1.105144134E+02
      37    2525   9.602476418E+01
      38    2575   9.212971552E+01
      39    2625   8.761452830E+01
      40    2675   8.562118317E+01
      41    2725   8.021137100E+01
      42    2775   7.303146060E+01
      43    2825   6.498970380E+01
      44    2875   6.572443482E+01
      45    2925   5.858757045E+01
      46    2975   6.163398551E+01
