       0     675   1.782748491E+03
       1     725   1.974857597E+03
       2     775   2.436031702E+03
       3     825   2.545113240E+03
       4     875   2.131032274E+03
       5     925   1.609978369E+03
       6     975   1.156255555E+03
       7    1025   1.084021676E+03
       8    1075   1.198751773E+03
       9    1125   1.232506783E+03
      10    1175   1.166236503E+03
      11    1225   9.617175150E+02
      12    1275   7.824899950E+02
      13    1325   7.451670922E+02
      14    1375   8.254323807E+02
      15    1425   8.335025947E+02
      16    1475   7.638074107E+02
      17    1525   6.435344799E+02
      18    1575   4.820347443E+02
      19    1625   4.074668186E+02
      20    1675   4.104974481E+02
      21    1725   4.095642264E+02
      22    1775   4.032109630E+02
      23    1825   3.453054349E+02
      24    1875   2.852101380E+02
      25    1925   2.584155947E+02
      26    1975   2.481633738E+02
      27    2025   2.511485240E+02
      28    2075   2.453198963E+02
      29    2125   2.155053436E+02
      30    2175   1.733626693E+02
      31    2225   1.549962494E+02
      32    2275   1.356101534E+02
      33    2325   1.314821439E+02
      34    2375   1.295599715E+02
      35    2425   1.231164149E+02
      36    2475   1.066707889E+02
      37    2525   9.899484947E+01
      38    2575   9.025327880E+01
      39    2625   8.810181742E+01
      40    2675   8.460071752E+01
      41    2725   8.340745615E+01
      42    2775   7.270241262E+01
      43    2825   7.123837363E+01
      44    2875   6.300663142E+01
      45    2925   5.969744605E+01
      46    2975   6.174109413E+01
