       0     675   1.758814604E+03
       1     725   1.804843776E+03
       2     775   2.424462406E+03
       3     825   2.553979263E+03
       4     875   2.187379632E+03
       5     925   1.651730023E+03
       6     975   1.191279114E+03
       7    1025   1.094596013E+03
       8    1075   1.159994866E+03
       9    1125   1.258844840E+03
      10    1175   1.205714128E+03
      11    1225   9.555291334E+02
      12    1275   7.587701797E+02
      13    1325   7.340438891E+02
      14    1375   8.061001763E+02
      15    1425   8.233719905E+02
      16    1475   7.927603312E+02
      17    1525   6.218314394E+02
      18    1575   4.900096508E+02
      19    1625   4.055890727E+02
      20    1675   4.115720479E+02
      21    1725   4.037497502E+02
      22    1775   4.016838988E+02
      23    1825   3.451695722E+02
      24    1875   2.882466782E+02
      25    1925   2.543722389E+02
      26    1975   2.547719693E+02
      27    2025   2.547441693E+02
      28    2075   2.365267066E+02
      29    2125   2.118261340E+02
      30    2175   1.822191866E+02
      31    2225   1.501103157E+02
      32    2275   1.422959066E+02
      33    2325   1.390978264E+02
      34    2375   1.307504732E+02
      35    2425   1.240047240E+02
      36    2475   1.145154716E+02
      37    2525   9.707748731E+01
      38    2575   9.012974164E+01
      39    2625   8.890673911E+01
      40    2675   8.784866298E+01
      41    2725   8.126016277E+01
      42    2775   7.164054351E+01
      43    2825   6.463310846E+01
      44    2875   6.441780266E+01
      45    2925   6.377568017E+01
      46    2975   5.950818303E+01
