       0     675   1.696854273E+03
       1     725   1.964230121E+03
       2     775   2.331912599E+03
       3     825   2.634624355E+03
       4     875   2.204990667E+03
       5     925   1.688159643E+03
       6     975   1.091953977E+03
       7    1025   1.055662762E+03
       8    1075   1.147333369E+03
       9    1125   1.264330548E+03
      10    1175   1.186497436E+03
      11    1225   9.320939761E+02
      12    1275   7.836975768E+02
      13    1325   7.301252816E+02
      14    1375   8.085529427E+02
      15    1425   8.328223605E+02
      16    1475   7.497958314E+02
      17    1525   6.400180305E+02
      18    1575   4.671392706E+02
      19    1625   4.222809067E+02
      20    1675   4.141453649E+02
      21    1725   4.090132164E+02
      22    1775   4.032051942E+02
      23    1825   3.512249015E+02
      24    1875   2.941372461E+02
      25    1925   2.681168321E+02
      26    1975   2.427866933E+02
      27    2025   2.439524258E+02
      28    2075   2.342225351E+02
      29    2125   2.171208700E+02
      30    2175   1.794615265E+02
      31    2225   1.521031829E+02
      32    2275   1.358842281E+02
      33    2325   1.340693884E+02
      34    2375   1.282914728E+02
      35    2425   1.198071809E+02
      36    2475   1.085195748E+02
      37    2525   1.000811275E+02
      38    2575   9.362509466E+01
      39    2625   8.697170071E+01
      40    2675   8.594693038E+01
      41    2725   8.116408718E+01
      42    2775   7.253590237E+01
      43    2825   6.819879208E+01
      44    2875   6.354947282E+01
      45    2925   6.080990231E+01
      46    2975   6.169402864E+01
