       0     675   1.769012417E+03
       1     725   2.010336704E+03
       2     775   2.443493673E+03
       3     825   2.427589963E+03
       4     875   2.266884793E+03
       5     925   1.633095076E+03
       6     975   1.118149959E+03
       7    1025   1.086610205E+03
       8    1075   1.198407560E+03
       9    1125   1.251261835E+03
      10    1175   1.119416453E+03
      11    1225   9.838944647E+02
      12    1275   7.652784950E+02
      13    1325   7.457282777E+02
      14    1375   8.058128420E+02
      15    1425   8.235697273E+02
      16    1475   7.633665447E+02
      17    1525   6.249716147E+02
      18    1575   4.902716818E+02
      19    1625   4.193858529E+02
      20    1675   4.150070347E+02
      21    1725   4.187399101E+02
      22    1775   3.995767005E+02
      23    1825   3.419729124E+02
      24    1875   2.794952435E+02
      25    1925   2.578749815E+02
      26    1975   2.579781211E+02
      27    2025   2.497540580E+02
      28    2075   2.453355605E+02
      29    2125   2.139401426E+02
      30    2175   1.784723736E+02
      31    2225   1.491316909E+02
      32    2275   1.411237474E+02
      33    2325   1.310824434E+02
      34    2375   1.324841291E+02
      35    2425   1.209041322E+02
      36    2475   1.073760450E+02
      37    2525   9.653300885E+01
      38    2575   9.230502861E+01
      39    2625   8.684231305E+01
      40    2675   8.545932649E+01
      41    2725   8.133979461E+01
      42    2775   7.390174296E+01
      43    2825   6.868209295E+01
      44    2875   6.287502911E+01
      45    2925   6.051983070E+01
      46    2975   5.785001964E+01
