       0     675   1.838456939E+03
       1     725   2.024089149E+03
       2     775   2.444203875E+03
       3     825   2.402499859E+03
       4     875   2.165516491E+03
       5     925   1.596420300E+03
       6     975   1.109554517E+03
       7    1025   1.062128926E+03
       8    1075   1.147477696E+03
       9    1125   1.252585983E+03
      10    1175   1.168740821E+03
      11    1225   9.756300232E+02
      12    1275   7.772392528E+02
      13    1325   7.526722944E+02
      14    1375   8.070318778E+02
      15    1425   8.539228338E+02
      16    1475   7.471050389E+02
      17    1525   6.480933206E+02
      18    1575   4.942311343E+02
      19    1625   4.150780192E+02
      20    1675   3.817934460E+02
      21    1725   4.184521950E+02
      22    1775   4.025901169E+02
      23    1825   3.322640655E+02
      24    1875   2.864401133E+02
      25    1925   2.610483253E+02
      26    1975   2.514829510E+02
      27    2025   2.462853864E+02
      28    2075   2.434397436E+02
      29    2125   2.100638299E+02
      30    2175   1.783735012E+02
      31    2225   1.513426217E+02
      32    2275   1.367262625E+02
      33    2325   1.392609840E+02
      34    2375   1.304847432E+02
      35    2425   1.223555181E+02
      36    2475   1.123044864E+02
      37    2525   9.614992731E+01
      38    2575   8.668743207E+01
      39    2625   9.046521475E+01
      40    2675   8.362246296E+01
      41    2725   8.148581279E+01
      42    2775   7.060839551E+01
      43    2825   6.337458602E+01
      44    2875   6.191695728E+01
      45    2925   6.187859063E+01
      46    2975   6.279672420E+01
