       0     675   1.821320970E+03
       1     725   1.919337734E+03
       2     775   2.414652244E+03
       3     825   2.491325279E+03
       4     875   2.159962369E+03
       5     925   1.646401995E+03
       6     975   1.120550259E+03
       7    1025   1.050154988E+03
       8    1075   1.190013094E+03
       9    1125   1.250285234E+03
      10    1175   1.192492061E+03
      11    1225   9.552721066E+02
      12    1275   7.883429139E+02
      13    1325   7.252919453E+02
      14    1375   7.631622304E+02
      15    1425   8.518668854E+02
      16    1475   7.557714436E+02
      17    1525   6.063492192E+02
      18    1575   4.993973438E+02
      19    1625   4.297404917E+02
      20    1675   4.011398482E+02
      21    1725   4.004030905E+02
      22    1775   4.033788617E+02
      23    1825   3.429396811E+02
      24    1875   2.960631259E+02
      25    1925   2.501900372E+02
      26    1975   2.494902446E+02
      27    2025   2.595076278E+02
      28    2075   2.359177314E+02
      29    2125   2.075286903E+02
      30    2175   1.867809043E+02
      31    2225   1.479437007E+02
      32    2275   1.419084864E+02
      33    2325   1.335184858E+02
      34    2375   1.287628980E+02
      35    2425   1.193521896E+02
      36    2475   1.105476622E+02
      37    2525   9.714166018E+01
      38    2575   9.287821884E+01
      39    2625   9.274837866E+01
      40    2675   8.208930149E+01
      41    2725   7.861010049E+01
      42    2775   7.233727075E+01
      43    2825   6.972139344E+01
      44    2875   6.134729096E+01
      45    2925   5.935963144E+01
      46    2975   6.146361607E+01
