       0     675   1.688541135E+03
       1     725   2.040442021E+03
       2     775   2.380310300E+03
       3     825   2.457927080E+03
       4     875   2.150480754E+03
       5     925   1.557315580E+03
       6     975   1.218902284E+03
       7    1025   1.044326438E+03
       8    1075   1.182625984E+03
       9    1125   1.315419656E+03
      10    1175   1.155315781E+03
      11    1225   9.004085787E+02
      12    1275   8.036499080E+02
      13    1325   7.050712452E+02
      14    1375   8.288622661E+02
      15    1425   8.412508256E+02
      16    1475   7.493029023E+02
      17    1525   6.123668150E+02
      18    1575   4.894176724E+02
      19    1625   4.072286193E+02
      20    1675   4.068998457E+02
      21    1725   3.994279464E+02
      22    1775   4.071844374E+02
      23    1825   3.522357287E+02
      24    1875   2.825742632E+02
      25    1925   2.528802687E+02
      26    1975   2.387421161E+02
      27    2025   2.475214957E+02
      28    2075   2.338837457E+02
      29    2125   2.155244901E+02
      30    2175   1.770783241E+02
      31    2225   1.492336360E+02
      32    2275   1.381831640E+02
      33    2325   1.365564590E+02
      34    2375   1.292461049E+02
      35    2425   1.217278489E+02
      36    2475   1.072978817E+02
      37    2525   9.634619589E+01
      38    2575   8.753499266E+01
      39    2625   8.809844133E+01
      40    2675   8.512924866E+01
      41    2725   7.839544722E+01
      42    2775   7.403362063E+01
      43    2825   6.787977632E+01
      44    2875   6.013200778E+01
      45    2925   5.886788697E+01
      46    2975   5.895393002E+01
