       0     675   1.813321647E+03
       1     725   1.956393645E+03
       2     775   2.355097583E+03
       3     825   2.397093468E+03
       4     875   2.348457116E+03
       5     925   1.561611825E+03
       6     975   1.163500886E+03
       7    1025   1.044561663E+03
       8    1075   1.151040104E+03
       9    1125   1.247030991E+03
      10    1175   1.186132154E+03
      11    1225   9.598146207E+02
      12    1275   7.538691184E+02
      13    1325   7.376810547E+02
      14    1375   7.895259238E+02
      15    1425   8.452122801E+02
      16    1475   7.625886368E+02
      17    1525   6.217704688E+02
      18    1575   4.959377888E+02
      19    1625   4.167892829E+02
      20    1675   4.046741991E+02
      21    1725   4.173308108E+02
      22    1775   3.995286044E+02
      23    1825   3.404166369E+02
      24    1875   2.884170775E+02
      25    1925   2.520123585E+02
      26    1975   2.539881462E+02
      27    2025   2.430814675E+02
      28    2075   2.416180883E+02
      29    2125   2.187981461E+02
      30    2175   1.740123671E+02
      31    2225   1.499389495E+02
      32    2275   1.428668420E+02
      33    2325   1.295740255E+02
      34    2375   1.321327166E+02
      35    2425   1.201016787E+02
      36    2475   1.081832640E+02
      37    2525   1.026883442E+02
      38    2575   9.578239993E+01
      39    2625   8.861305700E+01
      40    2675   8.692775019E+01
      41    2725   7.723092142E+01
      42    2775   7.347067094E+01
      43    2825   6.674078319E+01
      44    2875   6.039753692E+01
      45    2925   6.514834365E+01
      46    2975   5.795746330E+01
