       0     675   1.743904680E+03
       1     725   1.990018895E+03
       2     775   2.503677022E+03
       3     825   2.542995592E+03
       4     875   2.252842964E+03
       5     925   1.590528269E+03
       6     975   1.227920701E+03
       7    1025   1.110160243E+03
       8    1075   1.120543288E+03
       9    1125   1.260673123E+03
      10    1175   1.210841989E+03
      11    1225   9.829868742E+02
      12    1275   7.829583482E+02
      13    1325   7.330374652E+02
      14    1375   8.084775903E+02
      15    1425   7.989280017E+02
      16    1475   7.670401703E+02
      17    1525   6.311815960E+02
      18    1575   4.804608461E+02
      19    1625   4.183946833E+02
      20    1675   4.019758537E+02
      21    1725   4.128098813E+02
      22    1775   3.925054000E+02
      23    1825   3.420687629E+02
      24    1875   2.980720535E+02
      25    1925   2.500213698E+02
      26    1975   2.517897050E+02
      27    2025   2.534453197E+02
      28    2075   2.415507910E+02
      29    2125   2.132395958E+02
      30    2175   1.810880371E+02
      31    2225   1.536885006E+02
      32    2275   1.391646476E+02
      33    2325   1.418659842E+02
      34    2375   1.338551190E+02
      35    2425   1.228474825E+02
      36    2475   1.101918060E+02
      37    2525   1.018387498E+02
      38    2575   9.390415074E+01
      39    2625   8.698814315E+01
      40    2675   8.572638879E+01
      41    2725   8.188835286E+01
      42    2775   7.058864083E+01
      43    2825   6.678275631E+01
      44    2875   6.367948797E+01
      45    2925   6.032574389E+01
      46    2975   5.897723102E+01
