       0     675   1.821307396E+03
       1     725   1.871080226E+03
       2     775   2.474386493E+03
       3     825   2.421775486E+03
       4     875   2.200948655E+03
       5     925   1.574452137E+03
       6     975   1.235391417E+03
       7    1025   1.009254213E+03
       8    1075   1.137902327E+03
       9    1125   1.224425657E+03
      10    1175   1.165140961E+03
      11    1225   9.342426491E+02
      12    1275   7.897558218E+02
      13    1325   7.362133438E+02
      14    1375   8.138546406E+02
      15    1425   8.351019030E+02
      16    1475   7.832673372E+02
      17    1525   6.201980966E+02
      18    1575   5.119358731E+02
      19    1625   4.090773439E+02
      20    1675   4.047261471E+02
      21    1725   4.180512354E+02
      22    1775   3.886588514E+02
      23    1825   3.481877843E+02
      24    1875   2.844558621E+02
      25    1925   2.541978130E+02
      26    1975   2.451562319E+02
      27    2025   2.420099079E+02
      28    2075   2.304623179E+02
      29    2125   2.135700407E+02
      30    2175   1.818535607E+02
      31    2225   1.538502161E+02
      32    2275   1.380748452E+02
      33    2325   1.325766054E+02
      34    2375   1.361818987E+02
      35    2425   1.162270116E+02
      36    2475   1.080165172E+02
      37    2525   9.530624828E+01
      38    2575   9.040782580E+01
      39    2625   9.057120122E+01
      40    2675   8.746849443E+01
      41    2725   8.092505936E+01
      42    2775   7.428969328E+01
      43    2825   7.100730498E+01
      44    2875   6.384438045E+01
      45    2925   6.155220945E+01
      46    2975   6.038981565E+01
