       0     675   1.692257413E+03
       1     725   1.915350380E+03
       2     775   2.426093920E+03
       3     825   2.529310660E+03
       4     875   2.240654910E+03
       5     925   1.554661327E+03
       6     975   1.152190470E+03
       7    1025   1.051647466E+03
       8    1075   1.143800381E+03
       9    1125   1.259905670E+03
      10    1175   1.126252732E+03
      11    1225   9.451194906E+02
      12    1275   7.911171149E+02
      13    1325   7.144000168E+02
      14    1375   7.870226942E+02
      15    1425   8.346676074E+02
      16    1475   7.708325928E+02
      17    1525   6.193909293E+02
      18    1575   4.732283254E+02
      19    1625   4.082673688E+02
      20    1675   4.054433344E+02
      21    1725   4.106430763E+02
      22    1775   3.903223774E+02
      23    1825   3.438132470E+02
      24    1875   2.927805344E+02
      25    1925   2.512237808E+02
      26    1975   2.483644011E+02
      27    2025   2.546959167E+02
      28    2075   2.447263411E+02
      29    2125   2.042910809E+02
      30    2175   1.827906622E+02
      31    2225   1.543916336E+02
      32    2275   1.403162018E+02
      33    2325   1.313347133E+02
      34    2375   1.301217166E+02
      35    2425   1.196247090E+02
      36    2475   1.056489246E+02
      37    2525   1.007656279E+02
      38    2575   8.940682425E+01
      39    2625   8.950221949E+01
      40    2675   8.652945983E+01
      41    2725   7.940895053E+01
      42    2775   7.553162201E+01
      43    2825   6.637440608E+01
      44    2875   5.936777514E+01
      45    2925   6.231103570E+01
      46    2975   5.665261621E+01
