       0     675   1.804312145E+03
       1     725   1.992633820E+03
       2     775   2.342849494E+03
       3     825   2.514498506E+03
       4     875   2.093443354E+03
       5     925   1.622922515E+03
       6     975   1.157251033E+03
       7    1025   1.110376701E+03
       8    1075   1.173896822E+03
       9    1125   1.227665382E+03
      10    1175   1.132228554E+03
      11    1225   9.496090728E+02
      12    1275   7.713636261E+02
      13    1325   7.282020795E+02
      14    1375   7.849020995E+02
      15    1425   8.065935547E+02
      16    1475   7.677963997E+02
      17    1525   6.470276849E+02
      18    1575   4.858951883E+02
      19    1625   4.241209249E+02
      20    1675   3.925229375E+02
      21    1725   4.022733061E+02
      22    1775   4.023237426E+02
      23    1825   3.389993121E+02
      24    1875   2.978255779E+02
      25    1925   2.614998672E+02
      26    1975   2.384893466E+02
      27    2025   2.489533055E+02
      28    2075   2.337505361E+02
      29    2125   2.102312449E+02
      30    2175   1.799306246E+02
      31    2225   1.491354266E+02
      32    2275   1.407273237E+02
      33    2325   1.357586750E+02
      34    2375   1.261286376E+02
      35    2425   1.202875963E+02
      36    2475   1.106606283E+02
      37    2525   9.430830719E+01
      38    2575   8.938357342E+01
      39    2625   8.584361791E+01
      40    2675   9.072760093E+01
      41    2725   7.652910841E+01
      42    2775   7.460050603E+01
      43    2825   6.798396539E+01
      44    2875   6.076386818E+01
      45    2925   6.151949786E+01
      46    2975   6.192316445E+01
