       0     675   1.747092301E+03
       1     725   1.922827081E+03
       2     775   2.453766583E+03
       3     825   2.545588323E+03
       4     875   2.287904930E+03
       5     925   1.563996234E+03
       6     975   1.211857745E+03
       7    1025   1.065146343E+03
       8    1075   1.155566785E+03
       9    1125   1.235661423E+03
      10    1175   1.170377723E+03
      11    1225   9.229930649E+02
      12    1275   7.824244447E+02
      13    1325   7.233999808E+02
      14    1375   7.917048230E+02
      15    1425   8.486923190E+02
      16    1475   7.746452445E+02
      17    1525   6.304532604E+02
      18    1575   4.777427753E+02
      19    1625   4.145804897E+02
      20    1675   3.948042725E+02
      21    1725   4.233756677E+02
      22    1775   4.018445453E+02
      23    1825   3.399777543E+02
      24    1875   2.856062400E+02
      25    1925   2.559372947E+02
      26    1975   2.487044577E+02
      27    2025   2.517918059E+02
      28    2075   2.369320535E+02
      29    2125   2.076041168E+02
      30    2175   1.781384749E+02
      31    2225   1.518773607E+02
      32    2275   1.417535331E+02
      33    2325   1.346583592E+02
      34    2375   1.287568975E+02
      35    2425   1.170629145E+02
      36    2475   1.107337880E+02
      37    2525   9.937507843E+01
      38    2575   8.928031235E+01
      39    2625   8.701179989E+01
      40    2675   8.524663048E+01
      41    2725   7.860337580E+01
      42    2775   7.597014071E+01
      43    2825   7.243676223E+01
      44    2875   6.192238172E+01
      45    2925   5.985749990E+01
      46    2975   5.987262762E+01
