       0     675   1.656904870E+03
       1     725   2.038218025E+03
       2     775   2.252211105E+03
       3     825   2.461526184E+03
       4     875   2.225413543E+03
       5     925   1.614340605E+03
       6     975   1.176018966E+03
       7    1025   1.064469832E+03
       8    1075   1.147589597E+03
       9    1125   1.233392814E+03
      10    1175   1.170788064E+03
      11    1225   9.719450730E+02
      12    1275   7.873155305E+02
      13    1325   7.474352215E+02
      14    1375   8.153837829E+02
      15    1425   8.540123318E+02
      16    1475   7.676787133E+02
      17    1525   6.190138070E+02
      18    1575   4.904833202E+02
      19    1625   4.067950297E+02
      20    1675   4.048748171E+02
      21    1725   4.072819687E+02
      22    1775   3.871678367E+02
      23    1825   3.469256222E+02
      24    1875   2.856767897E+02
      25    1925   2.504407554E+02
      26    1975   2.477229975E+02
      27    2025   2.552425543E+02
      28    2075   2.343182959E+02
      29    2125   2.116913149E+02
      30    2175   1.752653486E+02
      31    2225   1.558076260E+02
      32    2275   1.355216656E+02
      33    2325   1.322147883E+02
      34    2375   1.384415415E+02
      35    2425   1.195644052E+02
      36    2475   1.062677454E+02
      37    2525   9.604209856E+01
      38    2575   9.345840375E+01
      39    2625   8.530233662E+01
      40    2675   8.479190767E+01
      41    2725   8.195519073E+01
      42    2775   7.077951932E+01
      43    2825   6.581444569E+01
      44    2875   6.626171816E+01
      45    2925   5.870845985E+01
      46    2975   6.083984775E+01
