       0     675   1.661657450E+03
       1     725   1.979655002E+03
       2     775   2.355820259E+03
       3     825   2.529831668E+03
       4     875   2.249208122E+03
       5     925   1.654220041E+03
       6     975   1.139436088E+03
       7    1025   1.034846416E+03
       8    1075   1.129443644E+03
       9    1125   1.253999874E+03
      10    1175   1.199672188E+03
      11    1225   9.477705693E+02
      12    1275   7.687014081E+02
      13    1325   7.425327023E+02
      14    1375   7.806371892E+02
      15    1425   8.189696145E+02
      16    1475   7.778409101E+02
      17    1525   6.153715489E+02
      18    1575   4.904467411E+02
      19    1625   4.171106007E+02
      20    1675   3.987392311E+02
      21    1725   4.175571010E+02
      22    1775   4.013283948E+02
      23    1825   3.495329041E+02
      24    1875   2.886787949E+02
      25    1925   2.593709247E+02
      26    1975   2.477730540E+02
      27    2025   2.574071297E+02
      28    2075   2.370976173E+02
      29    2125   2.169757483E+02
      30    2175   1.765416492E+02
      31    2225   1.511532834E+02
      32    2275   1.392609171E+02
      33    2325   1.305057052E+02
      34    2375   1.258003940E+02
      35    2425   1.211420692E+02
      36    2475   1.096052620E+02
      37    2525   1.008191480E+02
      38    2575   9.400189357E+01
      39    2625   8.516800485E+01
      40    2675   8.383753750E+01
      41    2725   7.820916780E+01
      42    2775   7.287207203E+01
      43    2825   6.897342436E+01
      44    2875   6.108887723E+01
      45    2925   6.014407782E+01
      46    2975   5.927946583E+01
