       0     675   1.788712137E+03
       1     725   1.936359648E+03
       2     775   2.465883550E+03
       3     825   2.616359059E+03
       4     875   2.131948074E+03
       5     925   1.593616047E+03
       6     975   1.175195893E+03
       7    1025   1.031705734E+03
       8    1075   1.215841308E+03
       9    1125   1.229615102E+03
      10    1175   1.112001688E+03
      11    1225   9.728018152E+02
      12    1275   7.539364313E+02
      13    1325   7.489726907E+02
      14    1375   8.381055569E+02
      15    1425   8.519943757E+02
      16    1475   7.949849699E+02
      17    1525   6.277517608E+02
      18    1575   4.832546535E+02
      19    1625   4.095731344E+02
      20    1675   4.155768210E+02
      21    1725   4.191513666E+02
      22    1775   4.002891923E+02
      23    1825   3.393765162E+02
      24    1875   2.951005337E+02
      25    1925   2.566260145E+02
      26    1975   2.549885825E+02
      27    2025   2.474960395E+02
      28    2075   2.389052148E+02
      29    2125   2.004816301E+02
      30    2175   1.771227821E+02
      31    2225   1.534919842E+02
      32    2275   1.343717606E+02
      33    2325   1.386772076E+02
      34    2375   1.311559893E+02
      35    2425   1.180441913E+02
      36    2475   1.085104457E+02
      37    2525   9.927538807E+01
      38    2575   9.179639794E+01
      39    2625   8.653958304E+01
      40    2675   8.435501561E+01
      41    2725   8.165354690E+01
      42    2775   7.043044040E+01
      43    2825   6.611927324E+01
      44    2875   6.364716473E+01
      45    2925   6.094741263E+01
      46    2975   5.531813041E+01
