       0     675   1.701929699E+03
       1     725   1.867001922E+03
       2     775   2.379510136E+03
       3     825   2.470381383E+03
       4     875   2.196583084E+03
       5     925   1.654085886E+03
       6     975   1.197139358E+03
       7    1025   9.888298156E+02
       8    1075   1.119841621E+03
       9    1125   1.237099496E+03
      10    1175   1.113472650E+03
      11    1225   9.698698555E+02
      12    1275   7.688450858E+02
      13    1325   7.450664225E+02
      14    1375   7.740104014E+02
      15    1425   8.280486400E+02
      16    1475   7.852186791E+02
      17    1525   6.274704235E+02
      18    1575   4.823144503E+02
      19    1625   4.101449853E+02
      20    1675   4.056822507E+02
      21    1725   4.163969259E+02
      22    1775   4.039460538E+02
      23    1825   3.539719044E+02
      24    1875   2.890401831E+02
      25    1925   2.547326899E+02
      26    1975   2.493447306E+02
      27    2025   2.531398246E+02
      28    2075   2.401122551E+02
      29    2125   2.131195620E+02
      30    2175   1.767069244E+02
      31    2225   1.503252653E+02
      32    2275   1.403184193E+02
      33    2325   1.362036800E+02
      34    2375   1.296590468E+02
      35    2425   1.217069903E+02
      36    2475   1.059661069E+02
      37    2525   9.681031406E+01
      38    2575   9.361498456E+01
      39    2625   8.533001375E+01
      40    2675   8.637779924E+01
      41    2725   7.926423135E+01
      42    2775   7.731436945E+01
      43    2825   6.802721276E+01
      44    2875   6.370983867E+01
      45    2925   5.861250475E+01
      46    2975   5.898955560E+01
