       0     675   1.700116708E+03
       1     725   2.092862525E+03
       2     775   2.404475771E+03
       3     825   2.413568124E+03
       4     875   2.221413460E+03
       5     925   1.587660327E+03
       6     975   1.160179816E+03
       7    1025   1.049992745E+03
       8    1075   1.178730579E+03
       9    1125   1.255541758E+03
      10    1175   1.159463382E+03
      11    1225   9.551437184E+02
      12    1275   8.117943324E+02
      13    1325   7.282506159E+02
      14    1375   7.888530969E+02
      15    1425   8.264623969E+02
      16    1475   7.887140166E+02
      17    1525   6.125739027E+02
      18    1575   4.800932217E+02
      19    1625   4.099857491E+02
      20    1675   3.925045375E+02
      21    1725   4.298511789E+02
      22    1775   3.957690873E+02
      23    1825   3.609928032E+02
      24    1875   2.931534015E+02
      25    1925   2.587232612E+02
      26    1975   2.458835739E+02
      27    2025   2.492523076E+02
      28    2075   2.477478198E+02
      29    2125   2.088538473E+02
      30    2175   1.807347645E+02
      31    2225   1.543305895E+02
      32    2275   1.400068016E+02
      33    2325   1.364274108E+02
      34    2375   1.282007239E+02
      35    2425   1.263091680E+02
      36    2475   1.092022712E+02
      37    2525   1.007274929E+02
      38    2575   9.189144091E+01
      39    2625   9.056454424E+01
      40    2675   8.626295957E+01
      41    2725   8.337570023E+01
      42    2775   7.259089624E+01
      43    2825   6.370474050E+01
      44    2875   6.365859998E+01
      45    2925   5.925609695E+01
      46    2975   6.075244760E+01
