       0     675   1.699327089E+03
       1     725   1.972353043E+03
       2     775   2.383252026E+03
       3     825   2.526569753E+03
       4     875   2.178999335E+03
       5     925   1.582350410E+03
       6     975   1.132392160E+03
       7    1025   1.023610867E+03
       8    1075   1.189255388E+03
       9    1125   1.256032204E+03
      10    1175   1.181147733E+03
      11    1225   9.328679296E+02
      12    1275   7.671409938E+02
      13    1325   7.501864122E+02
      14    1375   7.554755682E+02
      15    1425   8.347840963E+02
      16    1475   7.739584354E+02
      17    1525   6.173102882E+02
      18    1575   4.991872525E+02
      19    1625   3.935301284E+02
      20    1675   4.102410423E+02
      21    1725   4.205929886E+02
      22    1775   4.018374175E+02
      23    1825   3.605878235E+02
      24    1875   2.925690726E+02
      25    1925   2.541768424E+02
      26    1975   2.418474409E+02
      27    2025   2.536589399E+02
      28    2075   2.440258908E+02
      29    2125   2.113253566E+02
      30    2175   1.778797772E+02
      31    2225   1.503656248E+02
      32    2275   1.390156230E+02
      33    2325   1.331738243E+02
      34    2375   1.352442403E+02
      35    2425   1.218373916E+02
      36    2475   1.078463846E+02
      37    2525   9.722949471E+01
      38    2575   8.763784853E+01
      39    2625   9.088542274E+01
      40    2675   8.491932744E+01
      41    2725   7.842892405E+01
      42    2775   7.571806653E+01
      43    2825   6.737062489E+01
      44    2875   6.364452164E+01
      45    2925   5.851487497E+01
      46    2975   5.940754853E+01
