       0     675   1.815519669E+03
       1     725   2.060277288E+03
       2     775   2.300785709E+03
       3     825   2.545503920E+03
       4     875   2.088712657E+03
       5     925   1.669477873E+03
       6     975   1.131563996E+03
       7    1025   1.048438914E+03
       8    1075   1.153383764E+03
       9    1125   1.253355800E+03
      10    1175   1.149406946E+03
      11    1225   9.528421227E+02
      12    1275   7.691469741E+02
      13    1325   7.538441484E+02
      14    1375   8.149725813E+02
      15    1425   8.508290734E+02
      16    1475   7.629707411E+02
      17    1525   6.316567398E+02
      18    1575   4.859310636E+02
      19    1625   4.027708367E+02
      20    1675   4.059406968E+02
      21    1725   4.182750416E+02
      22    1775   4.011230932E+02
      23    1825   3.531123621E+02
      24    1875   2.925544468E+02
      25    1925   2.551529846E+02
      26    1975   2.453122016E+02
      27    2025   2.433600420E+02
      28    2075   2.387915771E+02
      29    2125   2.093250886E+02
      30    2175   1.804518134E+02
      31    2225   1.523749953E+02
      32    2275   1.388560225E+02
      33    2325   1.346618057E+02
      34    2375   1.310884925E+02
      35    2425   1.227406979E+02
      36    2475   1.056571364E+02
      37    2525   1.005184358E+02
      38    2575   9.102024768E+01
      39    2625   8.646841434E+01
      40    2675   8.650365170E+01
      41    2725   8.143486074E+01
      42    2775   7.215012706E+01
      43    2825   6.645516016E+01
      44    2875   6.547078173E+01
      45    2925   6.025934967E+01
      46    2975   5.906097485E+01
