       0     675   1.810485924E+03
       1     725   1.992230986E+03
       2     775   2.397700259E+03
       3     825   2.544291573E+03
       4     875   2.178628301E+03
       5     925   1.557918391E+03
       6     975   1.143920307E+03
       7    1025   1.081781582E+03
       8    1075   1.121824991E+03
       9    1125   1.271137484E+03
      10    1175   1.148503879E+03
      11    1225   9.201086369E+02
      12    1275   7.925315792E+02
      13    1325   7.165407233E+02
      14    1375   8.086727046E+02
      15    1425   8.607521618E+02
      16    1475   7.531017343E+02
      17    1525   6.199157744E+02
      18    1575   4.815819178E+02
      19    1625   4.131074618E+02
      20    1675   4.028770584E+02
      21    1725   4.077956128E+02
      22    1775   4.009459925E+02
      23    1825   3.479839044E+02
      24    1875   2.936565415E+02
      25    1925   2.534055789E+02
      26    1975   2.505899542E+02
      27    2025   2.484135650E+02
      28    2075   2.372768137E+02
      29    2125   2.148389706E+02
      30    2175   1.709988337E+02
      31    2225   1.506268464E+02
      32    2275   1.332784614E+02
      33    2325   1.376671878E+02
      34    2375   1.320819231E+02
      35    2425   1.256674532E+02
      36    2475   1.031922799E+02
      37    2525   1.001863079E+02
      38    2575   8.784047409E+01
      39    2625   8.579448458E+01
      40    2675   8.294556887E+01
      41    2725   7.758081030E+01
      42    2775   7.250331726E+01
      43    2825   6.942284297E+01
      44    2875   6.424380049E+01
      45    2925   6.042409307E+01
      46    2975   5.834983578E+01
