       0     675   1.708809743E+03
       1     725   1.926982662E+03
       2     775   2.419978866E+03
       3     825   2.464130397E+03
       4     875   2.331452804E+03
       5     925   1.633751648E+03
       6     975   1.153764388E+03
       7    1025   1.049111920E+03
       8    1075   1.170454005E+03
       9    1125   1.277524660E+03
      10    1175   1.164809007E+03
      11    1225   9.327057934E+02
      12    1275   7.859631587E+02
      13    1325   7.097601359E+02
      14    1375   7.796990321E+02
      15    1425   8.128895394E+02
      16    1475   7.600763035E+02
      17    1525   6.370952298E+02
      18    1575   4.824239598E+02
      19    1625   4.105952131E+02
      20    1675   4.006136269E+02
      21    1725   4.179903410E+02
      22    1775   3.944429477E+02
      23    1825   3.464102927E+02
      24    1875   2.928449848E+02
      25    1925   2.486549912E+02
      26    1975   2.569008584E+02
      27    2025   2.441793958E+02
      28    2075   2.387211767E+02
      29    2125   2.246557921E+02
      30    2175   1.744956150E+02
      31    2225   1.508141424E+02
      32    2275   1.381763224E+02
      33    2325   1.315181801E+02
      34    2375   1.313001072E+02
      35    2425   1.248477387E+02
      36    2475   1.123344108E+02
      37    2525   9.583519627E+01
      38    2575   9.366732279E+01
      39    2625   8.246720467E+01
      40    2675   9.004114641E+01
      41    2725   8.107372073E+01
      42    2775   7.417819597E+01
      43    2825   6.713635932E+01
      44    2875   6.100729002E+01
      45    2925   6.093875039E+01
      46    2975   5.493206783E+01
