       0     675   1.702406241E+03
       1     725   2.000925354E+03
       2     775   2.299698931E+03
       3     825   2.477038339E+03
       4     875   2.220639336E+03
       5     925   1.569779614E+03
       6     975   1.196595402E+03
       7    1025   1.019781957E+03
       8    1075   1.169190879E+03
       9    1125   1.280071814E+03
      10    1175   1.143907622E+03
      11    1225   9.174103817E+02
      12    1275   7.371088640E+02
      13    1325   7.206258075E+02
      14    1375   7.990933278E+02
      15    1425   8.148094748E+02
      16    1475   7.795866161E+02
      17    1525   6.239434402E+02
      18    1575   4.807185778E+02
      19    1625   4.239505348E+02
      20    1675   3.923019006E+02
      21    1725   4.084958209E+02
      22    1775   3.905618814E+02
      23    1825   3.446475982E+02
      24    1875   2.897057753E+02
      25    1925   2.529378755E+02
      26    1975   2.547674745E+02
      27    2025   2.466953038E+02
      28    2075   2.374828692E+02
      29    2125   2.057985241E+02
      30    2175   1.770019577E+02
      31    2225   1.501555262E+02
      32    2275   1.406526508E+02
      33    2325   1.389024963E+02
      34    2375   1.345503829E+02
      35    2425   1.197703804E+02
      36    2475   1.102166231E+02
      37    2525   9.554254925E+01
      38    2575   9.142079297E+01
      39    2625   8.596127377E+01
      40    2675   8.454565294E+01
      41    2725   7.723079430E+01
      42    2775   7.827466557E+01
      43    2825   6.784596735E+01
      44    2875   6.333554790E+01
      45    2925   6.274041157E+01
      46    2975   5.799463529E+01
