       0     675   1.706085566E+03
       1     725   1.947610846E+03
       2     775   2.528939104E+03
       3     825   2.422496078E+03
       4     875   2.215249427E+03
       5     925   1.620714507E+03
       6     975   1.217298549E+03
       7    1025   1.043960789E+03
       8    1075   1.187374512E+03
       9    1125   1.296878824E+03
      10    1175   1.150870172E+03
      11    1225   9.345656781E+02
      12    1275   7.653429720E+02
      13    1325   6.977654002E+02
      14    1375   8.230570866E+02
      15    1425   8.138007536E+02
      16    1475   7.563154751E+02
      17    1525   6.365803768E+02
      18    1575   4.787958396E+02
      19    1625   4.095657435E+02
      20    1675   3.957861570E+02
      21    1725   4.223585924E+02
      22    1775   4.087372115E+02
      23    1825   3.568970816E+02
      24    1875   2.797785552E+02
      25    1925   2.640960131E+02
      26    1975   2.479962247E+02
      27    2025   2.544356815E+02
      28    2075   2.330653937E+02
      29    2125   2.136069699E+02
      30    2175   1.769171114E+02
      31    2225   1.535684240E+02
      32    2275   1.362376792E+02
      33    2325   1.345186661E+02
      34    2375   1.306237872E+02
      35    2425   1.192602581E+02
      36    2475   1.117389877E+02
      37    2525   9.945781067E+01
      38    2575   9.127236577E+01
      39    2625   8.572828678E+01
      40    2675   8.561902815E+01
      41    2725   8.158865824E+01
      42    2775   7.246830172E+01
      43    2825   6.740668494E+01
      44    2875   6.773152194E+01
      45    2925   5.700056535E+01
      46    2975   5.987837531E+01
