       0     675   1.742793184E+03
       1     725   1.894539454E+03
       2     775   2.437230353E+03
       3     825   2.562918022E+03
       4     875   2.135311839E+03
       5     925   1.510083127E+03
       6     975   1.194862671E+03
       7    1025   1.013299082E+03
       8    1075   1.205508982E+03
       9    1125   1.234417186E+03
      10    1175   1.142185416E+03
      11    1225   9.434182261E+02
      12    1275   7.669666636E+02
      13    1325   7.296908023E+02
      14    1375   7.680152374E+02
      15    1425   8.459400447E+02
      16    1475   7.821978325E+02
      17    1525   6.292014927E+02
      18    1575   4.828074956E+02
      19    1625   4.087603983E+02
      20    1675   4.136373341E+02
      21    1725   4.243669097E+02
      22    1775   3.923947944E+02
      23    1825   3.467752493E+02
      24    1875   2.834571151E+02
      25    1925   2.634169670E+02
      26    1975   2.379921306E+02
      27    2025   2.445742646E+02
      28    2075   2.325781822E+02
      29    2125   2.219397335E+02
      30    2175   1.773496196E+02
      31    2225   1.508608223E+02
      32    2275   1.417894733E+02
      33    2325   1.345794014E+02
      34    2375   1.255541491E+02
      35    2425   1.213453338E+02
      36    2475   1.103802318E+02
      37    2525   9.773377668E+01
      38    2575   9.440069487E+01
      39    2625   8.656380408E+01
      40    2675   8.471633419E+01
      41    2725   8.084845442E+01
      42    2775   7.264242262E+01
      43    2825   6.815482886E+01
      44    2875   6.053014738E+01
      45    2925   5.985397172E+01
      46    2975   5.754643844E+01
