       0     675   1.619114359E+03
       1     725   2.026907092E+03
       2     775   2.299231474E+03
       3     825   2.580209600E+03
       4     875   2.181192237E+03
       5     925   1.629511503E+03
       6     975   1.159936351E+03
       7    1025   1.019358621E+03
       8    1075   1.128152447E+03
       9    1125   1.308108895E+03
      10    1175   1.088010640E+03
      11    1225   9.516467135E+02
      12    1275   7.872019569E+02
      13    1325   7.516842570E+02
      14    1375   7.956890138E+02
      15    1425   8.263064342E+02
      16    1475   7.985960686E+02
      17    1525   6.255221782E+02
      18    1575   4.874683534E+02
      19    1625   4.041586491E+02
      20    1675   4.125079301E+02
      21    1725   4.227474928E+02
      22    1775   4.034053963E+02
      23    1825   3.403782800E+02
      24    1875   2.973020252E+02
      25    1925   2.616340261E+02
      26    1975   2.484172151E+02
      27    2025   2.440272205E+02
      28    2075   2.289369880E+02
      29    2125   2.101616517E+02
      30    2175   1.723114941E+02
      31    2225   1.525024579E+02
      32    2275   1.376491951E+02
      33    2325   1.343800261E+02
      34    2375   1.340439073E+02
      35    2425   1.194140722E+02
      36    2475   1.101322170E+02
      37    2525   1.008476769E+02
      38    2575   9.252119938E+01
      39    2625   8.892940525E+01
      40    2675   8.503301546E+01
      41    2725   8.217282769E+01
      42    2775   7.071296796E+01
      43    2825   6.883594611E+01
      44    2875   6.619611968E+01
      45    2925   6.292970836E+01
      46    2975   6.141925498E+01
