       0     675   1.736789801E+03
       1     725   1.913550867E+03
       2     775   2.325022676E+03
       3     825   2.523035634E+03
       4     875   2.146584943E+03
       5     925   1.663115889E+03
       6     975   1.153711369E+03
       7    1025   1.113737056E+03
       8    1075   1.139797470E+03
       9    1125   1.288947283E+03
      10    1175   1.177381098E+03
      11    1225   9.337404896E+02
      12    1275   7.686219416E+02
      13    1325   7.159907918E+02
      14    1375   7.966864067E+02
      15    1425   8.136869363E+02
      16    1475   7.782261499E+02
      17    1525   6.305347256E+02
      18    1575   4.861557580E+02
      19    1625   4.164887590E+02
      20    1675   4.007340674E+02
      21    1725   4.207489605E+02
      22    1775   4.018645259E+02
      23    1825   3.416270398E+02
      24    1875   2.968093871E+02
      25    1925   2.619049743E+02
      26    1975   2.545750641E+02
      27    2025   2.472695332E+02
      28    2075   2.504764376E+02
      29    2125   1.987388172E+02
      30    2175   1.791939367E+02
      31    2225   1.514546703E+02
      32    2275   1.440943250E+02
      33    2325   1.340882089E+02
      34    2375   1.367110198E+02
      35    2425   1.190739218E+02
      36    2475   1.102339998E+02
      37    2525   1.010425159E+02
      38    2575   9.094481253E+01
      39    2625   9.160471477E+01
      40    2675   8.377495274E+01
      41    2725   7.993439628E+01
      42    2775   7.449532609E+01
      43    2825   6.539028261E+01
      44    2875   6.487872685E+01
      45    2925   5.911959406E+01
      46    2975   5.866002933E+01
