       0     675   1.885764425E+03
       1     725   2.119539696E+03
       2     775   2.436335846E+03
       3     825   2.473385227E+03
       4     875   2.184283184E+03
       5     925   1.666056108E+03
       6     975   1.175905689E+03
       7    1025   1.053427167E+03
       8    1075   1.135883587E+03
       9    1125   1.160164321E+03
      10    1175   1.108996772E+03
      11    1225   9.676434123E+02
      12    1275   7.789752669E+02
      13    1325   7.578746012E+02
      14    1375   7.984762504E+02
      15    1425   8.124254515E+02
      16    1475   7.794721793E+02
      17    1525   6.277027405E+02
      18    1575   4.848942576E+02
      19    1625   4.079473638E+02
      20    1675   4.038045469E+02
      21    1725   4.106038544E+02
      22    1775   3.781549540E+02
      23    1825   3.497617962E+02
      24    1875   2.978345222E+02
      25    1925   2.453760305E+02
      26    1975   2.533263014E+02
      27    2025   2.445759381E+02
      28    2075   2.444959929E+02
      29    2125   2.072194774E+02
      30    2175   1.796975600E+02
      31    2225   1.557108546E+02
      32    2275   1.360645781E+02
      33    2325   1.397367731E+02
      34    2375   1.286513377E+02
      35    2425   1.190297727E+02
      36    2475   1.062272428E+02
      37    2525   9.618079239E+01
      38    2575   8.879495926E+01
      39    2625   8.760083769E+01
      40    2675   8.367799401E+01
      41    2725   8.300400743E+01
      42    2775   6.947283097E+01
      43    2825   6.776318908E+01
      44    2875   6.356007196E+01
      45    2925   6.058336051E+01
      46    2975   6.062789425E+01
