       0     675   1.715090893E+03
       1     725   1.962371238E+03
       2     775   2.350925534E+03
       3     825   2.626606059E+03
       4     875   2.119111043E+03
       5     925   1.579765676E+03
       6     975   1.094753816E+03
       7    1025   1.057546506E+03
       8    1075   1.128983152E+03
       9    1125   1.278543959E+03
      10    1175   1.170105718E+03
      11    1225   9.479460035E+02
      12    1275   7.723673199E+02
      13    1325   7.438862097E+02
      14    1375   7.855423113E+02
      15    1425   8.065057310E+02
      16    1475   7.854284318E+02
      17    1525   6.161117117E+02
      18    1575   4.922531466E+02
      19    1625   3.841318626E+02
      20    1675   3.986439433E+02
      21    1725   4.187577415E+02
      22    1775   4.102706396E+02
      23    1825   3.416988333E+02
      24    1875   2.784706363E+02
      25    1925   2.602062129E+02
      26    1975   2.455966043E+02
      27    2025   2.451444658E+02
      28    2075   2.382276015E+02
      29    2125   2.005658816E+02
      30    2175   1.721841719E+02
      31    2225   1.550442154E+02
      32    2275   1.389977395E+02
      33    2325   1.335185214E+02
      34    2375   1.281550583E+02
      35    2425   1.198220574E+02
      36    2475   1.045376421E+02
      37    2525   9.916693894E+01
      38    2575   8.838858762E+01
      39    2625   8.936564121E+01
      40    2675   8.783190426E+01
      41    2725   7.993450735E+01
      42    2775   7.813180033E+01
      43    2825   6.771733234E+01
      44    2875   6.374375707E+01
      45    2925   5.999744084E+01
      46    2975   5.891674680E+01
