       0     675   1.674390485E+03
       1     725   1.992685404E+03
       2     775   2.327358283E+03
       3     825   2.516544364E+03
       4     875   2.176193886E+03
       5     925   1.577353348E+03
       6     975   1.133270490E+03
       7    1025   1.011318327E+03
       8    1075   1.174494681E+03
       9    1125   1.283341726E+03
      10    1175   1.149193474E+03
      11    1225   9.637293619E+02
      12    1275   7.897155757E+02
      13    1325   7.493617942E+02
      14    1375   7.675512532E+02
      15    1425   8.501551384E+02
      16    1475   7.528511637E+02
      17    1525   6.365219442E+02
      18    1575   4.864270941E+02
      19    1625   4.159251855E+02
      20    1675   4.106963577E+02
      21    1725   4.302336918E+02
      22    1775   4.002524905E+02
      23    1825   3.527040168E+02
      24    1875   2.942123310E+02
      25    1925   2.460743794E+02
      26    1975   2.439312108E+02
      27    2025   2.488570991E+02
      28    2075   2.337301661E+02
      29    2125   2.148991649E+02
      30    2175   1.840151317E+02
      31    2225   1.489280607E+02
      32    2275   1.415412165E+02
      33    2325   1.367035009E+02
      34    2375   1.263313376E+02
      35    2425   1.183790047E+02
      36    2475   1.064874787E+02
      37    2525   9.976794828E+01
      38    2575   8.955079078E+01
      39    2625   8.848158440E+01
      40    2675   8.562402583E+01
      41    2725   7.542340025E+01
      42    2775   7.527062193E+01
      43    2825   7.116403590E+01
      44    2875   6.314786841E+01
      45    2925   6.120746900E+01
      46    2975   6.100259448E+01
