       0     675   1.802981860E+03
       1     725   2.013922212E+03
       2     775   2.503160560E+03
       3     825   2.467664658E+03
       4     875   2.154236746E+03
       5     925   1.584981769E+03
       6     975   1.177866444E+03
       7    1025   9.952398696E+02
       8    1075   1.108547863E+03
       9    1125   1.273714687E+03
      10    1175   1.162936497E+03
      11    1225   9.380574521E+02
      12    1275   7.837204614E+02
      13    1325   7.392173732E+02
      14    1375   7.764833765E+02
      15    1425   8.233711977E+02
      16    1475   7.379712423E+02
      17    1525   6.404680521E+02
      18    1575   4.765011128E+02
      19    1625   4.284187730E+02
      20    1675   4.045434048E+02
      21    1725   4.182598133E+02
      22    1775   3.940620490E+02
      23    1825   3.374199208E+02
      24    1875   2.991199875E+02
      25    1925   2.518068967E+02
      26    1975   2.435663665E+02
      27    2025   2.408516771E+02
      28    2075   2.390949046E+02
      29    2125   2.092514352E+02
      30    2175   1.840853379E+02
      31    2225   1.528285974E+02
      32    2275   1.382884715E+02
      33    2325   1.375176649E+02
      34    2375   1.299829403E+02
      35    2425   1.210713309E+02
      36    2475   1.091835631E+02
      37    2525   9.692527207E+01
      38    2575   8.975233818E+01
      39    2625   8.727791451E+01
      40    2675   8.475798248E+01
      41    2725   7.855478898E+01
      42    2775   7.189323529E+01
      43    2825   6.763920457E+01
      44    2875   6.275366077E+01
      45    2925   6.226335140E+01
      46    2975   5.846359516E+01
