       0     675   1.609427593E+03
       1     725   2.007293642E+03
       2     775   2.433305916E+03
       3     825   2.542549233E+03
       4     875   2.242609187E+03
       5     925   1.594418016E+03
       6     975   1.120845538E+03
       7    1025   1.083754243E+03
       8    1075   1.124254885E+03
       9    1125   1.234052015E+03
      10    1175   1.145330836E+03
      11    1225   9.394269481E+02
      12    1275   7.700217652E+02
      13    1325   6.932926997E+02
      14    1375   7.972428435E+02
      15    1425   8.333264271E+02
      16    1475   8.011645985E+02
      17    1525   6.178117204E+02
      18    1575   4.982237237E+02
      19    1625   4.047035630E+02
      20    1675   4.050057223E+02
      21    1725   4.074778814E+02
      22    1775   4.050022447E+02
      23    1825   3.368129719E+02
      24    1875   2.786635675E+02
      25    1925   2.481370144E+02
      26    1975   2.483641420E+02
      27    2025   2.434007313E+02
      28    2075   2.407480609E+02
      29    2125   2.137214215E+02
      30    2175   1.795687291E+02
      31    2225   1.483982593E+02
      32    2275   1.404147264E+02
      33    2325   1.343240025E+02
      34    2375   1.308251473E+02
      35    2425   1.203882518E+02
      36    2475   1.098352512E+02
      37    2525   9.342217061E+01
      38    2575   9.051957967E+01
      39    2625   8.728466480E+01
      40    2675   8.379165983E+01
      41    2725   8.313141546E+01
      42    2775   7.435871948E+01
      43    2825   6.908575297E+01
      44    2875   6.123083799E+01
      45    2925   6.102706312E+01
      46    2975   5.705683617E+01
