       0     675   1.741366542E+03
       1     725   2.001334549E+03
       2     775   2.381761741E+03
       3     825   2.405932919E+03
       4     875   2.197409061E+03
       5     925   1.647562561E+03
       6     975   1.130614098E+03
       7    1025   1.037305348E+03
       8    1075   1.126634550E+03
       9    1125   1.223251913E+03
      10    1175   1.177803205E+03
      11    1225   9.466893019E+02
      12    1275   7.939176187E+02
      13    1325   7.219700704E+02
      14    1375   7.894270496E+02
      15    1425   8.415612425E+02
      16    1475   7.609766952E+02
      17    1525   6.298499614E+02
      18    1575   4.735386493E+02
      19    1625   4.154183209E+02
      20    1675   4.134777381E+02
      21    1725   4.063205287E+02
      22    1775   3.975258161E+02
      23    1825   3.434307935E+02
      24    1875   2.856091314E+02
      25    1925   2.555549896E+02
      26    1975   2.480277612E+02
      27    2025   2.460350183E+02
      28    2075   2.380687427E+02
      29    2125   2.117783106E+02
      30    2175   1.765435563E+02
      31    2225   1.584023139E+02
      32    2275   1.385829758E+02
      33    2325   1.322834778E+02
      34    2375   1.316029348E+02
      35    2425   1.182342815E+02
      36    2475   1.066975410E+02
      37    2525   9.618223840E+01
      38    2575   9.007855953E+01
      39    2625   8.812247360E+01
      40    2675   8.638302853E+01
      41    2725   7.741598348E+01
      42    2775   7.531515203E+01
      43    2825   7.032550054E+01
      44    2875   6.461553600E+01
      45    2925   6.137204491E+01
      46    2975   6.063297836E+01
