       0     675   1.770181938E+03
       1     725   1.894735770E+03
       2     775   2.454000896E+03
       3     825   2.562393295E+03
       4     875   2.236279262E+03
       5     925   1.628956674E+03
       6     975   1.189064025E+03
       7    1025   1.091293271E+03
       8    1075   1.165708099E+03
       9    1125   1.203156652E+03
      10    1175   1.149133743E+03
      11    1225   9.451409018E+02
      12    1275   8.040488570E+02
      13    1325   7.057397214E+02
      14    1375   7.911192933E+02
      15    1425   8.243545840E+02
      16    1475   7.819047571E+02
      17    1525   6.331570285E+02
      18    1575   4.848930664E+02
      19    1625   4.190494251E+02
      20    1675   3.995178831E+02
      21    1725   4.165289458E+02
      22    1775   4.024360033E+02
      23    1825   3.414906817E+02
      24    1875   2.950988087E+02
      25    1925   2.527874660E+02
      26    1975   2.474565387E+02
      27    2025   2.497025522E+02
      28    2075   2.424985472E+02
      29    2125   2.145770494E+02
      30    2175   1.769190362E+02
      31    2225   1.566208932E+02
      32    2275   1.351165684E+02
      33    2325   1.412436607E+02
      34    2375   1.265554133E+02
      35    2425   1.219157569E+02
      36    2475   1.062154604E+02
      37    2525   9.998590347E+01
      38    2575   8.702337400E+01
      39    2625   8.624247400E+01
      40    2675   8.291818966E+01
      41    2725   7.917971868E+01
      42    2775   7.346321440E+01
      43    2825   6.901839873E+01
      44    2875   6.457267503E+01
      45    2925   6.146769918E+01
      46    2975   6.252569736E+01
