       0     675   1.722462322E+03
       1     725   1.904950995E+03
       2     775   2.439035564E+03
       3     825   2.503280618E+03
       4     875   2.247788925E+03
       5     925   1.634293160E+03
       6     975   1.168150487E+03
       7    1025   1.049102335E+03
       8    1075   1.165645771E+03
       9    1125   1.300051178E+03
      10    1175   1.163372689E+03
      11    1225   9.691244246E+02
      12    1275   7.724563177E+02
      13    1325   7.316089180E+02
      14    1375   8.048673312E+02
      15    1425   8.452709204E+02
      16    1475   8.076833263E+02
      17    1525   6.224861777E+02
      18    1575   5.039672649E+02
      19    1625   4.243487523E+02
      20    1675   3.956452944E+02
      21    1725   4.108608267E+02
      22    1775   3.982781028E+02
      23    1825   3.479328327E+02
      24    1875   3.081895209E+02
      25    1925   2.510701210E+02
      26    1975   2.550997644E+02
      27    2025   2.615957456E+02
      28    2075   2.387738946E+02
      29    2125   2.129018994E+02
      30    2175   1.746992552E+02
      31    2225   1.536858382E+02
      32    2275   1.377950308E+02
      33    2325   1.389476816E+02
      34    2375   1.309605030E+02
      35    2425   1.235184512E+02
      36    2475   1.074162134E+02
      37    2525   1.026315442E+02
      38    2575   8.984130677E+01
      39    2625   8.700115872E+01
      40    2675   8.528686044E+01
      41    2725   8.242123623E+01
      42    2775   7.458747497E+01
      43    2825   6.725682762E+01
      44    2875   6.265116332E+01
      45    2925   6.547276903E+01
      46    2975   5.686105168E+01
