       0     675   1.775616162E+03
       1     725   1.890675591E+03
       2     775   2.353612841E+03
       3     825   2.675020378E+03
       4     875   2.158483792E+03
       5     925   1.607837681E+03
       6     975   1.196944820E+03
       7    1025   1.031085604E+03
       8    1075   1.183674517E+03
       9    1125   1.279180137E+03
      10    1175   1.190691730E+03
      11    1225   9.609075883E+02
      12    1275   7.550880501E+02
      13    1325   7.186568587E+02
      14    1375   7.729757603E+02
      15    1425   8.265937828E+02
      16    1475   7.465660879E+02
      17    1525   6.156263712E+02
      18    1575   4.791138603E+02
      19    1625   4.075834133E+02
      20    1675   3.983031299E+02
      21    1725   4.237697024E+02
      22    1775   4.048829531E+02
      23    1825   3.369228279E+02
      24    1875   2.993132130E+02
      25    1925   2.503098316E+02
      26    1975   2.531769310E+02
      27    2025   2.461908904E+02
      28    2075   2.405623718E+02
      29    2125   2.089280143E+02
      30    2175   1.758151912E+02
      31    2225   1.504897359E+02
      32    2275   1.376648235E+02
      33    2325   1.324667566E+02
      34    2375   1.308505290E+02
      35    2425   1.179535205E+02
      36    2475   1.118042741E+02
      37    2525   9.621103957E+01
      38    2575   9.407765039E+01
      39    2625   8.576017367E+01
      40    2675   8.530593683E+01
      41    2725   7.983867490E+01
      42    2775   7.775764450E+01
      43    2825   6.813681639E+01
      44    2875   6.484063001E+01
      45    2925   5.557544376E+01
      46    2975   6.035810212E+01
