       0     675   1.773139737E+03
       1     725   1.956368579E+03
       2     775   2.394738745E+03
       3     825   2.570924880E+03
       4     875   2.174234217E+03
       5     925   1.609337465E+03
       6     975   1.169632650E+03
       7    1025   1.102394841E+03
       8    1075   1.108213775E+03
       9    1125   1.267935942E+03
      10    1175   1.192419091E+03
      11    1225   9.327258707E+02
      12    1275   7.444095161E+02
      13    1325   7.559162174E+02
      14    1375   7.730490269E+02
      15    1425   8.205414162E+02
      16    1475   7.490845974E+02
      17    1525   6.179963676E+02
      18    1575   5.032698061E+02
      19    1625   4.203088338E+02
      20    1675   3.918466304E+02
      21    1725   4.155294059E+02
      22    1775   4.021452063E+02
      23    1825   3.444588214E+02
      24    1875   2.932942105E+02
      25    1925   2.448396176E+02
      26    1975   2.448759786E+02
      27    2025   2.546665992E+02
      28    2075   2.399121433E+02
      29    2125   2.135549244E+02
      30    2175   1.731356585E+02
      31    2225   1.526516099E+02
      32    2275   1.431311250E+02
      33    2325   1.335340619E+02
      34    2375   1.249899038E+02
      35    2425   1.207713842E+02
      36    2475   1.104729166E+02
      37    2525   9.596232905E+01
      38    2575   9.100310075E+01
      39    2625   8.688480737E+01
      40    2675   8.573616874E+01
      41    2725   7.983372882E+01
      42    2775   7.415272526E+01
      43    2825   6.800368812E+01
      44    2875   6.469116507E+01
      45    2925   5.656827389E+01
      46    2975   5.506206101E+01
