       0     675   1.749937470E+03
       1     725   1.897189922E+03
       2     775   2.455968220E+03
       3     825   2.545269201E+03
       4     875   2.091899417E+03
       5     925   1.670001149E+03
       6     975   1.202702590E+03
       7    1025   1.098187480E+03
       8    1075   1.138950524E+03
       9    1125   1.283807315E+03
      10    1175   1.168311470E+03
      11    1225   8.920946796E+02
      12    1275   7.583150594E+02
      13    1325   7.591748264E+02
      14    1375   7.530695031E+02
      15    1425   8.413882457E+02
      16    1475   7.654826640E+02
      17    1525   5.981730515E+02
      18    1575   4.806404372E+02
      19    1625   4.121394899E+02
      20    1675   3.856480987E+02
      21    1725   4.160900210E+02
      22    1775   3.936218951E+02
      23    1825   3.479399250E+02
      24    1875   2.988604727E+02
      25    1925   2.541550083E+02
      26    1975   2.501964891E+02
      27    2025   2.447768794E+02
      28    2075   2.394731118E+02
      29    2125   2.137910835E+02
      30    2175   1.771257938E+02
      31    2225   1.503599367E+02
      32    2275   1.361568439E+02
      33    2325   1.313335101E+02
      34    2375   1.338507640E+02
      35    2425   1.210478323E+02
      36    2475   1.095040300E+02
      37    2525   1.009334022E+02
      38    2575   9.151381072E+01
      39    2625   8.558051110E+01
      40    2675   8.647648393E+01
      41    2725   7.844282871E+01
      42    2775   7.474100546E+01
      43    2825   6.269018348E+01
      44    2875   6.421683070E+01
      45    2925   6.033289125E+01
      46    2975   6.223693508E+01
