       0     675   1.786313386E+03
       1     725   2.030189789E+03
       2     775   2.369522965E+03
       3     825   2.722241564E+03
       4     875   2.202467710E+03
       5     925   1.601926140E+03
       6     975   1.162723365E+03
       7    1025   1.076238627E+03
       8    1075   1.161239101E+03
       9    1125   1.295973603E+03
      10    1175   1.141138950E+03
      11    1225   9.549665001E+02
      12    1275   7.713788388E+02
      13    1325   7.438359387E+02
      14    1375   8.038644347E+02
      15    1425   8.330451852E+02
      16    1475   7.447348523E+02
      17    1525   6.251215673E+02
      18    1575   4.995065584E+02
      19    1625   4.075417312E+02
      20    1675   4.203649563E+02
      21    1725   3.878968350E+02
      22    1775   3.975698580E+02
      23    1825   3.491457382E+02
      24    1875   2.894512825E+02
      25    1925   2.699272045E+02
      26    1975   2.426485030E+02
      27    2025   2.498490970E+02
      28    2075   2.371504837E+02
      29    2125   2.151252164E+02
      30    2175   1.763624644E+02
      31    2225   1.511935576E+02
      32    2275   1.428414826E+02
      33    2325   1.370691355E+02
      34    2375   1.311013837E+02
      35    2425   1.206862530E+02
      36    2475   1.053393212E+02
      37    2525   1.002957865E+02
      38    2575   8.887325024E+01
      39    2625   8.726235825E+01
      40    2675   8.853476445E+01
      41    2725   7.910593579E+01
      42    2775   7.704743550E+01
      43    2825   6.798412017E+01
      44    2875   6.668302982E+01
      45    2925   5.911589046E+01
      46    2975   6.109348839E+01
