       0     675   1.735071559E+03
       1     725   2.021705300E+03
       2     775   2.297133995E+03
       3     825   2.501328849E+03
       4     875   2.158335793E+03
       5     925   1.650944323E+03
       6     975   1.155779221E+03
       7    1025   1.042105161E+03
       8    1075   1.142043477E+03
       9    1125   1.283478019E+03
      10    1175   1.221359591E+03
      11    1225   9.623054399E+02
      12    1275   7.367817988E+02
      13    1325   7.624133468E+02
      14    1375   7.894592805E+02
      15    1425   8.479781358E+02
      16    1475   7.542020457E+02
      17    1525   6.029109143E+02
      18    1575   4.805064739E+02
      19    1625   4.296727237E+02
      20    1675   4.131429726E+02
      21    1725   4.039272721E+02
      22    1775   3.940149047E+02
      23    1825   3.449081917E+02
      24    1875   2.862012743E+02
      25    1925   2.512321368E+02
      26    1975   2.420772929E+02
      27    2025   2.555281400E+02
      28    2075   2.392343129E+02
      29    2125   2.091714015E+02
      30    2175   1.744926170E+02
      31    2225   1.476463829E+02
      32    2275   1.395078175E+02
      33    2325   1.368674651E+02
      34    2375   1.282765383E+02
      35    2425   1.175789053E+02
      36    2475   1.042634469E+02
      37    2525   9.603143271E+01
      38    2575   8.775478035E+01
      39    2625   8.704271718E+01
      40    2675   8.568072925E+01
      41    2725   8.103607746E+01
      42    2775   7.696732916E+01
      43    2825   6.601541623E+01
      44    2875   6.405134700E+01
      45    2925   5.964354156E+01
      46    2975   5.991043480E+01
