       0     675   1.811938524E+03
       1     725   1.891741033E+03
       2     775   2.339704094E+03
       3     825   2.638779714E+03
       4     875   2.249723313E+03
       5     925   1.567065745E+03
       6     975   1.197122167E+03
       7    1025   9.986279813E+02
       8    1075   1.128011952E+03
       9    1125   1.303084833E+03
      10    1175   1.125784080E+03
      11    1225   9.473760524E+02
      12    1275   7.679901853E+02
      13    1325   7.464462254E+02
      14    1375   7.881164458E+02
      15    1425   8.460813355E+02
      16    1475   7.604261792E+02
      17    1525   6.331390588E+02
      18    1575   4.888734970E+02
      19    1625   4.027707769E+02
      20    1675   4.071671258E+02
      21    1725   4.151790779E+02
      22    1775   3.858935778E+02
      23    1825   3.554761844E+02
      24    1875   2.820583685E+02
      25    1925   2.559445081E+02
      26    1975   2.426353141E+02
      27    2025   2.565461238E+02
      28    2075   2.403757937E+02
      29    2125   2.148722142E+02
      30    2175   1.787314912E+02
      31    2225   1.535155843E+02
      32    2275   1.381429457E+02
      33    2325   1.328806317E+02
      34    2375   1.311794514E+02
      35    2425   1.239835471E+02
      36    2475   1.063255048E+02
      37    2525   9.551989380E+01
      38    2575   8.946649826E+01
      39    2625   8.682735039E+01
      40    2675   8.489309326E+01
      41    2725   7.813421032E+01
      42    2775   7.766531096E+01
      43    2825   6.575164394E+01
      44    2875   6.727328317E+01
      45    2925   6.278243621E+01
      46    2975   5.953905804E+01
