       0     675   1.712076042E+03
       1     725   2.079562563E+03
       2     775   2.393905036E+03
       3     825   2.572536756E+03
       4     875   2.194262207E+03
       5     925   1.568331598E+03
       6     975   1.226808687E+03
       7    1025   1.047078767E+03
       8    1075   1.195414324E+03
       9    1125   1.236727207E+03
      10    1175   1.115623080E+03
      11    1225   9.481369688E+02
      12    1275   7.869559223E+02
      13    1325   7.409866522E+02
      14    1375   7.857017455E+02
      15    1425   8.488146444E+02
      16    1475   7.889052706E+02
      17    1525   6.332464418E+02
      18    1575   4.855192783E+02
      19    1625   4.013605335E+02
      20    1675   3.997782588E+02
      21    1725   4.197000065E+02
      22    1775   3.976904167E+02
      23    1825   3.422039384E+02
      24    1875   2.871542181E+02
      25    1925   2.550996237E+02
      26    1975   2.404081030E+02
      27    2025   2.483377812E+02
      28    2075   2.353631491E+02
      29    2125   2.103944891E+02
      30    2175   1.755144995E+02
      31    2225   1.521775894E+02
      32    2275   1.423131019E+02
      33    2325   1.356714045E+02
      34    2375   1.310436955E+02
      35    2425   1.213838649E+02
      36    2475   1.107895567E+02
      37    2525   9.831550157E+01
      38    2575   8.943567335E+01
      39    2625   8.538711851E+01
      40    2675   8.526857525E+01
      41    2725   7.937556533E+01
      42    2775   7.104141785E+01
      43    2825   6.528934609E+01
      44    2875   6.153804797E+01
      45    2925   5.810631263E+01
      46    2975   5.683922893E+01
