       0     675   1.801126105E+03
       1     725   1.892013080E+03
       2     775   2.366373380E+03
       3     825   2.508740981E+03
       4     875   2.225453977E+03
       5     925   1.516611084E+03
       6     975   1.182084998E+03
       7    1025   1.032606902E+03
       8    1075   1.177643407E+03
       9    1125   1.269667498E+03
      10    1175   1.184390401E+03
      11    1225   9.738356686E+02
      12    1275   7.884934037E+02
      13    1325   7.229458202E+02
      14    1375   7.893277367E+02
      15    1425   8.257657786E+02
      16    1475   7.702192338E+02
      17    1525   6.535034243E+02
      18    1575   4.820574296E+02
      19    1625   4.079680446E+02
      20    1675   4.076451048E+02
      21    1725   4.088334206E+02
      22    1775   4.049215037E+02
      23    1825   3.515870307E+02
      24    1875   2.843121098E+02
      25    1925   2.525938689E+02
      26    1975   2.468490700E+02
      27    2025   2.436610816E+02
      28    2075   2.451176805E+02
      29    2125   2.136133606E+02
      30    2175   1.785066158E+02
      31    2225   1.509025893E+02
      32    2275   1.414949459E+02
      33    2325   1.357683156E+02
      34    2375   1.315656385E+02
      35    2425   1.211907564E+02
      36    2475   1.107031200E+02
      37    2525   9.470908055E+01
      38    2575   9.138643783E+01
      39    2625   8.771622218E+01
      40    2675   8.616319721E+01
      41    2725   7.965893552E+01
      42    2775   7.570127789E+01
      43    2825   7.065027070E+01
      44    2875   6.298536639E+01
      45    2925   6.174471801E+01
      46    2975   5.855173614E+01
