       0     675   1.677870731E+03
       1     725   1.983528692E+03
       2     775   2.415970430E+03
       3     825   2.537223177E+03
       4     875   2.100810705E+03
       5     925   1.648396917E+03
       6     975   1.164595143E+03
       7    1025   1.075895687E+03
       8    1075   1.162325902E+03
       9    1125   1.299503963E+03
      10    1175   1.162033276E+03
      11    1225   9.898004345E+02
      12    1275   7.685378903E+02
      13    1325   7.587356940E+02
      14    1375   7.928133011E+02
      15    1425   8.238817974E+02
      16    1475   7.713706246E+02
      17    1525   6.470595752E+02
      18    1575   4.799415233E+02
      19    1625   4.130803253E+02
      20    1675   3.981857757E+02
      21    1725   4.017337070E+02
      22    1775   3.979811337E+02
      23    1825   3.497710206E+02
      24    1875   2.878185910E+02
      25    1925   2.566967232E+02
      26    1975   2.567351132E+02
      27    2025   2.482557017E+02
      28    2075   2.408728940E+02
      29    2125   2.113116696E+02
      30    2175   1.797060872E+02
      31    2225   1.552375434E+02
      32    2275   1.393547436E+02
      33    2325   1.420192944E+02
      34    2375   1.323909713E+02
      35    2425   1.234054203E+02
      36    2475   1.060844519E+02
      37    2525   9.850438632E+01
      38    2575   8.864010300E+01
      39    2625   9.179626021E+01
      40    2675   8.698951980E+01
      41    2725   7.881440119E+01
      42    2775   7.333061972E+01
      43    2825   6.811637912E+01
      44    2875   6.503578952E+01
      45    2925   6.182889374E+01
      46    2975   5.990942927E+01
