      50   8.290964958E-13
      51   6.910744081E-13
      52   6.649961285E-13
      53   6.403666423E-13
      54   6.170805826E-13
      55   5.950419903E-13
      56   2.510161155E-13
      57   2.423603874E-13
      58   2.341447810E-13
      59   2.263399550E-13
      60   2.189189729E-13
      61   2.382510565E-13
      62   2.306875309E-13
      63   2.234785455E-13
      64   2.166022826E-13
      65   2.100385771E-13
      66   4.700537951E-13
      67   4.562286835E-13
      68   4.430046637E-13
      69   4.303473876E-13
      70   4.182249260E-13
      71   2.416340330E-13
      72   2.350139225E-13
      73   2.286621949E-13
      74   2.225645363E-13
      75   2.167075749E-13
      76   4.470374595E-13
      77   4.355749605E-13
      78   4.245477463E-13
      79   4.139340527E-13
      80   4.037134588E-13
      81   5.490350709E-13
      82   5.358053102E-13
      83   5.230480409E-13
      84   5.107410282E-13
      85   4.988633299E-13
      86   6.068812988E-13
      87   5.930885420E-13
      88   5.797607096E-13
      89   5.668771382E-13
      90   5.544183000E-13
      91   1.176639753E-12
      92   1.151335672E-12
      93   1.126839168E-12
      94   1.103116238E-12
      95   1.080134650E-12
      96   9.864813947E-13
      97   9.663491213E-13
      98   9.468269168E-13
      99   9.278903785E-13
     100   9.095163116E-13
     101   1.022468843E-12
     102   1.002615079E-12
     103   9.833340199E-13
     104   9.646038481E-13
     105   9.464037755E-13
     106   1.066170991E-12
     107   1.046427083E-12
     108   1.027226586E-12
     109   1.008549739E-12
     110   9.903776720E-13
     111   1.024529233E-12
     112   1.006395972E-12
     113   9.887399025E-13
     114   9.715444259E-13
     115   9.547936599E-13
     116   8.839041446E-13
     117   8.689227184E-13
     118   8.543189753E-13
     119   8.400803257E-13
     120   8.261947004E-13
     121   7.170221946E-13
     122   7.053632972E-13
     123   6.939864698E-13
     124   6.828826863E-13
     125   6.720432786E-13
     126   5.819769121E-13
     127   5.728835229E-13
     128   5.640016078E-13
     129   5.553246600E-13
     130   5.468464209E-13
     131   5.928855156E-13
     132   5.839699439E-13
     133   5.752539746E-13
     134   5.667316935E-13
     135   5.583974039E-13
     136   3.413955698E-13
     137   3.364478079E-13
     138   3.316068322E-13
     139   3.268695918E-13
     140   3.222331437E-13
     141   0.000000000E+00
     142   0.000000000E+00
     143   0.000000000E+00
     144   0.000000000E+00
     145   0.000000000E+00
     146   2.390852502E-13
     147   2.358543685E-13
     148   2.326885380E-13
     149   2.295860242E-13
     150   2.265451497E-13
     151   1.201165061E-14
     152   1.185463557E-14
     153   1.170067927E-14
     154   1.154970276E-14
     155   1.140162965E-14
     156   1.860046394E-13
     157   1.836501503E-13
     158   1.813400855E-13
     159   1.790733344E-13
     160   1.768488210E-13
     161   3.177527408E-13
     162   3.138539341E-13
     163   3.100264471E-13
     164   3.062685508E-13
     165   3.025785683E-13
     166   9.539869688E-14
     167   9.426299811E-14
     168   9.314745967E-14
     169   9.205160720E-14
     170   9.097498022E-14
     171   1.321188659E-13
     172   1.305914802E-13
     173   1.290904287E-13
     174   1.276151095E-13
     175   1.261649378E-13
     176   7.082913287E-13
     177   7.003329992E-13
     178   6.925080495E-13
     179   6.848135156E-13
     180   6.772465154E-13
     181   3.152065261E-13
     182   3.117616460E-13
     183   3.083729325E-13
     184   3.050391710E-13
     185   3.017591800E-13
     186   1.063377008E-12
     187   1.052064487E-12
     188   1.040931529E-12
     189   1.029974355E-12
     190   1.019189284E-12
     191   8.279346372E-13
     192   8.193550036E-13
     193   8.109080448E-13
     194   8.025910392E-13
     195   7.944013348E-13
     196   1.259642008E-12
     197   1.246918352E-12
     198   1.234386509E-12
     199   1.222042644E-12
     200   1.209883015E-12
     201   1.162528778E-12
     202   1.151075293E-12
     203   1.139790241E-12
     204   1.128670336E-12
     205   1.117712372E-12
     206   0.000000000E+00
     207   0.000000000E+00
     208   0.000000000E+00
     209   0.000000000E+00
     210   0.000000000E+00
     211   0.000000000E+00
     212   0.000000000E+00
     213   0.000000000E+00
     214   0.000000000E+00
     215   0.000000000E+00
     216   0.000000000E+00
     217   0.000000000E+00
     218   0.000000000E+00
     219   0.000000000E+00
     220   0.000000000E+00
     221   0.000000000E+00
     222   0.000000000E+00
     223   0.000000000E+00
     224   0.000000000E+00
     225   0.000000000E+00
     226   0.000000000E+00
     227   0.000000000E+00
     228   0.000000000E+00
     229   0.000000000E+00
     230   0.000000000E+00
     231   0.000000000E+00
     232   0.000000000E+00
     233   0.000000000E+00
     234   0.000000000E+00
     235   0.000000000E+00
     236   0.000000000E+00
     237   0.000000000E+00
     238   0.000000000E+00
     239   0.000000000E+00
     240   0.000000000E+00
     241   0.000000000E+00
     242   0.000000000E+00
     243   0.000000000E+00
     244   0.000000000E+00
     245   0.000000000E+00
     246   0.000000000E+00
     247   0.000000000E+00
     248   0.000000000E+00
     249   0.000000000E+00
     250   0.000000000E+00
     251   2.319412409E-12
     252   2.301077133E-12
     253   2.282958415E-12
     254   2.265052859E-12
     255   2.247357134E-12
     256   5.341581910E-12
     257   5.300174298E-12
     258   5.259246311E-12
     259   5.218790570E-12
     260   5.178799838E-12
     261   3.295559784E-11
     262   3.270498493E-11
     263   3.245721989E-11
     264   3.221225974E-11
     265   3.197006230E-11
     266   3.592020397E-11
     267   3.565214275E-11
     268   3.538707106E-11
     269   3.512494461E-11
     270   3.486571992E-11
     271   7.780191424E-11
     272   7.723193685E-11
     273   7.666820009E-11
     274   7.611061318E-11
     275   7.555908699E-11
     276   8.434439262E-11
     277   8.373759842E-11
     278   8.313732890E-11
     279   8.254349084E-11
     280   8.195599268E-11
     281   6.264338068E-10
     282   6.220067127E-10
     283   6.176263838E-10
     284   6.132921635E-10
     285   6.090034071E-10
     286   1.128277362E-09
     287   1.120442103E-09
     288   1.112688178E-09
     289   1.105014466E-09
     290   1.097419865E-09
     291   1.777966734E-09
     292   1.765830442E-09
     293   1.753817990E-09
     294   1.741927698E-09
     295   1.730157917E-09
     296   2.359084250E-09
     297   2.343251470E-09
     298   2.327577547E-09
     299   2.312060363E-09
     300   2.296697836E-09
     301   3.135442963E-09
     302   3.114746970E-09
     303   3.094255214E-09
     304   3.073965016E-09
     305   3.053873741E-09
     306   5.364359813E-09
     307   5.329526308E-09
     308   5.295030992E-09
     309   5.260869501E-09
     310   5.227037543E-09
     311   5.236799345E-09
     312   5.203337368E-09
     313   5.170195092E-09
     314   5.137368456E-09
     315   5.104853466E-09
     316   6.093762602E-09
     317   6.055437051E-09
     318   6.017471928E-09
     319   5.979862729E-09
     320   5.942605017E-09
     321   7.626571216E-09
     322   7.579347865E-09
     323   7.532561767E-09
     324   7.486207540E-09
     325   7.440279887E-09
     326   8.065817960E-09
     327   8.016636143E-09
     328   7.967902793E-09
     329   7.919612473E-09
     330   7.871759829E-09
     331   1.001289220E-08
     332   9.952754709E-09
     333   9.893157375E-09
     334   9.834093749E-09
     335   9.775557477E-09
     336   1.002605466E-08
     337   9.966728890E-09
     338   9.907928130E-09
     339   9.849646199E-09
     340   9.791877013E-09
     341   1.263795038E-08
     342   1.256425971E-08
     343   1.249121169E-08
     344   1.241879886E-08
     345   1.234701390E-08
     346   1.435998692E-08
     347   1.427745826E-08
     348   1.419563902E-08
     349   1.411452108E-08
     350   1.403409646E-08
     351   1.328847031E-08
     352   1.321318153E-08
     353   1.313853079E-08
     354   1.306451090E-08
     355   1.299111477E-08
     356   1.688711009E-08
     357   1.679276869E-08
     358   1.669921566E-08
     359   1.660644224E-08
     360   1.651443979E-08
     361   1.515075424E-08
     362   1.506727901E-08
     363   1.498449176E-08
     364   1.490238496E-08
     365   1.482095116E-08
     366   2.066011830E-08
     367   2.054783505E-08
     368   2.043646467E-08
     369   2.032599729E-08
     370   2.021642318E-08
     371   1.917150407E-08
     372   1.906870781E-08
     373   1.896673611E-08
     374   1.886558018E-08
     375   1.876523135E-08
     376   2.086651457E-08
     377   2.075610973E-08
     378   2.064657881E-08
     379   2.053791260E-08
     380   2.043010204E-08
     381   2.371396338E-08
     382   2.359013067E-08
     383   2.346726541E-08
     384   2.334535754E-08
     385   2.322439713E-08
     386   2.175606214E-08
     387   2.164391749E-08
     388   2.153263771E-08
     389   2.142221393E-08
     390   2.131263739E-08
     391   2.634493152E-08
     392   2.621086063E-08
     393   2.607781057E-08
     394   2.594577102E-08
     395   2.581473178E-08
     396   2.538271623E-08
     397   2.525516489E-08
     398   2.512857259E-08
     399   2.500292972E-08
     400   2.487822683E-08
     401   2.855735568E-08
     402   2.841563183E-08
     403   2.827496039E-08
     404   2.813533096E-08
     405   2.799673327E-08
     406   3.075046239E-08
     407   3.059972483E-08
     408   3.045009292E-08
     409   3.030155588E-08
     410   3.015410306E-08
     411   3.038188589E-08
     412   3.023475812E-08
     413   3.008869648E-08
     414   2.994369072E-08
     415   2.979973066E-08
     416   3.298950318E-08
     417   3.283165867E-08
     418   3.267494430E-08
     419   3.251934933E-08
     420   3.236486311E-08
     421   3.378527329E-08
     422   3.362553205E-08
     423   3.346692105E-08
     424   3.330942966E-08
     425   3.315304736E-08
     426   3.563087193E-08
     427   3.546437253E-08
     428   3.529903746E-08
     429   3.513485589E-08
     430   3.497181711E-08
     431   3.712017621E-08
     432   3.694872043E-08
     433   3.677844983E-08
     434   3.660935351E-08
     435   3.644142070E-08
     436   4.002387936E-08
     437   3.984112192E-08
     438   3.965961339E-08
     439   3.947934242E-08
     440   3.930029778E-08
     441   3.977429229E-08
     442   3.959472438E-08
     443   3.941636976E-08
     444   3.923921754E-08
     445   3.906325692E-08
     446   4.300494611E-08
     447   4.281295974E-08
     448   4.262225614E-08
     449   4.243282389E-08
     450   4.224465172E-08
     451   4.327222069E-08
     452   4.308117336E-08
     453   4.289138845E-08
     454   4.270285488E-08
     455   4.251556165E-08
     456   4.548153915E-08
     457   4.528292981E-08
     458   4.508561857E-08
     459   4.488959414E-08
     460   4.469484536E-08
     461   4.771910478E-08
     462   4.751297474E-08
     463   4.730817743E-08
     464   4.710470140E-08
     465   4.690253530E-08
     466   4.568558844E-08
     467   4.549035088E-08
     468   4.529636218E-08
     469   4.510361170E-08
     470   4.491208893E-08
     471   5.401312500E-08
     472   5.378473969E-08
     473   5.355779986E-08
     474   5.333229334E-08
     475   5.310820807E-08
     476   5.076287227E-08
     477   5.055047532E-08
     478   5.033940861E-08
     479   5.012966108E-08
     480   4.992122174E-08
     481   5.618606286E-08
     482   5.595340835E-08
     483   5.572219592E-08
     484   5.549241367E-08
     485   5.526404983E-08
     486   5.427620734E-08
     487   5.405376387E-08
     488   5.383268508E-08
     489   5.361295984E-08
     490   5.339457711E-08
     491   5.422562845E-08
     492   5.400564619E-08
     493   5.378699985E-08
     494   5.356967863E-08
     495   5.335367187E-08
     496   6.303004304E-08
     497   6.277691033E-08
     498   6.252529947E-08
     499   6.227519827E-08
     500   6.202659469E-08
     501   5.744793631E-08
     502   5.721951509E-08
     503   5.699245352E-08
     504   5.676674084E-08
     505   5.654236637E-08
     506   6.460504753E-08
     507   6.435069695E-08
     508   6.409784549E-08
     509   6.384648139E-08
     510   6.359659301E-08
     511   6.299235318E-08
     512   6.274676896E-08
     513   6.250261811E-08
     514   6.225988949E-08
     515   6.201857209E-08
     516   6.466246476E-08
     517   6.441280273E-08
     518   6.416458384E-08
     519   6.391779698E-08
     520   6.367243116E-08
     521   7.117308196E-08
     522   7.090090956E-08
     523   7.063029540E-08
     524   7.036122761E-08
     525   7.009369443E-08
     526   6.215475949E-08
     527   6.191932479E-08
     528   6.168522527E-08
     529   6.145245083E-08
     530   6.122099151E-08
     531   7.351841725E-08
     532   7.324255077E-08
     533   7.296823410E-08
     534   7.269545565E-08
     535   7.242420395E-08
     536   7.027157754E-08
     537   7.001034491E-08
     538   6.975056627E-08
     539   6.949223083E-08
     540   6.923532795E-08
     541   7.780221095E-08
     542   7.751564663E-08
     543   7.723066264E-08
     544   7.694724736E-08
     545   7.666538931E-08
     546   7.841710297E-08
     547   7.813090916E-08
     548   7.784627926E-08
     549   7.756320188E-08
     550   7.728166576E-08
     551   6.990316883E-08
     552   6.965035448E-08
     553   6.939890915E-08
     554   6.914882299E-08
     555   6.890008622E-08
     556   8.257763141E-08
     557   8.228165424E-08
     558   8.198726549E-08
     559   8.169445383E-08
     560   8.140320801E-08
     561   7.725297699E-08
     562   7.697854368E-08
     563   7.670557012E-08
     564   7.643404598E-08
     565   7.616396101E-08
     566   8.458354642E-08
     567   8.428571704E-08
     568   8.398945792E-08
     569   8.369475807E-08
     570   8.340160656E-08
     571   8.184025810E-08
     572   8.155460275E-08
     573   8.127044037E-08
     574   8.098776057E-08
     575   8.070655307E-08
     576   8.236029392E-08
     577   8.207531020E-08
     578   8.179180309E-08
     579   8.150976239E-08
     580   8.122917801E-08
     581   8.763307365E-08
     582   8.733244561E-08
     583   8.703336189E-08
     584   8.673581193E-08
     585   8.643978527E-08
     586   8.243376853E-08
     587   8.215338156E-08
     588   8.187442271E-08
     589   8.159688230E-08
     590   8.132075072E-08
     591   9.008169633E-08
     592   8.977787948E-08
     593   8.947559705E-08
     594   8.917483874E-08
     595   8.887559432E-08
     596   9.021546326E-08
     597   8.991373930E-08
     598   8.961352648E-08
     599   8.931481473E-08
     600   8.901759405E-08
     601   9.153619415E-08
     602   9.123259151E-08
     603   9.093049684E-08
     604   9.062990016E-08
     605   9.033079157E-08
     606   9.129074013E-08
     607   9.099044164E-08
     608   9.069162245E-08
     609   9.039427287E-08
     610   9.009838327E-08
     611   8.555786507E-08
     612   8.527872033E-08
     613   8.500093948E-08
     614   8.472451366E-08
     615   8.444943407E-08
     616   9.699354520E-08
     617   9.667965024E-08
     618   9.636727657E-08
     619   9.605641439E-08
     620   9.574705395E-08
     621   9.226178162E-08
     622   9.196559612E-08
     623   9.167083459E-08
     624   9.137748792E-08
     625   9.108554707E-08
     626   9.561038154E-08
     627   9.530588988E-08
     628   9.500285049E-08
     629   9.470125414E-08
     630   9.440109168E-08
     631   9.155944214E-08
     632   9.127015480E-08
     633   9.098223633E-08
     634   9.069567811E-08
     635   9.041047157E-08
     636   9.455923739E-08
     637   9.426281344E-08
     638   9.396778116E-08
     639   9.367413185E-08
     640   9.338185687E-08
     641   9.790024251E-08
     642   9.759573164E-08
     643   9.729263931E-08
     644   9.699095671E-08
     645   9.669067511E-08
     646   9.061285805E-08
     647   9.033318874E-08
     648   9.005481219E-08
     649   8.977772046E-08
     650   8.950190565E-08
     651   9.737091220E-08
     652   9.707268582E-08
     653   9.677582746E-08
     654   9.648032875E-08
     655   9.618618140E-08
     656   9.239533741E-08
     657   9.211450051E-08
     658   9.183494209E-08
     659   9.155665439E-08
     660   9.127962971E-08
     661   9.462659089E-08
     662   9.434114115E-08
     663   9.405698108E-08
     664   9.377410295E-08
     665   9.349249903E-08
     666   9.654806493E-08
     667   9.625899887E-08
     668   9.597122907E-08
     669   9.568474778E-08
     670   9.539954734E-08
     671   9.124881855E-08
     672   9.097764821E-08
     673   9.070768486E-08
     674   9.043892135E-08
     675   9.017135058E-08
     676   9.785936403E-08
     677   9.757069334E-08
     678   9.728329808E-08
     679   9.699717073E-08
     680   9.671230386E-08
     681   9.217079972E-08
     682   9.190089987E-08
     683   9.163218379E-08
     684   9.136464457E-08
     685   9.109827534E-08
     686   9.891934432E-08
     687   9.863178809E-08
     688   9.834548392E-08
     689   9.806042454E-08
     690   9.777660276E-08
     691   9.380539222E-08
     692   9.353466958E-08
     693   9.326511722E-08
     694   9.299672840E-08
     695   9.272949642E-08
     696   9.135285080E-08
     697   9.109109478E-08
     698   9.083046218E-08
     699   9.057094657E-08
     700   9.031254159E-08
     701   1.000422884E-07
     702   9.975767307E-08
     703   9.947427059E-08
     704   9.919207407E-08
     705   9.891107670E-08
     706   8.876190381E-08
     707   8.851116397E-08
     708   8.826148508E-08
     709   8.801286118E-08
     710   8.776528633E-08
     711   9.707838236E-08
     712   9.680607273E-08
     713   9.653490726E-08
     714   9.626487955E-08
     715   9.599598324E-08
     716   9.087343752E-08
     717   9.062030817E-08
     718   9.036823499E-08
     719   9.011721211E-08
     720   8.986723371E-08
     721   9.434623096E-08
     722   9.408524553E-08
     723   9.382534154E-08
     724   9.356651301E-08
     725   9.330875402E-08
     726   9.535286905E-08
     727   9.509091062E-08
     728   9.483003021E-08
     729   9.457022191E-08
     730   9.431147985E-08
     731   8.798088069E-08
     732   8.774082371E-08
     733   8.750174790E-08
     734   8.726364791E-08
     735   8.702651843E-08
     736   9.493446379E-08
     737   9.467718882E-08
     738   9.442095827E-08
     739   9.416576649E-08
     740   9.391160787E-08
     741   9.062279190E-08
     742   9.037885437E-08
     743   9.013590046E-08
     744   8.989392489E-08
     745   8.965292241E-08
     746   9.414275798E-08
     747   9.389103938E-08
     748   9.364032899E-08
     749   9.339062145E-08
     750   9.314191141E-08
     751   9.186792711E-08
     752   9.162392199E-08
     753   9.138088771E-08
     754   9.113881914E-08
     755   9.089771115E-08
     756   8.517676118E-08
     757   8.495202038E-08
     758   8.472816789E-08
     759   8.450519903E-08
     760   8.428310915E-08
     761   9.640318255E-08
     762   9.615048744E-08
     763   9.589878459E-08
     764   9.564806882E-08
     765   9.539833496E-08
     766   8.838925760E-08
     767   8.815907724E-08
     768   8.792979486E-08
     769   8.770140578E-08
     770   8.747390538E-08
     771   9.131813916E-08
     772   9.108186972E-08
     773   9.084651605E-08
     774   9.061207343E-08
     775   9.037853716E-08
     776   8.831915975E-08
     777   8.809211820E-08
     778   8.786595102E-08
     779   8.764065371E-08
     780   8.741622182E-08
     781   9.110126319E-08
     782   9.086856520E-08
     783   9.063675764E-08
     784   9.040583596E-08
     785   9.017579567E-08
     786   9.092538399E-08
     787   9.069460890E-08
     788   9.046471129E-08
     789   9.023568670E-08
     790   9.000753073E-08
     791   8.974707233E-08
     792   8.952072410E-08
     793   8.929523109E-08
     794   8.907058900E-08
     795   8.884679355E-08
     796   9.278256542E-08
     797   9.255002766E-08
     798   9.231836301E-08
     799   9.208756711E-08
     800   9.185763560E-08
     801   9.277160327E-08
     802   9.254054075E-08
     803   9.231034040E-08
     804   9.208099794E-08
     805   9.185250911E-08
     806   9.330384172E-08
     807   9.307289162E-08
     808   9.284279794E-08
     809   9.261355647E-08
     810   9.238516299E-08
     811   9.294965698E-08
     812   9.272099854E-08
     813   9.249318282E-08
     814   9.226620568E-08
     815   9.204006302E-08
     816   9.211858630E-08
     817   9.189335748E-08
     818   9.166895368E-08
     819   9.144537087E-08
     820   9.122260504E-08
     821   9.853239210E-08
     822   9.829294522E-08
     823   9.805437011E-08
     824   9.781666254E-08
     825   9.757981833E-08
     826   9.748449425E-08
     827   9.724902446E-08
     828   9.701440679E-08
     829   9.678063713E-08
     830   9.654771141E-08
     831   1.031430267E-07
     832   1.028953844E-07
     833   1.026486329E-07
     834   1.024027679E-07
     835   1.021577852E-07
     836   9.988662120E-08
     837   9.964822831E-08
     838   9.941068784E-08
     839   9.917399572E-08
     840   9.893814793E-08
     841   1.013013289E-07
     842   1.010609936E-07
     843   1.008215126E-07
     844   1.005828818E-07
     845   1.003450972E-07
     846   1.101070158E-07
     847   1.098473295E-07
     848   1.095885607E-07
     849   1.093307053E-07
     850   1.090737589E-07
     851   1.069888973E-07
     852   1.067380441E-07
     853   1.064880721E-07
     854   1.062389772E-07
     855   1.059907553E-07
     856   1.136188190E-07
     857   1.133539732E-07
     858   1.130900525E-07
     859   1.128270523E-07
     860   1.125649686E-07
     861   1.097599518E-07
     862   1.095055834E-07
     863   1.092520983E-07
     864   1.089994923E-07
     865   1.087477613E-07
     866   1.184094407E-07
     867   1.181366079E-07
     868   1.178647170E-07
     869   1.175937636E-07
     870   1.173237435E-07
     871   1.254761746E-07
     872   1.251887148E-07
     873   1.249022418E-07
     874   1.246167510E-07
     875   1.243322378E-07
     876   1.238178510E-07
     877   1.235358058E-07
     878   1.232547232E-07
     879   1.229745988E-07
     880   1.226954283E-07
     881   1.340558432E-07
     882   1.337522060E-07
     883   1.334495992E-07
     884   1.331480182E-07
     885   1.328474583E-07
     886   1.356337326E-07
     887   1.353282512E-07
     888   1.350238007E-07
     889   1.347203764E-07
     890   1.344179738E-07
     891   1.446162164E-07
     892   1.442923279E-07
     893   1.439695263E-07
     894   1.436478067E-07
     895   1.433271642E-07
     896   1.487781790E-07
     897   1.484468245E-07
     898   1.481165757E-07
     899   1.477874278E-07
     900   1.474593758E-07
     901   1.505743440E-07
     902   1.502408460E-07
     903   1.499084547E-07
     904   1.495771653E-07
     905   1.492469729E-07
     906   1.661364809E-07
     907   1.657705415E-07
     908   1.654058098E-07
     909   1.650422806E-07
     910   1.646799485E-07
     911   1.653213682E-07
     912   1.649592184E-07
     913   1.645982573E-07
     914   1.642384797E-07
     915   1.638798804E-07
     916   1.817526610E-07
     917   1.813566857E-07
     918   1.809620031E-07
     919   1.805686074E-07
     920   1.801764932E-07
     921   1.830398307E-07
     922   1.826432113E-07
     923   1.822478797E-07
     924   1.818538302E-07
     925   1.814610574E-07
     926   1.903020518E-07
     927   1.898919181E-07
     928   1.894831088E-07
     929   1.890756182E-07
     930   1.886694407E-07
     931   2.155896499E-07
     932   2.151275071E-07
     933   2.146668486E-07
     934   2.142076682E-07
     935   2.137499595E-07
     936   2.073199085E-07
     937   2.068778618E-07
     938   2.064372274E-07
     939   2.059979993E-07
     940   2.055601714E-07
     941   2.336529187E-07
     942   2.331573664E-07
     943   2.326633889E-07
     944   2.321709796E-07
     945   2.316801319E-07
     946   2.399283213E-07
     947   2.394221434E-07
     948   2.389175656E-07
     949   2.384145813E-07
     950   2.379131836E-07
     951   2.588247596E-07
     952   2.582815807E-07
     953   2.577401098E-07
     954   2.572003400E-07
     955   2.566622639E-07
     956   2.739934531E-07
     957   2.734214417E-07
     958   2.728512197E-07
     959   2.722827797E-07
     960   2.717161142E-07
     961   2.749302422E-07
     962   2.743592552E-07
     963   2.737900451E-07
     964   2.732226046E-07
     965   2.726569263E-07
     966   3.175337208E-07
     967   3.168776594E-07
     968   3.162236291E-07
     969   3.155716216E-07
     970   3.149216286E-07
     971   3.084287136E-07
     972   3.077947389E-07
     973   3.071627168E-07
     974   3.065326395E-07
     975   3.059044988E-07
     976   3.484986661E-07
     977   3.477859899E-07
     978   3.470754976E-07
     979   3.463671802E-07
     980   3.456610290E-07
     981   3.532118396E-07
     982   3.524931990E-07
     983   3.517767494E-07
     984   3.510624819E-07
     985   3.503503876E-07
     986   3.596851900E-07
     987   3.589570823E-07
     988   3.582311832E-07
     989   3.575074839E-07
     990   3.567859753E-07
     991   3.997552377E-07
     992   3.989500912E-07
     993   3.981473747E-07
     994   3.973470785E-07
     995   3.965491928E-07
     996   4.098687567E-07
     997   4.090473764E-07
     998   4.082284628E-07
     999   4.074120058E-07
    1000   4.065979958E-07
    1001   4.235328088E-07
    1002   4.226882768E-07
    1003   4.218462683E-07
    1004   4.210067732E-07
    1005   4.201697816E-07
    1006   4.312482238E-07
    1007   4.303925725E-07
    1008   4.295394653E-07
    1009   4.286888921E-07
    1010   4.278408429E-07
    1011   4.473059449E-07
    1012   4.464228137E-07
    1013   4.455422954E-07
    1014   4.446643795E-07
    1015   4.437890559E-07
    1016   4.879140652E-07
    1017   4.869554914E-07
    1018   4.859997397E-07
    1019   4.850467990E-07
    1020   4.840966584E-07
    1021   4.916571277E-07
    1022   4.906959212E-07
    1023   4.897375307E-07
    1024   4.887819453E-07
    1025   4.878291539E-07
    1026   5.204948781E-07
    1027   5.194822421E-07
    1028   5.184725584E-07
    1029   5.174658156E-07
    1030   5.164620022E-07
    1031   5.427448835E-07
    1032   5.416940706E-07
    1033   5.406463064E-07
    1034   5.396015793E-07
    1035   5.385598774E-07
    1036   5.778064782E-07
    1037   5.766931709E-07
    1038   5.755830782E-07
    1039   5.744761877E-07
    1040   5.733724870E-07
    1041   6.220228689E-07
    1042   6.208301118E-07
    1043   6.196407820E-07
    1044   6.184548667E-07
    1045   6.172723526E-07
    1046   6.289636634E-07
    1047   6.277633510E-07
    1048   6.265664714E-07
    1049   6.253730115E-07
    1050   6.241829582E-07
    1051   6.632999057E-07
    1052   6.620400768E-07
    1053   6.607838338E-07
    1054   6.595311630E-07
    1055   6.582820510E-07
    1056   6.791521695E-07
    1057   6.778683280E-07
    1058   6.765881234E-07
    1059   6.753115421E-07
    1060   6.740385703E-07
    1061   7.282353112E-07
    1062   7.268651601E-07
    1063   7.254988722E-07
    1064   7.241364330E-07
    1065   7.227778281E-07
    1066   7.743051249E-07
    1067   7.728551153E-07
    1068   7.714091750E-07
    1069   7.699672887E-07
    1070   7.685294413E-07
    1071   8.074571729E-07
    1072   8.059521269E-07
    1073   8.044512850E-07
    1074   8.029546314E-07
    1075   8.014621507E-07
    1076   8.266184142E-07
    1077   8.250847994E-07
    1078   8.235554485E-07
    1079   8.220303458E-07
    1080   8.205094756E-07
    1081   9.069300879E-07
    1082   9.052552401E-07
    1083   9.035850275E-07
    1084   9.019194329E-07
    1085   9.002584395E-07
    1086   9.317201547E-07
    1087   9.300074338E-07
    1088   9.282994312E-07
    1089   9.265961295E-07
    1090   9.248975115E-07
    1091   9.501057365E-07
    1092   9.483672082E-07
    1093   9.466334473E-07
    1094   9.449044365E-07
    1095   9.431801583E-07
    1096   9.886763764E-07
    1097   9.868755087E-07
    1098   9.850795569E-07
    1099   9.832885031E-07
    1100   9.815023297E-07
    1101   1.032311980E-06
    1102   1.030440154E-06
    1103   1.028573415E-06
    1104   1.026711744E-06
    1105   1.024855122E-06
    1106   1.023616231E-06
    1107   1.021768548E-06
    1108   1.019925863E-06
    1109   1.018088159E-06
    1110   1.016255417E-06
    1111   1.091632425E-06
    1112   1.089670822E-06
    1113   1.087714501E-06
    1114   1.085763443E-06
    1115   1.083817631E-06
    1116   1.114742552E-06
    1117   1.112748380E-06
    1118   1.110759553E-06
    1119   1.108776054E-06
    1120   1.106797863E-06
    1121   1.207209688E-06
    1122   1.205059715E-06
    1123   1.202915481E-06
    1124   1.200776964E-06
    1125   1.198644145E-06
    1126   1.213961534E-06
    1127   1.211809120E-06
    1128   1.209662425E-06
    1129   1.207521430E-06
    1130   1.205386113E-06
    1131   1.268609945E-06
    1132   1.266370563E-06
    1133   1.264137105E-06
    1134   1.261909551E-06
    1135   1.259687879E-06
    1136   1.316072816E-06
    1137   1.313759858E-06
    1138   1.311452993E-06
    1139   1.309152198E-06
    1140   1.306857453E-06
    1141   1.356504582E-06
    1142   1.354130995E-06
    1143   1.351763634E-06
    1144   1.349402474E-06
    1145   1.347047496E-06
    1146   1.453736676E-06
    1147   1.451204034E-06
    1148   1.448678004E-06
    1149   1.446158564E-06
    1150   1.443645691E-06
    1151   1.425696589E-06
    1152   1.423223568E-06
    1153   1.420756976E-06
    1154   1.418296791E-06
    1155   1.415842990E-06
    1156   1.525619187E-06
    1157   1.522984266E-06
    1158   1.520356166E-06
    1159   1.517734862E-06
    1160   1.515120332E-06
    1161   1.542369972E-06
    1162   1.539717573E-06
    1163   1.537072011E-06
    1164   1.534433260E-06
    1165   1.531801299E-06
    1166   1.638520178E-06
    1167   1.635714493E-06
    1168   1.632916008E-06
    1169   1.630124699E-06
    1170   1.627340540E-06
    1171   1.737883364E-06
    1172   1.734920221E-06
    1173   1.731964650E-06
    1174   1.729016625E-06
    1175   1.726076120E-06
    1176   1.700691317E-06
    1177   1.697803895E-06
    1178   1.694923821E-06
    1179   1.692051068E-06
    1180   1.689185613E-06
    1181   1.817318763E-06
    1182   1.814246372E-06
    1183   1.811181767E-06
    1184   1.808124920E-06
    1185   1.805075806E-06
    1186   1.908753219E-06
    1187   1.905539830E-06
    1188   1.902334548E-06
    1189   1.899137347E-06
    1190   1.895948200E-06
    1191   1.897193245E-06
    1192   1.894012704E-06
    1193   1.890840153E-06
    1194   1.887675567E-06
    1195   1.884518919E-06
    1196   2.014792392E-06
    1197   2.011428799E-06
    1198   2.008073622E-06
    1199   2.004726832E-06
    1200   2.001388403E-06
    1201   1.969957558E-06
    1202   1.966682483E-06
    1203   1.963415569E-06
    1204   1.960156788E-06
    1205   1.956906113E-06
    1206   2.099277796E-06
    1207   2.095802171E-06
    1208   2.092335170E-06
    1209   2.088876764E-06
    1210   2.085426927E-06
    1211   2.055337028E-06
    1212   2.051948179E-06
    1213   2.048567704E-06
    1214   2.045195576E-06
    1215   2.041831768E-06
    1216   2.134445339E-06
    1217   2.130940503E-06
    1218   2.127444292E-06
    1219   2.123956679E-06
    1220   2.120477634E-06
    1221   2.231481466E-06
    1222   2.227832273E-06
    1223   2.224192024E-06
    1224   2.220560690E-06
    1225   2.216938242E-06
    1226   2.204980423E-06
    1227   2.201389249E-06
    1228   2.197806842E-06
    1229   2.194233173E-06
    1230   2.190668212E-06
    1231   2.423637015E-06
    1232   2.419705731E-06
    1233   2.415784004E-06
    1234   2.411871803E-06
    1235   2.407969098E-06
    1236   2.384708204E-06
    1237   2.380855687E-06
    1238   2.377012498E-06
    1239   2.373178607E-06
    1240   2.369353984E-06
    1241   2.429957767E-06
    1242   2.426047939E-06
    1243   2.422147541E-06
    1244   2.418256541E-06
    1245   2.414374909E-06
    1246   2.551071102E-06
    1247   2.546982847E-06
    1248   2.542904412E-06
    1249   2.538835765E-06
    1250   2.534776875E-06
    1251   2.495125986E-06
    1252   2.491143343E-06
    1253   2.487170227E-06
    1254   2.483206609E-06
    1255   2.479252459E-06
    1256   2.709953666E-06
    1257   2.705645313E-06
    1258   2.701347227E-06
    1259   2.697059374E-06
    1260   2.692781723E-06
    1261   2.630608351E-06
    1262   2.626442700E-06
    1263   2.622286936E-06
    1264   2.618141028E-06
    1265   2.614004944E-06
    1266   2.810802420E-06
    1267   2.806368977E-06
    1268   2.801946016E-06
    1269   2.797533503E-06
    1270   2.793131404E-06
    1271   2.919882970E-06
    1272   2.915295566E-06
    1273   2.910718964E-06
    1274   2.906153130E-06
    1275   2.901598031E-06
    1276   2.946574643E-06
    1277   2.941963415E-06
    1278   2.937363003E-06
    1279   2.932773373E-06
    1280   2.928194492E-06
    1281   3.049644657E-06
    1282   3.044890729E-06
    1283   3.040147909E-06
    1284   3.035416161E-06
    1285   3.030695451E-06
    1286   3.045435775E-06
    1287   3.040706838E-06
    1288   3.035988906E-06
    1289   3.031281947E-06
    1290   3.026585925E-06
    1291   3.239136525E-06
    1292   3.234126260E-06
    1293   3.229127610E-06
    1294   3.224140541E-06
    1295   3.219165015E-06
    1296   3.181536526E-06
    1297   3.176634313E-06
    1298   3.171743421E-06
    1299   3.166863815E-06
    1300   3.161995462E-06
    1301   3.222869431E-06
    1302   3.217922586E-06
    1303   3.212987122E-06
    1304   3.208063004E-06
    1305   3.203150197E-06
    1306   3.241348532E-06
    1307   3.236392342E-06
    1308   3.231447510E-06
    1309   3.226514003E-06
    1310   3.221591784E-06
    1311   3.279958894E-06
    1312   3.274962764E-06
    1313   3.269978042E-06
    1314   3.265004691E-06
    1315   3.260042678E-06
    1316   3.403088177E-06
    1317   3.397924159E-06
    1318   3.392771886E-06
    1319   3.387631322E-06
    1320   3.382502433E-06
    1321   3.356189201E-06
    1322   3.351115597E-06
    1323   3.346053488E-06
    1324   3.341002842E-06
    1325   3.335963622E-06
    1326   3.501460872E-06
    1327   3.496187587E-06
    1328   3.490926206E-06
    1329   3.485676693E-06
    1330   3.480439012E-06
    1331   3.555773293E-06
    1332   3.550438299E-06
    1333   3.545115304E-06
    1334   3.539804269E-06
    1335   3.534505161E-06
    1336   3.648027981E-06
    1337   3.642575024E-06
    1338   3.637134285E-06
    1339   3.631705726E-06
    1340   3.626289312E-06
    1341   3.698403987E-06
    1342   3.692896312E-06
    1343   3.687400930E-06
    1344   3.681917806E-06
    1345   3.676446903E-06
    1346   3.737907998E-06
    1347   3.732362140E-06
    1348   3.726828616E-06
    1349   3.721307388E-06
    1350   3.715798421E-06
    1351   3.828746343E-06
    1352   3.823086703E-06
    1353   3.817439603E-06
    1354   3.811805006E-06
    1355   3.806182875E-06
    1356   3.944694368E-06
    1357   3.938884803E-06
    1358   3.933088063E-06
    1359   3.927304110E-06
    1360   3.921532907E-06
    1361   3.982273415E-06
    1362   3.976430021E-06
    1363   3.970599478E-06
    1364   3.964781750E-06
    1365   3.958976799E-06
    1366   3.991004802E-06
    1367   3.985170000E-06
    1368   3.979347984E-06
    1369   3.973538717E-06
    1370   3.967742161E-06
    1371   4.087561730E-06
    1372   4.081607525E-06
    1373   4.075666321E-06
    1374   4.069738079E-06
    1375   4.063822762E-06
    1376   4.346604821E-06
    1377   4.340296251E-06
    1378   4.334001405E-06
    1379   4.327720243E-06
    1380   4.321452727E-06
    1381   4.277421614E-06
    1382   4.271235899E-06
    1383   4.265063593E-06
    1384   4.258904656E-06
    1385   4.252759051E-06
    1386   4.446678518E-06
    1387   4.440271201E-06
    1388   4.433877722E-06
    1389   4.427498041E-06
    1390   4.421132120E-06
    1391   4.327792075E-06
    1392   4.321578447E-06
    1393   4.315378191E-06
    1394   4.309191269E-06
    1395   4.303017642E-06
    1396   4.516270530E-06
    1397   4.509809485E-06
    1398   4.503362295E-06
    1399   4.496928920E-06
    1400   4.490509321E-06
    1401   4.561346771E-06
    1402   4.554844495E-06
    1403   4.548356113E-06
    1404   4.541881585E-06
    1405   4.535420871E-06
    1406   4.428157764E-06
    1407   4.421867767E-06
    1408   4.415591163E-06
    1409   4.409327913E-06
    1410   4.403077980E-06
    1411   4.566511058E-06
    1412   4.560047490E-06
    1413   4.553597635E-06
    1414   4.547161454E-06
    1415   4.540738910E-06
    1416   4.549834300E-06
    1417   4.543417044E-06
    1418   4.537013355E-06
    1419   4.530623196E-06
    1420   4.524246527E-06
    1421   4.689044744E-06
    1422   4.682454379E-06
    1423   4.675877898E-06
    1424   4.669315263E-06
    1425   4.662766433E-06
    1426   4.821050450E-06
    1427   4.814298278E-06
    1428   4.807560282E-06
    1429   4.800836422E-06
    1430   4.794126657E-06
    1431   4.739731289E-06
    1432   4.733116172E-06
    1433   4.726514894E-06
    1434   4.719927417E-06
    1435   4.713353702E-06
    1436   4.883614556E-06
    1437   4.876822324E-06
    1438   4.870044253E-06
    1439   4.863280303E-06
    1440   4.856530434E-06
    1441   4.840644815E-06
    1442   4.833935674E-06
    1443   4.827240473E-06
    1444   4.820559171E-06
    1445   4.813891731E-06
    1446   4.872341131E-06
    1447   4.865611378E-06
    1448   4.858895559E-06
    1449   4.852193634E-06
    1450   4.845505565E-06
    1451   4.940517994E-06
    1452   4.933717556E-06
    1453   4.926931149E-06
    1454   4.920158735E-06
    1455   4.913400276E-06
    1456   4.754423049E-06
    1457   4.747901206E-06
    1458   4.741392774E-06
    1459   4.734897716E-06
    1460   4.728415994E-06
    1461   5.054688066E-06
    1462   5.047778034E-06
    1463   5.040882163E-06
    1464   5.034000412E-06
    1465   5.027132744E-06
    1466   4.897284132E-06
    1467   4.890612083E-06
    1468   4.883953660E-06
    1469   4.877308825E-06
    1470   4.870677542E-06
    1471   5.101630461E-06
    1472   5.094703603E-06
    1473   5.087790844E-06
    1474   5.080892145E-06
    1475   5.074007467E-06
    1476   5.093358098E-06
    1477   5.086465867E-06
    1478   5.079587617E-06
    1479   5.072723310E-06
    1480   5.065872907E-06
    1481   5.284389940E-06
    1482   5.277263318E-06
    1483   5.270151103E-06
    1484   5.263053257E-06
    1485   5.255969739E-06
    1486   5.463841439E-06
    1487   5.456497566E-06
    1488   5.449168489E-06
    1489   5.441854169E-06
    1490   5.434554566E-06
    1491   5.311581970E-06
    1492   5.304466656E-06
    1493   5.297365630E-06
    1494   5.290278853E-06
    1495   5.283206288E-06
    1496   5.318848712E-06
    1497   5.311747446E-06
    1498   5.304660391E-06
    1499   5.297587511E-06
    1500   5.290528767E-06
    1501   5.332524974E-06
    1502   5.325429132E-06
    1503   5.318347445E-06
    1504   5.311279873E-06
    1505   5.304226381E-06
    1506   5.363552480E-06
    1507   5.356439015E-06
    1508   5.349339692E-06
    1509   5.342254474E-06
    1510   5.335183323E-06
    1511   5.488606111E-06
    1512   5.481350849E-06
    1513   5.474109962E-06
    1514   5.466883415E-06
    1515   5.459671167E-06
    1516   5.450671817E-06
    1517   5.443490432E-06
    1518   5.436323229E-06
    1519   5.429170172E-06
    1520   5.422031224E-06
    1521   5.584481019E-06
    1522   5.577147492E-06
    1523   5.569828401E-06
    1524   5.562523708E-06
    1525   5.555233375E-06
    1526   5.790129695E-06
    1527   5.782550991E-06
    1528   5.774987157E-06
    1529   5.767438154E-06
    1530   5.759903944E-06
    1531   5.855263604E-06
    1532   5.847624643E-06
    1533   5.840000622E-06
    1534   5.832391500E-06
    1535   5.824797241E-06
    1536   5.885031517E-06
    1537   5.877378680E-06
    1538   5.869740761E-06
    1539   5.862117721E-06
    1540   5.854509522E-06
    1541   5.891733342E-06
    1542   5.884096617E-06
    1543   5.876474731E-06
    1544   5.868867644E-06
    1545   5.861275318E-06
    1546   6.137098685E-06
    1547   6.129169617E-06
    1548   6.121255905E-06
    1549   6.113357511E-06
    1550   6.105474393E-06
    1551   5.885161323E-06
    1552   5.877582236E-06
    1553   5.870017780E-06
    1554   5.862467918E-06
    1555   5.854932612E-06
    1556   6.020654879E-06
    1557   6.012926182E-06
    1558   6.005212357E-06
    1559   5.997513367E-06
    1560   5.989829173E-06
    1561   5.898520289E-06
    1562   5.890972598E-06
    1563   5.883439385E-06
    1564   5.875920613E-06
    1565   5.868416244E-06
    1566   5.962341306E-06
    1567   5.954736278E-06
    1568   5.947145792E-06
    1569   5.939569811E-06
    1570   5.932008296E-06
    1571   6.080458117E-06
    1572   6.072727083E-06
    1573   6.065010784E-06
    1574   6.057309183E-06
    1575   6.049622243E-06
    1576   6.169137253E-06
    1577   6.161318321E-06
    1578   6.153514244E-06
    1579   6.145724986E-06
    1580   6.137950508E-06
    1581   6.281427236E-06
    1582   6.273491130E-06
    1583   6.265570056E-06
    1584   6.257663974E-06
    1585   6.249772846E-06
    1586   6.339508525E-06
    1587   6.331524258E-06
    1588   6.323555064E-06
    1589   6.315600907E-06
    1590   6.307661748E-06
    1591   6.330737856E-06
    1592   6.322789660E-06
    1593   6.314856423E-06
    1594   6.306938108E-06
    1595   6.299034677E-06
    1596   6.108167527E-06
    1597   6.100522762E-06
    1598   6.092892340E-06
    1599   6.085276224E-06
    1600   6.077674380E-06
    1601   6.143943114E-06
    1602   6.136277558E-06
    1603   6.128626339E-06
    1604   6.120989421E-06
    1605   6.113366769E-06
    1606   6.380178876E-06
    1607   6.372243330E-06
    1608   6.364322580E-06
    1609   6.356416589E-06
    1610   6.348525321E-06
    1611   6.785224159E-06
    1612   6.776810986E-06
    1613   6.768413451E-06
    1614   6.760031514E-06
    1615   6.751665139E-06
    1616   7.139175494E-06
    1617   7.130350802E-06
    1618   7.121542463E-06
    1619   7.112750435E-06
    1620   7.103974679E-06
    1621   7.339100651E-06
    1622   7.330056781E-06
    1623   7.321029618E-06
    1624   7.312019120E-06
    1625   7.303025246E-06
    1626   7.643901191E-06
    1627   7.634510649E-06
    1628   7.625137401E-06
    1629   7.615781404E-06
    1630   7.606442617E-06
    1631   7.813071276E-06
    1632   7.803502297E-06
    1633   7.793950887E-06
    1634   7.784417002E-06
    1635   7.774900600E-06
    1636   7.658710418E-06
    1637   7.649359124E-06
    1638   7.640024945E-06
    1639   7.630707842E-06
    1640   7.621407771E-06
    1641   7.796237041E-06
    1642   7.786746795E-06
    1643   7.777273867E-06
    1644   7.767818215E-06
    1645   7.758379797E-06
    1646   7.659067744E-06
    1647   7.649772758E-06
    1648   7.640494684E-06
    1649   7.631233478E-06
    1650   7.621989101E-06
    1651   7.533325257E-06
    1652   7.524210526E-06
    1653   7.515112327E-06
    1654   7.506030620E-06
    1655   7.496965366E-06
    1656   7.094158230E-06
    1657   7.085600741E-06
    1658   7.077058727E-06
    1659   7.068532150E-06
    1660   7.060020973E-06
    1661   6.719951426E-06
    1662   6.711869705E-06
    1663   6.703802554E-06
    1664   6.695749938E-06
    1665   6.687711823E-06
    1666   6.841677283E-06
    1667   6.833473833E-06
    1668   6.825285128E-06
    1669   6.817111134E-06
    1670   6.808951815E-06
    1671   7.433156921E-06
    1672   7.424270899E-06
    1673   7.415400803E-06
    1674   7.406546593E-06
    1675   7.397708232E-06
    1676   8.727539331E-06
    1677   8.717137019E-06
    1678   8.706753295E-06
    1679   8.696388112E-06
    1680   8.686041428E-06
    1681   1.022164955E-05
    1682   1.020950261E-05
    1683   1.019737731E-05
    1684   1.018527359E-05
    1685   1.017319142E-05
    1686   1.139519837E-05
    1687   1.138169695E-05
    1688   1.136821951E-05
    1689   1.135476600E-05
    1690   1.134133635E-05
    1691   1.232242395E-05
    1692   1.230786704E-05
    1693   1.229333591E-05
    1694   1.227883050E-05
    1695   1.226435074E-05
    1696   1.234785437E-05
    1697   1.233331037E-05
    1698   1.231879205E-05
    1699   1.230429936E-05
    1700   1.228983222E-05
    1701   1.274670686E-05
    1702   1.273173715E-05
    1703   1.271679379E-05
    1704   1.270187673E-05
    1705   1.268698591E-05
    1706   1.316569049E-05
    1707   1.315027400E-05
    1708   1.313488456E-05
    1709   1.311952212E-05
    1710   1.310418662E-05
    1711   1.454269253E-05
    1712   1.452571332E-05
    1713   1.450876383E-05
    1714   1.449184399E-05
    1715   1.447495373E-05
    1716   1.670275019E-05
    1717   1.668330578E-05
    1718   1.666389530E-05
    1719   1.664451868E-05
    1720   1.662517583E-05
    1721   1.736592275E-05
    1722   1.734576498E-05
    1723   1.732564228E-05
    1724   1.730555458E-05
    1725   1.728550179E-05
    1726   1.758041488E-05
    1727   1.756006718E-05
    1728   1.753975478E-05
    1729   1.751947761E-05
    1730   1.749923558E-05
    1731   1.483678609E-05
    1732   1.481966343E-05
    1733   1.480257039E-05
    1734   1.478550691E-05
    1735   1.476847292E-05
    1736   1.104848321E-05
    1737   1.103576919E-05
    1738   1.102307710E-05
    1739   1.101040690E-05
    1740   1.099775852E-05
    1741   5.825210153E-06
    1742   5.818526033E-06
    1743   5.811853412E-06
    1744   5.805192262E-06
    1745   5.798542557E-06
    1746  -7.936581928E-07
    1747  -7.927501171E-07
    1748  -7.918435989E-07
    1749  -7.909386348E-07
    1750  -7.900352212E-07
    1751  -8.224737475E-06
    1752  -8.215353861E-06
    1753  -8.205986297E-06
    1754  -8.196634745E-06
    1755  -8.187299171E-06
    1756  -1.483631009E-05
    1757  -1.481943147E-05
    1758  -1.480258163E-05
    1759  -1.478576052E-05
    1760  -1.476896806E-05
    1761  -2.060372181E-05
    1762  -2.058034833E-05
    1763  -2.055701460E-05
    1764  -2.053372053E-05
    1765  -2.051046603E-05
    1766  -2.290195094E-05
    1767  -2.287604375E-05
    1768  -2.285018050E-05
    1769  -2.282436109E-05
    1770  -2.279858541E-05
    1771  -2.121186565E-05
    1772  -2.118793799E-05
    1773  -2.116405080E-05
    1774  -2.114020398E-05
    1775  -2.111639745E-05
    1776  -1.103713273E-05
    1777  -1.102471751E-05
    1778  -1.101232322E-05
    1779  -1.099994983E-05
    1780  -1.098759727E-05
    1781   1.122173488E-05
    1782   1.120914740E-05
    1783   1.119658109E-05
    1784   1.118403590E-05
    1785   1.117151179E-05
    1786   4.668323422E-05
    1787   4.663101583E-05
    1788   4.657888502E-05
    1789   4.652684157E-05
    1790   4.647488530E-05
    1791   9.359492519E-05
    1792   9.349052482E-05
    1793   9.338629904E-05
    1794   9.328224746E-05
    1795   9.317836968E-05
    1796   1.544400886E-04
    1797   1.542682976E-04
    1798   1.540967931E-04
    1799   1.539255744E-04
    1800   1.537546410E-04
    1801   2.186742187E-04
    1802   2.184316516E-04
    1803   2.181894880E-04
    1804   2.179477267E-04
    1805   2.177063671E-04
    1806   2.716820725E-04
    1807   2.713815393E-04
    1808   2.710815044E-04
    1809   2.707819668E-04
    1810   2.704829255E-04
    1811   3.185912214E-04
    1812   3.182397694E-04
    1813   3.178888987E-04
    1814   3.175386079E-04
    1815   3.171888958E-04
    1816   3.412023329E-04
    1817   3.408269728E-04
    1818   3.404522318E-04
    1819   3.400781084E-04
    1820   3.397046015E-04
    1821   3.512033565E-04
    1822   3.508180539E-04
    1823   3.504333850E-04
    1824   3.500493484E-04
    1825   3.496659427E-04
    1826   2.928636560E-04
    1827   2.925432363E-04
    1828   2.922233421E-04
    1829   2.919039723E-04
    1830   2.915851258E-04
    1831   1.570785300E-04
    1832   1.569071404E-04
    1833   1.567360312E-04
    1834   1.565652018E-04
    1835   1.563946514E-04
    1836  -9.884526217E-05
    1837  -9.873770475E-05
    1838  -9.863032280E-05
    1839  -9.852311593E-05
    1840  -9.841608376E-05
    1841  -5.095018321E-04
    1842  -5.089489272E-04
    1843  -5.083969219E-04
    1844  -5.078458141E-04
    1845  -5.072956020E-04
    1846  -1.066413537E-03
    1847  -1.065259410E-03
    1848  -1.064107155E-03
    1849  -1.062956769E-03
    1850  -1.061808248E-03
    1851  -1.641312839E-03
    1852  -1.639541319E-03
    1853  -1.637772666E-03
    1854  -1.636006874E-03
    1855  -1.634243935E-03
    1856  -2.111184292E-03
    1857  -2.108911758E-03
    1858  -2.106642891E-03
    1859  -2.104377683E-03
    1860  -2.102116128E-03
    1861  -2.416269519E-03
    1862  -2.413675563E-03
    1863  -2.411085783E-03
    1864  -2.408500168E-03
    1865  -2.405918710E-03
    1866  -2.471959310E-03
    1867  -2.469312672E-03
    1868  -2.466670283E-03
    1869  -2.464032133E-03
    1870  -2.461398213E-03
    1871  -2.340429371E-03
    1872  -2.337930247E-03
    1873  -2.335435124E-03
    1874  -2.332943993E-03
    1875  -2.330456846E-03
    1876  -1.765018407E-03
    1877  -1.763138728E-03
    1878  -1.761262051E-03
    1879  -1.759388368E-03
    1880  -1.757517673E-03
    1881  -7.207001532E-04
    1882  -7.199346724E-04
    1883  -7.191704106E-04
    1884  -7.184073650E-04
    1885  -7.176455333E-04
    1886   1.251600704E-03
    1887   1.250274856E-03
    1888   1.248951114E-03
    1889   1.247629472E-03
    1890   1.246309928E-03
    1891   4.454348001E-03
    1892   4.449641875E-03
    1893   4.444943204E-03
    1894   4.440251971E-03
    1895   4.435568161E-03
    1896   9.106982915E-03
    1897   9.097386516E-03
    1898   9.087805277E-03
    1899   9.078239166E-03
    1900   9.068688152E-03
    1901   1.365786430E-02
    1902   1.364351026E-02
    1903   1.362917885E-02
    1904   1.361487000E-02
    1905   1.360058367E-02
    1906   1.842885453E-02
    1907   1.840953707E-02
    1908   1.839024997E-02
    1909   1.837099316E-02
    1910   1.835176659E-02
    1911   2.124488783E-02
    1912   2.122267676E-02
    1913   2.120050050E-02
    1914   2.117835899E-02
    1915   2.115625214E-02
    1916   2.305292628E-02
    1917   2.302888777E-02
    1918   2.300488685E-02
    1919   2.298092343E-02
    1920   2.295699743E-02
    1921   2.366485207E-02
    1922   2.364023964E-02
    1923   2.361566559E-02
    1924   2.359112983E-02
    1925   2.356663229E-02
    1926   2.372185992E-02
    1927   2.369725218E-02
    1928   2.367268271E-02
    1929   2.364815143E-02
    1930   2.362365827E-02
    1931   2.345320643E-02
    1932   2.342894030E-02
    1933   2.340471182E-02
    1934   2.338052091E-02
    1935   2.335636748E-02
    1936   2.119135741E-02
    1937   2.116948810E-02
    1938   2.114765263E-02
    1939   2.112585093E-02
    1940   2.110408292E-02
    1941   1.805244118E-02
    1942   1.803385915E-02
    1943   1.801530580E-02
    1944   1.799678106E-02
    1945   1.797828489E-02
    1946   1.382986312E-02
    1947   1.381566408E-02
    1948   1.380148690E-02
    1949   1.378733153E-02
    1950   1.377319792E-02
    1951   8.536814658E-03
    1952   8.528072400E-03
    1953   8.519343564E-03
    1954   8.510628123E-03
    1955   8.501926050E-03
    1956   4.256521331E-03
    1957   4.252173505E-03
    1958   4.247832338E-03
    1959   4.243497815E-03
    1960   4.239169923E-03
    1961   9.391536918E-04
    1962   9.381968363E-04
    1963   9.372414423E-04
    1964   9.362875070E-04
    1965   9.353350274E-04
    1966  -9.918990157E-04
    1967  -9.908909882E-04
    1968  -9.898844966E-04
    1969  -9.888795378E-04
    1970  -9.878761085E-04
    1971  -2.066248014E-03
    1972  -2.064153490E-03
    1973  -2.062062149E-03
    1974  -2.059973985E-03
    1975  -2.057888991E-03
    1976  -2.531485440E-03
    1977  -2.528925799E-03
    1978  -2.526370037E-03
    1979  -2.523818149E-03
    1980  -2.521270124E-03
    1981  -2.727245195E-03
    1982  -2.724494569E-03
    1983  -2.721748103E-03
    1984  -2.719005787E-03
    1985  -2.716267614E-03
    1986  -2.570241072E-03
    1987  -2.567655316E-03
    1988  -2.565073461E-03
    1989  -2.562495498E-03
    1990  -2.559921419E-03
    1991  -2.354332129E-03
    1992  -2.351969528E-03
    1993  -2.349610481E-03
    1994  -2.347254982E-03
    1995  -2.344903023E-03
    1996  -1.804798788E-03
    1997  -1.802992182E-03
    1998  -1.801188288E-03
    1999  -1.799387100E-03
    2000  -1.797588612E-03
    2001  -1.152276664E-03
    2002  -1.151126113E-03
    2003  -1.149977285E-03
    2004  -1.148830175E-03
    2005  -1.147684781E-03
    2006  -5.903043575E-04
    2007  -5.897164049E-04
    2008  -5.891293304E-04
    2009  -5.885431320E-04
    2010  -5.879578082E-04
    2011  -1.612684531E-04
    2012  -1.611082261E-04
    2013  -1.609482378E-04
    2014  -1.607884877E-04
    2015  -1.606289753E-04
    2016   1.050799941E-04
    2017   1.049758514E-04
    2018   1.048718634E-04
    2019   1.047680299E-04
    2020   1.046643505E-04
    2021   2.439820510E-04
    2022   2.437408429E-04
    2023   2.434999922E-04
    2024   2.432594984E-04
    2025   2.430193607E-04
    2026   2.966633662E-04
    2027   2.963707988E-04
    2028   2.960786640E-04
    2029   2.957869609E-04
    2030   2.954956886E-04
    2031   3.058290796E-04
    2032   3.055282148E-04
    2033   3.052277937E-04
    2034   3.049278156E-04
    2035   3.046282794E-04
    2036   2.718961164E-04
    2037   2.716292900E-04
    2038   2.713628561E-04
    2039   2.710968141E-04
    2040   2.708311631E-04
    2041   2.372332293E-04
    2042   2.370009892E-04
    2043   2.367690900E-04
    2044   2.365375310E-04
    2045   2.363063115E-04
    2046   1.750447192E-04
    2047   1.748737771E-04
    2048   1.747030853E-04
    2049   1.745326433E-04
    2050   1.743624505E-04
    2051   1.112135719E-04
    2052   1.111052294E-04
    2053   1.109970451E-04
    2054   1.108890188E-04
    2055   1.107811501E-04
    2056   5.129576921E-05
    2057   5.124591909E-05
    2058   5.119614161E-05
    2059   5.114643662E-05
    2060   5.109680397E-05
    2061   2.971590879E-06
    2062   2.968710034E-06
    2063   2.965833377E-06
    2064   2.962960900E-06
    2065   2.960092593E-06
    2066  -3.144158043E-05
    2067  -3.141117271E-05
    2068  -3.138080908E-05
    2069  -3.135048946E-05
    2070  -3.132021376E-05
    2071  -5.158213181E-05
    2072  -5.153236612E-05
    2073  -5.148267242E-05
    2074  -5.143305057E-05
    2075  -5.138350043E-05
    2076  -6.245080213E-05
    2077  -6.239069549E-05
    2078  -6.233067558E-05
    2079  -6.227074224E-05
    2080  -6.221089529E-05
    2081  -6.339694072E-05
    2082  -6.333606992E-05
    2083  -6.327528674E-05
    2084  -6.321459102E-05
    2085  -6.315398260E-05
    2086  -5.955502330E-05
    2087  -5.949797826E-05
    2088  -5.944101514E-05
    2089  -5.938413379E-05
    2090  -5.932733404E-05
    2091  -5.117988573E-05
    2092  -5.113097997E-05
    2093  -5.108214426E-05
    2094  -5.103337849E-05
    2095  -5.098468252E-05
    2096  -4.221681546E-05
    2097  -4.217657064E-05
    2098  -4.213638334E-05
    2099  -4.209625345E-05
    2100  -4.205618086E-05
    2101  -3.162521286E-05
    2102  -3.159513658E-05
    2103  -3.156510318E-05
    2104  -3.153511258E-05
    2105  -3.150516471E-05
    2106  -2.116002111E-05
    2107  -2.113994519E-05
    2108  -2.111989783E-05
    2109  -2.109987897E-05
    2110  -2.107988856E-05
    2111  -1.418229274E-05
    2112  -1.416886889E-05
    2113  -1.415546410E-05
    2114  -1.414207832E-05
    2115  -1.412871151E-05
    2116  -9.066969208E-06
    2117  -9.058407386E-06
    2118  -9.049857686E-06
    2119  -9.041320084E-06
    2120  -9.032794558E-06
    2121  -6.210935529E-06
    2122  -6.205084436E-06
    2123  -6.199241607E-06
    2124  -6.193407026E-06
    2125  -6.187580679E-06
    2126  -5.237505916E-06
    2127  -5.232583448E-06
    2128  -5.227667916E-06
    2129  -5.222759308E-06
    2130  -5.217857610E-06
    2131  -5.731182784E-06
    2132  -5.725808960E-06
    2133  -5.720442691E-06
    2134  -5.715083963E-06
    2135  -5.709732760E-06
    2136  -6.790603296E-06
    2137  -6.784251001E-06
    2138  -6.777907615E-06
    2139  -6.771573122E-06
    2140  -6.765247505E-06
    2141  -7.378403871E-06
    2142  -7.371517819E-06
    2143  -7.364641403E-06
    2144  -7.357774605E-06
    2145  -7.350917406E-06
    2146  -7.419247554E-06
    2147  -7.412339502E-06
    2148  -7.405441094E-06
    2149  -7.398552312E-06
    2150  -7.391673137E-06
    2151  -6.911230738E-06
    2152  -6.904810644E-06
    2153  -6.898399492E-06
    2154  -6.891997265E-06
    2155  -6.885603947E-06
    2156  -6.607369547E-06
    2157  -6.601245943E-06
    2158  -6.595130847E-06
    2159  -6.589024244E-06
    2160  -6.582926119E-06
    2161  -7.101916801E-06
    2162  -7.095350072E-06
    2163  -7.088792448E-06
    2164  -7.082243909E-06
    2165  -7.075704441E-06
    2166  -7.690076271E-06
    2167  -7.682982105E-06
    2168  -7.675897750E-06
    2169  -7.668823190E-06
    2170  -7.661758406E-06
    2171  -8.717039928E-06
    2172  -8.709016881E-06
    2173  -8.701004906E-06
    2174  -8.693003982E-06
    2175  -8.685014089E-06
    2176  -9.367798394E-06
    2177  -9.359196192E-06
    2178  -9.350605833E-06
    2179  -9.342027296E-06
    2180  -9.333460558E-06
    2181  -9.816430761E-06
    2182  -9.807437237E-06
    2183  -9.798456068E-06
    2184  -9.789487229E-06
    2185  -9.780530699E-06
    2186  -9.631851450E-06
    2187  -9.623047198E-06
    2188  -9.614255012E-06
    2189  -9.605474871E-06
    2190  -9.596706751E-06
    2191  -8.909324980E-06
    2192  -8.901199741E-06
    2193  -8.893085612E-06
    2194  -8.884982572E-06
    2195  -8.876890603E-06
    2196  -8.386819398E-06
    2197  -8.379188079E-06
    2198  -8.371567172E-06
    2199  -8.363956656E-06
    2200  -8.356356514E-06
    2201  -7.443880547E-06
    2202  -7.437122598E-06
    2203  -7.430373848E-06
    2204  -7.423634280E-06
    2205  -7.416903877E-06
    2206  -6.944060501E-06
    2207  -6.937770591E-06
    2208  -6.931489223E-06
    2209  -6.925216382E-06
    2210  -6.918952053E-06
    2211  -6.467759446E-06
    2212  -6.461914205E-06
    2213  -6.456076884E-06
    2214  -6.450247470E-06
    2215  -6.444425947E-06
    2216  -6.162334021E-06
    2217  -6.156777363E-06
    2218  -6.151228217E-06
    2219  -6.145686570E-06
    2220  -6.140152408E-06
    2221  -6.262635713E-06
    2222  -6.257001313E-06
    2223  -6.251374513E-06
    2224  -6.245755300E-06
    2225  -6.240143660E-06
    2226  -6.130218067E-06
    2227  -6.124715178E-06
    2228  -6.119219696E-06
    2229  -6.113731606E-06
    2230  -6.108250897E-06
    2231  -6.378712869E-06
    2232  -6.372999736E-06
    2233  -6.367294276E-06
    2234  -6.361596473E-06
    2235  -6.355906315E-06
    2236  -6.452864028E-06
    2237  -6.447097393E-06
    2238  -6.441338485E-06
    2239  -6.435587290E-06
    2240  -6.429843794E-06
    2241  -6.325342646E-06
    2242  -6.319702572E-06
    2243  -6.314070039E-06
    2244  -6.308445032E-06
    2245  -6.302827538E-06
    2246  -6.356965337E-06
    2247  -6.351309674E-06
    2248  -6.345661555E-06
    2249  -6.340020967E-06
    2250  -6.334387897E-06
    2251  -5.839786920E-06
    2252  -5.834602911E-06
    2253  -5.829425801E-06
    2254  -5.824255578E-06
    2255  -5.819092231E-06
    2256  -5.578965339E-06
    2257  -5.574023829E-06
    2258  -5.569088881E-06
    2259  -5.564160484E-06
    2260  -5.559238626E-06
    2261  -5.273599630E-06
    2262  -5.268938914E-06
    2263  -5.264284375E-06
    2264  -5.259636000E-06
    2265  -5.254993779E-06
    2266  -5.215230276E-06
    2267  -5.210631308E-06
    2268  -5.206038420E-06
    2269  -5.201451602E-06
    2270  -5.196870843E-06
    2271  -5.310740406E-06
    2272  -5.306067516E-06
    2273  -5.301400790E-06
    2274  -5.296740217E-06
    2275  -5.292085788E-06
    2276  -5.219047619E-06
    2277  -5.214465488E-06
    2278  -5.209889388E-06
    2279  -5.205319310E-06
    2280  -5.200755242E-06
    2281  -5.385590087E-06
    2282  -5.380872093E-06
    2283  -5.376160296E-06
    2284  -5.371454685E-06
    2285  -5.366755249E-06
    2286  -5.324450717E-06
    2287  -5.319796477E-06
    2288  -5.315148337E-06
    2289  -5.310506286E-06
    2290  -5.305870313E-06
    2291  -5.232621858E-06
    2292  -5.228057861E-06
    2293  -5.223499834E-06
    2294  -5.218947764E-06
    2295  -5.214401642E-06
    2296  -5.068306374E-06
    2297  -5.063895315E-06
    2298  -5.059490012E-06
    2299  -5.055090456E-06
    2300  -5.050696635E-06
    2301  -4.820677305E-06
    2302  -4.816490872E-06
    2303  -4.812309891E-06
    2304  -4.808134351E-06
    2305  -4.803964243E-06
    2306  -4.877909033E-06
    2307  -4.873682075E-06
    2308  -4.869460610E-06
    2309  -4.865244627E-06
    2310  -4.861034116E-06
    2311  -4.765214083E-06
    2312  -4.761093708E-06
    2313  -4.756978674E-06
    2314  -4.752868973E-06
    2315  -4.748764596E-06
    2316  -4.825937856E-06
    2317  -4.821773975E-06
    2318  -4.817615481E-06
    2319  -4.813462364E-06
    2320  -4.809314615E-06
    2321  -4.830194441E-06
    2322  -4.826035858E-06
    2323  -4.821882643E-06
    2324  -4.817734787E-06
    2325  -4.813592280E-06
    2326  -4.871836330E-06
    2327  -4.867650904E-06
    2328  -4.863470869E-06
    2329  -4.859296215E-06
    2330  -4.855126935E-06
    2331  -4.977228320E-06
    2332  -4.972961514E-06
    2333  -4.968700194E-06
    2334  -4.964444348E-06
    2335  -4.960193967E-06
    2336  -4.884894422E-06
    2337  -4.880715727E-06
    2338  -4.876542392E-06
    2339  -4.872374407E-06
    2340  -4.868211763E-06
    2341  -4.861126182E-06
    2342  -4.856976693E-06
    2343  -4.852832515E-06
    2344  -4.848693638E-06
    2345  -4.844560055E-06
    2346  -4.677975701E-06
    2347  -4.673991054E-06
    2348  -4.670011495E-06
    2349  -4.666037018E-06
    2350  -4.662067611E-06
    2351  -4.549807705E-06
    2352  -4.545940465E-06
    2353  -4.542078154E-06
    2354  -4.538220763E-06
    2355  -4.534368284E-06
    2356  -4.313257815E-06
    2357  -4.309599411E-06
    2358  -4.305945660E-06
    2359  -4.302296553E-06
    2360  -4.298652084E-06
    2361  -4.220611079E-06
    2362  -4.217038831E-06
    2363  -4.213471116E-06
    2364  -4.209907927E-06
    2365  -4.206349256E-06
    2366  -4.261408536E-06
    2367  -4.257809373E-06
    2368  -4.254214768E-06
    2369  -4.250624714E-06
    2370  -4.247039201E-06
    2371  -4.239274099E-06
    2372  -4.235701175E-06
    2373  -4.232132766E-06
    2374  -4.228568865E-06
    2375  -4.225009464E-06
    2376  -4.273561457E-06
    2377  -4.269967208E-06
    2378  -4.266377492E-06
    2379  -4.262792301E-06
    2380  -4.259211627E-06
    2381  -4.323967202E-06
    2382  -4.320338190E-06
    2383  -4.316713746E-06
    2384  -4.313093860E-06
    2385  -4.309478526E-06
    2386  -4.267548444E-06
    2387  -4.263974283E-06
    2388  -4.260404610E-06
    2389  -4.256839418E-06
    2390  -4.253278699E-06
    2391  -4.288685310E-06
    2392  -4.285100951E-06
    2393  -4.281521084E-06
    2394  -4.277945701E-06
    2395  -4.274374795E-06
    2396  -4.087740529E-06
    2397  -4.084331237E-06
    2398  -4.080926209E-06
    2399  -4.077525437E-06
    2400  -4.074128915E-06
    2401  -4.025260498E-06
    2402  -4.021910302E-06
    2403  -4.018564287E-06
    2404  -4.015222446E-06
    2405  -4.011884771E-06
    2406  -3.881209046E-06
    2407  -3.877985451E-06
    2408  -3.874765869E-06
    2409  -3.871550296E-06
    2410  -3.868338724E-06
    2411  -3.853440951E-06
    2412  -3.850247050E-06
    2413  -3.847057119E-06
    2414  -3.843871150E-06
    2415  -3.840689138E-06
    2416  -3.854467379E-06
    2417  -3.851279234E-06
    2418  -3.848095043E-06
    2419  -3.844914799E-06
    2420  -3.841738496E-06
    2421  -3.787646787E-06
    2422  -3.784520377E-06
    2423  -3.781397835E-06
    2424  -3.778279156E-06
    2425  -3.775164334E-06
    2426  -3.888595083E-06
    2427  -3.885391957E-06
    2428  -3.882192787E-06
    2429  -3.878997567E-06
    2430  -3.875806290E-06
    2431  -3.819247982E-06
    2432  -3.816108444E-06
    2433  -3.812972776E-06
    2434  -3.809840971E-06
    2435  -3.806713023E-06
    2436  -3.874860151E-06
    2437  -3.871681431E-06
    2438  -3.868506620E-06
    2439  -3.865335713E-06
    2440  -3.862168703E-06
    2441  -3.774203143E-06
    2442  -3.771113333E-06
    2443  -3.768027315E-06
    2444  -3.764945084E-06
    2445  -3.761866634E-06
    2446  -3.606157354E-06
    2447  -3.603211147E-06
    2448  -3.600268549E-06
    2449  -3.597329554E-06
    2450  -3.594394157E-06
    2451  -3.527095397E-06
    2452  -3.524219657E-06
    2453  -3.521347432E-06
    2454  -3.518478718E-06
    2455  -3.515613507E-06
    2456  -3.391345872E-06
    2457  -3.388586437E-06
    2458  -3.385830368E-06
    2459  -3.383077661E-06
    2460  -3.380328309E-06
    2461  -3.355514892E-06
    2462  -3.352790154E-06
    2463  -3.350068733E-06
    2464  -3.347350625E-06
    2465  -3.344635823E-06
    2466  -3.319351218E-06
    2467  -3.316661306E-06
    2468  -3.313974662E-06
    2469  -3.311291282E-06
    2470  -3.308611160E-06
    2471  -3.297825208E-06
    2472  -3.295158144E-06
    2473  -3.292494313E-06
    2474  -3.289833712E-06
    2475  -3.287176334E-06
    2476  -3.359610876E-06
    2477  -3.356899325E-06
    2478  -3.354191056E-06
    2479  -3.351486064E-06
    2480  -3.348784342E-06
    2481  -3.297975671E-06
    2482  -3.295319227E-06
    2483  -3.292665991E-06
    2484  -3.290015958E-06
    2485  -3.287369123E-06
    2486  -3.320499922E-06
    2487  -3.317830710E-06
    2488  -3.315164715E-06
    2489  -3.312501932E-06
    2490  -3.309842356E-06
    2491  -3.221108911E-06
    2492  -3.218524788E-06
    2493  -3.215943774E-06
    2494  -3.213365863E-06
    2495  -3.210791051E-06
    2496  -3.097119221E-06
    2497  -3.094639542E-06
    2498  -3.092162839E-06
    2499  -3.089689109E-06
    2500  -3.087218346E-06
    2501  -2.940658403E-06
    2502  -2.938308695E-06
    2503  -2.935961804E-06
    2504  -2.933617722E-06
    2505  -2.931276447E-06
    2506  -2.756959900E-06
    2507  -2.754761368E-06
    2508  -2.752565464E-06
    2509  -2.750372185E-06
    2510  -2.748181526E-06
    2511  -2.757165535E-06
    2512  -2.754971213E-06
    2513  -2.752779510E-06
    2514  -2.750590421E-06
    2515  -2.748403942E-06
    2516  -2.684080389E-06
    2517  -2.681948475E-06
    2518  -2.679819099E-06
    2519  -2.677692258E-06
    2520  -2.675567949E-06
    2521  -2.710505504E-06
    2522  -2.708356867E-06
    2523  -2.706210784E-06
    2524  -2.704067251E-06
    2525  -2.701926263E-06
    2526  -2.654841296E-06
    2527  -2.652740947E-06
    2528  -2.650643089E-06
    2529  -2.648547719E-06
    2530  -2.646454833E-06
    2531  -2.643611804E-06
    2532  -2.641524467E-06
    2533  -2.639439602E-06
    2534  -2.637357203E-06
    2535  -2.635277269E-06
    2536  -2.655594378E-06
    2537  -2.653501711E-06
    2538  -2.651411517E-06
    2539  -2.649323791E-06
    2540  -2.647238530E-06
    2541  -2.572423852E-06
    2542  -2.570400711E-06
    2543  -2.568379956E-06
    2544  -2.566361582E-06
    2545  -2.564345587E-06
    2546  -2.492214403E-06
    2547  -2.490258191E-06
    2548  -2.488304281E-06
    2549  -2.486352670E-06
    2550  -2.484403353E-06
    2551  -2.356374156E-06
    2552  -2.354528191E-06
    2553  -2.352684395E-06
    2554  -2.350842763E-06
    2555  -2.349003293E-06
    2556  -2.283056605E-06
    2557  -2.281271572E-06
    2558  -2.279488632E-06
    2559  -2.277707782E-06
    2560  -2.275929017E-06
    2561  -2.211951717E-06
    2562  -2.210225653E-06
    2563  -2.208501608E-06
    2564  -2.206779579E-06
    2565  -2.205059564E-06
    2566  -2.179525217E-06
    2567  -2.177827767E-06
    2568  -2.176132300E-06
    2569  -2.174438812E-06
    2570  -2.172747300E-06
    2571  -2.197664777E-06
    2572  -2.195956526E-06
    2573  -2.194250266E-06
    2574  -2.192545994E-06
    2575  -2.190843707E-06
    2576  -2.163276318E-06
    2577  -2.161598059E-06
    2578  -2.159921752E-06
    2579  -2.158247394E-06
    2580  -2.156574982E-06
    2581  -2.194370036E-06
    2582  -2.192670949E-06
    2583  -2.190973836E-06
    2584  -2.189278691E-06
    2585  -2.187585514E-06
    2586  -2.159668425E-06
    2587  -2.157999438E-06
    2588  -2.156332386E-06
    2589  -2.154667264E-06
    2590  -2.153004071E-06
    2591  -2.083587957E-06
    2592  -2.081980871E-06
    2593  -2.080375642E-06
    2594  -2.078772270E-06
    2595  -2.077170751E-06
    2596  -1.998561232E-06
    2597  -1.997022694E-06
    2598  -1.995485931E-06
    2599  -1.993950942E-06
    2600  -1.992417723E-06
    2601  -1.839901384E-06
    2602  -1.838487706E-06
    2603  -1.837075657E-06
    2604  -1.835665235E-06
    2605  -1.834256435E-06
    2606  -1.778523997E-06
    2607  -1.777160098E-06
    2608  -1.775797768E-06
    2609  -1.774437003E-06
    2610  -1.773077802E-06
    2611  -1.675077655E-06
    2612  -1.673795544E-06
    2613  -1.672514905E-06
    2614  -1.671235734E-06
    2615  -1.669958031E-06
    2616  -1.664739961E-06
    2617  -1.663468196E-06
    2618  -1.662197888E-06
    2619  -1.660929035E-06
    2620  -1.659661634E-06
    2621  -1.627377403E-06
    2622  -1.626136551E-06
    2623  -1.624897118E-06
    2624  -1.623659101E-06
    2625  -1.622422498E-06
    2626  -1.636664100E-06
    2627  -1.635418541E-06
    2628  -1.634174404E-06
    2629  -1.632931686E-06
    2630  -1.631690385E-06
    2631  -1.634314215E-06
    2632  -1.633072806E-06
    2633  -1.631832812E-06
    2634  -1.630594229E-06
    2635  -1.629357056E-06
    2636  -1.587964256E-06
    2637  -1.586760341E-06
    2638  -1.585557794E-06
    2639  -1.584356614E-06
    2640  -1.583156798E-06
    2641  -1.556607697E-06
    2642  -1.555429787E-06
    2643  -1.554253214E-06
    2644  -1.553077975E-06
    2645  -1.551904069E-06
    2646  -1.471066713E-06
    2647  -1.469955635E-06
    2648  -1.468845816E-06
    2649  -1.467737253E-06
    2650  -1.466629945E-06
    2651  -1.378637386E-06
    2652  -1.377598082E-06
    2653  -1.376559952E-06
    2654  -1.375522996E-06
    2655  -1.374487210E-06
    2656  -1.327188027E-06
    2657  -1.326189391E-06
    2658  -1.325191881E-06
    2659  -1.324195496E-06
    2660  -1.323200235E-06
    2661  -1.249996602E-06
    2662  -1.249057814E-06
    2663  -1.248120083E-06
    2664  -1.247183407E-06
    2665  -1.246247786E-06
    2666  -1.266446447E-06
    2667  -1.265497087E-06
    2668  -1.264548794E-06
    2669  -1.263601566E-06
    2670  -1.262655402E-06
    2671  -1.246025342E-06
    2672  -1.245093038E-06
    2673  -1.244161779E-06
    2674  -1.243231564E-06
    2675  -1.242302393E-06
    2676  -1.223039343E-06
    2677  -1.222125945E-06
    2678  -1.221213570E-06
    2679  -1.220302217E-06
    2680  -1.219391883E-06
    2681  -1.228618512E-06
    2682  -1.227702657E-06
    2683  -1.226787827E-06
    2684  -1.225874018E-06
    2685  -1.224961231E-06
    2686  -1.183548309E-06
    2687  -1.182667693E-06
    2688  -1.181788059E-06
    2689  -1.180909406E-06
    2690  -1.180031733E-06
    2691  -1.168702428E-06
    2692  -1.167834472E-06
    2693  -1.166967483E-06
    2694  -1.166101459E-06
    2695  -1.165236399E-06
    2696  -1.074341939E-06
    2697  -1.073545540E-06
    2698  -1.072750027E-06
    2699  -1.071955397E-06
    2700  -1.071161650E-06
    2701  -1.005963678E-06
    2702  -1.005219347E-06
    2703  -1.004475842E-06
    2704  -1.003733161E-06
    2705  -1.002991303E-06
    2706  -9.363509810E-07
    2707  -9.356594367E-07
    2708  -9.349686582E-07
    2709  -9.342786445E-07
    2710  -9.335893943E-07
    2711  -8.747166988E-07
    2712  -8.740718652E-07
    2713  -8.734277445E-07
    2714  -8.727843354E-07
    2715  -8.721416371E-07
    2716  -8.708867472E-07
    2717  -8.702459181E-07
    2718  -8.696057961E-07
    2719  -8.689663801E-07
    2720  -8.683276690E-07
    2721  -8.314177586E-07
    2722  -8.308070955E-07
    2723  -8.301971050E-07
    2724  -8.295877860E-07
    2725  -8.289791376E-07
    2726  -8.382340054E-07
    2727  -8.376194644E-07
    2728  -8.370055989E-07
    2729  -8.363924080E-07
    2730  -8.357798906E-07
    2731  -8.389114080E-07
    2732  -8.382974955E-07
    2733  -8.376842567E-07
    2734  -8.370716905E-07
    2735  -8.364597960E-07
    2736  -7.982293922E-07
    2737  -7.976463174E-07
    2738  -7.970638813E-07
    2739  -7.964820828E-07
    2740  -7.959009211E-07
    2741  -7.899126235E-07
    2742  -7.893366755E-07
    2743  -7.887613572E-07
    2744  -7.881866677E-07
    2745  -7.876126061E-07
    2746  -7.203861613E-07
    2747  -7.198618628E-07
    2748  -7.193381365E-07
    2749  -7.188149815E-07
    2750  -7.182923970E-07
    2751  -6.824855560E-07
    2752  -6.819897437E-07
    2753  -6.814944716E-07
    2754  -6.809997388E-07
    2755  -6.805055445E-07
    2756  -6.326013267E-07
    2757  -6.321425875E-07
    2758  -6.316843472E-07
    2759  -6.312266049E-07
    2760  -6.307693600E-07
    2761  -5.951420374E-07
    2762  -5.947112433E-07
    2763  -5.942809168E-07
    2764  -5.938510572E-07
    2765  -5.934216638E-07
    2766  -5.861331833E-07
    2767  -5.857096767E-07
    2768  -5.852866289E-07
    2769  -5.848640393E-07
    2770  -5.844419072E-07
    2771  -5.648822743E-07
    2772  -5.644748583E-07
    2773  -5.640678829E-07
    2774  -5.636613475E-07
    2775  -5.632552515E-07
    2776  -5.756107375E-07
    2777  -5.751963309E-07
    2778  -5.747823717E-07
    2779  -5.743688592E-07
    2780  -5.739557928E-07
    2781  -5.560538207E-07
    2782  -5.556542132E-07
    2783  -5.552550363E-07
    2784  -5.548562894E-07
    2785  -5.544579719E-07
    2786  -5.460805691E-07
    2787  -5.456888327E-07
    2788  -5.452975176E-07
    2789  -5.449066233E-07
    2790  -5.445161492E-07
    2791  -5.238644999E-07
    2792  -5.234893731E-07
    2793  -5.231146492E-07
    2794  -5.227403274E-07
    2795  -5.223664073E-07
    2796  -4.837159020E-07
    2797  -4.833701436E-07
    2798  -4.830247559E-07
    2799  -4.826797382E-07
    2800  -4.823350901E-07
    2801  -4.435731074E-07
    2802  -4.432566086E-07
    2803  -4.429404483E-07
    2804  -4.426246263E-07
    2805  -4.423091419E-07
    2806  -3.961424686E-07
    2807  -3.958603158E-07
    2808  -3.955784644E-07
    2809  -3.952969139E-07
    2810  -3.950156639E-07
    2811  -3.720847611E-07
    2812  -3.718202145E-07
    2813  -3.715559500E-07
    2814  -3.712919671E-07
    2815  -3.710282654E-07
    2816  -3.610888746E-07
    2817  -3.608326014E-07
    2818  -3.605766010E-07
    2819  -3.603208729E-07
    2820  -3.600654168E-07
    2821  -3.528858910E-07
    2822  -3.526358833E-07
    2823  -3.523861411E-07
    2824  -3.521366642E-07
    2825  -3.518874522E-07
    2826  -3.472396408E-07
    2827  -3.469940682E-07
    2828  -3.467487561E-07
    2829  -3.465037040E-07
    2830  -3.462589115E-07
    2831  -3.407667957E-07
    2832  -3.405262262E-07
    2833  -3.402859113E-07
    2834  -3.400458507E-07
    2835  -3.398060440E-07
    2836  -3.337690810E-07
    2837  -3.335338667E-07
    2838  -3.332989010E-07
    2839  -3.330641834E-07
    2840  -3.328297137E-07
    2841  -3.190386692E-07
    2842  -3.188142311E-07
    2843  -3.185900299E-07
    2844  -3.183660650E-07
    2845  -3.181423362E-07
    2846  -2.960927178E-07
    2847  -2.958847875E-07
    2848  -2.956770762E-07
    2849  -2.954695835E-07
    2850  -2.952623092E-07
    2851  -2.706154433E-07
    2852  -2.704257374E-07
    2853  -2.702362310E-07
    2854  -2.700469236E-07
    2855  -2.698578151E-07
    2856  -2.501588241E-07
    2857  -2.499837655E-07
    2858  -2.498088905E-07
    2859  -2.496341990E-07
    2860  -2.494596906E-07
    2861  -2.366752714E-07
    2862  -2.365099376E-07
    2863  -2.363447771E-07
    2864  -2.361797894E-07
    2865  -2.360149745E-07
    2866  -2.280647886E-07
    2867  -2.279057476E-07
    2868  -2.277468729E-07
    2869  -2.275881643E-07
    2870  -2.274296215E-07
    2871  -2.239150111E-07
    2872  -2.237591357E-07
    2873  -2.236034230E-07
    2874  -2.234478728E-07
    2875  -2.232924849E-07
    2876  -2.190823811E-07
    2877  -2.189301348E-07
    2878  -2.187780472E-07
    2879  -2.186261180E-07
    2880  -2.184743470E-07
    2881  -2.173505338E-07
    2882  -2.171997530E-07
    2883  -2.170491291E-07
    2884  -2.168986617E-07
    2885  -2.167483508E-07
    2886  -2.124457838E-07
    2887  -2.122986607E-07
    2888  -2.121516904E-07
    2889  -2.120048726E-07
    2890  -2.118582072E-07
    2891  -2.004618568E-07
    2892  -2.003232727E-07
    2893  -2.001848323E-07
    2894  -2.000465354E-07
    2895  -1.999083817E-07
    2896  -1.844860173E-07
    2897  -1.843586978E-07
    2898  -1.842315100E-07
    2899  -1.841044538E-07
    2900  -1.839775290E-07
    2901  -1.643884537E-07
    2902  -1.642751995E-07
    2903  -1.641620623E-07
    2904  -1.640490420E-07
    2905  -1.639361383E-07
    2906  -1.503593333E-07
    2907  -1.502559225E-07
    2908  -1.501526183E-07
    2909  -1.500494206E-07
    2910  -1.499463293E-07
    2911  -1.381963863E-07
    2912  -1.381015038E-07
    2913  -1.380067190E-07
    2914  -1.379120317E-07
    2915  -1.378174418E-07
    2916  -1.312804982E-07
    2917  -1.311905184E-07
    2918  -1.311006311E-07
    2919  -1.310108361E-07
    2920  -1.309211334E-07
    2921  -1.301665640E-07
    2922  -1.300775003E-07
    2923  -1.299885280E-07
    2924  -1.298996469E-07
    2925  -1.298108570E-07
    2926  -1.251096579E-07
    2927  -1.250242004E-07
    2928  -1.249388306E-07
    2929  -1.248535481E-07
    2930  -1.247683529E-07
    2931  -1.253534949E-07
    2932  -1.252680169E-07
    2933  -1.251826263E-07
    2934  -1.250973230E-07
    2935  -1.250121068E-07
    2936  -1.202771332E-07
    2937  -1.201952564E-07
    2938  -1.201134631E-07
    2939  -1.200317532E-07
    2940  -1.199501267E-07
    2941  -1.154960811E-07
    2942  -1.154175924E-07
    2943  -1.153391837E-07
    2944  -1.152608549E-07
    2945  -1.151826059E-07
    2946  -1.109254732E-07
    2947  -1.108502185E-07
    2948  -1.107750403E-07
    2949  -1.106999386E-07
    2950  -1.106249132E-07
    2951  -9.973739841E-08
    2952  -9.966984853E-08
    2953  -9.960236725E-08
    2954  -9.953495448E-08
    2955  -9.946761012E-08
    2956  -9.442919687E-08
    2957  -9.436535022E-08
    2958  -9.430156830E-08
    2959  -9.423785102E-08
    2960  -9.417419830E-08
    2961  -8.876688447E-08
    2962  -8.870696758E-08
    2963  -8.864711132E-08
    2964  -8.858731563E-08
    2965  -8.852758042E-08
    2966  -8.671779626E-08
    2967  -8.665936109E-08
    2968  -8.660098496E-08
    2969  -8.654266780E-08
    2970  -8.648440952E-08
    2971  -8.505889016E-08
    2972  -8.500166925E-08
    2973  -8.494450606E-08
    2974  -8.488740051E-08
    2975  -8.483035252E-08
    2976  -8.226425647E-08
    2977  -8.220900848E-08
    2978  -8.215381613E-08
    2979  -8.209867934E-08
    2980  -8.204359804E-08
    2981  -8.360831183E-08
    2982  -8.355225530E-08
    2983  -8.349625513E-08
    2984  -8.344031124E-08
    2985  -8.338442355E-08
    2986  -8.162979049E-08
    2987  -8.157515207E-08
    2988  -8.152056850E-08
    2989  -8.146603969E-08
    2990  -8.141156557E-08
    2991  -8.034145476E-08
    2992  -8.028776852E-08
    2993  -8.023413608E-08
    2994  -8.018055736E-08
    2995  -8.012703229E-08
    2996  -7.721040876E-08
    2997  -7.715890082E-08
    2998  -7.710744440E-08
    2999  -7.705603943E-08
    3000  -7.700468586E-08
    3001  -7.329724094E-08
    3002  -7.324842493E-08
    3003  -7.319965767E-08
    3004  -7.315093909E-08
    3005  -7.310226914E-08
    3006  -7.332863124E-08
    3007  -7.327987550E-08
    3008  -7.323116837E-08
    3009  -7.318250979E-08
    3010  -7.313389969E-08
    3011  -7.062670950E-08
    3012  -7.057982817E-08
    3013  -7.053299352E-08
    3014  -7.048620546E-08
    3015  -7.043946395E-08
    3016  -6.986382007E-08
    3017  -6.981752198E-08
    3018  -6.977126990E-08
    3019  -6.972506376E-08
    3020  -6.967890350E-08
    3021  -6.905646591E-08
    3022  -6.901077854E-08
    3023  -6.896513649E-08
    3024  -6.891953971E-08
    3025  -6.887398813E-08
    3026  -6.796809767E-08
    3027  -6.792320460E-08
    3028  -6.787835600E-08
    3029  -6.783355181E-08
    3030  -6.778879196E-08
    3031  -6.979808575E-08
    3032  -6.975205998E-08
    3033  -6.970607972E-08
    3034  -6.966014490E-08
    3035  -6.961425548E-08
    3036  -6.859374155E-08
    3037  -6.854858438E-08
    3038  -6.850347179E-08
    3039  -6.845840371E-08
    3040  -6.841338010E-08
    3041  -6.870596331E-08
    3042  -6.866080658E-08
    3043  -6.861569436E-08
    3044  -6.857062658E-08
    3045  -6.852560318E-08
    3046  -6.821499919E-08
    3047  -6.817023869E-08
    3048  -6.812552223E-08
    3049  -6.808084976E-08
    3050  -6.803622121E-08
    3051  -6.910990299E-08
    3052  -6.906462956E-08
    3053  -6.901940059E-08
    3054  -6.897421604E-08
    3055  -6.892907585E-08
    3056  -6.985838579E-08
    3057  -6.981269685E-08
    3058  -6.976705272E-08
    3059  -6.972145334E-08
    3060  -6.967589865E-08
    3061  -6.920132531E-08
    3062  -6.915613998E-08
    3063  -6.911099890E-08
    3064  -6.906590200E-08
    3065  -6.902084922E-08
    3066  -6.975160499E-08
    3067  -6.970613458E-08
    3068  -6.966070863E-08
    3069  -6.961532706E-08
    3070  -6.956998982E-08
    3071  -6.963151783E-08
    3072  -6.958619956E-08
    3073  -6.954092552E-08
    3074  -6.949569565E-08
    3075  -6.945050989E-08
    3076  -7.015739243E-08
    3077  -7.011180608E-08
    3078  -7.006626414E-08
    3079  -7.002076657E-08
    3080  -6.997531330E-08
    3081  -6.939369008E-08
    3082  -6.934867309E-08
    3083  -6.930369989E-08
    3084  -6.925877042E-08
    3085  -6.921388464E-08
    3086  -6.982434649E-08
    3087  -6.977912346E-08
    3088  -6.973394436E-08
    3089  -6.968880912E-08
    3090  -6.964371769E-08
    3091  -7.206435985E-08
    3092  -7.201776150E-08
    3093  -7.197120832E-08
    3094  -7.192470027E-08
    3095  -7.187823729E-08
    3096  -7.243589079E-08
    3097  -7.238912778E-08
    3098  -7.234241005E-08
    3099  -7.229573753E-08
    3100  -7.224911016E-08
    3101  -7.501101830E-08
    3102  -7.496267088E-08
    3103  -7.491437019E-08
    3104  -7.486611617E-08
    3105  -7.481790875E-08
    3106  -7.490465680E-08
    3107  -7.485645561E-08
    3108  -7.480830093E-08
    3109  -7.476019269E-08
    3110  -7.471213085E-08
    3111  -7.780761227E-08
    3112  -7.775762344E-08
    3113  -7.770768277E-08
    3114  -7.765779020E-08
    3115  -7.760794566E-08
    3116  -7.755569671E-08
    3117  -7.750594963E-08
    3118  -7.745625040E-08
    3119  -7.740659896E-08
    3120  -7.735699524E-08
    3121  -7.781784024E-08
    3122  -7.776800492E-08
    3123  -7.771821747E-08
    3124  -7.766847781E-08
    3125  -7.761878589E-08
    3126  -7.868294000E-08
    3127  -7.863263121E-08
    3128  -7.858237066E-08
    3129  -7.853215828E-08
    3130  -7.848199402E-08
    3131  -7.869806090E-08
    3132  -7.864782275E-08
    3133  -7.859763269E-08
    3134  -7.854749066E-08
    3135  -7.849739660E-08
    3136  -8.228306148E-08
    3137  -8.223061848E-08
    3138  -8.217822561E-08
    3139  -8.212588279E-08
    3140  -8.207358996E-08
    3141  -8.411829868E-08
    3142  -8.406477129E-08
    3143  -8.401129497E-08
    3144  -8.395786966E-08
    3145  -8.390449530E-08
    3146  -8.868566579E-08
    3147  -8.862932165E-08
    3148  -8.857303120E-08
    3149  -8.851679435E-08
    3150  -8.846061105E-08
    3151  -9.555920216E-08
    3152  -9.549858738E-08
    3153  -9.543803026E-08
    3154  -9.537753071E-08
    3155  -9.531708868E-08
    3156  -9.813147484E-08
    3157  -9.806932698E-08
    3158  -9.800723813E-08
    3159  -9.794520824E-08
    3160  -9.788323721E-08
    3161  -1.015484065E-07
    3162  -1.014841963E-07
    3163  -1.014200470E-07
    3164  -1.013559585E-07
    3165  -1.012919307E-07
    3166  -1.015898758E-07
    3167  -1.015257408E-07
    3168  -1.014616665E-07
    3169  -1.013976528E-07
    3170  -1.013336997E-07
    3171  -1.015778298E-07
    3172  -1.015138034E-07
    3173  -1.014498376E-07
    3174  -1.013859322E-07
    3175  -1.013220871E-07
    3176  -1.007082396E-07
    3177  -1.006448612E-07
    3178  -1.005815426E-07
    3179  -1.005182838E-07
    3180  -1.004550846E-07
    3181  -9.438802439E-08
    3182  -9.432871681E-08
    3183  -9.426946510E-08
    3184  -9.421026920E-08
    3185  -9.415112905E-08
    3186  -8.913250427E-08
    3187  -8.907658677E-08
    3188  -8.902072187E-08
    3189  -8.896490950E-08
    3190  -8.890914961E-08
    3191  -7.450328421E-08
    3192  -7.445661757E-08
    3193  -7.440999477E-08
    3194  -7.436341574E-08
    3195  -7.431688044E-08
    3196  -5.862143227E-08
    3197  -5.858477096E-08
    3198  -5.854814403E-08
    3199  -5.851155144E-08
    3200  -5.847499315E-08
    3201  -3.816296807E-08
    3202  -3.813913855E-08
    3203  -3.811533135E-08
    3204  -3.809154643E-08
    3205  -3.806778377E-08
    3206  -1.989333325E-08
    3207  -1.988093092E-08
    3208  -1.986854019E-08
    3209  -1.985616104E-08
    3210  -1.984379345E-08
    3211  -7.657991580E-09
    3212  -7.653224701E-09
    3213  -7.648462271E-09
    3214  -7.643704285E-09
    3215  -7.638950738E-09
    3216   8.323311506E-11
    3217   8.318138535E-11
    3218   8.312970384E-11
    3219   8.307807048E-11
    3220   8.302648522E-11
    3221   4.440842374E-09
    3222   4.438086654E-09
    3223   4.435333499E-09
    3224   4.432582904E-09
    3225   4.429834868E-09
    3226   6.860553297E-09
    3227   6.856302644E-09
    3228   6.852055941E-09
    3229   6.847813182E-09
    3230   6.843574362E-09
    3231   8.092765776E-09
    3232   8.087759425E-09
    3233   8.082757719E-09
    3234   8.077760650E-09
    3235   8.072768215E-09
    3236   9.327918417E-09
    3237   9.322156887E-09
    3238   9.316400692E-09
    3239   9.310649828E-09
    3240   9.304904286E-09
    3241   9.877983561E-09
    3242   9.871891681E-09
    3243   9.865805434E-09
    3244   9.859724815E-09
    3245   9.853649815E-09
    3246   1.078519478E-08
    3247   1.077855365E-08
    3248   1.077191865E-08
    3249   1.076528978E-08
    3250   1.075866702E-08
    3251   1.119452699E-08
    3252   1.118764441E-08
    3253   1.118076817E-08
    3254   1.117389826E-08
    3255   1.116703469E-08
    3256   1.155572241E-08
    3257   1.154862866E-08
    3258   1.154154143E-08
    3259   1.153446073E-08
    3260   1.152738655E-08
    3261   1.212042482E-08
    3262   1.211299581E-08
    3263   1.210557363E-08
    3264   1.209815827E-08
    3265   1.209074973E-08
    3266   1.190634783E-08
    3267   1.189906121E-08
    3268   1.189178127E-08
    3269   1.188450801E-08
    3270   1.187724142E-08
    3271   1.233733005E-08
    3272   1.232979119E-08
    3273   1.232225925E-08
    3274   1.231473421E-08
    3275   1.230721605E-08
    3276   1.225895801E-08
    3277   1.225147847E-08
    3278   1.224400578E-08
    3279   1.223653992E-08
    3280   1.222908089E-08
    3281   1.250835669E-08
    3282   1.250073661E-08
    3283   1.249312350E-08
    3284   1.248551734E-08
    3285   1.247791812E-08
    3286   1.265547753E-08
    3287   1.264777955E-08
    3288   1.264008859E-08
    3289   1.263240465E-08
    3290   1.262472771E-08
    3291   1.239066380E-08
    3292   1.238313834E-08
    3293   1.237561974E-08
    3294   1.236810798E-08
    3295   1.236060306E-08
    3296   1.285955855E-08
    3297   1.285176016E-08
    3298   1.284396885E-08
    3299   1.283618463E-08
    3300   1.282840748E-08
    3301   1.262575339E-08
    3302   1.261810836E-08
    3303   1.261047028E-08
    3304   1.260283914E-08
    3305   1.259521491E-08
    3306   1.260280447E-08
    3307   1.259518488E-08
    3308   1.258757220E-08
    3309   1.257996642E-08
    3310   1.257236752E-08
    3311   1.267735405E-08
    3312   1.266970095E-08
    3313   1.266205478E-08
    3314   1.265441553E-08
    3315   1.264678319E-08
    3316   1.256952001E-08
    3317   1.256194345E-08
    3318   1.255437373E-08
    3319   1.254681086E-08
    3320   1.253925481E-08
    3321   1.267465399E-08
    3322   1.266702555E-08
    3323   1.265940399E-08
    3324   1.265178931E-08
    3325   1.264418150E-08
    3326   1.262712740E-08
    3327   1.261953898E-08
    3328   1.261195740E-08
    3329   1.260438265E-08
    3330   1.259681472E-08
    3331   1.249865564E-08
    3332   1.249115570E-08
    3333   1.248366251E-08
    3334   1.247617605E-08
    3335   1.246869633E-08
    3336   1.233634662E-08
    3337   1.232895516E-08
    3338   1.232157035E-08
    3339   1.231419216E-08
    3340   1.230682060E-08
    3341   1.234831679E-08
    3342   1.234092922E-08
    3343   1.233354828E-08
    3344   1.232617396E-08
    3345   1.231880626E-08
    3346   1.244031821E-08
    3347   1.243288672E-08
    3348   1.242546189E-08
    3349   1.241804370E-08
    3350   1.241063216E-08
    3351   1.214286499E-08
    3352   1.213562200E-08
    3353   1.212838549E-08
    3354   1.212115546E-08
    3355   1.211393188E-08
    3356   1.218839093E-08
    3357   1.218113161E-08
    3358   1.217387878E-08
    3359   1.216663242E-08
    3360   1.215939253E-08
    3361   1.204687584E-08
    3362   1.203971148E-08
    3363   1.203255351E-08
    3364   1.202540192E-08
    3365   1.201825670E-08
    3366   1.211267488E-08
    3367   1.210548208E-08
    3368   1.209829569E-08
    3369   1.209111569E-08
    3370   1.208394208E-08
    3371   1.186358167E-08
    3372   1.185654723E-08
    3373   1.184951905E-08
    3374   1.184249711E-08
    3375   1.183548141E-08
    3376   1.169647807E-08
    3377   1.168955298E-08
    3378   1.168263404E-08
    3379   1.167572124E-08
    3380   1.166881457E-08
    3381   1.164063288E-08
    3382   1.163375104E-08
    3383   1.162687530E-08
    3384   1.162000565E-08
    3385   1.161314209E-08
    3386   1.158839568E-08
    3387   1.158155483E-08
    3388   1.157472004E-08
    3389   1.156789129E-08
    3390   1.156106859E-08
    3391   1.146061186E-08
    3392   1.145385641E-08
    3393   1.144710694E-08
    3394   1.144036343E-08
    3395   1.143362588E-08
    3396   1.127977107E-08
    3397   1.127313200E-08
    3398   1.126649880E-08
    3399   1.125987145E-08
    3400   1.125324994E-08
    3401   1.120255061E-08
    3402   1.119596668E-08
    3403   1.118938856E-08
    3404   1.118281623E-08
    3405   1.117624969E-08
    3406   1.096045152E-08
    3407   1.095401933E-08
    3408   1.094759280E-08
    3409   1.094117192E-08
    3410   1.093475669E-08
    3411   1.093471187E-08
    3412   1.092830419E-08
    3413   1.092190214E-08
    3414   1.091550571E-08
    3415   1.090911490E-08
    3416   1.079702288E-08
    3417   1.079070514E-08
    3418   1.078439294E-08
    3419   1.077808628E-08
    3420   1.077178515E-08
    3421   1.050197966E-08
    3422   1.049584354E-08
    3423   1.048971279E-08
    3424   1.048358741E-08
    3425   1.047746739E-08
    3426   1.046550296E-08
    3427   1.045939707E-08
    3428   1.045329652E-08
    3429   1.044720130E-08
    3430   1.044111141E-08
    3431   1.022877161E-08
    3432   1.022281252E-08
    3433   1.021685864E-08
    3434   1.021090996E-08
    3435   1.020496647E-08
    3436   1.009328179E-08
    3437   1.008741018E-08
    3438   1.008154371E-08
    3439   1.007568234E-08
    3440   1.006982609E-08
    3441   1.005214950E-08
    3442   1.004631032E-08
    3443   1.004047622E-08
    3444   1.003464721E-08
    3445   1.002882327E-08
    3446   9.645661068E-09
    3447   9.640066137E-09
    3448   9.634476073E-09
    3449   9.628890870E-09
    3450   9.623310521E-09
    3451   9.738234315E-09
    3452   9.732593866E-09
    3453   9.726958317E-09
    3454   9.721327661E-09
    3455   9.715701892E-09
    3456   9.376107396E-09
    3457   9.370684546E-09
    3458   9.365266399E-09
    3459   9.359852951E-09
    3460   9.354444194E-09
    3461   9.347946013E-09
    3462   9.342547257E-09
    3463   9.337153176E-09
    3464   9.331763766E-09
    3465   9.326379021E-09
    3466   9.142070868E-09
    3467   9.136798625E-09
    3468   9.131530940E-09
    3469   9.126267810E-09
    3470   9.121009229E-09
    3471   8.907546989E-09
    3472   8.902417391E-09
    3473   8.897292222E-09
    3474   8.892171479E-09
    3475   8.887055154E-09
    3476   8.891665855E-09
    3477   8.886552763E-09
    3478   8.881444081E-09
    3479   8.876339803E-09
    3480   8.871239924E-09
    3481   8.583382130E-09
    3482   8.578453400E-09
    3483   8.573528915E-09
    3484   8.568608669E-09
    3485   8.563692657E-09
    3486   8.485314377E-09
    3487   8.480448945E-09
    3488   8.475587696E-09
    3489   8.470730625E-09
    3490   8.465877729E-09
    3491   8.331865892E-09
    3492   8.327095285E-09
    3493   8.322328773E-09
    3494   8.317566354E-09
    3495   8.312808020E-09
    3496   8.172856489E-09
    3497   8.168183615E-09
    3498   8.163514748E-09
    3499   8.158849882E-09
    3500   8.154189014E-09
