      50   6.793459756E-12
      51   5.554944694E-12
      52   5.345324139E-12
      53   5.147349171E-12
      54   4.960172838E-12
      55   4.783023808E-12
      56   1.992279055E-12
      57   1.923579777E-12
      58   1.858373683E-12
      59   1.796427894E-12
      60   1.737528618E-12
      61   1.884002279E-12
      62   1.824192683E-12
      63   1.767186661E-12
      64   1.712811687E-12
      65   1.660908303E-12
      66   3.818580479E-12
      67   3.706269288E-12
      68   3.598841193E-12
      69   3.496017159E-12
      70   3.397537802E-12
      71   1.989546276E-12
      72   1.935038159E-12
      73   1.882739830E-12
      74   1.832533435E-12
      75   1.784308871E-12
      76   3.729120273E-12
      77   3.633501805E-12
      78   3.541514417E-12
      79   3.452976557E-12
      80   3.367717876E-12
      81   4.731297465E-12
      82   4.617290298E-12
      83   4.507354814E-12
      84   4.401299407E-12
      85   4.298943607E-12
      86   5.444009026E-12
      87   5.320281549E-12
      88   5.200724660E-12
      89   5.085153001E-12
      90   4.973391396E-12
      91   1.103248900E-11
      92   1.079523117E-11
      93   1.056554540E-11
      94   1.034311287E-11
      95   1.012763135E-11
      96   9.682438041E-12
      97   9.484837265E-12
      98   9.293224391E-12
      99   9.107359903E-12
     100   8.927016142E-12
     101   1.048605674E-11
     102   1.028244399E-11
     103   1.008470468E-11
     104   9.892615071E-12
     105   9.705961957E-12
     106   1.137013750E-11
     107   1.115957940E-11
     108   1.095481648E-11
     109   1.075563799E-11
     110   1.056184271E-11
     111   1.136293861E-11
     112   1.116182466E-11
     113   1.096600317E-11
     114   1.077529007E-11
     115   1.058950921E-11
     116   1.008466378E-11
     117   9.913737278E-12
     118   9.747119845E-12
     119   9.584667848E-12
     120   9.426243586E-12
     121   8.308203433E-12
     122   8.173110694E-12
     123   8.041286328E-12
     124   7.912625747E-12
     125   7.787028513E-12
     126   6.873728480E-12
     127   6.766326473E-12
     128   6.661422186E-12
     129   6.558938768E-12
     130   6.458802298E-12
     131   7.106018867E-12
     132   6.999161440E-12
     133   6.894696344E-12
     134   6.792552695E-12
     135   6.692662214E-12
     136   4.127375417E-12
     137   4.067558382E-12
     138   4.009032362E-12
     139   3.951760471E-12
     140   3.895707131E-12
     141   0.000000000E+00
     142   0.000000000E+00
     143   0.000000000E+00
     144   0.000000000E+00
     145   0.000000000E+00
     146   2.884634112E-12
     147   2.845652570E-12
     148   2.807455891E-12
     149   2.770023146E-12
     150   2.733334098E-12
     151   1.439553770E-13
     152   1.420736073E-13
     153   1.402284955E-13
     154   1.384190956E-13
     155   1.366444918E-13
     156   2.215799139E-12
     157   2.187751049E-12
     158   2.160232168E-12
     159   2.133229266E-12
     160   2.106729523E-12
     161   3.775029384E-12
     162   3.728710005E-12
     163   3.683237932E-12
     164   3.638592623E-12
     165   3.594754158E-12
     166   1.135210371E-12
     167   1.121695962E-12
     168   1.108421453E-12
     169   1.095381201E-12
     170   1.082569725E-12
     171   1.580998742E-12
     172   1.562721300E-12
     173   1.544758986E-12
     174   1.527104598E-12
     175   1.509751136E-12
     176   8.550898543E-12
     177   8.454821031E-12
     178   8.360353757E-12
     179   8.267460938E-12
     180   8.176107778E-12
     181   3.849928204E-12
     182   3.807852486E-12
     183   3.766462785E-12
     184   3.725744268E-12
     185   3.685682502E-12
     186   1.317866913E-11
     187   1.303847052E-11
     188   1.290049729E-11
     189   1.276470258E-11
     190   1.263104077E-11
     191   1.044442567E-11
     192   1.033619328E-11
     193   1.022963458E-11
     194   1.012471525E-11
     195   1.002140183E-11
     196   1.622491758E-11
     197   1.606102952E-11
     198   1.589961214E-11
     199   1.574061602E-11
     200   1.558399297E-11
     201   1.532684948E-11
     202   1.517584603E-11
     203   1.502706323E-11
     204   1.488045773E-11
     205   1.473598727E-11
     206   0.000000000E+00
     207   0.000000000E+00
     208   0.000000000E+00
     209   0.000000000E+00
     210   0.000000000E+00
     211   0.000000000E+00
     212   0.000000000E+00
     213   0.000000000E+00
     214   0.000000000E+00
     215   0.000000000E+00
     216   0.000000000E+00
     217   0.000000000E+00
     218   0.000000000E+00
     219   0.000000000E+00
     220   0.000000000E+00
     221   0.000000000E+00
     222   0.000000000E+00
     223   0.000000000E+00
     224   0.000000000E+00
     225   0.000000000E+00
     226   0.000000000E+00
     227   0.000000000E+00
     228   0.000000000E+00
     229   0.000000000E+00
     230   0.000000000E+00
     231   0.000000000E+00
     232   0.000000000E+00
     233   0.000000000E+00
     234   0.000000000E+00
     235   0.000000000E+00
     236   0.000000000E+00
     237   0.000000000E+00
     238   0.000000000E+00
     239   0.000000000E+00
     240   0.000000000E+00
     241   0.000000000E+00
     242   0.000000000E+00
     243   0.000000000E+00
     244   0.000000000E+00
     245   0.000000000E+00
     246   0.000000000E+00
     247   0.000000000E+00
     248   0.000000000E+00
     249   0.000000000E+00
     250   0.000000000E+00
     251   3.775258597E-11
     252   3.745414656E-11
     253   3.715923202E-11
     254   3.686778706E-11
     255   3.657975748E-11
     256   8.800561766E-11
     257   8.732340357E-11
     258   8.664909157E-11
     259   8.598256010E-11
     260   8.532368990E-11
     261   5.482204802E-10
     262   5.440515031E-10
     263   5.399299008E-10
     264   5.358549582E-10
     265   5.318259735E-10
     266   6.017201101E-10
     267   5.972296616E-10
     268   5.927892923E-10
     269   5.883982605E-10
     270   5.840558379E-10
     271   1.332098991E-09
     272   1.322340024E-09
     273   1.312687907E-09
     274   1.303141085E-09
     275   1.293698034E-09
     276   1.460116662E-09
     277   1.449612226E-09
     278   1.439220740E-09
     279   1.428940592E-09
     280   1.418770196E-09
     281   1.224104734E-08
     282   1.215453818E-08
     283   1.206894284E-08
     284   1.198424850E-08
     285   1.190044257E-08
     286   2.272133469E-08
     287   2.256354764E-08
     288   2.240739852E-08
     289   2.225286474E-08
     290   2.209992409E-08
     291   3.675236417E-08
     292   3.650149479E-08
     293   3.625318530E-08
     294   3.600740100E-08
     295   3.576410775E-08
     296   4.946871178E-08
     297   4.913670700E-08
     298   4.880803338E-08
     299   4.848264649E-08
     300   4.816050266E-08
     301   6.698001046E-08
     302   6.653789818E-08
     303   6.610014885E-08
     304   6.566670525E-08
     305   6.523751110E-08
     306   1.168007377E-07
     307   1.160422914E-07
     308   1.152912086E-07
     309   1.145473943E-07
     310   1.138107551E-07
     311   1.162810221E-07
     312   1.155380124E-07
     313   1.148021015E-07
     314   1.140731992E-07
     315   1.133512170E-07
     316   1.380902044E-07
     317   1.372217125E-07
     318   1.363613883E-07
     319   1.355091296E-07
     320   1.346648360E-07
     321   1.763423151E-07
     322   1.752504123E-07
     323   1.741686196E-07
     324   1.730968127E-07
     325   1.720348691E-07
     326   1.897074087E-07
     327   1.885506562E-07
     328   1.874044516E-07
     329   1.862686671E-07
     330   1.851431766E-07
     331   2.385593406E-07
     332   2.371265517E-07
     333   2.357066323E-07
     334   2.342994285E-07
     335   2.329047890E-07
     336   2.417962586E-07
     337   2.403655115E-07
     338   2.389474259E-07
     339   2.375418528E-07
     340   2.361486455E-07
     341   3.081515959E-07
     342   3.063547936E-07
     343   3.045736611E-07
     344   3.028080167E-07
     345   3.010576813E-07
     346   3.531674436E-07
     347   3.511377456E-07
     348   3.491254949E-07
     349   3.471304921E-07
     350   3.451525406E-07
     351   3.292756273E-07
     352   3.274100430E-07
     353   3.255602688E-07
     354   3.237261264E-07
     355   3.219074403E-07
     356   4.208506223E-07
     357   4.184995015E-07
     358   4.161680280E-07
     359   4.138559834E-07
     360   4.115631525E-07
     361   3.800416253E-07
     362   3.779477321E-07
     363   3.758710962E-07
     364   3.738115285E-07
     365   3.717688426E-07
     366   5.220713832E-07
     367   5.192340388E-07
     368   5.164197621E-07
     369   5.136283039E-07
     370   5.108594182E-07
     371   4.892645816E-07
     372   4.866411790E-07
     373   4.840388198E-07
     374   4.814572794E-07
     375   4.788963364E-07
     376   5.395558524E-07
     377   5.367010595E-07
     378   5.338688640E-07
     379   5.310590278E-07
     380   5.282713164E-07
     381   6.225344246E-07
     382   6.192835921E-07
     383   6.160581567E-07
     384   6.128578546E-07
     385   6.096824253E-07
     386   5.808122968E-07
     387   5.778184190E-07
     388   5.748476302E-07
     389   5.718996937E-07
     390   5.689743755E-07
     391   7.148408117E-07
     392   7.112029450E-07
     393   7.075927777E-07
     394   7.040100295E-07
     395   7.004544233E-07
     396   6.989238130E-07
     397   6.954116330E-07
     398   6.919258604E-07
     399   6.884662311E-07
     400   6.850324843E-07
     401   7.984822768E-07
     402   7.945195856E-07
     403   7.905863203E-07
     404   7.866821904E-07
     405   7.828069086E-07
     406   8.737903070E-07
     407   8.695070212E-07
     408   8.652551531E-07
     409   8.610343963E-07
     410   8.568444479E-07
     411   8.764228480E-07
     412   8.721786696E-07
     413   8.679652461E-07
     414   8.637822810E-07
     415   8.596294816E-07
     416   9.680687063E-07
     417   9.634367986E-07
     418   9.588380550E-07
     419   9.542721595E-07
     420   9.497388000E-07
     421   1.005787322E-06
     422   1.001031827E-06
     423   9.963099786E-07
     424   9.916214611E-07
     425   9.869659613E-07
     426   1.075297298E-06
     427   1.070272544E-06
     428   1.065282928E-06
     429   1.060328124E-06
     430   1.055407808E-06
     431   1.133641138E-06
     432   1.128404920E-06
     433   1.123204898E-06
     434   1.118040737E-06
     435   1.112912110E-06
     436   1.234723650E-06
     437   1.229085643E-06
     438   1.223486164E-06
     439   1.217924863E-06
     440   1.212401394E-06
     441   1.240903057E-06
     442   1.235300786E-06
     443   1.229736368E-06
     444   1.224209463E-06
     445   1.218719734E-06
     446   1.356146270E-06
     447   1.350092045E-06
     448   1.344078272E-06
     449   1.338104591E-06
     450   1.332170646E-06
     451   1.381355358E-06
     452   1.375256659E-06
     453   1.369198260E-06
     454   1.363179806E-06
     455   1.357200947E-06
     456   1.468347379E-06
     457   1.461935382E-06
     458   1.455565293E-06
     459   1.449236748E-06
     460   1.442949387E-06
     461   1.557907008E-06
     462   1.551177388E-06
     463   1.544491279E-06
     464   1.537848306E-06
     465   1.531248098E-06
     466   1.509335055E-06
     467   1.502884905E-06
     468   1.496476014E-06
     469   1.490108031E-06
     470   1.483780609E-06
     471   1.800981761E-06
     472   1.793366616E-06
     473   1.785799668E-06
     474   1.778280511E-06
     475   1.770808745E-06
     476   1.713798242E-06
     477   1.706627538E-06
     478   1.699501745E-06
     479   1.692420487E-06
     480   1.685383396E-06
     481   1.920409890E-06
     482   1.912457883E-06
     483   1.904555164E-06
     484   1.896701328E-06
     485   1.888895973E-06
     486   1.881300807E-06
     487   1.873590558E-06
     488   1.865927611E-06
     489   1.858311580E-06
     490   1.850742083E-06
     491   1.900019756E-06
     492   1.892311765E-06
     493   1.884650584E-06
     494   1.877035834E-06
     495   1.869467141E-06
     496   2.226669488E-06
     497   2.217727040E-06
     498   2.208838354E-06
     499   2.200003001E-06
     500   2.191220554E-06
     501   2.047233162E-06
     502   2.039093070E-06
     503   2.031001430E-06
     504   2.022957860E-06
     505   2.014961979E-06
     506   2.320560367E-06
     507   2.311424302E-06
     508   2.302342085E-06
     509   2.293313292E-06
     510   2.284337506E-06
     511   2.289923862E-06
     512   2.280996284E-06
     513   2.272120812E-06
     514   2.263297042E-06
     515   2.254524573E-06
     516   2.385196955E-06
     517   2.375987700E-06
     518   2.366831679E-06
     519   2.357728480E-06
     520   2.348677699E-06
     521   2.670919665E-06
     522   2.660705823E-06
     523   2.650550458E-06
     524   2.640453123E-06
     525   2.630413377E-06
     526   2.377678323E-06
     527   2.368671965E-06
     528   2.359716684E-06
     529   2.350812093E-06
     530   2.341957810E-06
     531   2.859471771E-06
     532   2.848742046E-06
     533   2.838072600E-06
     534   2.827462983E-06
     535   2.816912748E-06
     536   2.778227026E-06
     537   2.767899045E-06
     538   2.757628547E-06
     539   2.747415108E-06
     540   2.737258306E-06
     541   3.114338370E-06
     542   3.102867511E-06
     543   3.091459910E-06
     544   3.080115103E-06
     545   3.068832630E-06
     546   3.177355846E-06
     547   3.165759657E-06
     548   3.154226835E-06
     549   3.142756919E-06
     550   3.131349453E-06
     551   2.870015588E-06
     552   2.859635785E-06
     553   2.849312190E-06
     554   2.839044398E-06
     555   2.828832008E-06
     556   3.439220213E-06
     557   3.426893259E-06
     558   3.414632460E-06
     559   3.402437344E-06
     560   3.390307443E-06
     561   3.281158593E-06
     562   3.269502613E-06
     563   3.257908632E-06
     564   3.246376212E-06
     565   3.234904918E-06
     566   3.658092182E-06
     567   3.645211576E-06
     568   3.632398881E-06
     569   3.619653622E-06
     570   3.606975326E-06
     571   3.604657929E-06
     572   3.592076226E-06
     573   3.579560281E-06
     574   3.567109637E-06
     575   3.554723840E-06
     576   3.691157863E-06
     577   3.678385690E-06
     578   3.665679695E-06
     579   3.653039420E-06
     580   3.640464413E-06
     581   4.006188786E-06
     582   3.992445428E-06
     583   3.978772670E-06
     584   3.965170028E-06
     585   3.951637024E-06
     586   3.855680721E-06
     587   3.842566160E-06
     588   3.829518397E-06
     589   3.816536979E-06
     590   3.803621456E-06
     591   4.308285174E-06
     592   4.293754701E-06
     593   4.279297614E-06
     594   4.264913421E-06
     595   4.250601631E-06
     596   4.401998704E-06
     597   4.387276300E-06
     598   4.372627631E-06
     599   4.358052206E-06
     600   4.343549536E-06
     601   4.537685925E-06
     602   4.522635557E-06
     603   4.507659943E-06
     604   4.492758588E-06
     605   4.477931002E-06
     606   4.582508783E-06
     607   4.567434741E-06
     608   4.552434955E-06
     609   4.537508939E-06
     610   4.522656209E-06
     611   4.352088345E-06
     612   4.337889035E-06
     613   4.323759104E-06
     614   4.309698099E-06
     615   4.295705572E-06
     616   5.019355904E-06
     617   5.003112034E-06
     618   4.986946890E-06
     619   4.970859964E-06
     620   4.954850753E-06
     621   4.889613915E-06
     622   4.873916920E-06
     623   4.858295391E-06
     624   4.842748846E-06
     625   4.827276805E-06
     626   5.212065967E-06
     627   5.195467031E-06
     628   5.178947263E-06
     629   5.162506161E-06
     630   5.146143225E-06
     631   5.130919359E-06
     632   5.114707924E-06
     633   5.098573199E-06
     634   5.082514700E-06
     635   5.066531950E-06
     636   5.415840551E-06
     637   5.398862994E-06
     638   5.381965144E-06
     639   5.365146503E-06
     640   5.348406577E-06
     641   5.702068208E-06
     642   5.684332382E-06
     643   5.666679175E-06
     644   5.649108077E-06
     645   5.631618579E-06
     646   5.376847426E-06
     647   5.360252217E-06
     648   5.343733721E-06
     649   5.327291463E-06
     650   5.310924976E-06
     651   5.949915558E-06
     652   5.931692233E-06
     653   5.913552502E-06
     654   5.895495853E-06
     655   5.877521780E-06
     656   5.919755328E-06
     657   5.901762151E-06
     658   5.883850885E-06
     659   5.866021034E-06
     660   5.848272105E-06
     661   6.433224950E-06
     662   6.413818540E-06
     663   6.394499810E-06
     664   6.375268231E-06
     665   6.356123281E-06
     666   6.971222141E-06
     667   6.950350218E-06
     668   6.929571892E-06
     669   6.908886602E-06
     670   6.888293796E-06
     671   6.921522232E-06
     672   6.900953072E-06
     673   6.880475467E-06
     674   6.860088873E-06
     675   6.839792752E-06
     676   7.678325220E-06
     677   7.655675293E-06
     678   7.633125439E-06
     679   7.610675070E-06
     680   7.588323602E-06
     681   7.426081605E-06
     682   7.404336124E-06
     683   7.382686019E-06
     684   7.361130731E-06
     685   7.339669708E-06
     686   8.193198983E-06
     687   8.169381544E-06
     688   8.145667810E-06
     689   8.122057178E-06
     690   8.098549053E-06
     691   8.023753299E-06
     692   8.000596724E-06
     693   7.977540249E-06
     694   7.954583299E-06
     695   7.931725301E-06
     696   8.049037810E-06
     697   8.025974664E-06
     698   8.003010502E-06
     699   7.980144758E-06
     700   7.957376870E-06
     701   8.971648375E-06
     702   8.946124482E-06
     703   8.920709356E-06
     704   8.895402379E-06
     705   8.870202939E-06
     706   8.024550632E-06
     707   8.001882410E-06
     708   7.979310104E-06
     709   7.956833175E-06
     710   7.934451084E-06
     711   8.838858055E-06
     712   8.814064624E-06
     713   8.789375368E-06
     714   8.764789702E-06
     715   8.740307050E-06
     716   8.493314074E-06
     717   8.469655818E-06
     718   8.446096275E-06
     719   8.422634896E-06
     720   8.399271138E-06
     721   9.423876654E-06
     722   9.397807839E-06
     723   9.371847044E-06
     724   9.345993673E-06
     725   9.320247134E-06
     726   1.058948375E-05
     727   1.056039176E-05
     728   1.053141949E-05
     729   1.050256629E-05
     730   1.047383150E-05
     731   1.102019997E-05
     732   1.099013121E-05
     733   1.096018535E-05
     734   1.093036172E-05
     735   1.090065965E-05
     736   1.317372571E-05
     737   1.313802456E-05
     738   1.310246834E-05
     739   1.306705626E-05
     740   1.303178755E-05
     741   1.348500714E-05
     742   1.344870833E-05
     743   1.341255589E-05
     744   1.337654903E-05
     745   1.334068696E-05
     746   1.458719784E-05
     747   1.454819464E-05
     748   1.450934766E-05
     749   1.447065606E-05
     750   1.443211903E-05
     751   1.479931696E-05
     752   1.476000934E-05
     753   1.472085813E-05
     754   1.468186248E-05
     755   1.464302157E-05
     756   1.464693568E-05
     757   1.460828941E-05
     758   1.456979590E-05
     759   1.453145433E-05
     760   1.449326391E-05
     761   1.813196951E-05
     762   1.808444141E-05
     763   1.803709994E-05
     764   1.798994412E-05
     765   1.794297299E-05
     766   1.828814029E-05
     767   1.824051493E-05
     768   1.819307536E-05
     769   1.814582062E-05
     770   1.809874974E-05
     771   2.011879825E-05
     772   2.006674444E-05
     773   2.001489239E-05
     774   1.996324105E-05
     775   1.991178940E-05
     776   1.959277866E-05
     777   1.954241162E-05
     778   1.949223854E-05
     779   1.944225845E-05
     780   1.939247033E-05
     781   1.899725250E-05
     782   1.894872823E-05
     783   1.890038964E-05
     784   1.885223578E-05
     785   1.880426572E-05
     786   1.670229457E-05
     787   1.665990296E-05
     788   1.661767253E-05
     789   1.657560248E-05
     790   1.653369198E-05
     791   1.353731370E-05
     792   1.350317168E-05
     793   1.346915865E-05
     794   1.343527397E-05
     795   1.340151700E-05
     796   1.015578782E-05
     797   1.013033471E-05
     798   1.010497718E-05
     799   1.007971474E-05
     800   1.005454691E-05
     801   5.797528831E-06
     802   5.783089158E-06
     803   5.768703364E-06
     804   5.754371182E-06
     805   5.740092345E-06
     806   1.603200098E-06
     807   1.599231781E-06
     808   1.595278180E-06
     809   1.591339221E-06
     810   1.587414833E-06
     811  -1.919722976E-06
     812  -1.915000411E-06
     813  -1.910295250E-06
     814  -1.905607409E-06
     815  -1.900936802E-06
     816  -3.996949814E-06
     817  -3.987177320E-06
     818  -3.977440623E-06
     819  -3.967739549E-06
     820  -3.958073922E-06
     821  -2.713953538E-06
     822  -2.707358268E-06
     823  -2.700787010E-06
     824  -2.694239648E-06
     825  -2.687716065E-06
     826   5.636232246E-06
     827   5.622618159E-06
     828   5.609053338E-06
     829   5.595537547E-06
     830   5.582070549E-06
     831   2.442323996E-05
     832   2.436460072E-05
     833   2.430617243E-05
     834   2.424795405E-05
     835   2.418994459E-05
     836   5.135138347E-05
     837   5.122882647E-05
     838   5.110670769E-05
     839   5.098502505E-05
     840   5.086377648E-05
     841   8.943661658E-05
     842   8.922443007E-05
     843   8.901299777E-05
     844   8.880231612E-05
     845   8.859238156E-05
     846   1.462615379E-04
     847   1.459165815E-04
     848   1.455728439E-04
     849   1.452303196E-04
     850   1.448890028E-04
     851   1.919062766E-04
     852   1.914563205E-04
     853   1.910079450E-04
     854   1.905611428E-04
     855   1.901159065E-04
     856   2.488026037E-04
     857   2.482226443E-04
     858   2.476447103E-04
     859   2.470687924E-04
     860   2.464948811E-04
     861   2.719443121E-04
     862   2.713140820E-04
     863   2.706860401E-04
     864   2.700601765E-04
     865   2.694364809E-04
     866   3.133312270E-04
     867   3.126092657E-04
     868   3.118897967E-04
     869   3.111728087E-04
     870   3.104582902E-04
     871   3.287172672E-04
     872   3.279641922E-04
     873   3.272137020E-04
     874   3.264657850E-04
     875   3.257204293E-04
     876   2.758484174E-04
     877   2.752200611E-04
     878   2.745938494E-04
     879   2.739697725E-04
     880   2.733478206E-04
     881   1.730449628E-04
     882   1.726530150E-04
     883   1.722623973E-04
     884   1.718731037E-04
     885   1.714851283E-04
     886  -4.939405434E-05
     887  -4.928280647E-05
     888  -4.917193402E-05
     889  -4.906143529E-05
     890  -4.895130861E-05
     891  -4.095333560E-04
     892  -4.086161481E-04
     893  -4.077020180E-04
     894  -4.067909520E-04
     895  -4.058829365E-04
     896  -8.867888299E-04
     897  -8.848137991E-04
     898  -8.828453591E-04
     899  -8.808834805E-04
     900  -8.789281342E-04
     901  -1.371754799E-03
     902  -1.368716583E-03
     903  -1.365688449E-03
     904  -1.362670353E-03
     905  -1.359662250E-03
     906  -1.894736373E-03
     907  -1.890562944E-03
     908  -1.886403290E-03
     909  -1.882257349E-03
     910  -1.878125060E-03
     911  -2.060342716E-03
     912  -2.055829370E-03
     913  -2.051330837E-03
     914  -2.046847054E-03
     915  -2.042377955E-03
     916  -2.233612062E-03
     917  -2.228745805E-03
     918  -2.223895433E-03
     919  -2.219060878E-03
     920  -2.214242070E-03
     921  -2.004048068E-03
     922  -1.999705602E-03
     923  -1.995377235E-03
     924  -1.991062906E-03
     925  -1.986762554E-03
     926  -1.530988258E-03
     927  -1.527688715E-03
     928  -1.524399826E-03
     929  -1.521121547E-03
     930  -1.517853832E-03
     931  -6.080108700E-04
     932  -6.067075241E-04
     933  -6.054083645E-04
     934  -6.041133733E-04
     935  -6.028225328E-04
     936   1.211217432E-03
     937   1.208634879E-03
     938   1.206060577E-03
     939   1.203494491E-03
     940   1.200936585E-03
     941   4.412498616E-03
     942   4.403140188E-03
     943   4.393811501E-03
     944   4.384512430E-03
     945   4.375242847E-03
     946   8.559247191E-03
     947   8.541189707E-03
     948   8.523189307E-03
     949   8.505245751E-03
     950   8.487358799E-03
     951   1.367779744E-02
     952   1.364909272E-02
     953   1.362047827E-02
     954   1.359195371E-02
     955   1.356351866E-02
     956   1.806759372E-02
     957   1.802987431E-02
     958   1.799227291E-02
     959   1.795478901E-02
     960   1.791742212E-02
     961   2.011799058E-02
     962   2.007620866E-02
     963   2.003455678E-02
     964   1.999303438E-02
     965   1.995164094E-02
     966   2.394147910E-02
     967   2.389201323E-02
     968   2.384270051E-02
     969   2.379354030E-02
     970   2.374453198E-02
     971   2.289795939E-02
     972   2.285089267E-02
     973   2.280397092E-02
     974   2.275719355E-02
     975   2.271055995E-02
     976   2.468885430E-02
     977   2.463836585E-02
     978   2.458803211E-02
     979   2.453785245E-02
     980   2.448782625E-02
     981   2.313478558E-02
     982   2.308771583E-02
     983   2.304078957E-02
     984   2.299400625E-02
     985   2.294736526E-02
     986   2.082867659E-02
     987   2.078651328E-02
     988   2.074447786E-02
     989   2.070256983E-02
     990   2.066078866E-02
     991   1.900649451E-02
     992   1.896821355E-02
     993   1.893004813E-02
     994   1.889199779E-02
     995   1.885406205E-02
     996   1.418008578E-02
     997   1.415166877E-02
     998   1.412333710E-02
     999   1.409509043E-02
    1000   1.406692841E-02
    1001   8.913474610E-03
    1002   8.895700982E-03
    1003   8.877980462E-03
    1004   8.860312839E-03
    1005   8.842697903E-03
    1006   4.174106033E-03
    1007   4.165824077E-03
    1008   4.157566745E-03
    1009   4.149333939E-03
    1010   4.141125563E-03
    1011   8.953339515E-04
    1012   8.935662636E-04
    1013   8.918038055E-04
    1014   8.900465566E-04
    1015   8.882944964E-04
    1016  -1.164075034E-03
    1017  -1.161788050E-03
    1018  -1.159507798E-03
    1019  -1.157234253E-03
    1020  -1.154967389E-03
    1021  -2.228547198E-03
    1022  -2.224190312E-03
    1023  -2.219846190E-03
    1024  -2.215514783E-03
    1025  -2.211196041E-03
    1026  -2.794560975E-03
    1027  -2.789124086E-03
    1028  -2.783703048E-03
    1029  -2.778297799E-03
    1030  -2.772908279E-03
    1031  -2.954460662E-03
    1032  -2.948740506E-03
    1033  -2.943036946E-03
    1034  -2.937349918E-03
    1035  -2.931679358E-03
    1036  -2.909615026E-03
    1037  -2.904008831E-03
    1038  -2.898418824E-03
    1039  -2.892844941E-03
    1040  -2.887287122E-03
    1041  -2.647296816E-03
    1042  -2.642220504E-03
    1043  -2.637158779E-03
    1044  -2.632111585E-03
    1045  -2.627078867E-03
    1046  -2.001146470E-03
    1047  -1.997327489E-03
    1048  -1.993519429E-03
    1049  -1.989722249E-03
    1050  -1.985935908E-03
    1051  -1.325691369E-03
    1052  -1.323173437E-03
    1053  -1.320662671E-03
    1054  -1.318159046E-03
    1055  -1.315662532E-03
    1056  -6.720732435E-04
    1057  -6.708027836E-04
    1058  -6.695359229E-04
    1059  -6.682726475E-04
    1060  -6.670129441E-04
    1061  -2.173164177E-04
    1062  -2.169075439E-04
    1063  -2.164998230E-04
    1064  -2.160932505E-04
    1065  -2.156878223E-04
    1066   7.837878400E-05
    1067   7.823200725E-05
    1068   7.808564241E-05
    1069   7.793968794E-05
    1070   7.779414230E-05
    1071   2.353848222E-04
    1072   2.349460807E-04
    1073   2.345085647E-04
    1074   2.340722697E-04
    1075   2.336371911E-04
    1076   2.934677319E-04
    1077   2.929232648E-04
    1078   2.923803116E-04
    1079   2.918388666E-04
    1080   2.912989242E-04
    1081   3.152345340E-04
    1082   3.146523834E-04
    1083   3.140718439E-04
    1084   3.134929097E-04
    1085   3.129155746E-04
    1086   2.852083969E-04
    1087   2.846841168E-04
    1088   2.841612809E-04
    1089   2.836398841E-04
    1090   2.831199210E-04
    1091   2.346690611E-04
    1092   2.342396575E-04
    1093   2.338114314E-04
    1094   2.333843786E-04
    1095   2.329584947E-04
    1096   1.725985488E-04
    1097   1.722841617E-04
    1098   1.719706327E-04
    1099   1.716579588E-04
    1100   1.713461369E-04
    1101   1.023349073E-04
    1102   1.021493499E-04
    1103   1.019642967E-04
    1104   1.017797460E-04
    1105   1.015956958E-04
    1106   3.300952415E-05
    1107   3.294994017E-05
    1108   3.289051737E-05
    1109   3.283125518E-05
    1110   3.277215301E-05
    1111  -1.985126097E-05
    1112  -1.981558934E-05
    1113  -1.978001378E-05
    1114  -1.974453393E-05
    1115  -1.970914946E-05
    1116  -5.740725763E-05
    1117  -5.730456128E-05
    1118  -5.720214026E-05
    1119  -5.709999358E-05
    1120  -5.699812027E-05
    1121  -8.432744291E-05
    1122  -8.417726047E-05
    1123  -8.402747886E-05
    1124  -8.387809668E-05
    1125  -8.372911249E-05
    1126  -9.259681089E-05
    1127  -9.243263215E-05
    1128  -9.226888966E-05
    1129  -9.210558189E-05
    1130  -9.194270730E-05
    1131  -9.457762021E-05
    1132  -9.441066943E-05
    1133  -9.424416031E-05
    1134  -9.407809130E-05
    1135  -9.391246086E-05
    1136  -8.964777631E-05
    1137  -8.949022310E-05
    1138  -8.933308486E-05
    1139  -8.917636015E-05
    1140  -8.902004752E-05
    1141  -8.007905853E-05
    1142  -7.993893769E-05
    1143  -7.979918431E-05
    1144  -7.965979708E-05
    1145  -7.952077475E-05
    1146  -6.996092182E-05
    1147  -6.983903868E-05
    1148  -6.971747378E-05
    1149  -6.959622600E-05
    1150  -6.947529424E-05
    1151  -5.254571430E-05
    1152  -5.245456822E-05
    1153  -5.236365909E-05
    1154  -5.227298608E-05
    1155  -5.218254839E-05
    1156  -4.149351493E-05
    1157  -4.142185083E-05
    1158  -4.135037223E-05
    1159  -4.127907848E-05
    1160  -4.120796896E-05
    1161  -3.094874735E-05
    1162  -3.089552509E-05
    1163  -3.084243999E-05
    1164  -3.078949160E-05
    1165  -3.073667943E-05
    1166  -2.512990219E-05
    1167  -2.508687153E-05
    1168  -2.504395131E-05
    1169  -2.500114114E-05
    1170  -2.495844064E-05
    1171  -2.190600976E-05
    1172  -2.186865936E-05
    1173  -2.183140440E-05
    1174  -2.179424457E-05
    1175  -2.175717952E-05
    1176  -1.942133661E-05
    1177  -1.938836320E-05
    1178  -1.935547370E-05
    1179  -1.932266781E-05
    1180  -1.928994526E-05
    1181  -2.037090275E-05
    1182  -2.033646335E-05
    1183  -2.030211122E-05
    1184  -2.026784605E-05
    1185  -2.023366756E-05
    1186  -2.158511087E-05
    1187  -2.154877230E-05
    1188  -2.151252542E-05
    1189  -2.147636991E-05
    1190  -2.144030548E-05
    1191  -2.120476092E-05
    1192  -2.116921229E-05
    1193  -2.113375297E-05
    1194  -2.109838267E-05
    1195  -2.106310110E-05
    1196  -2.153453705E-05
    1197  -2.149858624E-05
    1198  -2.146272537E-05
    1199  -2.142695417E-05
    1200  -2.139127231E-05
    1201  -1.968310160E-05
    1202  -1.965037824E-05
    1203  -1.961773641E-05
    1204  -1.958517586E-05
    1205  -1.955269629E-05
    1206  -1.981019075E-05
    1207  -1.977739242E-05
    1208  -1.974467547E-05
    1209  -1.971203965E-05
    1210  -1.967948467E-05
    1211  -1.895727133E-05
    1212  -1.892601450E-05
    1213  -1.889483490E-05
    1214  -1.886373229E-05
    1215  -1.883270642E-05
    1216  -1.991564906E-05
    1217  -1.988294685E-05
    1218  -1.985032511E-05
    1219  -1.981778360E-05
    1220  -1.978532203E-05
    1221  -2.128459790E-05
    1222  -2.124979071E-05
    1223  -2.121506883E-05
    1224  -2.118043198E-05
    1225  -2.114587989E-05
    1226  -2.121191966E-05
    1227  -2.117737256E-05
    1228  -2.114290979E-05
    1229  -2.110853107E-05
    1230  -2.107423614E-05
    1231  -2.292642412E-05
    1232  -2.288923608E-05
    1233  -2.285213846E-05
    1234  -2.281513094E-05
    1235  -2.277821326E-05
    1236  -2.161545776E-05
    1237  -2.158053780E-05
    1238  -2.154570239E-05
    1239  -2.151095125E-05
    1240  -2.147628413E-05
    1241  -2.068842648E-05
    1242  -2.065513858E-05
    1243  -2.062193096E-05
    1244  -2.058880336E-05
    1245  -2.055575552E-05
    1246  -2.006660431E-05
    1247  -2.003444629E-05
    1248  -2.000236551E-05
    1249  -1.997036173E-05
    1250  -1.993843469E-05
    1251  -1.801784926E-05
    1252  -1.798908972E-05
    1253  -1.796039899E-05
    1254  -1.793177684E-05
    1255  -1.790322305E-05
    1256  -1.804774718E-05
    1257  -1.801905442E-05
    1258  -1.799043003E-05
    1259  -1.796187379E-05
    1260  -1.793338549E-05
    1261  -1.636542849E-05
    1262  -1.633951332E-05
    1263  -1.631365966E-05
    1264  -1.628786731E-05
    1265  -1.626213608E-05
    1266  -1.653616446E-05
    1267  -1.651008218E-05
    1268  -1.648406157E-05
    1269  -1.645810241E-05
    1270  -1.643220453E-05
    1271  -1.645426702E-05
    1272  -1.642841586E-05
    1273  -1.640262556E-05
    1274  -1.637689596E-05
    1275  -1.635122684E-05
    1276  -1.610592728E-05
    1277  -1.608072238E-05
    1278  -1.605557661E-05
    1279  -1.603048977E-05
    1280  -1.600546169E-05
    1281  -1.633803995E-05
    1282  -1.631257146E-05
    1283  -1.628716247E-05
    1284  -1.626181280E-05
    1285  -1.623652226E-05
    1286  -1.602899419E-05
    1287  -1.600410445E-05
    1288  -1.597927263E-05
    1289  -1.595449857E-05
    1290  -1.592978207E-05
    1291  -1.660395831E-05
    1292  -1.657827547E-05
    1293  -1.655265217E-05
    1294  -1.652708823E-05
    1295  -1.650158346E-05
    1296  -1.567044830E-05
    1297  -1.564630277E-05
    1298  -1.562221300E-05
    1299  -1.559817883E-05
    1300  -1.557420007E-05
    1301  -1.509116705E-05
    1302  -1.506800333E-05
    1303  -1.504489289E-05
    1304  -1.502183559E-05
    1305  -1.499883125E-05
    1306  -1.443634351E-05
    1307  -1.441426959E-05
    1308  -1.439224626E-05
    1309  -1.437027336E-05
    1310  -1.434835075E-05
    1311  -1.402384832E-05
    1312  -1.400248678E-05
    1313  -1.398117402E-05
    1314  -1.395990987E-05
    1315  -1.393869421E-05
    1316  -1.413891332E-05
    1317  -1.411745822E-05
    1318  -1.409605191E-05
    1319  -1.407469426E-05
    1320  -1.405338511E-05
    1321  -1.365916791E-05
    1322  -1.363851913E-05
    1323  -1.361791714E-05
    1324  -1.359736179E-05
    1325  -1.357685295E-05
    1326  -1.397989766E-05
    1327  -1.395884359E-05
    1328  -1.393783706E-05
    1329  -1.391687790E-05
    1330  -1.389596599E-05
    1331  -1.388378209E-05
    1332  -1.386295121E-05
    1333  -1.384216718E-05
    1334  -1.382142985E-05
    1335  -1.380073909E-05
    1336  -1.387094210E-05
    1337  -1.385020826E-05
    1338  -1.382952086E-05
    1339  -1.380887979E-05
    1340  -1.378828489E-05
    1341  -1.364724451E-05
    1342  -1.362692099E-05
    1343  -1.360664284E-05
    1344  -1.358640991E-05
    1345  -1.356622208E-05
    1346  -1.336072859E-05
    1347  -1.334090555E-05
    1348  -1.332112660E-05
    1349  -1.330139159E-05
    1350  -1.328170041E-05
    1351  -1.326136257E-05
    1352  -1.324175967E-05
    1353  -1.322220020E-05
    1354  -1.320268404E-05
    1355  -1.318321106E-05
    1356  -1.327019087E-05
    1357  -1.325064715E-05
    1358  -1.323114656E-05
    1359  -1.321168899E-05
    1360  -1.319227431E-05
    1361  -1.305162880E-05
    1362  -1.303247747E-05
    1363  -1.301336827E-05
    1364  -1.299430106E-05
    1365  -1.297527573E-05
    1366  -1.278215808E-05
    1367  -1.276347072E-05
    1368  -1.274482430E-05
    1369  -1.272621872E-05
    1370  -1.270765385E-05
    1371  -1.283604910E-05
    1372  -1.281735129E-05
    1373  -1.279869430E-05
    1374  -1.278007802E-05
    1375  -1.276150232E-05
    1376  -1.340670559E-05
    1377  -1.338724738E-05
    1378  -1.336783150E-05
    1379  -1.334845784E-05
    1380  -1.332912625E-05
    1381  -1.296859767E-05
    1382  -1.294984338E-05
    1383  -1.293112973E-05
    1384  -1.291245662E-05
    1385  -1.289382392E-05
    1386  -1.322412430E-05
    1387  -1.320506936E-05
    1388  -1.318605558E-05
    1389  -1.316708284E-05
    1390  -1.314815102E-05
    1391  -1.256568876E-05
    1392  -1.254764757E-05
    1393  -1.252964520E-05
    1394  -1.251168155E-05
    1395  -1.249375651E-05
    1396  -1.272477695E-05
    1397  -1.270657269E-05
    1398  -1.268840747E-05
    1399  -1.267028117E-05
    1400  -1.265219369E-05
    1401  -1.243250046E-05
    1402  -1.241477773E-05
    1403  -1.239709286E-05
    1404  -1.237944575E-05
    1405  -1.236183630E-05
    1406  -1.170356396E-05
    1407  -1.168693957E-05
    1408  -1.167035059E-05
    1409  -1.165379690E-05
    1410  -1.163727841E-05
    1411  -1.177936878E-05
    1412  -1.176269593E-05
    1413  -1.174605846E-05
    1414  -1.172945625E-05
    1415  -1.171288923E-05
    1416  -1.153130334E-05
    1417  -1.151503916E-05
    1418  -1.149880937E-05
    1419  -1.148261386E-05
    1420  -1.146645255E-05
    1421  -1.172298182E-05
    1422  -1.170650538E-05
    1423  -1.169006366E-05
    1424  -1.167365656E-05
    1425  -1.165728397E-05
    1426  -1.190593221E-05
    1427  -1.188925723E-05
    1428  -1.187261726E-05
    1429  -1.185601220E-05
    1430  -1.183944196E-05
    1431  -1.156335377E-05
    1432  -1.154721511E-05
    1433  -1.153111021E-05
    1434  -1.151503897E-05
    1435  -1.149900131E-05
    1436  -1.175372300E-05
    1437  -1.173737568E-05
    1438  -1.172106244E-05
    1439  -1.170478319E-05
    1440  -1.168853783E-05
    1441  -1.146629246E-05
    1442  -1.145040016E-05
    1443  -1.143454088E-05
    1444  -1.141871453E-05
    1445  -1.140292101E-05
    1446  -1.132865299E-05
    1447  -1.131300568E-05
    1448  -1.129739076E-05
    1449  -1.128180815E-05
    1450  -1.126625776E-05
    1451  -1.126056243E-05
    1452  -1.124506268E-05
    1453  -1.122959492E-05
    1454  -1.121415905E-05
    1455  -1.119875499E-05
    1456  -1.063580398E-05
    1457  -1.062121440E-05
    1458  -1.060665482E-05
    1459  -1.059212516E-05
    1460  -1.057762533E-05
    1461  -1.110823087E-05
    1462  -1.109304532E-05
    1463  -1.107789089E-05
    1464  -1.106276749E-05
    1465  -1.104767504E-05
    1466  -1.056903856E-05
    1467  -1.055463932E-05
    1468  -1.054026949E-05
    1469  -1.052592899E-05
    1470  -1.051161773E-05
    1471  -1.080257962E-05
    1472  -1.078791217E-05
    1473  -1.077327457E-05
    1474  -1.075866674E-05
    1475  -1.074408860E-05
    1476  -1.057553393E-05
    1477  -1.056122333E-05
    1478  -1.054694176E-05
    1479  -1.053268914E-05
    1480  -1.051846538E-05
    1481  -1.076657650E-05
    1482  -1.075205651E-05
    1483  -1.073756587E-05
    1484  -1.072310450E-05
    1485  -1.070867232E-05
    1486  -1.092957691E-05
    1487  -1.091488662E-05
    1488  -1.090022592E-05
    1489  -1.088559475E-05
    1490  -1.087099301E-05
    1491  -1.042893909E-05
    1492  -1.041496864E-05
    1493  -1.040102624E-05
    1494  -1.038711183E-05
    1495  -1.037322531E-05
    1496  -1.021865687E-05
    1497  -1.020501381E-05
    1498  -1.019139804E-05
    1499  -1.017780951E-05
    1500  -1.016424814E-05
    1501  -9.973750248E-06
    1502  -9.960478458E-06
    1503  -9.947233141E-06
    1504  -9.934014226E-06
    1505  -9.920821644E-06
    1506  -9.739382070E-06
    1507  -9.726465117E-06
    1508  -9.713573845E-06
    1509  -9.700708184E-06
    1510  -9.687868067E-06
    1511  -9.692840475E-06
    1512  -9.680027731E-06
    1513  -9.667240376E-06
    1514  -9.654478343E-06
    1515  -9.641741564E-06
    1516  -9.408874443E-06
    1517  -9.396478034E-06
    1518  -9.384106108E-06
    1519  -9.371758600E-06
    1520  -9.359435446E-06
    1521  -9.465768212E-06
    1522  -9.453337788E-06
    1523  -9.440931833E-06
    1524  -9.428550283E-06
    1525  -9.416193074E-06
    1526  -9.644434063E-06
    1527  -9.631810458E-06
    1528  -9.619211622E-06
    1529  -9.606637489E-06
    1530  -9.594087995E-06
    1531  -9.550167869E-06
    1532  -9.537708420E-06
    1533  -9.525273337E-06
    1534  -9.512862558E-06
    1535  -9.500476018E-06
    1536  -9.333146692E-06
    1537  -9.321009961E-06
    1538  -9.308896887E-06
    1539  -9.296807411E-06
    1540  -9.284741470E-06
    1541  -9.009011048E-06
    1542  -8.997333781E-06
    1543  -8.985679204E-06
    1544  -8.974047257E-06
    1545  -8.962437881E-06
    1546  -9.010300994E-06
    1547  -8.998659779E-06
    1548  -8.987041109E-06
    1549  -8.975444927E-06
    1550  -8.963871174E-06
    1551  -8.320120421E-06
    1552  -8.309405521E-06
    1553  -8.298711305E-06
    1554  -8.288037721E-06
    1555  -8.277384717E-06
    1556  -8.262225894E-06
    1557  -8.251619699E-06
    1558  -8.241033913E-06
    1559  -8.230468485E-06
    1560  -8.219923362E-06
    1561  -7.929153988E-06
    1562  -7.919007917E-06
    1563  -7.908881309E-06
    1564  -7.898774112E-06
    1565  -7.888686278E-06
    1566  -7.867977164E-06
    1567  -7.857941478E-06
    1568  -7.847924982E-06
    1569  -7.837927625E-06
    1570  -7.827949360E-06
    1571  -7.845976702E-06
    1572  -7.836000889E-06
    1573  -7.826044090E-06
    1574  -7.816106256E-06
    1575  -7.806187339E-06
    1576  -7.757246389E-06
    1577  -7.747414644E-06
    1578  -7.737601579E-06
    1579  -7.727807147E-06
    1580  -7.718031300E-06
    1581  -7.713788802E-06
    1582  -7.704043017E-06
    1583  -7.694315690E-06
    1584  -7.684606775E-06
    1585  -7.674916224E-06
    1586  -7.664758859E-06
    1587  -7.655105511E-06
    1588  -7.645470387E-06
    1589  -7.635853444E-06
    1590  -7.626254633E-06
    1591  -7.582547222E-06
    1592  -7.573027389E-06
    1593  -7.563525472E-06
    1594  -7.554041428E-06
    1595  -7.544575210E-06
    1596  -7.206486567E-06
    1597  -7.197467184E-06
    1598  -7.188464724E-06
    1599  -7.179479143E-06
    1600  -7.170510399E-06
    1601  -6.989832474E-06
    1602  -6.981111535E-06
    1603  -6.972406907E-06
    1604  -6.963718549E-06
    1605  -6.955046422E-06
    1606  -6.811597762E-06
    1607  -6.803125626E-06
    1608  -6.794669286E-06
    1609  -6.786228703E-06
    1610  -6.777803838E-06
    1611  -6.684694792E-06
    1612  -6.676406268E-06
    1613  -6.668133150E-06
    1614  -6.659875400E-06
    1615  -6.651632980E-06
    1616  -6.522342975E-06
    1617  -6.514280747E-06
    1618  -6.506233457E-06
    1619  -6.498201070E-06
    1620  -6.490183549E-06
    1621  -6.351727539E-06
    1622  -6.343900395E-06
    1623  -6.336087709E-06
    1624  -6.328289448E-06
    1625  -6.320505574E-06
    1626  -6.433084909E-06
    1627  -6.425181856E-06
    1628  -6.417293358E-06
    1629  -6.409419378E-06
    1630  -6.401559881E-06
    1631  -6.482963862E-06
    1632  -6.475023918E-06
    1633  -6.467098553E-06
    1634  -6.459187729E-06
    1635  -6.451291411E-06
    1636  -6.242811288E-06
    1637  -6.235188808E-06
    1638  -6.227580280E-06
    1639  -6.219985670E-06
    1640  -6.212404944E-06
    1641  -6.171947243E-06
    1642  -6.164434222E-06
    1643  -6.156934910E-06
    1644  -6.149449275E-06
    1645  -6.141977283E-06
    1646  -5.869040439E-06
    1647  -5.861917817E-06
    1648  -5.854808154E-06
    1649  -5.847711416E-06
    1650  -5.840627575E-06
    1651  -5.655595674E-06
    1652  -5.648752848E-06
    1653  -5.641922433E-06
    1654  -5.635104400E-06
    1655  -5.628298718E-06
    1656  -5.322206365E-06
    1657  -5.315786333E-06
    1658  -5.309377911E-06
    1659  -5.302981070E-06
    1660  -5.296595782E-06
    1661  -5.074654213E-06
    1662  -5.068551202E-06
    1663  -5.062459193E-06
    1664  -5.056378161E-06
    1665  -5.050308079E-06
    1666  -5.044015815E-06
    1667  -5.037967835E-06
    1668  -5.031930725E-06
    1669  -5.025904461E-06
    1670  -5.019889016E-06
    1671  -4.985995962E-06
    1672  -4.980035417E-06
    1673  -4.974085554E-06
    1674  -4.968146347E-06
    1675  -4.962217772E-06
    1676  -4.985671177E-06
    1677  -4.979728780E-06
    1678  -4.973797001E-06
    1679  -4.967875814E-06
    1680  -4.961965194E-06
    1681  -4.904533522E-06
    1682  -4.898705199E-06
    1683  -4.892887259E-06
    1684  -4.887079678E-06
    1685  -4.881282431E-06
    1686  -4.753077223E-06
    1687  -4.747445615E-06
    1688  -4.741824010E-06
    1689  -4.736212384E-06
    1690  -4.730610713E-06
    1691  -4.690045373E-06
    1692  -4.684504859E-06
    1693  -4.678974157E-06
    1694  -4.673453243E-06
    1695  -4.667942095E-06
    1696  -4.429078016E-06
    1697  -4.423861199E-06
    1698  -4.418653593E-06
    1699  -4.413455177E-06
    1700  -4.408265929E-06
    1701  -4.309371365E-06
    1702  -4.304310447E-06
    1703  -4.299258440E-06
    1704  -4.294215321E-06
    1705  -4.289181071E-06
    1706  -4.035550379E-06
    1707  -4.030824910E-06
    1708  -4.026107737E-06
    1709  -4.021398839E-06
    1710  -4.016698197E-06
    1711  -3.889618445E-06
    1712  -3.885077151E-06
    1713  -3.880543805E-06
    1714  -3.876018390E-06
    1715  -3.871500886E-06
    1716  -3.911183539E-06
    1717  -3.906630357E-06
    1718  -3.902085121E-06
    1719  -3.897547812E-06
    1720  -3.893018413E-06
    1721  -3.767923565E-06
    1722  -3.763549887E-06
    1723  -3.759183820E-06
    1724  -3.754825346E-06
    1725  -3.750474448E-06
    1726  -3.869531940E-06
    1727  -3.865053315E-06
    1728  -3.860582461E-06
    1729  -3.856119360E-06
    1730  -3.851663994E-06
    1731  -3.718978737E-06
    1732  -3.714686782E-06
    1733  -3.710402253E-06
    1734  -3.706125132E-06
    1735  -3.701855403E-06
    1736  -3.678213302E-06
    1737  -3.673980605E-06
    1738  -3.669755211E-06
    1739  -3.665537101E-06
    1740  -3.661326260E-06
    1741  -3.565171818E-06
    1742  -3.561080973E-06
    1743  -3.556997165E-06
    1744  -3.552920377E-06
    1745  -3.548850594E-06
    1746  -3.293140756E-06
    1747  -3.289372860E-06
    1748  -3.285611427E-06
    1749  -3.281856443E-06
    1750  -3.278107892E-06
    1751  -3.162787832E-06
    1752  -3.159179403E-06
    1753  -3.155577146E-06
    1754  -3.151981047E-06
    1755  -3.148391091E-06
    1756  -2.915634413E-06
    1757  -2.912317423E-06
    1758  -2.909006090E-06
    1759  -2.905700401E-06
    1760  -2.902400344E-06
    1761  -2.846386424E-06
    1762  -2.843157398E-06
    1763  -2.839933864E-06
    1764  -2.836715809E-06
    1765  -2.833503220E-06
    1766  -2.666588122E-06
    1767  -2.663571620E-06
    1768  -2.660560233E-06
    1769  -2.657553950E-06
    1770  -2.654552760E-06
    1771  -2.635148734E-06
    1772  -2.632176203E-06
    1773  -2.629208699E-06
    1774  -2.626246210E-06
    1775  -2.623288726E-06
    1776  -2.651389549E-06
    1777  -2.648407108E-06
    1778  -2.645429697E-06
    1779  -2.642457304E-06
    1780  -2.639489918E-06
    1781  -2.586403529E-06
    1782  -2.583502347E-06
    1783  -2.580606044E-06
    1784  -2.577714609E-06
    1785  -2.574828030E-06
    1786  -2.551541180E-06
    1787  -2.548687107E-06
    1788  -2.545837821E-06
    1789  -2.542993309E-06
    1790  -2.540153562E-06
    1791  -2.423272929E-06
    1792  -2.420569891E-06
    1793  -2.417871374E-06
    1794  -2.415177367E-06
    1795  -2.412487860E-06
    1796  -2.324160448E-06
    1797  -2.321575175E-06
    1798  -2.318994213E-06
    1799  -2.316417553E-06
    1800  -2.313845185E-06
    1801  -2.177762803E-06
    1802  -2.175347093E-06
    1803  -2.172935400E-06
    1804  -2.170527715E-06
    1805  -2.168124030E-06
    1806  -2.017162500E-06
    1807  -2.014931126E-06
    1808  -2.012703452E-06
    1809  -2.010479470E-06
    1810  -2.008259172E-06
    1811  -1.949739058E-06
    1812  -1.947588215E-06
    1813  -1.945440929E-06
    1814  -1.943297193E-06
    1815  -1.941156998E-06
    1816  -1.864562100E-06
    1817  -1.862510876E-06
    1818  -1.860463036E-06
    1819  -1.858418571E-06
    1820  -1.856377474E-06
    1821  -1.882970801E-06
    1822  -1.880905008E-06
    1823  -1.878842612E-06
    1824  -1.876783606E-06
    1825  -1.874727984E-06
    1826  -1.815672665E-06
    1827  -1.813686153E-06
    1828  -1.811702898E-06
    1829  -1.809722895E-06
    1830  -1.807746136E-06
    1831  -1.772086293E-06
    1832  -1.770152756E-06
    1833  -1.768222383E-06
    1834  -1.766295165E-06
    1835  -1.764371096E-06
    1836  -1.748021828E-06
    1837  -1.746119737E-06
    1838  -1.744220749E-06
    1839  -1.742324856E-06
    1840  -1.740432054E-06
    1841  -1.675225269E-06
    1842  -1.673407336E-06
    1843  -1.671592360E-06
    1844  -1.669780336E-06
    1845  -1.667971257E-06
    1846  -1.569388260E-06
    1847  -1.567689788E-06
    1848  -1.565994071E-06
    1849  -1.564301105E-06
    1850  -1.562610882E-06
    1851  -1.419960725E-06
    1852  -1.418428118E-06
    1853  -1.416897990E-06
    1854  -1.415370337E-06
    1855  -1.413845154E-06
    1856  -1.302102854E-06
    1857  -1.300701237E-06
    1858  -1.299301881E-06
    1859  -1.297904782E-06
    1860  -1.296509936E-06
    1861  -1.238739285E-06
    1862  -1.237409452E-06
    1863  -1.236081759E-06
    1864  -1.234756202E-06
    1865  -1.233432777E-06
    1866  -1.185726604E-06
    1867  -1.184457089E-06
    1868  -1.183189613E-06
    1869  -1.181924169E-06
    1870  -1.180660755E-06
    1871  -1.177078929E-06
    1872  -1.175822037E-06
    1873  -1.174567158E-06
    1874  -1.173314286E-06
    1875  -1.172063418E-06
    1876  -1.125537038E-06
    1877  -1.124338383E-06
    1878  -1.123141642E-06
    1879  -1.121946811E-06
    1880  -1.120753885E-06
    1881  -1.131320505E-06
    1882  -1.130118890E-06
    1883  -1.128919189E-06
    1884  -1.127721397E-06
    1885  -1.126525510E-06
    1886  -1.085377398E-06
    1887  -1.084227634E-06
    1888  -1.083079696E-06
    1889  -1.081933580E-06
    1890  -1.080789282E-06
    1891  -1.041315234E-06
    1892  -1.040215060E-06
    1893  -1.039116628E-06
    1894  -1.038019935E-06
    1895  -1.036924977E-06
    1896  -1.000479412E-06
    1897  -9.994251656E-07
    1898  -9.983725851E-07
    1899  -9.973216666E-07
    1900  -9.962724065E-07
    1901  -8.914339910E-07
    1902  -8.904971187E-07
    1903  -8.895617226E-07
    1904  -8.886277995E-07
    1905  -8.876953464E-07
    1906  -8.509065778E-07
    1907  -8.500146421E-07
    1908  -8.491241082E-07
    1909  -8.482349730E-07
    1910  -8.473472336E-07
    1911  -7.954401591E-07
    1912  -7.946085436E-07
    1913  -7.937782317E-07
    1914  -7.929492205E-07
    1915  -7.921215073E-07
    1916  -7.695610672E-07
    1917  -7.687586052E-07
    1918  -7.679573977E-07
    1919  -7.671574420E-07
    1920  -7.663587357E-07
    1921  -7.479151420E-07
    1922  -7.471372791E-07
    1923  -7.463606292E-07
    1924  -7.455851895E-07
    1925  -7.448109578E-07
    1926  -7.372959726E-07
    1927  -7.365311428E-07
    1928  -7.357675024E-07
    1929  -7.350050490E-07
    1930  -7.342437802E-07
    1931  -7.392052477E-07
    1932  -7.384404208E-07
    1933  -7.376767802E-07
    1934  -7.369143236E-07
    1935  -7.361530485E-07
    1936  -7.019936978E-07
    1937  -7.012692461E-07
    1938  -7.005459153E-07
    1939  -6.998237030E-07
    1940  -6.991026069E-07
    1941  -6.651732439E-07
    1942  -6.644885571E-07
    1943  -6.638049269E-07
    1944  -6.631223512E-07
    1945  -6.624408277E-07
    1946  -6.248475497E-07
    1947  -6.242060224E-07
    1948  -6.235654826E-07
    1949  -6.229259283E-07
    1950  -6.222873574E-07
    1951  -5.556880597E-07
    1952  -5.551189987E-07
    1953  -5.545508114E-07
    1954  -5.539834960E-07
    1955  -5.534170507E-07
    1956  -5.255020133E-07
    1957  -5.249652391E-07
    1958  -5.244292868E-07
    1959  -5.238941549E-07
    1960  -5.233598416E-07
    1961  -4.685697274E-07
    1962  -4.680923257E-07
    1963  -4.676156533E-07
    1964  -4.671397086E-07
    1965  -4.666644902E-07
    1966  -4.576705097E-07
    1967  -4.572053974E-07
    1968  -4.567409937E-07
    1969  -4.562772973E-07
    1970  -4.558143066E-07
    1971  -4.489424174E-07
    1972  -4.484873313E-07
    1973  -4.480329368E-07
    1974  -4.475792326E-07
    1975  -4.471262172E-07
    1976  -4.330667182E-07
    1977  -4.326288347E-07
    1978  -4.321916151E-07
    1979  -4.317550579E-07
    1980  -4.313191619E-07
    1981  -4.309797604E-07
    1982  -4.305450859E-07
    1983  -4.301110687E-07
    1984  -4.296777074E-07
    1985  -4.292450007E-07
    1986  -4.089437097E-07
    1987  -4.085322975E-07
    1988  -4.081215058E-07
    1989  -4.077113335E-07
    1990  -4.073017791E-07
    1991  -4.077495503E-07
    1992  -4.073403686E-07
    1993  -4.069318026E-07
    1994  -4.065238509E-07
    1995  -4.061165124E-07
    1996  -3.803383477E-07
    1997  -3.799576286E-07
    1998  -3.795774809E-07
    1999  -3.791979034E-07
    2000  -3.788188950E-07
    2001  -3.494613963E-07
    2002  -3.491124583E-07
    2003  -3.487640427E-07
    2004  -3.484161484E-07
    2005  -3.480687743E-07
    2006  -3.330023024E-07
    2007  -3.326706268E-07
    2008  -3.323394465E-07
    2009  -3.320087605E-07
    2010  -3.316785678E-07
    2011  -3.132494913E-07
    2012  -3.129382648E-07
    2013  -3.126275018E-07
    2014  -3.123172016E-07
    2015  -3.120073631E-07
    2016  -3.099165047E-07
    2017  -3.096093526E-07
    2018  -3.093026568E-07
    2019  -3.089964166E-07
    2020  -3.086906309E-07
    2021  -3.004885348E-07
    2022  -3.001914626E-07
    2023  -2.998948307E-07
    2024  -2.995986383E-07
    2025  -2.993028845E-07
    2026  -2.943941143E-07
    2027  -2.941037848E-07
    2028  -2.938138846E-07
    2029  -2.935244128E-07
    2030  -2.932353686E-07
    2031  -2.972297575E-07
    2032  -2.969373524E-07
    2033  -2.966453786E-07
    2034  -2.963538353E-07
    2035  -2.960627215E-07
    2036  -2.843817546E-07
    2037  -2.841026753E-07
    2038  -2.838240067E-07
    2039  -2.835457479E-07
    2040  -2.832678981E-07
    2041  -2.872695523E-07
    2042  -2.869883290E-07
    2043  -2.867075185E-07
    2044  -2.864271200E-07
    2045  -2.861471326E-07
    2046  -2.735605296E-07
    2047  -2.732933806E-07
    2048  -2.730266228E-07
    2049  -2.727602554E-07
    2050  -2.724942775E-07
    2051  -2.669916351E-07
    2052  -2.667315361E-07
    2053  -2.664718170E-07
    2054  -2.662124770E-07
    2055  -2.659535154E-07
    2056  -2.622203346E-07
    2057  -2.619655043E-07
    2058  -2.617110454E-07
    2059  -2.614569570E-07
    2060  -2.612032384E-07
    2061  -2.556354150E-07
    2062  -2.553875862E-07
    2063  -2.551401176E-07
    2064  -2.548930086E-07
    2065  -2.546462583E-07
    2066  -2.537251777E-07
    2067  -2.534797955E-07
    2068  -2.532347691E-07
    2069  -2.529900978E-07
    2070  -2.527457810E-07
    2071  -2.467967443E-07
    2072  -2.465586384E-07
    2073  -2.463208769E-07
    2074  -2.460834592E-07
    2075  -2.458463846E-07
    2076  -2.516172346E-07
    2077  -2.513750621E-07
    2078  -2.511332391E-07
    2079  -2.508917648E-07
    2080  -2.506506386E-07
    2081  -2.503842778E-07
    2082  -2.501438705E-07
    2083  -2.499038092E-07
    2084  -2.496640933E-07
    2085  -2.494247222E-07
    2086  -2.514773274E-07
    2087  -2.512364488E-07
    2088  -2.509959160E-07
    2089  -2.507557285E-07
    2090  -2.505158857E-07
    2091  -2.465846506E-07
    2092  -2.463490227E-07
    2093  -2.461137323E-07
    2094  -2.458787789E-07
    2095  -2.456441617E-07
    2096  -2.514960980E-07
    2097  -2.512563495E-07
    2098  -2.510169438E-07
    2099  -2.507778800E-07
    2100  -2.505391576E-07
    2101  -2.550523958E-07
    2102  -2.548098353E-07
    2103  -2.545676206E-07
    2104  -2.543257512E-07
    2105  -2.540842262E-07
    2106  -2.488718954E-07
    2107  -2.486357740E-07
    2108  -2.483999886E-07
    2109  -2.481645384E-07
    2110  -2.479294227E-07
    2111  -2.546254095E-07
    2112  -2.543844011E-07
    2113  -2.541437347E-07
    2114  -2.539034096E-07
    2115  -2.536634253E-07
    2116  -2.549249688E-07
    2117  -2.546842465E-07
    2118  -2.544438649E-07
    2119  -2.542038236E-07
    2120  -2.539641217E-07
    2121  -2.569964967E-07
    2122  -2.567543898E-07
    2123  -2.565126249E-07
    2124  -2.562712012E-07
    2125  -2.560301182E-07
    2126  -2.551971264E-07
    2127  -2.549572795E-07
    2128  -2.547177706E-07
    2129  -2.544785990E-07
    2130  -2.542397640E-07
    2131  -2.575225500E-07
    2132  -2.572810849E-07
    2133  -2.570399592E-07
    2134  -2.567991724E-07
    2135  -2.565587237E-07
    2136  -2.638138104E-07
    2137  -2.635670248E-07
    2138  -2.633205853E-07
    2139  -2.630744913E-07
    2140  -2.628287421E-07
    2141  -2.659127663E-07
    2142  -2.656645975E-07
    2143  -2.654167761E-07
    2144  -2.651693012E-07
    2145  -2.649221724E-07
    2146  -2.737215864E-07
    2147  -2.734667246E-07
    2148  -2.732122186E-07
    2149  -2.729580677E-07
    2150  -2.727042712E-07
    2151  -2.772555599E-07
    2152  -2.769980071E-07
    2153  -2.767408130E-07
    2154  -2.764839770E-07
    2155  -2.762274984E-07
    2156  -2.828549406E-07
    2157  -2.825927951E-07
    2158  -2.823310139E-07
    2159  -2.820695963E-07
    2160  -2.818085416E-07
    2161  -2.976783444E-07
    2162  -2.974030986E-07
    2163  -2.971282344E-07
    2164  -2.968537510E-07
    2165  -2.965796478E-07
    2166  -2.922555378E-07
    2167  -2.919859294E-07
    2168  -2.917166939E-07
    2169  -2.914478306E-07
    2170  -2.911793388E-07
    2171  -2.959302816E-07
    2172  -2.956579113E-07
    2173  -2.953859169E-07
    2174  -2.951142977E-07
    2175  -2.948430529E-07
    2176  -2.944204666E-07
    2177  -2.941501080E-07
    2178  -2.938801217E-07
    2179  -2.936105069E-07
    2180  -2.933412630E-07
    2181  -3.019125649E-07
    2182  -3.016359615E-07
    2183  -3.013597381E-07
    2184  -3.010838939E-07
    2185  -3.008084283E-07
    2186  -3.061105968E-07
    2187  -3.058307882E-07
    2188  -3.055513631E-07
    2189  -3.052723207E-07
    2190  -3.049936605E-07
    2191  -3.064003580E-07
    2192  -3.061209232E-07
    2193  -3.058418704E-07
    2194  -3.055631989E-07
    2195  -3.052849082E-07
    2196  -3.225324739E-07
    2197  -3.222389958E-07
    2198  -3.219459181E-07
    2199  -3.216532399E-07
    2200  -3.213609608E-07
    2201  -3.242193256E-07
    2202  -3.239249821E-07
    2203  -3.236310393E-07
    2204  -3.233374964E-07
    2205  -3.230443527E-07
    2206  -3.364120787E-07
    2207  -3.361073576E-07
    2208  -3.358030504E-07
    2209  -3.354991562E-07
    2210  -3.351956744E-07
    2211  -3.375076461E-07
    2212  -3.372026233E-07
    2213  -3.368980139E-07
    2214  -3.365938171E-07
    2215  -3.362900320E-07
    2216  -3.366746425E-07
    2217  -3.363710586E-07
    2218  -3.360678850E-07
    2219  -3.357651211E-07
    2220  -3.354627662E-07
    2221  -3.501780267E-07
    2222  -3.498629767E-07
    2223  -3.495483517E-07
    2224  -3.492341510E-07
    2225  -3.489203737E-07
    2226  -3.438511618E-07
    2227  -3.435424983E-07
    2228  -3.432342502E-07
    2229  -3.429264168E-07
    2230  -3.426189973E-07
    2231  -3.533256108E-07
    2232  -3.530091526E-07
    2233  -3.526931193E-07
    2234  -3.523775103E-07
    2235  -3.520623247E-07
    2236  -3.538894563E-07
    2237  -3.535732012E-07
    2238  -3.532573699E-07
    2239  -3.529419615E-07
    2240  -3.526269754E-07
    2241  -3.517466074E-07
    2242  -3.514329680E-07
    2243  -3.511197479E-07
    2244  -3.508069464E-07
    2245  -3.504945626E-07
    2246  -3.715191006E-07
    2247  -3.711885676E-07
    2248  -3.708584755E-07
    2249  -3.705288235E-07
    2250  -3.701996109E-07
    2251  -3.686622647E-07
    2252  -3.683350013E-07
    2253  -3.680081734E-07
    2254  -3.676817804E-07
    2255  -3.673558213E-07
    2256  -3.812033727E-07
    2257  -3.808657258E-07
    2258  -3.805285273E-07
    2259  -3.801917764E-07
    2260  -3.798554723E-07
    2261  -3.811945865E-07
    2262  -3.808576934E-07
    2263  -3.805212467E-07
    2264  -3.801852456E-07
    2265  -3.798496893E-07
    2266  -3.866437836E-07
    2267  -3.863028279E-07
    2268  -3.859623230E-07
    2269  -3.856222681E-07
    2270  -3.852826624E-07
    2271  -3.946404004E-07
    2272  -3.942931585E-07
    2273  -3.939463747E-07
    2274  -3.936000482E-07
    2275  -3.932541782E-07
    2276  -3.854950131E-07
    2277  -3.851565627E-07
    2278  -3.848185578E-07
    2279  -3.844809976E-07
    2280  -3.841438815E-07
    2281  -3.971428521E-07
    2282  -3.967949389E-07
    2283  -3.964474828E-07
    2284  -3.961004828E-07
    2285  -3.957539382E-07
    2286  -3.968286681E-07
    2287  -3.964817899E-07
    2288  -3.961353663E-07
    2289  -3.957893965E-07
    2290  -3.954438798E-07
    2291  -4.004248527E-07
    2292  -4.000755942E-07
    2293  -3.997267925E-07
    2294  -3.993784467E-07
    2295  -3.990305561E-07
    2296  -4.032341985E-07
    2297  -4.028832549E-07
    2298  -4.025327693E-07
    2299  -4.021827408E-07
    2300  -4.018331686E-07
    2301  -3.996319032E-07
    2302  -3.992848499E-07
    2303  -3.989382484E-07
    2304  -3.985920981E-07
    2305  -3.982463981E-07
    2306  -4.166242072E-07
    2307  -4.162631810E-07
    2308  -4.159026239E-07
    2309  -4.155425350E-07
    2310  -4.151829136E-07
    2311  -4.124952309E-07
    2312  -4.121385553E-07
    2313  -4.117823422E-07
    2314  -4.114265908E-07
    2315  -4.110713001E-07
    2316  -4.178566549E-07
    2317  -4.174961229E-07
    2318  -4.171360572E-07
    2319  -4.167764572E-07
    2320  -4.164173219E-07
    2321  -4.158205102E-07
    2322  -4.154625072E-07
    2323  -4.151049663E-07
    2324  -4.147478868E-07
    2325  -4.143912678E-07
    2326  -4.167257923E-07
    2327  -4.163677805E-07
    2328  -4.160102298E-07
    2329  -4.156531394E-07
    2330  -4.152965087E-07
    2331  -4.241623732E-07
    2332  -4.237987535E-07
    2333  -4.234356012E-07
    2334  -4.230729154E-07
    2335  -4.227106955E-07
    2336  -4.178999244E-07
    2337  -4.175424394E-07
    2338  -4.171854129E-07
    2339  -4.168288442E-07
    2340  -4.164727324E-07
    2341  -4.226906560E-07
    2342  -4.223298445E-07
    2343  -4.219694948E-07
    2344  -4.216096061E-07
    2345  -4.212501776E-07
    2346  -4.198323908E-07
    2347  -4.194747823E-07
    2348  -4.191176305E-07
    2349  -4.187609346E-07
    2350  -4.184046940E-07
    2351  -4.254443161E-07
    2352  -4.250826975E-07
    2353  -4.247215397E-07
    2354  -4.243608420E-07
    2355  -4.240006036E-07
    2356  -4.188180467E-07
    2357  -4.184628151E-07
    2358  -4.181080353E-07
    2359  -4.177537064E-07
    2360  -4.173998278E-07
    2361  -4.193610459E-07
    2362  -4.190061064E-07
    2363  -4.186516173E-07
    2364  -4.182975778E-07
    2365  -4.179439873E-07
    2366  -4.264171084E-07
    2367  -4.260569588E-07
    2368  -4.256972653E-07
    2369  -4.253380271E-07
    2370  -4.249792434E-07
    2371  -4.226837418E-07
    2372  -4.223274976E-07
    2373  -4.219717036E-07
    2374  -4.216163590E-07
    2375  -4.212614631E-07
    2376  -4.225756163E-07
    2377  -4.222202121E-07
    2378  -4.218652560E-07
    2379  -4.215107474E-07
    2380  -4.211566855E-07
    2381  -4.246006483E-07
    2382  -4.242442902E-07
    2383  -4.238883806E-07
    2384  -4.235329186E-07
    2385  -4.231779036E-07
    2386  -4.191952455E-07
    2387  -4.188441607E-07
    2388  -4.184935168E-07
    2389  -4.181433130E-07
    2390  -4.177935486E-07
    2391  -4.261119945E-07
    2392  -4.257558624E-07
    2393  -4.254001767E-07
    2394  -4.250449364E-07
    2395  -4.246901410E-07
    2396  -4.157758567E-07
    2397  -4.154290879E-07
    2398  -4.150827527E-07
    2399  -4.147368504E-07
    2400  -4.143913803E-07
    2401  -4.212913234E-07
    2402  -4.209406856E-07
    2403  -4.205904853E-07
    2404  -4.202407219E-07
    2405  -4.198913947E-07
    2406  -4.160725856E-07
    2407  -4.157270104E-07
    2408  -4.153818655E-07
    2409  -4.150371503E-07
    2410  -4.146928640E-07
    2411  -4.184384081E-07
    2412  -4.180915881E-07
    2413  -4.177451990E-07
    2414  -4.173992402E-07
    2415  -4.170537111E-07
    2416  -4.194168629E-07
    2417  -4.190699507E-07
    2418  -4.187234687E-07
    2419  -4.183774163E-07
    2420  -4.180317926E-07
    2421  -4.104357585E-07
    2422  -4.100969754E-07
    2423  -4.097586115E-07
    2424  -4.094206663E-07
    2425  -4.090831389E-07
    2426  -4.189873595E-07
    2427  -4.186422299E-07
    2428  -4.182975266E-07
    2429  -4.179532488E-07
    2430  -4.176093958E-07
    2431  -4.099729672E-07
    2432  -4.096359570E-07
    2433  -4.092993621E-07
    2434  -4.089631819E-07
    2435  -4.086274158E-07
    2436  -4.167051446E-07
    2437  -4.163633028E-07
    2438  -4.160218814E-07
    2439  -4.156808799E-07
    2440  -4.153402974E-07
    2441  -4.104579629E-07
    2442  -4.101219351E-07
    2443  -4.097863198E-07
    2444  -4.094511163E-07
    2445  -4.091163239E-07
    2446  -4.008301089E-07
    2447  -4.005026334E-07
    2448  -4.001755589E-07
    2449  -3.998488850E-07
    2450  -3.995226109E-07
    2451  -4.029292372E-07
    2452  -4.026007177E-07
    2453  -4.022725997E-07
    2454  -4.019448827E-07
    2455  -4.016175661E-07
    2456  -3.965985029E-07
    2457  -3.962758027E-07
    2458  -3.959534963E-07
    2459  -3.956315828E-07
    2460  -3.953100618E-07
    2461  -3.972608163E-07
    2462  -3.969382334E-07
    2463  -3.966160433E-07
    2464  -3.962942453E-07
    2465  -3.959728388E-07
    2466  -3.937851387E-07
    2467  -3.934660259E-07
    2468  -3.931473009E-07
    2469  -3.928289630E-07
    2470  -3.925110116E-07
    2471  -3.896215052E-07
    2472  -3.893064049E-07
    2473  -3.889916867E-07
    2474  -3.886773500E-07
    2475  -3.883633941E-07
    2476  -3.943716808E-07
    2477  -3.940533825E-07
    2478  -3.937354693E-07
    2479  -3.934179407E-07
    2480  -3.931007960E-07
    2481  -3.854223563E-07
    2482  -3.851119074E-07
    2483  -3.848018334E-07
    2484  -3.844921337E-07
    2485  -3.841828078E-07
    2486  -3.887032785E-07
    2487  -3.883908161E-07
    2488  -3.880787303E-07
    2489  -3.877670204E-07
    2490  -3.874556860E-07
    2491  -3.820491657E-07
    2492  -3.817426682E-07
    2493  -3.814365393E-07
    2494  -3.811307786E-07
    2495  -3.808253853E-07
    2496  -3.770068765E-07
    2497  -3.767050295E-07
    2498  -3.764035449E-07
    2499  -3.761024220E-07
    2500  -3.758016604E-07
    2501  -3.699877022E-07
    2502  -3.696920668E-07
    2503  -3.693967856E-07
    2504  -3.691018580E-07
    2505  -3.688072835E-07
    2506  -3.574360867E-07
    2507  -3.571510499E-07
    2508  -3.568663540E-07
    2509  -3.565819983E-07
    2510  -3.562979824E-07
    2511  -3.638324138E-07
    2512  -3.635428536E-07
    2513  -3.632536389E-07
    2514  -3.629647692E-07
    2515  -3.626762440E-07
    2516  -3.560113684E-07
    2517  -3.557285953E-07
    2518  -3.554461590E-07
    2519  -3.551640588E-07
    2520  -3.548822944E-07
    2521  -3.585112017E-07
    2522  -3.582270073E-07
    2523  -3.579431507E-07
    2524  -3.576596314E-07
    2525  -3.573764488E-07
    2526  -3.493612386E-07
    2527  -3.490848452E-07
    2528  -3.488087797E-07
    2529  -3.485330415E-07
    2530  -3.482576302E-07
    2531  -3.465790850E-07
    2532  -3.463054340E-07
    2533  -3.460321069E-07
    2534  -3.457591032E-07
    2535  -3.454864226E-07
    2536  -3.485771915E-07
    2537  -3.483025050E-07
    2538  -3.480281430E-07
    2539  -3.477541051E-07
    2540  -3.474803907E-07
    2541  -3.408123965E-07
    2542  -3.405443569E-07
    2543  -3.402766334E-07
    2544  -3.400092254E-07
    2545  -3.397421325E-07
    2546  -3.362348646E-07
    2547  -3.359709440E-07
    2548  -3.357073340E-07
    2549  -3.354440341E-07
    2550  -3.351810439E-07
    2551  -3.252354825E-07
    2552  -3.249806956E-07
    2553  -3.247262079E-07
    2554  -3.244720191E-07
    2555  -3.242181287E-07
    2556  -3.213911557E-07
    2557  -3.211398725E-07
    2558  -3.208888840E-07
    2559  -3.206381895E-07
    2560  -3.203877888E-07
    2561  -3.147292884E-07
    2562  -3.144836940E-07
    2563  -3.142383869E-07
    2564  -3.139933667E-07
    2565  -3.137486330E-07
    2566  -3.106849288E-07
    2567  -3.104429623E-07
    2568  -3.102012784E-07
    2569  -3.099598767E-07
    2570  -3.097187566E-07
    2571  -3.120790415E-07
    2572  -3.118364616E-07
    2573  -3.115941644E-07
    2574  -3.113521495E-07
    2575  -3.111104165E-07
    2576  -3.053471934E-07
    2577  -3.051103065E-07
    2578  -3.048736952E-07
    2579  -3.046373590E-07
    2580  -3.044012975E-07
    2581  -3.082006156E-07
    2582  -3.079619779E-07
    2583  -3.077236172E-07
    2584  -3.074855332E-07
    2585  -3.072477253E-07
    2586  -3.037499035E-07
    2587  -3.035151664E-07
    2588  -3.032807012E-07
    2589  -3.030465076E-07
    2590  -3.028125852E-07
    2591  -2.964884801E-07
    2592  -2.962597963E-07
    2593  -2.960313771E-07
    2594  -2.958032219E-07
    2595  -2.955753303E-07
    2596  -2.915560739E-07
    2597  -2.913316273E-07
    2598  -2.911074398E-07
    2599  -2.908835110E-07
    2600  -2.906598405E-07
    2601  -2.774883982E-07
    2602  -2.772751915E-07
    2603  -2.770622306E-07
    2604  -2.768495148E-07
    2605  -2.766370440E-07
    2606  -2.766046355E-07
    2607  -2.763925154E-07
    2608  -2.761806392E-07
    2609  -2.759690065E-07
    2610  -2.757576170E-07
    2611  -2.659461525E-07
    2612  -2.657425964E-07
    2613  -2.655392738E-07
    2614  -2.653361845E-07
    2615  -2.651333281E-07
    2616  -2.664841698E-07
    2617  -2.662805914E-07
    2618  -2.660772461E-07
    2619  -2.658741337E-07
    2620  -2.656712538E-07
    2621  -2.605190503E-07
    2622  -2.603204082E-07
    2623  -2.601219933E-07
    2624  -2.599238051E-07
    2625  -2.597258433E-07
    2626  -2.610741799E-07
    2627  -2.608754933E-07
    2628  -2.606770335E-07
    2629  -2.604788000E-07
    2630  -2.602807925E-07
    2631  -2.601103724E-07
    2632  -2.599127952E-07
    2633  -2.597154431E-07
    2634  -2.595183156E-07
    2635  -2.593214125E-07
    2636  -2.532742563E-07
    2637  -2.530822364E-07
    2638  -2.528904348E-07
    2639  -2.526988511E-07
    2640  -2.525074851E-07
    2641  -2.507456571E-07
    2642  -2.505559139E-07
    2643  -2.503663860E-07
    2644  -2.501770730E-07
    2645  -2.499879747E-07
    2646  -2.414322682E-07
    2647  -2.412499175E-07
    2648  -2.410677734E-07
    2649  -2.408858354E-07
    2650  -2.407041034E-07
    2651  -2.316017052E-07
    2652  -2.314271091E-07
    2653  -2.312527103E-07
    2654  -2.310785087E-07
    2655  -2.309045038E-07
    2656  -2.276234031E-07
    2657  -2.274521289E-07
    2658  -2.272810479E-07
    2659  -2.271101599E-07
    2660  -2.269394646E-07
    2661  -2.169169561E-07
    2662  -2.167540443E-07
    2663  -2.165913161E-07
    2664  -2.164287710E-07
    2665  -2.162664088E-07
    2666  -2.203677625E-07
    2667  -2.202025693E-07
    2668  -2.200375617E-07
    2669  -2.198727396E-07
    2670  -2.197081025E-07
    2671  -2.162314521E-07
    2672  -2.160696628E-07
    2673  -2.159080550E-07
    2674  -2.157466284E-07
    2675  -2.155853828E-07
    2676  -2.114555350E-07
    2677  -2.112976146E-07
    2678  -2.111398709E-07
    2679  -2.109823038E-07
    2680  -2.108249131E-07
    2681  -2.120484379E-07
    2682  -2.118903697E-07
    2683  -2.117324783E-07
    2684  -2.115747632E-07
    2685  -2.114172243E-07
    2686  -2.053443006E-07
    2687  -2.051915147E-07
    2688  -2.050388992E-07
    2689  -2.048864539E-07
    2690  -2.047341786E-07
    2691  -2.061515700E-07
    2692  -2.059984682E-07
    2693  -2.058455369E-07
    2694  -2.056927758E-07
    2695  -2.055401847E-07
    2696  -1.953888783E-07
    2697  -1.952440385E-07
    2698  -1.950993597E-07
    2699  -1.949548417E-07
    2700  -1.948104841E-07
    2701  -1.903798262E-07
    2702  -1.902389607E-07
    2703  -1.900982514E-07
    2704  -1.899576981E-07
    2705  -1.898173007E-07
    2706  -1.842298548E-07
    2707  -1.840937914E-07
    2708  -1.839578787E-07
    2709  -1.838221164E-07
    2710  -1.836865044E-07
    2711  -1.769218457E-07
    2712  -1.767914205E-07
    2713  -1.766611394E-07
    2714  -1.765310023E-07
    2715  -1.764010089E-07
    2716  -1.785375536E-07
    2717  -1.784061794E-07
    2718  -1.782749501E-07
    2719  -1.781438656E-07
    2720  -1.780129256E-07
    2721  -1.711433448E-07
    2722  -1.710176428E-07
    2723  -1.708920792E-07
    2724  -1.707666538E-07
    2725  -1.706413665E-07
    2726  -1.724366137E-07
    2727  -1.723101939E-07
    2728  -1.721839131E-07
    2729  -1.720577710E-07
    2730  -1.719317675E-07
    2731  -1.724546374E-07
    2732  -1.723284357E-07
    2733  -1.722023725E-07
    2734  -1.720764475E-07
    2735  -1.719506607E-07
    2736  -1.648329821E-07
    2737  -1.647125782E-07
    2738  -1.645923062E-07
    2739  -1.644721658E-07
    2740  -1.643521569E-07
    2741  -1.654212296E-07
    2742  -1.653006162E-07
    2743  -1.651801347E-07
    2744  -1.650597849E-07
    2745  -1.649395666E-07
    2746  -1.549459199E-07
    2747  -1.548331499E-07
    2748  -1.547205030E-07
    2749  -1.546079790E-07
    2750  -1.544955777E-07
    2751  -1.520038307E-07
    2752  -1.518934029E-07
    2753  -1.517830954E-07
    2754  -1.516729081E-07
    2755  -1.515628407E-07
    2756  -1.455940989E-07
    2757  -1.454885194E-07
    2758  -1.453830547E-07
    2759  -1.452777047E-07
    2760  -1.451724691E-07
    2761  -1.400496049E-07
    2762  -1.399482299E-07
    2763  -1.398469649E-07
    2764  -1.397458097E-07
    2765  -1.396447643E-07
    2766  -1.392477067E-07
    2767  -1.391470942E-07
    2768  -1.390465907E-07
    2769  -1.389461961E-07
    2770  -1.388459101E-07
    2771  -1.344555287E-07
    2772  -1.343585539E-07
    2773  -1.342616840E-07
    2774  -1.341649189E-07
    2775  -1.340682583E-07
    2776  -1.367600381E-07
    2777  -1.366615788E-07
    2778  -1.365632257E-07
    2779  -1.364649788E-07
    2780  -1.363668379E-07
    2781  -1.322261537E-07
    2782  -1.321311295E-07
    2783  -1.320362077E-07
    2784  -1.319413882E-07
    2785  -1.318466707E-07
    2786  -1.310016945E-07
    2787  -1.309077191E-07
    2788  -1.308138448E-07
    2789  -1.307200714E-07
    2790  -1.306263989E-07
    2791  -1.282612550E-07
    2792  -1.281694102E-07
    2793  -1.280776640E-07
    2794  -1.279860163E-07
    2795  -1.278944669E-07
    2796  -1.228432207E-07
    2797  -1.227554128E-07
    2798  -1.226676990E-07
    2799  -1.225800792E-07
    2800  -1.224925533E-07
    2801  -1.181987729E-07
    2802  -1.181144356E-07
    2803  -1.180301885E-07
    2804  -1.179460315E-07
    2805  -1.178619644E-07
    2806  -1.107749456E-07
    2807  -1.106960461E-07
    2808  -1.106172308E-07
    2809  -1.105384997E-07
    2810  -1.104598526E-07
    2811  -1.077153458E-07
    2812  -1.076387618E-07
    2813  -1.075622595E-07
    2814  -1.074858387E-07
    2815  -1.074094993E-07
    2816  -1.065276701E-07
    2817  -1.064520650E-07
    2818  -1.063765403E-07
    2819  -1.063010959E-07
    2820  -1.062257318E-07
    2821  -1.048247884E-07
    2822  -1.047505236E-07
    2823  -1.046763376E-07
    2824  -1.046022305E-07
    2825  -1.045282020E-07
    2826  -1.033083180E-07
    2827  -1.032352569E-07
    2828  -1.031622734E-07
    2829  -1.030893672E-07
    2830  -1.030165382E-07
    2831  -1.014749439E-07
    2832  -1.014033061E-07
    2833  -1.013317442E-07
    2834  -1.012602579E-07
    2835  -1.011888473E-07
    2836  -9.994601547E-08
    2837  -9.987558135E-08
    2838  -9.980522166E-08
    2839  -9.973493629E-08
    2840  -9.966472515E-08
    2841  -9.698271915E-08
    2842  -9.691449352E-08
    2843  -9.684633987E-08
    2844  -9.677825809E-08
    2845  -9.671024807E-08
    2846  -9.242204820E-08
    2847  -9.235714508E-08
    2848  -9.229231030E-08
    2849  -9.222754377E-08
    2850  -9.216284538E-08
    2851  -8.739756489E-08
    2852  -8.733629775E-08
    2853  -8.727509502E-08
    2854  -8.721395660E-08
    2855  -8.715288240E-08
    2856  -8.352501928E-08
    2857  -8.346656931E-08
    2858  -8.340818066E-08
    2859  -8.334985326E-08
    2860  -8.329158702E-08
    2861  -8.086156602E-08
    2862  -8.080507873E-08
    2863  -8.074865060E-08
    2864  -8.069228156E-08
    2865  -8.063597152E-08
    2866  -7.874537596E-08
    2867  -7.869046287E-08
    2868  -7.863560720E-08
    2869  -7.858080887E-08
    2870  -7.852606779E-08
    2871  -7.749285113E-08
    2872  -7.743890553E-08
    2873  -7.738501625E-08
    2874  -7.733118319E-08
    2875  -7.727740629E-08
    2876  -7.578218217E-08
    2877  -7.572951908E-08
    2878  -7.567691087E-08
    2879  -7.562435746E-08
    2880  -7.557185877E-08
    2881  -7.531291597E-08
    2882  -7.526066976E-08
    2883  -7.520847789E-08
    2884  -7.515634030E-08
    2885  -7.510425691E-08
    2886  -7.425369383E-08
    2887  -7.420227160E-08
    2888  -7.415090278E-08
    2889  -7.409958727E-08
    2890  -7.404832502E-08
    2891  -7.165715047E-08
    2892  -7.160761217E-08
    2893  -7.155812522E-08
    2894  -7.150868956E-08
    2895  -7.145930510E-08
    2896  -6.864731963E-08
    2897  -6.859994398E-08
    2898  -6.855261735E-08
    2899  -6.850533969E-08
    2900  -6.845811091E-08
    2901  -6.454977306E-08
    2902  -6.450530198E-08
    2903  -6.446087684E-08
    2904  -6.441649758E-08
    2905  -6.437216413E-08
    2906  -6.232668833E-08
    2907  -6.228382266E-08
    2908  -6.224100119E-08
    2909  -6.219822387E-08
    2910  -6.215549064E-08
    2911  -5.970044393E-08
    2912  -5.965945496E-08
    2913  -5.961850818E-08
    2914  -5.957760354E-08
    2915  -5.953674099E-08
    2916  -5.807591118E-08
    2917  -5.803610589E-08
    2918  -5.799634152E-08
    2919  -5.795661799E-08
    2920  -5.791693527E-08
    2921  -5.821001631E-08
    2922  -5.817018736E-08
    2923  -5.813039927E-08
    2924  -5.809065199E-08
    2925  -5.805094546E-08
    2926  -5.612678171E-08
    2927  -5.608844374E-08
    2928  -5.605014505E-08
    2929  -5.601188556E-08
    2930  -5.597366524E-08
    2931  -5.631743186E-08
    2932  -5.627902925E-08
    2933  -5.624066591E-08
    2934  -5.620234177E-08
    2935  -5.616405680E-08
    2936  -5.423331832E-08
    2937  -5.419639979E-08
    2938  -5.415951895E-08
    2939  -5.412267574E-08
    2940  -5.408587011E-08
    2941  -5.250427414E-08
    2942  -5.246859335E-08
    2943  -5.243294893E-08
    2944  -5.239734081E-08
    2945  -5.236176896E-08
    2946  -5.116001740E-08
    2947  -5.112530911E-08
    2948  -5.109063613E-08
    2949  -5.105599841E-08
    2950  -5.102139590E-08
    2951  -4.687939702E-08
    2952  -4.684764667E-08
    2953  -4.681592856E-08
    2954  -4.678424265E-08
    2955  -4.675258890E-08
    2956  -4.517991618E-08
    2957  -4.514936857E-08
    2958  -4.511885193E-08
    2959  -4.508836622E-08
    2960  -4.505791139E-08
    2961  -4.294366885E-08
    2962  -4.291468224E-08
    2963  -4.288572496E-08
    2964  -4.285679699E-08
    2965  -4.282789827E-08
    2966  -4.214128588E-08
    2967  -4.211288879E-08
    2968  -4.208452039E-08
    2969  -4.205618065E-08
    2970  -4.202786952E-08
    2971  -4.134714160E-08
    2972  -4.131932651E-08
    2973  -4.129153947E-08
    2974  -4.126378045E-08
    2975  -4.123604942E-08
    2976  -3.989452419E-08
    2977  -3.986773136E-08
    2978  -3.984096551E-08
    2979  -3.981422660E-08
    2980  -3.978751461E-08
    2981  -4.038175358E-08
    2982  -4.035467899E-08
    2983  -4.032763161E-08
    2984  -4.030061143E-08
    2985  -4.027361838E-08
    2986  -3.918114238E-08
    2987  -3.915491672E-08
    2988  -3.912871737E-08
    2989  -3.910254432E-08
    2990  -3.907639752E-08
    2991  -3.816029899E-08
    2992  -3.813479929E-08
    2993  -3.810932514E-08
    2994  -3.808387651E-08
    2995  -3.805845336E-08
    2996  -3.612190652E-08
    2997  -3.609780918E-08
    2998  -3.607373595E-08
    2999  -3.604968680E-08
    3000  -3.602566168E-08
    3001  -3.364735799E-08
    3002  -3.362494883E-08
    3003  -3.360256205E-08
    3004  -3.358019761E-08
    3005  -3.355785550E-08
    3006  -3.300941945E-08
    3007  -3.298747170E-08
    3008  -3.296554583E-08
    3009  -3.294364181E-08
    3010  -3.292175962E-08
    3011  -3.130400181E-08
    3012  -3.128322252E-08
    3013  -3.126246391E-08
    3014  -3.124172596E-08
    3015  -3.122100864E-08
    3016  -3.061132485E-08
    3017  -3.059103901E-08
    3018  -3.057077334E-08
    3019  -3.055052779E-08
    3020  -3.053030235E-08
    3021  -2.998271276E-08
    3022  -2.996287636E-08
    3023  -2.994305965E-08
    3024  -2.992326258E-08
    3025  -2.990348515E-08
    3026  -2.920723150E-08
    3027  -2.918794006E-08
    3028  -2.916866774E-08
    3029  -2.914941449E-08
    3030  -2.913018030E-08
    3031  -2.955609519E-08
    3032  -2.953660551E-08
    3033  -2.951713511E-08
    3034  -2.949768395E-08
    3035  -2.947825201E-08
    3036  -2.836588530E-08
    3037  -2.834721124E-08
    3038  -2.832855563E-08
    3039  -2.830991842E-08
    3040  -2.829129960E-08
    3041  -2.732852070E-08
    3042  -2.731055913E-08
    3043  -2.729261527E-08
    3044  -2.727468909E-08
    3045  -2.725678056E-08
    3046  -2.566144305E-08
    3047  -2.564460484E-08
    3048  -2.562778319E-08
    3049  -2.561097808E-08
    3050  -2.559418950E-08
    3051  -2.433488117E-08
    3052  -2.431893955E-08
    3053  -2.430301359E-08
    3054  -2.428710327E-08
    3055  -2.427120857E-08
    3056  -2.310345261E-08
    3057  -2.308834244E-08
    3058  -2.307324708E-08
    3059  -2.305816653E-08
    3060  -2.304310076E-08
    3061  -2.184344185E-08
    3062  -2.182917907E-08
    3063  -2.181493026E-08
    3064  -2.180069540E-08
    3065  -2.178647446E-08
    3066  -2.134496754E-08
    3067  -2.133105296E-08
    3068  -2.131715198E-08
    3069  -2.130326458E-08
    3070  -2.128939075E-08
    3071  -2.088560238E-08
    3072  -2.087200940E-08
    3073  -2.085842970E-08
    3074  -2.084486324E-08
    3075  -2.083131001E-08
    3076  -2.068952186E-08
    3077  -2.067607837E-08
    3078  -2.066264799E-08
    3079  -2.064923068E-08
    3080  -2.063582644E-08
    3081  -2.005275987E-08
    3082  -2.003975126E-08
    3083  -2.002675532E-08
    3084  -2.001377201E-08
    3085  -2.000080132E-08
    3086  -1.955356846E-08
    3087  -1.954090423E-08
    3088  -1.952825230E-08
    3089  -1.951561266E-08
    3090  -1.950298528E-08
    3091  -1.917194368E-08
    3092  -1.915954669E-08
    3093  -1.914716172E-08
    3094  -1.913478876E-08
    3095  -1.912242779E-08
    3096  -1.790512323E-08
    3097  -1.789356408E-08
    3098  -1.788201612E-08
    3099  -1.787047934E-08
    3100  -1.785895371E-08
    3101  -1.702070350E-08
    3102  -1.700973302E-08
    3103  -1.699877314E-08
    3104  -1.698782385E-08
    3105  -1.697688514E-08
    3106  -1.570381848E-08
    3107  -1.569371306E-08
    3108  -1.568361740E-08
    3109  -1.567353147E-08
    3110  -1.566345527E-08
    3111  -1.539587782E-08
    3112  -1.538598648E-08
    3113  -1.537610466E-08
    3114  -1.536623236E-08
    3115  -1.535636957E-08
    3116  -1.479403466E-08
    3117  -1.478454523E-08
    3118  -1.477506492E-08
    3119  -1.476559372E-08
    3120  -1.475613163E-08
    3121  -1.447341867E-08
    3122  -1.446414975E-08
    3123  -1.445488973E-08
    3124  -1.444563860E-08
    3125  -1.443639635E-08
    3126  -1.431767264E-08
    3127  -1.430851812E-08
    3128  -1.429937237E-08
    3129  -1.429023539E-08
    3130  -1.428110717E-08
    3131  -1.392729315E-08
    3132  -1.391840244E-08
    3133  -1.390952024E-08
    3134  -1.390064655E-08
    3135  -1.389178134E-08
    3136  -1.393509076E-08
    3137  -1.392620925E-08
    3138  -1.391733622E-08
    3139  -1.390847168E-08
    3140  -1.389961560E-08
    3141  -1.331077774E-08
    3142  -1.330230763E-08
    3143  -1.329384560E-08
    3144  -1.328539164E-08
    3145  -1.327694575E-08
    3146  -1.280177588E-08
    3147  -1.279364260E-08
    3148  -1.278551708E-08
    3149  -1.277739929E-08
    3150  -1.276928923E-08
    3151  -1.246721628E-08
    3152  -1.245930812E-08
    3153  -1.245140748E-08
    3154  -1.244351436E-08
    3155  -1.243562873E-08
    3156  -1.173205807E-08
    3157  -1.172462802E-08
    3158  -1.171720502E-08
    3159  -1.170978906E-08
    3160  -1.170238015E-08
    3161  -1.142053376E-08
    3162  -1.141331243E-08
    3163  -1.140609794E-08
    3164  -1.139889030E-08
    3165  -1.139168948E-08
    3166  -1.101851213E-08
    3167  -1.101155600E-08
    3168  -1.100460646E-08
    3169  -1.099766349E-08
    3170  -1.099072709E-08
    3171  -1.080294277E-08
    3172  -1.079613348E-08
    3173  -1.078933062E-08
    3174  -1.078253419E-08
    3175  -1.077574418E-08
    3176  -1.062219134E-08
    3177  -1.061550651E-08
    3178  -1.060882799E-08
    3179  -1.060215577E-08
    3180  -1.059548985E-08
    3181  -9.946985152E-09
    3182  -9.940735083E-09
    3183  -9.934490903E-09
    3184  -9.928252604E-09
    3185  -9.922020179E-09
    3186  -9.465881623E-09
    3187  -9.459943178E-09
    3188  -9.454010319E-09
    3189  -9.448083040E-09
    3190  -9.442161333E-09
    3191  -8.104874954E-09
    3192  -8.099798301E-09
    3193  -8.094726418E-09
    3194  -8.089659296E-09
    3195  -8.084596931E-09
    3196  -6.747717172E-09
    3197  -6.743497211E-09
    3198  -6.739281208E-09
    3199  -6.735069157E-09
    3200  -6.730861054E-09
    3201  -4.955306856E-09
    3202  -4.952212690E-09
    3203  -4.949121421E-09
    3204  -4.946033046E-09
    3205  -4.942947560E-09
    3206  -3.322824954E-09
    3207  -3.320753367E-09
    3208  -3.318683717E-09
    3209  -3.316616002E-09
    3210  -3.314550218E-09
    3211  -2.279484201E-09
    3212  -2.278065287E-09
    3213  -2.276647698E-09
    3214  -2.275231432E-09
    3215  -2.273816487E-09
    3216  -1.556709860E-09
    3217  -1.555742359E-09
    3218  -1.554775759E-09
    3219  -1.553810060E-09
    3220  -1.552845260E-09
    3221  -1.182248881E-09
    3222  -1.181515248E-09
    3223  -1.180782298E-09
    3224  -1.180050030E-09
    3225  -1.179318443E-09
    3226  -9.464385107E-10
    3227  -9.458521176E-10
    3228  -9.452662692E-10
    3229  -9.446809650E-10
    3230  -9.440962043E-10
    3231  -7.843305985E-10
    3232  -7.838453955E-10
    3233  -7.833606427E-10
    3234  -7.828763393E-10
    3235  -7.823924850E-10
    3236  -7.055215282E-10
    3237  -7.050857521E-10
    3238  -7.046503796E-10
    3239  -7.042154102E-10
    3240  -7.037808435E-10
    3241  -6.059717699E-10
    3242  -6.055980593E-10
    3243  -6.052246943E-10
    3244  -6.048516744E-10
    3245  -6.044789993E-10
    3246  -5.498163489E-10
    3247  -5.494777920E-10
    3248  -5.491395477E-10
    3249  -5.488016157E-10
    3250  -5.484639955E-10
    3251  -4.871582942E-10
    3252  -4.868587810E-10
    3253  -4.865595439E-10
    3254  -4.862605826E-10
    3255  -4.859618967E-10
    3256  -4.420272763E-10
    3257  -4.417559274E-10
    3258  -4.414848283E-10
    3259  -4.412139788E-10
    3260  -4.409433783E-10
    3261  -4.191864676E-10
    3262  -4.189295345E-10
    3263  -4.186728375E-10
    3264  -4.184163763E-10
    3265  -4.181601507E-10
    3266  -3.797710617E-10
    3267  -3.795386436E-10
    3268  -3.793064389E-10
    3269  -3.790744472E-10
    3270  -3.788426683E-10
    3271  -3.645770885E-10
    3272  -3.643543100E-10
    3273  -3.641317356E-10
    3274  -3.639093650E-10
    3275  -3.636871981E-10
    3276  -3.339186544E-10
    3277  -3.337149212E-10
    3278  -3.335113744E-10
    3279  -3.333080139E-10
    3280  -3.331048392E-10
    3281  -3.133152545E-10
    3282  -3.131243832E-10
    3283  -3.129336863E-10
    3284  -3.127431635E-10
    3285  -3.125528146E-10
    3286  -2.922092368E-10
    3287  -2.920314940E-10
    3288  -2.918539132E-10
    3289  -2.916764944E-10
    3290  -2.914992374E-10
    3291  -2.659324285E-10
    3292  -2.657709147E-10
    3293  -2.656095480E-10
    3294  -2.654483283E-10
    3295  -2.652872552E-10
    3296  -2.586044553E-10
    3297  -2.584476303E-10
    3298  -2.582909479E-10
    3299  -2.581344079E-10
    3300  -2.579780102E-10
    3301  -2.394237089E-10
    3302  -2.392787355E-10
    3303  -2.391338936E-10
    3304  -2.389891832E-10
    3305  -2.388446042E-10
    3306  -2.260929231E-10
    3307  -2.259562284E-10
    3308  -2.258196577E-10
    3309  -2.256832108E-10
    3310  -2.255468875E-10
    3311  -2.153163397E-10
    3312  -2.151863570E-10
    3313  -2.150564920E-10
    3314  -2.149267445E-10
    3315  -2.147971144E-10
    3316  -2.024211467E-10
    3317  -2.022991327E-10
    3318  -2.021772290E-10
    3319  -2.020554355E-10
    3320  -2.019337520E-10
    3321  -1.940392907E-10
    3322  -1.939225051E-10
    3323  -1.938058249E-10
    3324  -1.936892500E-10
    3325  -1.935727802E-10
    3326  -1.845027595E-10
    3327  -1.843918805E-10
    3328  -1.842811013E-10
    3329  -1.841704220E-10
    3330  -1.840598423E-10
    3331  -1.752184585E-10
    3332  -1.751133169E-10
    3333  -1.750082699E-10
    3334  -1.749033174E-10
    3335  -1.747984593E-10
    3336  -1.662471241E-10
    3337  -1.661475153E-10
    3338  -1.660479960E-10
    3339  -1.659485660E-10
    3340  -1.658492254E-10
    3341  -1.599170668E-10
    3342  -1.598213940E-10
    3343  -1.597258070E-10
    3344  -1.596303058E-10
    3345  -1.595348902E-10
    3346  -1.544822143E-10
    3347  -1.543899310E-10
    3348  -1.542977304E-10
    3349  -1.542056124E-10
    3350  -1.541135768E-10
    3351  -1.444659090E-10
    3352  -1.443797378E-10
    3353  -1.442936438E-10
    3354  -1.442076267E-10
    3355  -1.441216865E-10
    3356  -1.390878378E-10
    3357  -1.390049982E-10
    3358  -1.389222325E-10
    3359  -1.388395407E-10
    3360  -1.387569227E-10
    3361  -1.319643525E-10
    3362  -1.318858724E-10
    3363  -1.318074622E-10
    3364  -1.317291220E-10
    3365  -1.316508516E-10
    3366  -1.277206579E-10
    3367  -1.276448143E-10
    3368  -1.275690382E-10
    3369  -1.274933296E-10
    3370  -1.274176883E-10
    3371  -1.206139082E-10
    3372  -1.205423909E-10
    3373  -1.204709372E-10
    3374  -1.203995470E-10
    3375  -1.203282203E-10
    3376  -1.147496394E-10
    3377  -1.146817001E-10
    3378  -1.146138210E-10
    3379  -1.145460021E-10
    3380  -1.144782435E-10
    3381  -1.101719386E-10
    3382  -1.101068059E-10
    3383  -1.100417310E-10
    3384  -1.099767137E-10
    3385  -1.099117540E-10
    3386  -1.058021518E-10
    3387  -1.057396948E-10
    3388  -1.056772931E-10
    3389  -1.056149466E-10
    3390  -1.055526553E-10
    3391  -1.011024948E-10
    3392  -1.010429000E-10
    3393  -1.009833580E-10
    3394  -1.009238685E-10
    3395  -1.008644316E-10
    3396  -9.621891189E-11
    3397  -9.616227922E-11
    3398  -9.610569653E-11
    3399  -9.604916376E-11
    3400  -9.599268087E-11
    3401  -9.255194709E-11
    3402  -9.249755276E-11
    3403  -9.244320637E-11
    3404  -9.238890787E-11
    3405  -9.233465719E-11
    3406  -8.778895048E-11
    3407  -8.773743115E-11
    3408  -8.768595715E-11
    3409  -8.763452843E-11
    3410  -8.758314495E-11
    3411  -8.486661986E-11
    3412  -8.481688847E-11
    3413  -8.476720078E-11
    3414  -8.471755674E-11
    3415  -8.466795629E-11
    3416  -8.123754949E-11
    3417  -8.119001435E-11
    3418  -8.114252093E-11
    3419  -8.109506916E-11
    3420  -8.104765901E-11
    3421  -7.652313311E-11
    3422  -7.647842196E-11
    3423  -7.643374998E-11
    3424  -7.638911714E-11
    3425  -7.634452337E-11
    3426  -7.381108783E-11
    3427  -7.376802418E-11
    3428  -7.372499821E-11
    3429  -7.368200988E-11
    3430  -7.363905913E-11
    3431  -6.980669250E-11
    3432  -6.976602445E-11
    3433  -6.972539194E-11
    3434  -6.968479492E-11
    3435  -6.964423334E-11
    3436  -6.670510518E-11
    3437  -6.666630058E-11
    3438  -6.662752983E-11
    3439  -6.658879290E-11
    3440  -6.655008973E-11
    3441  -6.439807032E-11
    3442  -6.436066221E-11
    3443  -6.432328668E-11
    3444  -6.428594370E-11
    3445  -6.424863322E-11
    3446  -5.990368458E-11
    3447  -5.986893766E-11
    3448  -5.983422097E-11
    3449  -5.979953447E-11
    3450  -5.976487811E-11
    3451  -5.863167769E-11
    3452  -5.859771785E-11
    3453  -5.856378749E-11
    3454  -5.852988660E-11
    3455  -5.849601514E-11
    3456  -5.466426735E-11
    3457  -5.463265123E-11
    3458  -5.460106253E-11
    3459  -5.456950122E-11
    3460  -5.453796727E-11
    3461  -5.279929244E-11
    3462  -5.276879905E-11
    3463  -5.273833208E-11
    3464  -5.270789148E-11
    3465  -5.267747724E-11
    3466  -4.999629532E-11
    3467  -4.996746240E-11
    3468  -4.993865441E-11
    3469  -4.990987132E-11
    3470  -4.988111311E-11
    3471  -4.720794725E-11
    3472  -4.718076156E-11
    3473  -4.715359935E-11
    3474  -4.712646059E-11
    3475  -4.709934525E-11
    3476  -4.564697512E-11
    3477  -4.562072615E-11
    3478  -4.559449980E-11
    3479  -4.556829607E-11
    3480  -4.554211491E-11
    3481  -4.278805555E-11
    3482  -4.276348590E-11
    3483  -4.273893740E-11
    3484  -4.271441003E-11
    3485  -4.268990377E-11
    3486  -4.110305621E-11
    3487  -4.107948794E-11
    3488  -4.105593994E-11
    3489  -4.103241218E-11
    3490  -4.100890464E-11
    3491  -3.917016596E-11
    3492  -3.914773815E-11
    3493  -3.912532960E-11
    3494  -3.910294028E-11
    3495  -3.908057018E-11
    3496  -3.731411357E-11
    3497  -3.729277903E-11
    3498  -3.727146278E-11
    3499  -3.725016480E-11
    3500  -3.722888507E-11
