      50   1.721629506E-12
      51   1.408831246E-12
      52   1.355667803E-12
      53   1.305457884E-12
      54   1.257986689E-12
      55   1.213058593E-12
      56   5.036834223E-13
      57   4.863150284E-13
      58   4.698297732E-13
      59   4.541687808E-13
      60   4.392780011E-13
      61   4.723580835E-13
      62   4.573625888E-13
      63   4.430700079E-13
      64   4.294370846E-13
      65   4.164238396E-13
      66   9.358976307E-13
      67   9.083712298E-13
      68   8.820416290E-13
      69   8.568404396E-13
      70   8.327040892E-13
      71   4.795241107E-13
      72   4.663864638E-13
      73   4.537814243E-13
      74   4.416805863E-13
      75   4.300574130E-13
      76   8.830203551E-13
      77   8.603788075E-13
      78   8.385970656E-13
      79   8.176321389E-13
      80   7.974436910E-13
      81   1.090832706E-12
      82   1.064547581E-12
      83   1.039201210E-12
      84   1.014749417E-12
      85   9.911505932E-13
      86   1.216224728E-12
      87   1.188583257E-12
      88   1.161873521E-12
      89   1.136054109E-12
      90   1.111085887E-12
      91   2.379179479E-12
      92   2.328014329E-12
      93   2.278482109E-12
      94   2.230514064E-12
      95   2.184045021E-12
      96   2.011132220E-12
      97   1.970088705E-12
      98   1.930288933E-12
      99   1.891683155E-12
     100   1.854224082E-12
     101   2.098989991E-12
     102   2.058232904E-12
     103   2.018651502E-12
     104   1.980200997E-12
     105   1.942838714E-12
     106   2.200542807E-12
     107   2.159792014E-12
     108   2.120162803E-12
     109   2.081614388E-12
     110   2.044107823E-12
     111   2.127914569E-12
     112   2.090252364E-12
     113   2.053581270E-12
     114   2.017866813E-12
     115   1.983076006E-12
     116   1.840019733E-12
     117   1.808832958E-12
     118   1.778432404E-12
     119   1.748791864E-12
     120   1.719886214E-12
     121   1.491216428E-12
     122   1.466969006E-12
     123   1.443308216E-12
     124   1.420215285E-12
     125   1.397672185E-12
     126   1.209685556E-12
     127   1.190784219E-12
     128   1.172322448E-12
     129   1.154286718E-12
     130   1.136664020E-12
     131   1.228874004E-12
     132   1.210394695E-12
     133   1.192329103E-12
     134   1.174664968E-12
     135   1.157390483E-12
     136   7.037848804E-13
     137   6.935850995E-13
     138   6.836054578E-13
     139   6.738396655E-13
     140   6.642816561E-13
     141   0.000000000E+00
     142   0.000000000E+00
     143   0.000000000E+00
     144   0.000000000E+00
     145   0.000000000E+00
     146   4.846527671E-13
     147   4.781034054E-13
     148   4.716859100E-13
     149   4.653967645E-13
     150   4.592325690E-13
     151   2.411607348E-14
     152   2.380083069E-14
     153   2.349172899E-14
     154   2.318860990E-14
     155   2.289132003E-14
     156   3.698140830E-13
     157   3.651328921E-13
     158   3.605400255E-13
     159   3.560332752E-13
     160   3.516105016E-13
     161   6.252416647E-13
     162   6.175699879E-13
     163   6.100386466E-13
     164   6.026442387E-13
     165   5.953834648E-13
     166   1.855283804E-13
     167   1.833197092E-13
     168   1.811502452E-13
     169   1.790190658E-13
     170   1.769252756E-13
     171   2.535080170E-13
     172   2.505772885E-13
     173   2.476970897E-13
     174   2.448662659E-13
     175   2.420836947E-13
     176   1.339275723E-12
     177   1.324227681E-12
     178   1.309431841E-12
     179   1.294882598E-12
     180   1.280574503E-12
     181   5.873708499E-13
     182   5.809514963E-13
     183   5.746368062E-13
     184   5.684245164E-13
     185   5.623124248E-13
     186   1.955730489E-12
     187   1.934924846E-12
     188   1.914449450E-12
     189   1.894297351E-12
     190   1.874461777E-12
     191   1.506429316E-12
     192   1.490818650E-12
     193   1.475449385E-12
     194   1.460316571E-12
     195   1.445415382E-12
     196   2.272865979E-12
     197   2.249907736E-12
     198   2.227295598E-12
     199   2.205022642E-12
     200   2.183082119E-12
     201   2.084013100E-12
     202   2.063480952E-12
     203   2.043250746E-12
     204   2.023316593E-12
     205   2.003672742E-12
     206   0.000000000E+00
     207   0.000000000E+00
     208   0.000000000E+00
     209   0.000000000E+00
     210   0.000000000E+00
     211   0.000000000E+00
     212   0.000000000E+00
     213   0.000000000E+00
     214   0.000000000E+00
     215   0.000000000E+00
     216   0.000000000E+00
     217   0.000000000E+00
     218   0.000000000E+00
     219   0.000000000E+00
     220   0.000000000E+00
     221   0.000000000E+00
     222   0.000000000E+00
     223   0.000000000E+00
     224   0.000000000E+00
     225   0.000000000E+00
     226   0.000000000E+00
     227   0.000000000E+00
     228   0.000000000E+00
     229   0.000000000E+00
     230   0.000000000E+00
     231   0.000000000E+00
     232   0.000000000E+00
     233   0.000000000E+00
     234   0.000000000E+00
     235   0.000000000E+00
     236   0.000000000E+00
     237   0.000000000E+00
     238   0.000000000E+00
     239   0.000000000E+00
     240   0.000000000E+00
     241   0.000000000E+00
     242   0.000000000E+00
     243   0.000000000E+00
     244   0.000000000E+00
     245   0.000000000E+00
     246   0.000000000E+00
     247   0.000000000E+00
     248   0.000000000E+00
     249   0.000000000E+00
     250   0.000000000E+00
     251   3.935213737E-12
     252   3.904105328E-12
     253   3.873364341E-12
     254   3.842985013E-12
     255   3.812961693E-12
     256   8.933407769E-12
     257   8.864156546E-12
     258   8.795707461E-12
     259   8.728048173E-12
     260   8.661166578E-12
     261   5.420940908E-11
     262   5.379717023E-11
     263   5.338961591E-11
     264   5.298667542E-11
     265   5.258827936E-11
     266   5.799055237E-11
     267   5.755778706E-11
     268   5.712984812E-11
     269   5.670666406E-11
     270   5.628816469E-11
     271   1.233054585E-10
     272   1.224021218E-10
     273   1.215086756E-10
     274   1.206249762E-10
     275   1.197508821E-10
     276   1.310597295E-10
     277   1.301168538E-10
     278   1.291841165E-10
     279   1.282613728E-10
     280   1.273484805E-10
     281   9.571703356E-10
     282   9.504058810E-10
     283   9.437128818E-10
     284   9.370903353E-10
     285   9.305372560E-10
     286   1.700293621E-09
     287   1.688486027E-09
     288   1.676801002E-09
     289   1.665236857E-09
     290   1.653791930E-09
     291   2.655545796E-09
     292   2.637419204E-09
     293   2.619477577E-09
     294   2.601718407E-09
     295   2.584139228E-09
     296   3.481997829E-09
     297   3.458628716E-09
     298   3.435494076E-09
     299   3.412590782E-09
     300   3.389915760E-09
     301   4.576406543E-09
     302   4.546199239E-09
     303   4.516290034E-09
     304   4.486675017E-09
     305   4.457350344E-09
     306   7.750094592E-09
     307   7.699769303E-09
     308   7.649932608E-09
     309   7.600578204E-09
     310   7.551699888E-09
     311   7.484093538E-09
     312   7.436271854E-09
     313   7.388907066E-09
     314   7.341993370E-09
     315   7.295525057E-09
     316   8.607196864E-09
     317   8.553063550E-09
     318   8.499439328E-09
     319   8.446317832E-09
     320   8.393692799E-09
     321   1.064575445E-08
     322   1.057983646E-08
     323   1.051452883E-08
     324   1.044982404E-08
     325   1.038571469E-08
     326   1.112755269E-08
     327   1.105970176E-08
     328   1.099246953E-08
     329   1.092584850E-08
     330   1.085983129E-08
     331   1.364002339E-08
     332   1.355810133E-08
     333   1.347691509E-08
     334   1.339645590E-08
     335   1.331671509E-08
     336   1.349600039E-08
     337   1.341614240E-08
     338   1.333699111E-08
     339   1.325853823E-08
     340   1.318077554E-08
     341   1.679955461E-08
     342   1.670159802E-08
     343   1.660449571E-08
     344   1.650823776E-08
     345   1.641281442E-08
     346   1.883431198E-08
     347   1.872606880E-08
     348   1.861875609E-08
     349   1.851236320E-08
     350   1.840687965E-08
     351   1.719197845E-08
     352   1.709457347E-08
     353   1.699799396E-08
     354   1.690223061E-08
     355   1.680727426E-08
     356   2.152975684E-08
     357   2.140947887E-08
     358   2.129020600E-08
     359   2.117192708E-08
     360   2.105463109E-08
     361   1.903994902E-08
     362   1.893504572E-08
     363   1.883100701E-08
     364   1.872782341E-08
     365   1.862548557E-08
     366   2.562438958E-08
     367   2.548512659E-08
     368   2.534699582E-08
     369   2.520998503E-08
     370   2.507408215E-08
     371   2.344559526E-08
     372   2.331988161E-08
     373   2.319517636E-08
     374   2.307146875E-08
     375   2.294874817E-08
     376   2.517141550E-08
     377   2.503823341E-08
     378   2.490610553E-08
     379   2.477502076E-08
     380   2.464496816E-08
     381   2.822705770E-08
     382   2.807965792E-08
     383   2.793340971E-08
     384   2.778830108E-08
     385   2.764432025E-08
     386   2.550640348E-08
     387   2.537492717E-08
     388   2.524446482E-08
     389   2.511500603E-08
     390   2.498654052E-08
     391   3.044555339E-08
     392   3.029061419E-08
     393   3.013685472E-08
     394   2.998426305E-08
     395   2.983282738E-08
     396   2.884815551E-08
     397   2.870318990E-08
     398   2.855931427E-08
     399   2.841651769E-08
     400   2.827478943E-08
     401   3.194308245E-08
     402   3.178455599E-08
     403   3.162720670E-08
     404   3.147102297E-08
     405   3.131599330E-08
     406   3.383944012E-08
     407   3.367356051E-08
     408   3.350889762E-08
     409   3.334543958E-08
     410   3.318317467E-08
     411   3.285285977E-08
     412   3.269376601E-08
     413   3.253582512E-08
     414   3.237902596E-08
     415   3.222335757E-08
     416   3.509877316E-08
     417   3.493083645E-08
     418   3.476410215E-08
     419   3.459855880E-08
     420   3.443419510E-08
     421   3.532284343E-08
     422   3.515583235E-08
     423   3.499000295E-08
     424   3.482534411E-08
     425   3.466184484E-08
     426   3.661500028E-08
     427   3.644390215E-08
     428   3.627400051E-08
     429   3.610528422E-08
     430   3.593774230E-08
     431   3.748653642E-08
     432   3.731338844E-08
     433   3.714143734E-08
     434   3.697067211E-08
     435   3.680108188E-08
     436   3.971206342E-08
     437   3.953072979E-08
     438   3.935063535E-08
     439   3.917176883E-08
     440   3.899411908E-08
     441   3.881094215E-08
     442   3.863572345E-08
     443   3.846168866E-08
     444   3.828882714E-08
     445   3.811712836E-08
     446   4.128347817E-08
     447   4.109917693E-08
     448   4.091610710E-08
     449   4.073425774E-08
     450   4.055361801E-08
     451   4.089965027E-08
     452   4.071907786E-08
     453   4.053969867E-08
     454   4.036150219E-08
     455   4.018447806E-08
     456   4.233711184E-08
     457   4.215223363E-08
     458   4.196856376E-08
     459   4.178609175E-08
     460   4.160480718E-08
     461   4.374083541E-08
     462   4.355189012E-08
     463   4.336416645E-08
     464   4.317765391E-08
     465   4.299234209E-08
     466   4.122524964E-08
     467   4.104907336E-08
     468   4.087402400E-08
     469   4.070009198E-08
     470   4.052726782E-08
     471   4.798303824E-08
     472   4.778015013E-08
     473   4.757854612E-08
     474   4.737821540E-08
     475   4.717914727E-08
     476   4.438421835E-08
     477   4.419851032E-08
     478   4.401396539E-08
     479   4.383057387E-08
     480   4.364832616E-08
     481   4.837433993E-08
     482   4.817403210E-08
     483   4.797496585E-08
     484   4.777713094E-08
     485   4.758051724E-08
     486   4.598298011E-08
     487   4.579452528E-08
     488   4.560722661E-08
     489   4.542107466E-08
     490   4.523606010E-08
     491   4.525417553E-08
     492   4.507058861E-08
     493   4.488811659E-08
     494   4.470675047E-08
     495   4.452648131E-08
     496   5.185139187E-08
     497   5.164315335E-08
     498   5.143616676E-08
     499   5.123042210E-08
     500   5.102590943E-08
     501   4.656157510E-08
     502   4.637643961E-08
     503   4.619240612E-08
     504   4.600946590E-08
     505   4.582761030E-08
     506   5.159291869E-08
     507   5.138979696E-08
     508   5.118787242E-08
     509   5.098713566E-08
     510   5.078757740E-08
     511   4.951011606E-08
     512   4.931709417E-08
     513   4.912519886E-08
     514   4.893442139E-08
     515   4.874475309E-08
     516   5.007798563E-08
     517   4.988463434E-08
     518   4.969240068E-08
     519   4.950127606E-08
     520   4.931125197E-08
     521   5.432644594E-08
     522   5.411869662E-08
     523   5.391213671E-08
     524   5.370675714E-08
     525   5.350254894E-08
     526   4.674057103E-08
     527   4.656352341E-08
     528   4.638747984E-08
     529   4.621243275E-08
     530   4.603837462E-08
     531   5.461027422E-08
     532   5.440535762E-08
     533   5.420159223E-08
     534   5.399896946E-08
     535   5.379748077E-08
     536   5.148151350E-08
     537   5.129013241E-08
     538   5.109981652E-08
     539   5.091055794E-08
     540   5.072234885E-08
     541   5.631000154E-08
     542   5.610259822E-08
     543   5.589633867E-08
     544   5.569121449E-08
     545   5.548721737E-08
     546   5.607420077E-08
     547   5.586955040E-08
     548   5.566601834E-08
     549   5.546359645E-08
     550   5.526227669E-08
     551   4.935967216E-08
     552   4.918115616E-08
     553   4.900360686E-08
     554   4.882701729E-08
     555   4.865138053E-08
     556   5.779400540E-08
     557   5.758685843E-08
     558   5.738082315E-08
     559   5.717589164E-08
     560   5.697205602E-08
     561   5.349741364E-08
     562   5.330736954E-08
     563   5.311833632E-08
     564   5.293030681E-08
     565   5.274327392E-08
     566   5.809442326E-08
     567   5.788986543E-08
     568   5.768638611E-08
     569   5.748397774E-08
     570   5.728263281E-08
     571   5.578110785E-08
     572   5.558640939E-08
     573   5.539272852E-08
     574   5.520005816E-08
     575   5.500839129E-08
     576   5.580373137E-08
     577   5.561063887E-08
     578   5.541854685E-08
     579   5.522744842E-08
     580   5.503733672E-08
     581   5.923758963E-08
     582   5.903437320E-08
     583   5.883220069E-08
     584   5.863106496E-08
     585   5.843095894E-08
     586   5.563969117E-08
     587   5.545044052E-08
     588   5.526215380E-08
     589   5.507482446E-08
     590   5.488844604E-08
     591   6.079378429E-08
     592   6.058874623E-08
     593   6.038474372E-08
     594   6.018176979E-08
     595   5.997981754E-08
     596   6.113088353E-08
     597   6.092643241E-08
     598   6.072300526E-08
     599   6.052059524E-08
     600   6.031919559E-08
     601   6.236829739E-08
     602   6.216143736E-08
     603   6.195560479E-08
     604   6.175079287E-08
     605   6.154699488E-08
     606   6.275651764E-08
     607   6.255008173E-08
     608   6.234466274E-08
     609   6.214025401E-08
     610   6.193684892E-08
     611   5.943344796E-08
     612   5.923953785E-08
     613   5.904657518E-08
     614   5.885455380E-08
     615   5.866346759E-08
     616   6.832029914E-08
     617   6.809919785E-08
     618   6.787916813E-08
     619   6.766020308E-08
     620   6.744229582E-08
     621   6.607095662E-08
     622   6.585885082E-08
     623   6.564776476E-08
     624   6.543769191E-08
     625   6.522862580E-08
     626   6.966998904E-08
     627   6.944811009E-08
     628   6.922728939E-08
     629   6.900752022E-08
     630   6.878879591E-08
     631   6.806347424E-08
     632   6.784842376E-08
     633   6.763439088E-08
     634   6.742136918E-08
     635   6.720935229E-08
     636   7.187805588E-08
     637   7.165273282E-08
     638   7.142846762E-08
     639   7.120525366E-08
     640   7.098308438E-08
     641   7.629949984E-08
     642   7.606217636E-08
     643   7.582595842E-08
     644   7.559083917E-08
     645   7.535681180E-08
     646   7.249212724E-08
     647   7.226838611E-08
     648   7.204567922E-08
     649   7.182400020E-08
     650   7.160334275E-08
     651   8.012331549E-08
     652   7.987791483E-08
     653   7.963363986E-08
     654   7.939048370E-08
     655   7.914843955E-08
     656   7.833048536E-08
     657   7.809239878E-08
     658   7.785539605E-08
     659   7.761947061E-08
     660   7.738461593E-08
     661   8.282414980E-08
     662   8.257430320E-08
     663   8.232558542E-08
     664   8.207798967E-08
     665   8.183150922E-08
     666   8.752701073E-08
     667   8.726495381E-08
     668   8.700407204E-08
     669   8.674435839E-08
     670   8.648580591E-08
     671   8.586278139E-08
     672   8.560761711E-08
     673   8.535358857E-08
     674   8.510068905E-08
     675   8.484891186E-08
     676   9.578964647E-08
     677   9.550708114E-08
     678   9.522576426E-08
     679   9.494568848E-08
     680   9.466684652E-08
     681   9.423343994E-08
     682   9.395750015E-08
     683   9.368277061E-08
     684   9.340924428E-08
     685   9.313691412E-08
     686   1.059698147E-07
     687   1.056617629E-07
     688   1.053550524E-07
     689   1.050496755E-07
     690   1.047456243E-07
     691   1.054508007E-07
     692   1.051464694E-07
     693   1.048434537E-07
     694   1.045417459E-07
     695   1.042413386E-07
     696   1.078608605E-07
     697   1.075518036E-07
     698   1.072440731E-07
     699   1.069376614E-07
     700   1.066325611E-07
     701   1.242660441E-07
     702   1.239125133E-07
     703   1.235604892E-07
     704   1.232099630E-07
     705   1.228609262E-07
     706   1.162746713E-07
     707   1.159462118E-07
     708   1.156191420E-07
     709   1.152934543E-07
     710   1.149691408E-07
     711   1.345221420E-07
     712   1.341448008E-07
     713   1.337690450E-07
     714   1.333948659E-07
     715   1.330222545E-07
     716   1.333558936E-07
     717   1.329844287E-07
     718   1.326145137E-07
     719   1.322461401E-07
     720   1.318792992E-07
     721   1.468426374E-07
     722   1.464364337E-07
     723   1.460319132E-07
     724   1.456290665E-07
     725   1.452278845E-07
     726   1.575942570E-07
     727   1.571613058E-07
     728   1.567301362E-07
     729   1.563007386E-07
     730   1.558731032E-07
     731   1.546127661E-07
     732   1.541909032E-07
     733   1.537707645E-07
     734   1.533523406E-07
     735   1.529356223E-07
     736   1.774078191E-07
     737   1.769270391E-07
     738   1.764482108E-07
     739   1.759713238E-07
     740   1.754963674E-07
     741   1.800664166E-07
     742   1.795817156E-07
     743   1.790989690E-07
     744   1.786181664E-07
     745   1.781392973E-07
     746   1.988070708E-07
     747   1.982755011E-07
     748   1.977460605E-07
     749   1.972187377E-07
     750   1.966935213E-07
     751   2.067160992E-07
     752   2.061670525E-07
     753   2.056201902E-07
     754   2.050755010E-07
     755   2.045329732E-07
     756   2.044538801E-07
     757   2.039144239E-07
     758   2.033771000E-07
     759   2.028418971E-07
     760   2.023088041E-07
     761   2.467090764E-07
     762   2.460623947E-07
     763   2.454182523E-07
     764   2.447766360E-07
     765   2.441375325E-07
     766   2.412656053E-07
     767   2.406373094E-07
     768   2.400114647E-07
     769   2.393880583E-07
     770   2.387670776E-07
     771   2.651002504E-07
     772   2.644143507E-07
     773   2.637311095E-07
     774   2.630505131E-07
     775   2.623725478E-07
     776   2.721733000E-07
     777   2.714736257E-07
     778   2.707766459E-07
     779   2.700823468E-07
     780   2.693907147E-07
     781   2.967317649E-07
     782   2.959738294E-07
     783   2.952187941E-07
     784   2.944666443E-07
     785   2.937173653E-07
     786   3.117409024E-07
     787   3.109496818E-07
     788   3.101614697E-07
     789   3.093762508E-07
     790   3.085940099E-07
     791   3.227509767E-07
     792   3.219369767E-07
     793   3.211260523E-07
     794   3.203181881E-07
     795   3.195133685E-07
     796   3.478547952E-07
     797   3.469829787E-07
     798   3.461144356E-07
     799   3.452491495E-07
     800   3.443871042E-07
     801   3.615463709E-07
     802   3.606458818E-07
     803   3.597487528E-07
     804   3.588549671E-07
     805   3.579645081E-07
     806   3.770196259E-07
     807   3.760864090E-07
     808   3.751566527E-07
     809   3.742303400E-07
     810   3.733074538E-07
     811   3.887238428E-07
     812   3.877675726E-07
     813   3.868148267E-07
     814   3.858655878E-07
     815   3.849198389E-07
     816   3.990286074E-07
     817   3.980529874E-07
     818   3.970809410E-07
     819   3.961124509E-07
     820   3.951474998E-07
     821   4.420535293E-07
     822   4.409792801E-07
     823   4.399089421E-07
     824   4.388424962E-07
     825   4.377799235E-07
     826   4.528399990E-07
     827   4.517461826E-07
     828   4.506563245E-07
     829   4.495704056E-07
     830   4.484884071E-07
     831   4.970886326E-07
     832   4.958951425E-07
     833   4.947059455E-07
     834   4.935210211E-07
     835   4.923403488E-07
     836   4.992028948E-07
     837   4.980114797E-07
     838   4.968243248E-07
     839   4.956414098E-07
     840   4.944627144E-07
     841   5.237537326E-07
     842   5.225111377E-07
     843   5.212729597E-07
     844   5.200391775E-07
     845   5.188097705E-07
     846   5.869577277E-07
     847   5.855733935E-07
     848   5.841939509E-07
     849   5.828193768E-07
     850   5.814496486E-07
     851   5.864218257E-07
     852   5.850468625E-07
     853   5.836767293E-07
     854   5.823114036E-07
     855   5.809508630E-07
     856   6.396001784E-07
     857   6.381092689E-07
     858   6.366235662E-07
     859   6.351430463E-07
     860   6.336676850E-07
     861   6.339108328E-07
     862   6.324417462E-07
     863   6.309777607E-07
     864   6.295188526E-07
     865   6.280649984E-07
     866   7.000113908E-07
     867   6.983984614E-07
     868   6.967911001E-07
     869   6.951892815E-07
     870   6.935929801E-07
     871   7.580047416E-07
     872   7.562681901E-07
     873   7.545375993E-07
     874   7.528129419E-07
     875   7.510941909E-07
     876   7.601358208E-07
     877   7.584043042E-07
     878   7.566786971E-07
     879   7.549589728E-07
     880   7.532451045E-07
     881   8.319019889E-07
     882   8.300177262E-07
     883   8.281398580E-07
     884   8.262683555E-07
     885   8.244031899E-07
     886   8.445317101E-07
     887   8.426296116E-07
     888   8.407339320E-07
     889   8.388446422E-07
     890   8.369617137E-07
     891   9.006890601E-07
     892   8.986718393E-07
     893   8.966613878E-07
     894   8.946576752E-07
     895   8.926606715E-07
     896   9.243965200E-07
     897   9.223377304E-07
     898   9.202858111E-07
     899   9.182407315E-07
     900   9.162024613E-07
     901   9.311835794E-07
     902   9.291211573E-07
     903   9.270655796E-07
     904   9.250168158E-07
     905   9.229748361E-07
     906   1.021986409E-06
     907   1.019735338E-06
     908   1.017491696E-06
     909   1.015255450E-06
     910   1.013026569E-06
     911   1.009500015E-06
     912   1.007288624E-06
     913   1.005084491E-06
     914   1.002887585E-06
     915   1.000697874E-06
     916   1.102167986E-06
     917   1.099766748E-06
     918   1.097373350E-06
     919   1.094987755E-06
     920   1.092609932E-06
     921   1.100599612E-06
     922   1.098214781E-06
     923   1.095837692E-06
     924   1.093468314E-06
     925   1.091106611E-06
     926   1.132961539E-06
     927   1.130519812E-06
     928   1.128085969E-06
     929   1.125659978E-06
     930   1.123241804E-06
     931   1.269198937E-06
     932   1.266478253E-06
     933   1.263766309E-06
     934   1.261063065E-06
     935   1.258368486E-06
     936   1.206359247E-06
     937   1.203787053E-06
     938   1.201223076E-06
     939   1.198667282E-06
     940   1.196119637E-06
     941   1.342815919E-06
     942   1.339967953E-06
     943   1.337129038E-06
     944   1.334299135E-06
     945   1.331478206E-06
     946   1.359948685E-06
     947   1.357079595E-06
     948   1.354219575E-06
     949   1.351368586E-06
     950   1.348526591E-06
     951   1.444598309E-06
     952   1.441566623E-06
     953   1.438544470E-06
     954   1.435531812E-06
     955   1.432528607E-06
     956   1.504754377E-06
     957   1.501612928E-06
     958   1.498481305E-06
     959   1.495359469E-06
     960   1.492247379E-06
     961   1.484269341E-06
     962   1.481186747E-06
     963   1.478113745E-06
     964   1.475050297E-06
     965   1.471996363E-06
     966   1.684739174E-06
     967   1.681258308E-06
     968   1.677788219E-06
     969   1.674328862E-06
     970   1.670880192E-06
     971   1.608977781E-06
     972   1.605670530E-06
     973   1.602373465E-06
     974   1.599086545E-06
     975   1.595809728E-06
     976   1.788838477E-06
     977   1.785180321E-06
     978   1.781533374E-06
     979   1.777897592E-06
     980   1.774272928E-06
     981   1.787232490E-06
     982   1.783596208E-06
     983   1.779971012E-06
     984   1.776356858E-06
     985   1.772753700E-06
     986   1.795964452E-06
     987   1.792328897E-06
     988   1.788704369E-06
     989   1.785090825E-06
     990   1.781488220E-06
     991   1.971204978E-06
     992   1.967234777E-06
     993   1.963276558E-06
     994   1.959330274E-06
     995   1.955395875E-06
     996   1.995735108E-06
     997   1.991735638E-06
     998   1.987748180E-06
     999   1.983772683E-06
    1000   1.979809102E-06
    1001   2.033337337E-06
    1002   2.029282826E-06
    1003   2.025240430E-06
    1004   2.021210101E-06
    1005   2.017191791E-06
    1006   2.038041043E-06
    1007   2.033997311E-06
    1008   2.029965602E-06
    1009   2.025945868E-06
    1010   2.021938062E-06
    1011   2.079352427E-06
    1012   2.075247092E-06
    1013   2.071153902E-06
    1014   2.067072811E-06
    1015   2.063003770E-06
    1016   2.231723855E-06
    1017   2.227339329E-06
    1018   2.222967711E-06
    1019   2.218608951E-06
    1020   2.214262998E-06
    1021   2.210994951E-06
    1022   2.206672380E-06
    1023   2.202362473E-06
    1024   2.198065180E-06
    1025   2.193780453E-06
    1026   2.299689354E-06
    1027   2.295215250E-06
    1028   2.290754190E-06
    1029   2.286306124E-06
    1030   2.281871000E-06
    1031   2.351769815E-06
    1032   2.347216534E-06
    1033   2.342676463E-06
    1034   2.338149552E-06
    1035   2.333635750E-06
    1036   2.449447113E-06
    1037   2.444727562E-06
    1038   2.440021637E-06
    1039   2.435329288E-06
    1040   2.430650461E-06
    1041   2.577061169E-06
    1042   2.572119537E-06
    1043   2.567192105E-06
    1044   2.562278818E-06
    1045   2.557379624E-06
    1046   2.547829125E-06
    1047   2.542966856E-06
    1048   2.538118492E-06
    1049   2.533283980E-06
    1050   2.528463269E-06
    1051   2.632767554E-06
    1052   2.627767046E-06
    1053   2.622780771E-06
    1054   2.617808675E-06
    1055   2.612850704E-06
    1056   2.648403087E-06
    1057   2.643396654E-06
    1058   2.638404404E-06
    1059   2.633426282E-06
    1060   2.628462236E-06
    1061   2.794649721E-06
    1062   2.789391678E-06
    1063   2.784148461E-06
    1064   2.778920013E-06
    1065   2.773706279E-06
    1066   2.924952589E-06
    1067   2.919475150E-06
    1068   2.914013083E-06
    1069   2.908566329E-06
    1070   2.903134833E-06
    1071   3.001870352E-06
    1072   2.996275067E-06
    1073   2.990695412E-06
    1074   2.985131327E-06
    1075   2.979582756E-06
    1076   3.020785391E-06
    1077   3.015180965E-06
    1078   3.009592122E-06
    1079   3.004018803E-06
    1080   2.998460952E-06
    1081   3.255254916E-06
    1082   3.249243365E-06
    1083   3.243248451E-06
    1084   3.237270113E-06
    1085   3.231308290E-06
    1086   3.290003388E-06
    1087   3.283955588E-06
    1088   3.277924448E-06
    1089   3.271909908E-06
    1090   3.265911906E-06
    1091   3.299165610E-06
    1092   3.293128711E-06
    1093   3.287108366E-06
    1094   3.281104515E-06
    1095   3.275117098E-06
    1096   3.375194525E-06
    1097   3.369046630E-06
    1098   3.362915517E-06
    1099   3.356801125E-06
    1100   3.350703394E-06
    1101   3.456509820E-06
    1102   3.450242350E-06
    1103   3.443991911E-06
    1104   3.437758441E-06
    1105   3.431541880E-06
    1106   3.357117573E-06
    1107   3.351057794E-06
    1108   3.345014407E-06
    1109   3.338987354E-06
    1110   3.332976576E-06
    1111   3.504003771E-06
    1112   3.497707268E-06
    1113   3.491427722E-06
    1114   3.485165071E-06
    1115   3.478919256E-06
    1116   3.503936347E-06
    1117   3.497668124E-06
    1118   3.491416707E-06
    1119   3.485182034E-06
    1120   3.478964046E-06
    1121   3.724689327E-06
    1122   3.718055864E-06
    1123   3.711440106E-06
    1124   3.704841990E-06
    1125   3.698261454E-06
    1126   3.690577008E-06
    1127   3.684033432E-06
    1128   3.677507244E-06
    1129   3.670998381E-06
    1130   3.664506784E-06
    1131   3.809814711E-06
    1132   3.803089530E-06
    1133   3.796382141E-06
    1134   3.789692481E-06
    1135   3.783020487E-06
    1136   3.906277755E-06
    1137   3.899412592E-06
    1138   3.892565511E-06
    1139   3.885736449E-06
    1140   3.878925342E-06
    1141   3.972472040E-06
    1142   3.965521083E-06
    1143   3.958588354E-06
    1144   3.951673789E-06
    1145   3.944777325E-06
    1146   4.190307259E-06
    1147   4.183007072E-06
    1148   4.175725946E-06
    1149   4.168463814E-06
    1150   4.161220610E-06
    1151   4.038171434E-06
    1152   4.031166800E-06
    1153   4.024180376E-06
    1154   4.017212099E-06
    1155   4.010261905E-06
    1156   4.247629225E-06
    1157   4.240293078E-06
    1158   4.232975919E-06
    1159   4.225677685E-06
    1160   4.218398309E-06
    1161   4.230077132E-06
    1162   4.222802709E-06
    1163   4.215547034E-06
    1164   4.208310044E-06
    1165   4.201091673E-06
    1166   4.433826242E-06
    1167   4.426234074E-06
    1168   4.418661389E-06
    1169   4.411108122E-06
    1170   4.403574206E-06
    1171   4.637434193E-06
    1172   4.629527229E-06
    1173   4.621640471E-06
    1174   4.613773849E-06
    1175   4.605927294E-06
    1176   4.468455036E-06
    1177   4.460868525E-06
    1178   4.453301318E-06
    1179   4.445753349E-06
    1180   4.438224555E-06
    1181   4.699320585E-06
    1182   4.691375834E-06
    1183   4.683451212E-06
    1184   4.675546653E-06
    1185   4.667662089E-06
    1186   4.854916029E-06
    1187   4.846742770E-06
    1188   4.838590133E-06
    1189   4.830458049E-06
    1190   4.822346448E-06
    1191   4.751074596E-06
    1192   4.743109677E-06
    1193   4.735164769E-06
    1194   4.727239807E-06
    1195   4.719334724E-06
    1196   4.974030537E-06
    1197   4.965726646E-06
    1198   4.957443533E-06
    1199   4.949181127E-06
    1200   4.940939360E-06
    1201   4.804676818E-06
    1202   4.796688992E-06
    1203   4.788721070E-06
    1204   4.780772986E-06
    1205   4.772844672E-06
    1206   5.062490629E-06
    1207   5.054109022E-06
    1208   5.045748213E-06
    1209   5.037408133E-06
    1210   5.029088714E-06
    1211   4.901039119E-06
    1212   4.892958263E-06
    1213   4.884897376E-06
    1214   4.876856393E-06
    1215   4.868835248E-06
    1216   5.029738607E-06
    1217   5.021479594E-06
    1218   5.013240907E-06
    1219   5.005022480E-06
    1220   4.996824245E-06
    1221   5.189631922E-06
    1222   5.181145197E-06
    1223   5.172679274E-06
    1224   5.164234083E-06
    1225   5.155809558E-06
    1226   5.054855535E-06
    1227   5.046622871E-06
    1228   5.038410304E-06
    1229   5.030217767E-06
    1230   5.022045195E-06
    1231   5.475666921E-06
    1232   5.466785061E-06
    1233   5.457924794E-06
    1234   5.449086049E-06
    1235   5.440268758E-06
    1236   5.308390069E-06
    1237   5.299814318E-06
    1238   5.291259331E-06
    1239   5.282725042E-06
    1240   5.274211384E-06
    1241   5.324704812E-06
    1242   5.316137307E-06
    1243   5.307590462E-06
    1244   5.299064212E-06
    1245   5.290558491E-06
    1246   5.486640737E-06
    1247   5.477848044E-06
    1248   5.469076470E-06
    1249   5.460325948E-06
    1250   5.451596410E-06
    1251   5.250318411E-06
    1252   5.241938014E-06
    1253   5.233577667E-06
    1254   5.225237304E-06
    1255   5.216916862E-06
    1256   5.571628754E-06
    1257   5.562770839E-06
    1258   5.553934030E-06
    1259   5.545118262E-06
    1260   5.536323467E-06
    1261   5.289395745E-06
    1262   5.281019821E-06
    1263   5.272663777E-06
    1264   5.264327550E-06
    1265   5.256011077E-06
    1266   5.548078027E-06
    1267   5.539327116E-06
    1268   5.530596892E-06
    1269   5.521887290E-06
    1270   5.513198246E-06
    1271   5.686999456E-06
    1272   5.678064657E-06
    1273   5.669150897E-06
    1274   5.660258112E-06
    1275   5.651386234E-06
    1276   5.686734141E-06
    1277   5.677834714E-06
    1278   5.668956161E-06
    1279   5.660098417E-06
    1280   5.651261417E-06
    1281   5.843931282E-06
    1282   5.834821490E-06
    1283   5.825732983E-06
    1284   5.816665694E-06
    1285   5.807619558E-06
    1286   5.788901947E-06
    1287   5.779912969E-06
    1288   5.770944911E-06
    1289   5.761997710E-06
    1290   5.753071300E-06
    1291   6.090624734E-06
    1292   6.081203814E-06
    1293   6.071804735E-06
    1294   6.062427431E-06
    1295   6.053071833E-06
    1296   5.915130894E-06
    1297   5.906016671E-06
    1298   5.896923496E-06
    1299   5.887851306E-06
    1300   5.878800036E-06
    1301   5.938431921E-06
    1302   5.929316906E-06
    1303   5.920222862E-06
    1304   5.911149723E-06
    1305   5.902097427E-06
    1306   5.952605302E-06
    1307   5.943503459E-06
    1308   5.934422476E-06
    1309   5.925362289E-06
    1310   5.916322835E-06
    1311   6.023812553E-06
    1312   6.014636905E-06
    1313   6.005482207E-06
    1314   5.996348393E-06
    1315   5.987235402E-06
    1316   6.247113402E-06
    1317   6.237633716E-06
    1318   6.228175590E-06
    1319   6.218738961E-06
    1320   6.209323762E-06
    1321   6.135671254E-06
    1322   6.126395863E-06
    1323   6.117141488E-06
    1324   6.107908067E-06
    1325   6.098695536E-06
    1326   6.353035482E-06
    1327   6.343467658E-06
    1328   6.333921431E-06
    1329   6.324396737E-06
    1330   6.314893511E-06
    1331   6.397494996E-06
    1332   6.387896354E-06
    1333   6.378319298E-06
    1334   6.368763764E-06
    1335   6.359229686E-06
    1336   6.521166704E-06
    1337   6.511419070E-06
    1338   6.501693276E-06
    1339   6.491989257E-06
    1340   6.482306946E-06
    1341   6.578733861E-06
    1342   6.568936789E-06
    1343   6.559161586E-06
    1344   6.549408185E-06
    1345   6.539676524E-06
    1346   6.601195774E-06
    1347   6.591401715E-06
    1348   6.581629437E-06
    1349   6.571878874E-06
    1350   6.562149964E-06
    1351   6.665491906E-06
    1352   6.655638999E-06
    1353   6.645807922E-06
    1354   6.635998611E-06
    1355   6.626211003E-06
    1356   6.722942557E-06
    1357   6.713041316E-06
    1358   6.703161932E-06
    1359   6.693304341E-06
    1360   6.683468479E-06
    1361   6.628762529E-06
    1362   6.619035805E-06
    1363   6.609330474E-06
    1364   6.599646473E-06
    1365   6.589983741E-06
    1366   6.519697629E-06
    1367   6.510165908E-06
    1368   6.500655074E-06
    1369   6.491165066E-06
    1370   6.481695825E-06
    1371   6.621538222E-06
    1372   6.611892864E-06
    1373   6.602268566E-06
    1374   6.592665266E-06
    1375   6.583082904E-06
    1376   7.037200259E-06
    1377   7.026986616E-06
    1378   7.016795192E-06
    1379   7.006625924E-06
    1380   6.996478747E-06
    1381   6.920268708E-06
    1382   6.910261089E-06
    1383   6.900275162E-06
    1384   6.890310866E-06
    1385   6.880368137E-06
    1386   7.126827272E-06
    1387   7.116558069E-06
    1388   7.106311045E-06
    1389   7.096086137E-06
    1390   7.085883281E-06
    1391   6.804029645E-06
    1392   6.794260758E-06
    1393   6.784512895E-06
    1394   6.774785995E-06
    1395   6.765079998E-06
    1396   6.967708081E-06
    1397   6.957739972E-06
    1398   6.947793239E-06
    1399   6.937867820E-06
    1400   6.927963655E-06
    1401   7.022525147E-06
    1402   7.012514420E-06
    1403   7.002525083E-06
    1404   6.992557076E-06
    1405   6.982610337E-06
    1406   6.992744637E-06
    1407   6.982811761E-06
    1408   6.972900034E-06
    1409   6.963009395E-06
    1410   6.953139786E-06
    1411   7.553106035E-06
    1412   7.542415155E-06
    1413   7.531746959E-06
    1414   7.521101380E-06
    1415   7.510478355E-06
    1416   7.892402390E-06
    1417   7.881270652E-06
    1418   7.870162448E-06
    1419   7.859077712E-06
    1420   7.848016378E-06
    1421   8.387478741E-06
    1422   8.375690296E-06
    1423   8.363926686E-06
    1424   8.352187841E-06
    1425   8.340473693E-06
    1426   8.685773954E-06
    1427   8.673609005E-06
    1428   8.661469594E-06
    1429   8.649355651E-06
    1430   8.637267103E-06
    1431   8.493702809E-06
    1432   8.481848374E-06
    1433   8.470018739E-06
    1434   8.458213835E-06
    1435   8.446433593E-06
    1436   8.694129784E-06
    1437   8.682037810E-06
    1438   8.669971044E-06
    1439   8.657929418E-06
    1440   8.645912861E-06
    1441   8.601372742E-06
    1442   8.589451228E-06
    1443   8.577554481E-06
    1444   8.565682433E-06
    1445   8.553835016E-06
    1446   8.603410974E-06
    1447   8.591527809E-06
    1448   8.579669248E-06
    1449   8.567835221E-06
    1450   8.556025662E-06
    1451   8.531404997E-06
    1452   8.519661838E-06
    1453   8.507942909E-06
    1454   8.496248142E-06
    1455   8.484577471E-06
    1456   7.893601594E-06
    1457   7.882773608E-06
    1458   7.871967887E-06
    1459   7.861184370E-06
    1460   7.850422995E-06
    1461   8.070216636E-06
    1462   8.059184214E-06
    1463   8.048174400E-06
    1464   8.037187131E-06
    1465   8.026222347E-06
    1466   7.751888854E-06
    1467   7.741327698E-06
    1468   7.730788109E-06
    1469   7.720270030E-06
    1470   7.709773402E-06
    1471   8.542090818E-06
    1472   8.530492596E-06
    1473   8.518917979E-06
    1474   8.507366904E-06
    1475   8.495839307E-06
    1476   9.579083832E-06
    1477   9.566121607E-06
    1478   9.553185676E-06
    1479   9.540275965E-06
    1480   9.527392406E-06
    1481   1.135122239E-05
    1482   1.133591393E-05
    1483   1.132063642E-05
    1484   1.130538977E-05
    1485   1.129017390E-05
    1486   1.301030022E-05
    1487   1.299281326E-05
    1488   1.297536153E-05
    1489   1.295794494E-05
    1490   1.294056339E-05
    1491   1.338719745E-05
    1492   1.336926417E-05
    1493   1.335136689E-05
    1494   1.333350553E-05
    1495   1.331567999E-05
    1496   1.363153264E-05
    1497   1.361333300E-05
    1498   1.359516978E-05
    1499   1.357704288E-05
    1500   1.355895222E-05
    1501   1.382156695E-05
    1502   1.380317498E-05
    1503   1.378481969E-05
    1504   1.376650100E-05
    1505   1.374821879E-05
    1506   1.455819609E-05
    1507   1.453888813E-05
    1508   1.451961857E-05
    1509   1.450038728E-05
    1510   1.448119418E-05
    1511   1.620594274E-05
    1512   1.618452048E-05
    1513   1.616314066E-05
    1514   1.614180318E-05
    1515   1.612050793E-05
    1516   1.763513542E-05
    1517   1.761190072E-05
    1518   1.758871191E-05
    1519   1.756556887E-05
    1520   1.754247148E-05
    1521   1.895972630E-05
    1522   1.893482843E-05
    1523   1.890997958E-05
    1524   1.888517960E-05
    1525   1.886042838E-05
    1526   1.899546088E-05
    1527   1.897059771E-05
    1528   1.894578332E-05
    1529   1.892101759E-05
    1530   1.889630039E-05
    1531   1.664616799E-05
    1532   1.662445088E-05
    1533   1.660277624E-05
    1534   1.658114396E-05
    1535   1.655955392E-05
    1536   1.268427319E-05
    1537   1.266777869E-05
    1538   1.265131634E-05
    1539   1.263488606E-05
    1540   1.261848776E-05
    1541   7.626353853E-06
    1542   7.616468754E-06
    1543   7.606602862E-06
    1544   7.596756127E-06
    1545   7.586928499E-06
    1546   1.550021425E-06
    1547   1.548018813E-06
    1548   1.546020080E-06
    1549   1.544025215E-06
    1550   1.542034209E-06
    1551  -5.305267501E-06
    1552  -5.298435218E-06
    1553  -5.291616125E-06
    1554  -5.284810188E-06
    1555  -5.278017373E-06
    1556  -1.191641758E-05
    1557  -1.190112051E-05
    1558  -1.188585288E-05
    1559  -1.187061461E-05
    1560  -1.185540562E-05
    1561  -1.681023777E-05
    1562  -1.678872755E-05
    1563  -1.676725859E-05
    1564  -1.674583078E-05
    1565  -1.672444402E-05
    1566  -1.993304680E-05
    1567  -1.990762199E-05
    1568  -1.988224580E-05
    1569  -1.985691810E-05
    1570  -1.983163876E-05
    1571  -1.819043954E-05
    1572  -1.816731120E-05
    1573  -1.814422694E-05
    1574  -1.812118666E-05
    1575  -1.809819023E-05
    1576  -7.585230931E-06
    1577  -7.575617204E-06
    1578  -7.566021742E-06
    1579  -7.556444499E-06
    1580  -7.546885429E-06
    1581   1.430573998E-05
    1582   1.428766576E-05
    1583   1.426962578E-05
    1584   1.425161994E-05
    1585   1.423364817E-05
    1586   4.903252057E-05
    1587   4.897076677E-05
    1588   4.890912955E-05
    1589   4.884760864E-05
    1590   4.878620372E-05
    1591   9.678654243E-05
    1592   9.666502762E-05
    1593   9.654374152E-05
    1594   9.642268353E-05
    1595   9.630185310E-05
    1596   1.520178278E-04
    1597   1.518275677E-04
    1598   1.516376645E-04
    1599   1.514481175E-04
    1600   1.512589255E-04
    1601   2.149035193E-04
    1602   2.146353926E-04
    1603   2.143677675E-04
    1604   2.141006425E-04
    1605   2.138340166E-04
    1606   2.724234118E-04
    1607   2.720845767E-04
    1608   2.717463734E-04
    1609   2.714088003E-04
    1610   2.710718558E-04
    1611   3.167886916E-04
    1612   3.163958971E-04
    1613   3.160038328E-04
    1614   3.156124968E-04
    1615   3.152218873E-04
    1616   3.403142265E-04
    1617   3.398935662E-04
    1618   3.394736853E-04
    1619   3.390545820E-04
    1620   3.386362543E-04
    1621   3.350429747E-04
    1622   3.346301060E-04
    1623   3.342179999E-04
    1624   3.338066547E-04
    1625   3.333960684E-04
    1626   2.915687497E-04
    1627   2.912105571E-04
    1628   2.908530242E-04
    1629   2.904961493E-04
    1630   2.901399308E-04
    1631   1.608824091E-04
    1632   1.606853700E-04
    1633   1.604886927E-04
    1634   1.602923762E-04
    1635   1.600964198E-04
    1636  -9.301126526E-05
    1637  -9.289769839E-05
    1638  -9.278433939E-05
    1639  -9.267118776E-05
    1640  -9.255824299E-05
    1641  -4.972474531E-04
    1642  -4.966421610E-04
    1643  -4.960379735E-04
    1644  -4.954348878E-04
    1645  -4.948329013E-04
    1646  -1.031090303E-03
    1647  -1.029838980E-03
    1648  -1.028589934E-03
    1649  -1.027343158E-03
    1650  -1.026098648E-03
    1651  -1.634330200E-03
    1652  -1.632352789E-03
    1653  -1.630378965E-03
    1654  -1.628408719E-03
    1655  -1.626442041E-03
    1656  -2.085082961E-03
    1657  -2.082567782E-03
    1658  -2.080057152E-03
    1659  -2.077551059E-03
    1660  -2.075049493E-03
    1661  -2.328145756E-03
    1662  -2.325345821E-03
    1663  -2.322550934E-03
    1664  -2.319761083E-03
    1665  -2.316976256E-03
    1666  -2.428351833E-03
    1667  -2.425440140E-03
    1668  -2.422533681E-03
    1669  -2.419632443E-03
    1670  -2.416736414E-03
    1671  -2.252886022E-03
    1672  -2.250192793E-03
    1673  -2.247504391E-03
    1674  -2.244820804E-03
    1675  -2.242142020E-03
    1676  -1.748993239E-03
    1677  -1.746908623E-03
    1678  -1.744827731E-03
    1679  -1.742750555E-03
    1680  -1.740677086E-03
    1681  -6.596820764E-04
    1682  -6.588981404E-04
    1683  -6.581156011E-04
    1684  -6.573344550E-04
    1685  -6.565546988E-04
    1686   1.289787712E-03
    1687   1.288259527E-03
    1688   1.286734057E-03
    1689   1.285211295E-03
    1690   1.283691234E-03
    1691   4.510314112E-03
    1692   4.504985920E-03
    1693   4.499667165E-03
    1694   4.494357823E-03
    1695   4.489057873E-03
    1696   8.829069199E-03
    1697   8.818669824E-03
    1698   8.808288812E-03
    1699   8.797926119E-03
    1700   8.787581703E-03
    1701   1.404035581E-02
    1702   1.402386685E-02
    1703   1.400740691E-02
    1704   1.399097593E-02
    1705   1.397457385E-02
    1706   1.807565678E-02
    1707   1.805449091E-02
    1708   1.803336219E-02
    1709   1.801227054E-02
    1710   1.799121587E-02
    1711   2.100388285E-02
    1712   2.097935993E-02
    1713   2.095487993E-02
    1714   2.093044275E-02
    1715   2.090604830E-02
    1716   2.333110038E-02
    1717   2.330393961E-02
    1718   2.327682624E-02
    1719   2.324976016E-02
    1720   2.322274127E-02
    1721   2.348537475E-02
    1722   2.345811372E-02
    1723   2.343090013E-02
    1724   2.340373387E-02
    1725   2.337661483E-02
    1726   2.433086259E-02
    1727   2.430270187E-02
    1728   2.427459001E-02
    1729   2.424652690E-02
    1730   2.421851243E-02
    1731   2.290135945E-02
    1732   2.287492972E-02
    1733   2.284854572E-02
    1734   2.282220734E-02
    1735   2.279591448E-02
    1736   2.133227057E-02
    1737   2.130772250E-02
    1738   2.128321678E-02
    1739   2.125875331E-02
    1740   2.123433200E-02
    1741   1.832849977E-02
    1742   1.830746879E-02
    1743   1.828647399E-02
    1744   1.826551528E-02
    1745   1.824459258E-02
    1746   1.350277379E-02
    1747   1.348732439E-02
    1748   1.347190149E-02
    1749   1.345650503E-02
    1750   1.344113495E-02
    1751   8.737469896E-03
    1752   8.727501305E-03
    1753   8.717549764E-03
    1754   8.707615234E-03
    1755   8.697697677E-03
    1756   4.117158950E-03
    1757   4.112475038E-03
    1758   4.107799114E-03
    1759   4.103131160E-03
    1760   4.098471159E-03
    1761   9.457219652E-04
    1762   9.446491099E-04
    1763   9.435780791E-04
    1764   9.425088689E-04
    1765   9.414414749E-04
    1766  -1.011882505E-03
    1767  -1.010737842E-03
    1768  -1.009595120E-03
    1769  -1.008454334E-03
    1770  -1.007315481E-03
    1771  -2.066257942E-03
    1772  -2.063927137E-03
    1773  -2.061600275E-03
    1774  -2.059277345E-03
    1775  -2.056958339E-03
    1776  -2.612373645E-03
    1777  -2.609435092E-03
    1778  -2.606501494E-03
    1779  -2.603572841E-03
    1780  -2.600649121E-03
    1781  -2.744227706E-03
    1782  -2.741149492E-03
    1783  -2.738076455E-03
    1784  -2.735008582E-03
    1785  -2.731945862E-03
    1786  -2.677744646E-03
    1787  -2.674749406E-03
    1788  -2.671759189E-03
    1789  -2.668773983E-03
    1790  -2.665793777E-03
    1791  -2.329486357E-03
    1792  -2.326887934E-03
    1793  -2.324293856E-03
    1794  -2.321704113E-03
    1795  -2.319118697E-03
    1796  -1.831566243E-03
    1797  -1.829528906E-03
    1798  -1.827494966E-03
    1799  -1.825464416E-03
    1800  -1.823437248E-03
    1801  -1.192119335E-03
    1802  -1.190796961E-03
    1803  -1.189476787E-03
    1804  -1.188158808E-03
    1805  -1.186843017E-03
    1806  -5.927378657E-04
    1807  -5.920821822E-04
    1808  -5.914275861E-04
    1809  -5.907740749E-04
    1810  -5.901216463E-04
    1811  -1.664563135E-04
    1812  -1.662726882E-04
    1813  -1.660893666E-04
    1814  -1.659063481E-04
    1815  -1.657236318E-04
    1816   1.025653866E-04
    1817   1.024525534E-04
    1818   1.023399063E-04
    1819   1.022274448E-04
    1820   1.021151687E-04
    1821   2.496722424E-04
    1822   2.493983288E-04
    1823   2.491248657E-04
    1824   2.488518521E-04
    1825   2.485792871E-04
    1826   2.996286265E-04
    1827   2.993008052E-04
    1828   2.989735217E-04
    1829   2.986467747E-04
    1830   2.983205630E-04
    1831   3.015490605E-04
    1832   3.012200380E-04
    1833   3.008915538E-04
    1834   3.005636066E-04
    1835   3.002361953E-04
    1836   2.804631025E-04
    1837   2.801579196E-04
    1838   2.798532345E-04
    1839   2.795490463E-04
    1840   2.792453536E-04
    1841   2.377338806E-04
    1842   2.374758948E-04
    1843   2.372183288E-04
    1844   2.369611816E-04
    1845   2.367044522E-04
    1846   1.794345502E-04
    1847   1.792403570E-04
    1848   1.790464788E-04
    1849   1.788529150E-04
    1850   1.786596650E-04
    1851   1.109820355E-04
    1852   1.108622492E-04
    1853   1.107426567E-04
    1854   1.106232576E-04
    1855   1.105040515E-04
    1856   4.947753663E-05
    1857   4.942427771E-05
    1858   4.937110474E-05
    1859   4.931801753E-05
    1860   4.926501590E-05
    1861   1.108205486E-06
    1862   1.107015787E-06
    1863   1.105828001E-06
    1864   1.104642127E-06
    1865   1.103458159E-06
    1866  -3.364082242E-05
    1867  -3.360480441E-05
    1868  -3.356884421E-05
    1869  -3.353294171E-05
    1870  -3.349709677E-05
    1871  -5.594765588E-05
    1872  -5.588791466E-05
    1873  -5.582826907E-05
    1874  -5.576871892E-05
    1875  -5.570926399E-05
    1876  -6.402876820E-05
    1877  -6.396057995E-05
    1878  -6.389250057E-05
    1879  -6.382452982E-05
    1880  -6.375666748E-05
    1881  -6.687133422E-05
    1882  -6.680030785E-05
    1883  -6.672939457E-05
    1884  -6.665859415E-05
    1885  -6.658790635E-05
    1886  -6.171621625E-05
    1887  -6.165083890E-05
    1888  -6.158556538E-05
    1889  -6.152039547E-05
    1890  -6.145532895E-05
    1891  -5.448231658E-05
    1892  -5.442475470E-05
    1893  -5.436728400E-05
    1894  -5.430990428E-05
    1895  -5.425261535E-05
    1896  -4.550537593E-05
    1897  -4.545742506E-05
    1898  -4.540954994E-05
    1899  -4.536175041E-05
    1900  -4.531402632E-05
    1901  -3.277596662E-05
    1902  -3.274151999E-05
    1903  -3.270712764E-05
    1904  -3.267278945E-05
    1905  -3.263850530E-05
    1906  -2.355905547E-05
    1907  -2.353436045E-05
    1908  -2.350970423E-05
    1909  -2.348508674E-05
    1910  -2.346050789E-05
    1911  -1.569962932E-05
    1912  -1.568321570E-05
    1913  -1.566682780E-05
    1914  -1.565046558E-05
    1915  -1.563412898E-05
    1916  -1.051142104E-05
    1917  -1.050046022E-05
    1918  -1.048951654E-05
    1919  -1.047858996E-05
    1920  -1.046768045E-05
    1921  -7.491066367E-06
    1922  -7.483275346E-06
    1923  -7.475496474E-06
    1924  -7.467729724E-06
    1925  -7.459975072E-06
    1926  -6.562016015E-06
    1927  -6.555208944E-06
    1928  -6.548412460E-06
    1929  -6.541626540E-06
    1930  -6.534851163E-06
    1931  -7.168252863E-06
    1932  -7.160836150E-06
    1933  -7.153430942E-06
    1934  -7.146037215E-06
    1935  -7.138654945E-06
    1936  -7.975711245E-06
    1937  -7.967480377E-06
    1938  -7.959262244E-06
    1939  -7.951056819E-06
    1940  -7.942864076E-06
    1941  -8.584551483E-06
    1942  -8.575715095E-06
    1943  -8.566892343E-06
    1944  -8.558083199E-06
    1945  -8.549287636E-06
    1946  -8.673049094E-06
    1947  -8.664144526E-06
    1948  -8.655253665E-06
    1949  -8.646376481E-06
    1950  -8.637512948E-06
    1951  -8.014633247E-06
    1952  -8.006425737E-06
    1953  -7.998230829E-06
    1954  -7.990048495E-06
    1955  -7.981878712E-06
    1956  -7.970101161E-06
    1957  -7.961960097E-06
    1958  -7.953831501E-06
    1959  -7.945715346E-06
    1960  -7.937611608E-06
    1961  -7.842600840E-06
    1962  -7.834610416E-06
    1963  -7.826632198E-06
    1964  -7.818666160E-06
    1965  -7.810712278E-06
    1966  -8.787653717E-06
    1967  -8.778723175E-06
    1968  -8.769806239E-06
    1969  -8.760902883E-06
    1970  -8.752013077E-06
    1971  -9.841187591E-06
    1972  -9.831211729E-06
    1973  -9.821251028E-06
    1974  -9.811305457E-06
    1975  -9.801374986E-06
    1976  -1.041912128E-05
    1977  -1.040858627E-05
    1978  -1.039806724E-05
    1979  -1.038756414E-05
    1980  -1.037707695E-05
    1981  -1.084752476E-05
    1982  -1.083658424E-05
    1983  -1.082566026E-05
    1984  -1.081475280E-05
    1985  -1.080386181E-05
    1986  -1.036118478E-05
    1987  -1.035076105E-05
    1988  -1.034035305E-05
    1989  -1.032996073E-05
    1990  -1.031958408E-05
    1991  -1.017411688E-05
    1992  -1.016390703E-05
    1993  -1.015371254E-05
    1994  -1.014353338E-05
    1995  -1.013336952E-05
    1996  -9.267031142E-06
    1997  -9.257754835E-06
    1998  -9.248492449E-06
    1999  -9.239243956E-06
    2000  -9.230009330E-06
    2001  -8.330235460E-06
    2002  -8.321917701E-06
    2003  -8.313612394E-06
    2004  -8.305319514E-06
    2005  -8.297039036E-06
    2006  -7.838258547E-06
    2007  -7.830451516E-06
    2008  -7.822656144E-06
    2009  -7.814872407E-06
    2010  -7.807100281E-06
    2011  -7.330458181E-06
    2012  -7.323175063E-06
    2013  -7.315902794E-06
    2014  -7.308641352E-06
    2015  -7.301390716E-06
    2016  -7.231237077E-06
    2017  -7.224070340E-06
    2018  -7.216914253E-06
    2019  -7.209768793E-06
    2020  -7.202633940E-06
    2021  -7.026912238E-06
    2022  -7.019965216E-06
    2023  -7.013028492E-06
    2024  -7.006102044E-06
    2025  -6.999185852E-06
    2026  -6.979706065E-06
    2027  -6.972822726E-06
    2028  -6.965949564E-06
    2029  -6.959086559E-06
    2030  -6.952233692E-06
    2031  -7.237484329E-06
    2032  -7.230364325E-06
    2033  -7.223254822E-06
    2034  -7.216155800E-06
    2035  -7.209067238E-06
    2036  -7.137631920E-06
    2037  -7.130627374E-06
    2038  -7.123633134E-06
    2039  -7.116649180E-06
    2040  -7.109675492E-06
    2041  -7.346149204E-06
    2042  -7.338957672E-06
    2043  -7.331776696E-06
    2044  -7.324606254E-06
    2045  -7.317446327E-06
    2046  -6.977789694E-06
    2047  -6.970975446E-06
    2048  -6.964171175E-06
    2049  -6.957376862E-06
    2050  -6.950592486E-06
    2051  -6.657651325E-06
    2052  -6.651165547E-06
    2053  -6.644689242E-06
    2054  -6.638222391E-06
    2055  -6.631764976E-06
    2056  -6.351316292E-06
    2057  -6.345143973E-06
    2058  -6.338980647E-06
    2059  -6.332826297E-06
    2060  -6.326680906E-06
    2061  -6.067587205E-06
    2062  -6.061704910E-06
    2063  -6.055831165E-06
    2064  -6.049965953E-06
    2065  -6.044109258E-06
    2066  -5.995933513E-06
    2067  -5.990134738E-06
    2068  -5.984344371E-06
    2069  -5.978562396E-06
    2070  -5.972788796E-06
    2071  -5.881761042E-06
    2072  -5.876086405E-06
    2073  -5.870419976E-06
    2074  -5.864761740E-06
    2075  -5.859111681E-06
    2076  -6.068316168E-06
    2077  -6.062475633E-06
    2078  -6.056643525E-06
    2079  -6.050819830E-06
    2080  -6.045004530E-06
    2081  -6.079348944E-06
    2082  -6.073511836E-06
    2083  -6.067683129E-06
    2084  -6.061862810E-06
    2085  -6.056050861E-06
    2086  -6.076091691E-06
    2087  -6.070271680E-06
    2088  -6.064460027E-06
    2089  -6.058656716E-06
    2090  -6.052861731E-06
    2091  -5.845680803E-06
    2092  -5.840094868E-06
    2093  -5.834516936E-06
    2094  -5.828946992E-06
    2095  -5.823385019E-06
    2096  -5.783879792E-06
    2097  -5.778366084E-06
    2098  -5.772860257E-06
    2099  -5.767362295E-06
    2100  -5.761872183E-06
    2101  -5.681919146E-06
    2102  -5.676515514E-06
    2103  -5.671119586E-06
    2104  -5.665731349E-06
    2105  -5.660350788E-06
    2106  -5.417235470E-06
    2107  -5.412095778E-06
    2108  -5.406963397E-06
    2109  -5.401838313E-06
    2110  -5.396720513E-06
    2111  -5.490306808E-06
    2112  -5.485110115E-06
    2113  -5.479920796E-06
    2114  -5.474738838E-06
    2115  -5.469564226E-06
    2116  -5.503620682E-06
    2117  -5.498423684E-06
    2118  -5.493234044E-06
    2119  -5.488051748E-06
    2120  -5.482876782E-06
    2121  -5.575805094E-06
    2122  -5.570552334E-06
    2123  -5.565306993E-06
    2124  -5.560069057E-06
    2125  -5.554838512E-06
    2126  -5.557676964E-06
    2127  -5.552453584E-06
    2128  -5.547237563E-06
    2129  -5.542028890E-06
    2130  -5.536827549E-06
    2131  -5.597629634E-06
    2132  -5.592381036E-06
    2133  -5.587139817E-06
    2134  -5.581905962E-06
    2135  -5.576679458E-06
    2136  -5.657830075E-06
    2137  -5.652537437E-06
    2138  -5.647252222E-06
    2139  -5.641974416E-06
    2140  -5.636704005E-06
    2141  -5.522391363E-06
    2142  -5.517237475E-06
    2143  -5.512090798E-06
    2144  -5.506951320E-06
    2145  -5.501819026E-06
    2146  -5.395972621E-06
    2147  -5.390948438E-06
    2148  -5.385931269E-06
    2149  -5.380921100E-06
    2150  -5.375917919E-06
    2151  -5.129189513E-06
    2152  -5.124424822E-06
    2153  -5.119666767E-06
    2154  -5.114915337E-06
    2155  -5.110170517E-06
    2156  -4.942210413E-06
    2157  -4.937630052E-06
    2158  -4.933056054E-06
    2159  -4.928488410E-06
    2160  -4.923927106E-06
    2161  -5.008367891E-06
    2162  -5.003736945E-06
    2163  -4.999112419E-06
    2164  -4.994494302E-06
    2165  -4.989882580E-06
    2166  -4.834685850E-06
    2167  -4.830225808E-06
    2168  -4.825771934E-06
    2169  -4.821324218E-06
    2170  -4.816882648E-06
    2171  -4.876066766E-06
    2172  -4.871578899E-06
    2173  -4.867097226E-06
    2174  -4.862621734E-06
    2175  -4.858152413E-06
    2176  -4.855768508E-06
    2177  -4.851309584E-06
    2178  -4.846856799E-06
    2179  -4.842410141E-06
    2180  -4.837969600E-06
    2181  -4.967940917E-06
    2182  -4.963389437E-06
    2183  -4.958844209E-06
    2184  -4.954305221E-06
    2185  -4.949772462E-06
    2186  -4.971024843E-06
    2187  -4.966480944E-06
    2188  -4.961943273E-06
    2189  -4.957411818E-06
    2190  -4.952886568E-06
    2191  -4.820568776E-06
    2192  -4.816172452E-06
    2193  -4.811782140E-06
    2194  -4.807397828E-06
    2195  -4.803019506E-06
    2196  -4.829873687E-06
    2197  -4.825478898E-06
    2198  -4.821090104E-06
    2199  -4.816707295E-06
    2200  -4.812330459E-06
    2201  -4.582076931E-06
    2202  -4.577917079E-06
    2203  -4.573762889E-06
    2204  -4.569614351E-06
    2205  -4.565471455E-06
    2206  -4.525190755E-06
    2207  -4.521091850E-06
    2208  -4.516998512E-06
    2209  -4.512910731E-06
    2210  -4.508828496E-06
    2211  -4.401605092E-06
    2212  -4.397627139E-06
    2213  -4.393654576E-06
    2214  -4.389687394E-06
    2215  -4.385725582E-06
    2216  -4.328125179E-06
    2217  -4.324222451E-06
    2218  -4.320324999E-06
    2219  -4.316432815E-06
    2220  -4.312545887E-06
    2221  -4.480852713E-06
    2222  -4.476821357E-06
    2223  -4.472795438E-06
    2224  -4.468774948E-06
    2225  -4.464759876E-06
    2226  -4.390149201E-06
    2227  -4.386208313E-06
    2228  -4.382272729E-06
    2229  -4.378342439E-06
    2230  -4.374417435E-06
    2231  -4.487808139E-06
    2232  -4.483788607E-06
    2233  -4.479774472E-06
    2234  -4.475765725E-06
    2235  -4.471762357E-06
    2236  -4.425417214E-06
    2237  -4.421462417E-06
    2238  -4.417512920E-06
    2239  -4.413568712E-06
    2240  -4.409629784E-06
    2241  -4.261574125E-06
    2242  -4.257774237E-06
    2243  -4.253979429E-06
    2244  -4.250189692E-06
    2245  -4.246405018E-06
    2246  -4.284528687E-06
    2247  -4.280716829E-06
    2248  -4.276910056E-06
    2249  -4.273108358E-06
    2250  -4.269311727E-06
    2251  -4.014396119E-06
    2252  -4.010832519E-06
    2253  -4.007273661E-06
    2254  -4.003719538E-06
    2255  -4.000170141E-06
    2256  -3.949429280E-06
    2257  -3.945931114E-06
    2258  -3.942437594E-06
    2259  -3.938948711E-06
    2260  -3.935464458E-06
    2261  -3.825588078E-06
    2262  -3.822207090E-06
    2263  -3.818830582E-06
    2264  -3.815458546E-06
    2265  -3.812090974E-06
    2266  -3.822858661E-06
    2267  -3.819487534E-06
    2268  -3.816120863E-06
    2269  -3.812758642E-06
    2270  -3.809400863E-06
    2271  -3.882460241E-06
    2272  -3.879044086E-06
    2273  -3.875632438E-06
    2274  -3.872225289E-06
    2275  -3.868822630E-06
    2276  -3.785148977E-06
    2277  -3.781825756E-06
    2278  -3.778506910E-06
    2279  -3.775192430E-06
    2280  -3.771882309E-06
    2281  -3.880447839E-06
    2282  -3.877048411E-06
    2283  -3.873653447E-06
    2284  -3.870262941E-06
    2285  -3.866876884E-06
    2286  -3.819561886E-06
    2287  -3.816223108E-06
    2288  -3.812888706E-06
    2289  -3.809558673E-06
    2290  -3.806232999E-06
    2291  -3.730918457E-06
    2292  -3.727664276E-06
    2293  -3.724414350E-06
    2294  -3.721168673E-06
    2295  -3.717927237E-06
    2296  -3.570480308E-06
    2297  -3.567372840E-06
    2298  -3.564269428E-06
    2299  -3.561170063E-06
    2300  -3.558074739E-06
    2301  -3.328565269E-06
    2302  -3.325674635E-06
    2303  -3.322787764E-06
    2304  -3.319904651E-06
    2305  -3.317025289E-06
    2306  -3.284142546E-06
    2307  -3.281296669E-06
    2308  -3.278454489E-06
    2309  -3.275616000E-06
    2310  -3.272781196E-06
    2311  -3.132902687E-06
    2312  -3.130193736E-06
    2313  -3.127488296E-06
    2314  -3.124786362E-06
    2315  -3.122087928E-06
    2316  -3.115949914E-06
    2317  -3.113261433E-06
    2318  -3.110576430E-06
    2319  -3.107894898E-06
    2320  -3.105216833E-06
    2321  -3.080898921E-06
    2322  -3.078246404E-06
    2323  -3.075597311E-06
    2324  -3.072951636E-06
    2325  -3.070309373E-06
    2326  -3.080654759E-06
    2327  -3.078008149E-06
    2328  -3.075364947E-06
    2329  -3.072725149E-06
    2330  -3.070088748E-06
    2331  -3.122438907E-06
    2332  -3.119762148E-06
    2333  -3.117088830E-06
    2334  -3.114418947E-06
    2335  -3.111752492E-06
    2336  -3.040149478E-06
    2337  -3.037548837E-06
    2338  -3.034951532E-06
    2339  -3.032357556E-06
    2340  -3.029766904E-06
    2341  -3.001551747E-06
    2342  -2.998989602E-06
    2343  -2.996430738E-06
    2344  -2.993875146E-06
    2345  -2.991322823E-06
    2346  -2.871290460E-06
    2347  -2.868844727E-06
    2348  -2.866402118E-06
    2349  -2.863962627E-06
    2350  -2.861526249E-06
    2351  -2.781738347E-06
    2352  -2.779373929E-06
    2353  -2.777012524E-06
    2354  -2.774654127E-06
    2355  -2.772298733E-06
    2356  -2.631030643E-06
    2357  -2.628799065E-06
    2358  -2.626570325E-06
    2359  -2.624344418E-06
    2360  -2.622121339E-06
    2361  -2.566306010E-06
    2362  -2.564133936E-06
    2363  -2.561964618E-06
    2364  -2.559798051E-06
    2365  -2.557634232E-06
    2366  -2.577398346E-06
    2367  -2.575221489E-06
    2368  -2.573047389E-06
    2369  -2.570876041E-06
    2370  -2.568707440E-06
    2371  -2.543340445E-06
    2372  -2.541196880E-06
    2373  -2.539056023E-06
    2374  -2.536917870E-06
    2375  -2.534782418E-06
    2376  -2.540183866E-06
    2377  -2.538047463E-06
    2378  -2.535913753E-06
    2379  -2.533782733E-06
    2380  -2.531654398E-06
    2381  -2.544342102E-06
    2382  -2.542206691E-06
    2383  -2.540073967E-06
    2384  -2.537943926E-06
    2385  -2.535816563E-06
    2386  -2.481343694E-06
    2387  -2.479265516E-06
    2388  -2.477189949E-06
    2389  -2.475116986E-06
    2390  -2.473046625E-06
    2391  -2.453060741E-06
    2392  -2.451010544E-06
    2393  -2.448962917E-06
    2394  -2.446917854E-06
    2395  -2.444875351E-06
    2396  -2.285589748E-06
    2397  -2.283683501E-06
    2398  -2.281779638E-06
    2399  -2.279878155E-06
    2400  -2.277979048E-06
    2401  -2.187985672E-06
    2402  -2.186164627E-06
    2403  -2.184345855E-06
    2404  -2.182529351E-06
    2405  -2.180715112E-06
    2406  -2.049502174E-06
    2407  -2.047799930E-06
    2408  -2.046099805E-06
    2409  -2.044401797E-06
    2410  -2.042705902E-06
    2411  -1.986543914E-06
    2412  -1.984897379E-06
    2413  -1.983252891E-06
    2414  -1.981610446E-06
    2415  -1.979970040E-06
    2416  -1.952529179E-06
    2417  -1.950914184E-06
    2418  -1.949301191E-06
    2419  -1.947690199E-06
    2420  -1.946081202E-06
    2421  -1.895665404E-06
    2422  -1.894100678E-06
    2423  -1.892537889E-06
    2424  -1.890977033E-06
    2425  -1.889418107E-06
    2426  -1.928257431E-06
    2427  -1.926669081E-06
    2428  -1.925082692E-06
    2429  -1.923498262E-06
    2430  -1.921915787E-06
    2431  -1.876970152E-06
    2432  -1.875427226E-06
    2433  -1.873886201E-06
    2434  -1.872347075E-06
    2435  -1.870809844E-06
    2436  -1.884206895E-06
    2437  -1.882661196E-06
    2438  -1.881117398E-06
    2439  -1.879575499E-06
    2440  -1.878035494E-06
    2441  -1.810740350E-06
    2442  -1.809257959E-06
    2443  -1.807777388E-06
    2444  -1.806298634E-06
    2445  -1.804821693E-06
    2446  -1.701393251E-06
    2447  -1.700003223E-06
    2448  -1.698614899E-06
    2449  -1.697228275E-06
    2450  -1.695843347E-06
    2451  -1.632802079E-06
    2452  -1.631470809E-06
    2453  -1.630141167E-06
    2454  -1.628813150E-06
    2455  -1.627486755E-06
    2456  -1.540609097E-06
    2457  -1.539355550E-06
    2458  -1.538103532E-06
    2459  -1.536853042E-06
    2460  -1.535604075E-06
    2461  -1.500089326E-06
    2462  -1.498871227E-06
    2463  -1.497654611E-06
    2464  -1.496439475E-06
    2465  -1.495225818E-06
    2466  -1.465966651E-06
    2467  -1.464778671E-06
    2468  -1.463592135E-06
    2469  -1.462407041E-06
    2470  -1.461223385E-06
    2471  -1.442666073E-06
    2472  -1.441499339E-06
    2473  -1.440334020E-06
    2474  -1.439170114E-06
    2475  -1.438007618E-06
    2476  -1.456620772E-06
    2477  -1.455445130E-06
    2478  -1.454270911E-06
    2479  -1.453098112E-06
    2480  -1.451926731E-06
    2481  -1.416445342E-06
    2482  -1.415304428E-06
    2483  -1.414164891E-06
    2484  -1.413026730E-06
    2485  -1.411889943E-06
    2486  -1.409483946E-06
    2487  -1.408350920E-06
    2488  -1.407219260E-06
    2489  -1.406088964E-06
    2490  -1.404960028E-06
    2491  -1.347011918E-06
    2492  -1.345931282E-06
    2493  -1.344851947E-06
    2494  -1.343773909E-06
    2495  -1.342697167E-06
    2496  -1.270000205E-06
    2497  -1.268983392E-06
    2498  -1.267967799E-06
    2499  -1.266953424E-06
    2500  -1.265940267E-06
    2501  -1.176877537E-06
    2502  -1.175937163E-06
    2503  -1.174997916E-06
    2504  -1.174059794E-06
    2505  -1.173122795E-06
    2506  -1.076191833E-06
    2507  -1.075333626E-06
    2508  -1.074476445E-06
    2509  -1.073620289E-06
    2510  -1.072765155E-06
    2511  -1.052995628E-06
    2512  -1.052157589E-06
    2513  -1.051320551E-06
    2514  -1.050484511E-06
    2515  -1.049649467E-06
    2516  -1.007632128E-06
    2517  -1.006831785E-06
    2518  -1.006032395E-06
    2519  -1.005233956E-06
    2520  -1.004436468E-06
    2521  -1.004412478E-06
    2522  -1.003616273E-06
    2523  -1.002821015E-06
    2524  -1.002026701E-06
    2525  -1.001233331E-06
    2526  -9.737687845E-07
    2527  -9.729983978E-07
    2528  -9.722289249E-07
    2529  -9.714603645E-07
    2530  -9.706927151E-07
    2531  -9.605647525E-07
    2532  -9.598063121E-07
    2533  -9.590487697E-07
    2534  -9.582921237E-07
    2535  -9.575363728E-07
    2536  -9.542704934E-07
    2537  -9.535185072E-07
    2538  -9.527674096E-07
    2539  -9.520171990E-07
    2540  -9.512678742E-07
    2541  -9.096100115E-07
    2542  -9.088946281E-07
    2543  -9.081800883E-07
    2544  -9.074663908E-07
    2545  -9.067535343E-07
    2546  -8.608161379E-07
    2547  -8.601404580E-07
    2548  -8.594655734E-07
    2549  -8.587914828E-07
    2550  -8.581181848E-07
    2551  -7.905059691E-07
    2552  -7.898866930E-07
    2553  -7.892681443E-07
    2554  -7.886503219E-07
    2555  -7.880332246E-07
    2556  -7.435930660E-07
    2557  -7.430116797E-07
    2558  -7.424309750E-07
    2559  -7.418509508E-07
    2560  -7.412716060E-07
    2561  -7.031493638E-07
    2562  -7.026006714E-07
    2563  -7.020526210E-07
    2564  -7.015052115E-07
    2565  -7.009584420E-07
    2566  -6.809685473E-07
    2567  -6.804381980E-07
    2568  -6.799084680E-07
    2569  -6.793793564E-07
    2570  -6.788508621E-07
    2571  -6.780925516E-07
    2572  -6.775654684E-07
    2573  -6.770389995E-07
    2574  -6.765131440E-07
    2575  -6.759879009E-07
    2576  -6.604806647E-07
    2577  -6.599682669E-07
    2578  -6.594564653E-07
    2579  -6.589452587E-07
    2580  -6.584346463E-07
    2581  -6.622864386E-07
    2582  -6.617736345E-07
    2583  -6.612614258E-07
    2584  -6.607498116E-07
    2585  -6.602387908E-07
    2586  -6.425447180E-07
    2587  -6.420481610E-07
    2588  -6.415521794E-07
    2589  -6.410567724E-07
    2590  -6.405619389E-07
    2591  -6.080063506E-07
    2592  -6.075373908E-07
    2593  -6.070689734E-07
    2594  -6.066010975E-07
    2595  -6.061337623E-07
    2596  -5.684964075E-07
    2597  -5.680587660E-07
    2598  -5.676216295E-07
    2599  -5.671849975E-07
    2600  -5.667488691E-07
    2601  -5.077235633E-07
    2602  -5.073334568E-07
    2603  -5.069437998E-07
    2604  -5.065545915E-07
    2605  -5.061658312E-07
    2606  -4.756644622E-07
    2607  -4.752996888E-07
    2608  -4.749353349E-07
    2609  -4.745713998E-07
    2610  -4.742078828E-07
    2611  -4.363337262E-07
    2612  -4.359997547E-07
    2613  -4.356661665E-07
    2614  -4.353329610E-07
    2615  -4.350001377E-07
    2616  -4.253687464E-07
    2617  -4.250437894E-07
    2618  -4.247192046E-07
    2619  -4.243949915E-07
    2620  -4.240711494E-07
    2621  -4.100722782E-07
    2622  -4.097596039E-07
    2623  -4.094472871E-07
    2624  -4.091353273E-07
    2625  -4.088237238E-07
    2626  -4.082573086E-07
    2627  -4.079466105E-07
    2628  -4.076362669E-07
    2629  -4.073262773E-07
    2630  -4.070166412E-07
    2631  -4.039622731E-07
    2632  -4.036554275E-07
    2633  -4.033489313E-07
    2634  -4.030427841E-07
    2635  -4.027369854E-07
    2636  -3.883647931E-07
    2637  -3.880703543E-07
    2638  -3.877762502E-07
    2639  -3.874824803E-07
    2640  -3.871890441E-07
    2641  -3.751913233E-07
    2642  -3.749074100E-07
    2643  -3.746238189E-07
    2644  -3.743405495E-07
    2645  -3.740576013E-07
    2646  -3.473692298E-07
    2647  -3.471068663E-07
    2648  -3.468447999E-07
    2649  -3.465830303E-07
    2650  -3.463215569E-07
    2651  -3.170815550E-07
    2652  -3.168425188E-07
    2653  -3.166037528E-07
    2654  -3.163652566E-07
    2655  -3.161270297E-07
    2656  -2.970383614E-07
    2657  -2.968148562E-07
    2658  -2.965916032E-07
    2659  -2.963686020E-07
    2660  -2.961458522E-07
    2661  -2.734880070E-07
    2662  -2.732826086E-07
    2663  -2.730774414E-07
    2664  -2.728725053E-07
    2665  -2.726677997E-07
    2666  -2.725629762E-07
    2667  -2.723586562E-07
    2668  -2.721545658E-07
    2669  -2.719507047E-07
    2670  -2.717470725E-07
    2671  -2.650167654E-07
    2672  -2.648184738E-07
    2673  -2.646204046E-07
    2674  -2.644225576E-07
    2675  -2.642249323E-07
    2676  -2.576357747E-07
    2677  -2.574433657E-07
    2678  -2.572511720E-07
    2679  -2.570591935E-07
    2680  -2.568674299E-07
    2681  -2.565557563E-07
    2682  -2.563645109E-07
    2683  -2.561734792E-07
    2684  -2.559826610E-07
    2685  -2.557920559E-07
    2686  -2.445592435E-07
    2687  -2.443772798E-07
    2688  -2.441955191E-07
    2689  -2.440139611E-07
    2690  -2.438326055E-07
    2691  -2.381456425E-07
    2692  -2.379687797E-07
    2693  -2.377921140E-07
    2694  -2.376156449E-07
    2695  -2.374393721E-07
    2696  -2.145604204E-07
    2697  -2.144013689E-07
    2698  -2.142424942E-07
    2699  -2.140837961E-07
    2700  -2.139252742E-07
    2701  -1.958127749E-07
    2702  -1.956678894E-07
    2703  -1.955231647E-07
    2704  -1.953786004E-07
    2705  -1.952341964E-07
    2706  -1.774734235E-07
    2707  -1.773423500E-07
    2708  -1.772114217E-07
    2709  -1.770806384E-07
    2710  -1.769499998E-07
    2711  -1.620719743E-07
    2712  -1.619524963E-07
    2713  -1.618331503E-07
    2714  -1.617139362E-07
    2715  -1.615948538E-07
    2716  -1.586489691E-07
    2717  -1.585322296E-07
    2718  -1.584156189E-07
    2719  -1.582991369E-07
    2720  -1.581827832E-07
    2721  -1.495337286E-07
    2722  -1.494238985E-07
    2723  -1.493141893E-07
    2724  -1.492046009E-07
    2725  -1.490951331E-07
    2726  -1.493144846E-07
    2727  -1.492050165E-07
    2728  -1.490956688E-07
    2729  -1.489864412E-07
    2730  -1.488773336E-07
    2731  -1.483754864E-07
    2732  -1.482669057E-07
    2733  -1.481584442E-07
    2734  -1.480501017E-07
    2735  -1.479418779E-07
    2736  -1.404236840E-07
    2737  -1.403211101E-07
    2738  -1.402186486E-07
    2739  -1.401162992E-07
    2740  -1.400140618E-07
    2741  -1.385795152E-07
    2742  -1.384784729E-07
    2743  -1.383775410E-07
    2744  -1.382767195E-07
    2745  -1.381760081E-07
    2746  -1.263849603E-07
    2747  -1.262929771E-07
    2748  -1.262010942E-07
    2749  -1.261093116E-07
    2750  -1.260176291E-07
    2751  -1.199753553E-07
    2752  -1.198881955E-07
    2753  -1.198011308E-07
    2754  -1.197141608E-07
    2755  -1.196272855E-07
    2756  -1.113918097E-07
    2757  -1.113110324E-07
    2758  -1.112303430E-07
    2759  -1.111497413E-07
    2760  -1.110692272E-07
    2761  -1.047161944E-07
    2762  -1.046403955E-07
    2763  -1.045646788E-07
    2764  -1.044890444E-07
    2765  -1.044134919E-07
    2766  -1.028381295E-07
    2767  -1.027638245E-07
    2768  -1.026896000E-07
    2769  -1.026154559E-07
    2770  -1.025413921E-07
    2771  -9.868270783E-08
    2772  -9.861153386E-08
    2773  -9.854043686E-08
    2774  -9.846941673E-08
    2775  -9.839847334E-08
    2776  -1.002563276E-07
    2777  -1.001841488E-07
    2778  -1.001120479E-07
    2779  -1.000400249E-07
    2780  -9.996807952E-08
    2781  -9.696680014E-08
    2782  -9.689711505E-08
    2783  -9.682750505E-08
    2784  -9.675797004E-08
    2785  -9.668850991E-08
    2786  -9.630925449E-08
    2787  -9.624016607E-08
    2788  -9.617115197E-08
    2789  -9.610221208E-08
    2790  -9.603334628E-08
    2791  -9.482348326E-08
    2792  -9.475558245E-08
    2793  -9.468775455E-08
    2794  -9.461999945E-08
    2795  -9.455231704E-08
    2796  -9.159127449E-08
    2797  -9.152580538E-08
    2798  -9.146040645E-08
    2799  -9.139507759E-08
    2800  -9.132981870E-08
    2801  -8.914785413E-08
    2802  -8.908424524E-08
    2803  -8.902070441E-08
    2804  -8.895723154E-08
    2805  -8.889382653E-08
    2806  -8.447379464E-08
    2807  -8.441362812E-08
    2808  -8.435352585E-08
    2809  -8.429348776E-08
    2810  -8.423351373E-08
    2811  -8.299376406E-08
    2812  -8.293475676E-08
    2813  -8.287581237E-08
    2814  -8.281693080E-08
    2815  -8.275811195E-08
    2816  -8.270626402E-08
    2817  -8.264756547E-08
    2818  -8.258892938E-08
    2819  -8.253035567E-08
    2820  -8.247184425E-08
    2821  -8.190584165E-08
    2822  -8.184781413E-08
    2823  -8.178984826E-08
    2824  -8.173194394E-08
    2825  -8.167410109E-08
    2826  -8.128341061E-08
    2827  -8.122592587E-08
    2828  -8.116850210E-08
    2829  -8.111113920E-08
    2830  -8.105383709E-08
    2831  -8.078052337E-08
    2832  -8.072349511E-08
    2833  -8.066652723E-08
    2834  -8.060961962E-08
    2835  -8.055277222E-08
    2836  -8.113753828E-08
    2837  -8.108035890E-08
    2838  -8.102323995E-08
    2839  -8.096618133E-08
    2840  -8.090918296E-08
    2841  -8.130949992E-08
    2842  -8.125230013E-08
    2843  -8.119516068E-08
    2844  -8.113808148E-08
    2845  -8.108106245E-08
    2846  -8.125997267E-08
    2847  -8.120290808E-08
    2848  -8.114590358E-08
    2849  -8.108895909E-08
    2850  -8.103207452E-08
    2851  -8.123677529E-08
    2852  -8.117982698E-08
    2853  -8.112293852E-08
    2854  -8.106610984E-08
    2855  -8.100934086E-08
    2856  -8.179664669E-08
    2857  -8.173940621E-08
    2858  -8.168222579E-08
    2859  -8.162510536E-08
    2860  -8.156804482E-08
    2861  -8.231777730E-08
    2862  -8.226027274E-08
    2863  -8.220282842E-08
    2864  -8.214544424E-08
    2865  -8.208812014E-08
    2866  -8.220237442E-08
    2867  -8.214505058E-08
    2868  -8.208778669E-08
    2869  -8.203058266E-08
    2870  -8.197343840E-08
    2871  -8.226149619E-08
    2872  -8.220423097E-08
    2873  -8.214702552E-08
    2874  -8.208987976E-08
    2875  -8.203279361E-08
    2876  -8.163699464E-08
    2877  -8.158026289E-08
    2878  -8.152359025E-08
    2879  -8.146697665E-08
    2880  -8.141042199E-08
    2881  -8.266573648E-08
    2882  -8.260838946E-08
    2883  -8.255110209E-08
    2884  -8.249387429E-08
    2885  -8.243670597E-08
    2886  -8.397318521E-08
    2887  -8.391503203E-08
    2888  -8.385693924E-08
    2889  -8.379890676E-08
    2890  -8.374093450E-08
    2891  -8.498627072E-08
    2892  -8.492751768E-08
    2893  -8.486882554E-08
    2894  -8.481019423E-08
    2895  -8.475162365E-08
    2896  -8.709349162E-08
    2897  -8.703338570E-08
    2898  -8.697334197E-08
    2899  -8.691336035E-08
    2900  -8.685344076E-08
    2901  -8.849736324E-08
    2902  -8.843639365E-08
    2903  -8.837548704E-08
    2904  -8.831464333E-08
    2905  -8.825386244E-08
    2906  -9.167544851E-08
    2907  -9.161239800E-08
    2908  -9.154941251E-08
    2909  -9.148649195E-08
    2910  -9.142363623E-08
    2911  -9.244949532E-08
    2912  -9.238602158E-08
    2913  -9.232261320E-08
    2914  -9.225927006E-08
    2915  -9.219599210E-08
    2916  -9.293822564E-08
    2917  -9.287452569E-08
    2918  -9.281089121E-08
    2919  -9.274732210E-08
    2920  -9.268381829E-08
    2921  -9.516895846E-08
    2922  -9.510384114E-08
    2923  -9.503879063E-08
    2924  -9.497380685E-08
    2925  -9.490888968E-08
    2926  -9.341116618E-08
    2927  -9.334736074E-08
    2928  -9.328362065E-08
    2929  -9.321994582E-08
    2930  -9.315633617E-08
    2931  -9.577106366E-08
    2932  -9.570575778E-08
    2933  -9.564051868E-08
    2934  -9.557534627E-08
    2935  -9.551024045E-08
    2936  -9.533090605E-08
    2937  -9.526601095E-08
    2938  -9.520118209E-08
    2939  -9.513641938E-08
    2940  -9.507172273E-08
    2941  -9.727342955E-08
    2942  -9.720732461E-08
    2943  -9.714128702E-08
    2944  -9.707531671E-08
    2945  -9.700941357E-08
    2946  -1.021029426E-07
    2947  -1.020336733E-07
    2948  -1.019644745E-07
    2949  -1.018953460E-07
    2950  -1.018262878E-07
    2951  -1.019277775E-07
    2952  -1.018587441E-07
    2953  -1.017897809E-07
    2954  -1.017208876E-07
    2955  -1.016520643E-07
    2956  -1.062172590E-07
    2957  -1.061454421E-07
    2958  -1.060736980E-07
    2959  -1.060020265E-07
    2960  -1.059304277E-07
    2961  -1.069406056E-07
    2962  -1.068684215E-07
    2963  -1.067963106E-07
    2964  -1.067242726E-07
    2965  -1.066523075E-07
    2966  -1.088639529E-07
    2967  -1.087905944E-07
    2968  -1.087173101E-07
    2969  -1.086440998E-07
    2970  -1.085709634E-07
    2971  -1.093417775E-07
    2972  -1.092682210E-07
    2973  -1.091947386E-07
    2974  -1.091213304E-07
    2975  -1.090479962E-07
    2976  -1.074624687E-07
    2977  -1.073902978E-07
    2978  -1.073181995E-07
    2979  -1.072461739E-07
    2980  -1.071742208E-07
    2981  -1.110486646E-07
    2982  -1.109742102E-07
    2983  -1.108998307E-07
    2984  -1.108255260E-07
    2985  -1.107512959E-07
    2986  -1.110101410E-07
    2987  -1.109358370E-07
    2988  -1.108616076E-07
    2989  -1.107874527E-07
    2990  -1.107133721E-07
    2991  -1.133333838E-07
    2992  -1.132576515E-07
    2993  -1.131819951E-07
    2994  -1.131064145E-07
    2995  -1.130309095E-07
    2996  -1.145722347E-07
    2997  -1.144958023E-07
    2998  -1.144194463E-07
    2999  -1.143431667E-07
    3000  -1.142669633E-07
    3001  -1.151447208E-07
    3002  -1.150680343E-07
    3003  -1.149914244E-07
    3004  -1.149148911E-07
    3005  -1.148384340E-07
    3006  -1.211231340E-07
    3007  -1.210426000E-07
    3008  -1.209621463E-07
    3009  -1.208817728E-07
    3010  -1.208014794E-07
    3011  -1.208802135E-07
    3012  -1.207999744E-07
    3013  -1.207198151E-07
    3014  -1.206397356E-07
    3015  -1.205597358E-07
    3016  -1.221392202E-07
    3017  -1.220582797E-07
    3018  -1.219774197E-07
    3019  -1.218966399E-07
    3020  -1.218159404E-07
    3021  -1.222176075E-07
    3022  -1.221367490E-07
    3023  -1.220559707E-07
    3024  -1.219752725E-07
    3025  -1.218946544E-07
    3026  -1.212177484E-07
    3027  -1.211376838E-07
    3028  -1.210576985E-07
    3029  -1.209777925E-07
    3030  -1.208979655E-07
    3031  -1.251316972E-07
    3032  -1.250491837E-07
    3033  -1.249667518E-07
    3034  -1.248844014E-07
    3035  -1.248021324E-07
    3036  -1.236613759E-07
    3037  -1.235799662E-07
    3038  -1.234986368E-07
    3039  -1.234173877E-07
    3040  -1.233362187E-07
    3041  -1.246337169E-07
    3042  -1.245518018E-07
    3043  -1.244699675E-07
    3044  -1.243882139E-07
    3045  -1.243065407E-07
    3046  -1.246556260E-07
    3047  -1.245738310E-07
    3048  -1.244921165E-07
    3049  -1.244104823E-07
    3050  -1.243289284E-07
    3051  -1.271920498E-07
    3052  -1.271087271E-07
    3053  -1.270254863E-07
    3054  -1.269423272E-07
    3055  -1.268592498E-07
    3056  -1.293846325E-07
    3057  -1.293000121E-07
    3058  -1.292154746E-07
    3059  -1.291310201E-07
    3060  -1.290466483E-07
    3061  -1.288422538E-07
    3062  -1.287581257E-07
    3063  -1.286740799E-07
    3064  -1.285901164E-07
    3065  -1.285062350E-07
    3066  -1.302688490E-07
    3067  -1.301839279E-07
    3068  -1.300990899E-07
    3069  -1.300143348E-07
    3070  -1.299296625E-07
    3071  -1.303516632E-07
    3072  -1.302668264E-07
    3073  -1.301820725E-07
    3074  -1.300974012E-07
    3075  -1.300128125E-07
    3076  -1.313452581E-07
    3077  -1.312599136E-07
    3078  -1.311746522E-07
    3079  -1.310894738E-07
    3080  -1.310043784E-07
    3081  -1.295753850E-07
    3082  -1.294913270E-07
    3083  -1.294073508E-07
    3084  -1.293234563E-07
    3085  -1.292396433E-07
    3086  -1.294224645E-07
    3087  -1.293386416E-07
    3088  -1.292549002E-07
    3089  -1.291712401E-07
    3090  -1.290876611E-07
    3091  -1.315478670E-07
    3092  -1.314628053E-07
    3093  -1.313778261E-07
    3094  -1.312929293E-07
    3095  -1.312081148E-07
    3096  -1.292871805E-07
    3097  -1.292037156E-07
    3098  -1.291203314E-07
    3099  -1.290370280E-07
    3100  -1.289538051E-07
    3101  -1.305063228E-07
    3102  -1.304222066E-07
    3103  -1.303381717E-07
    3104  -1.302542179E-07
    3105  -1.301703453E-07
    3106  -1.274508801E-07
    3107  -1.273688654E-07
    3108  -1.272869298E-07
    3109  -1.272050733E-07
    3110  -1.271232957E-07
    3111  -1.303739677E-07
    3112  -1.302902068E-07
    3113  -1.302065265E-07
    3114  -1.301229268E-07
    3115  -1.300394076E-07
    3116  -1.288275583E-07
    3117  -1.287449236E-07
    3118  -1.286623683E-07
    3119  -1.285798924E-07
    3120  -1.284974958E-07
    3121  -1.285810788E-07
    3122  -1.284987342E-07
    3123  -1.284164687E-07
    3124  -1.283342821E-07
    3125  -1.282521745E-07
    3126  -1.293161450E-07
    3127  -1.292334620E-07
    3128  -1.291508583E-07
    3129  -1.290683338E-07
    3130  -1.289858884E-07
    3131  -1.282179781E-07
    3132  -1.281361281E-07
    3133  -1.280543565E-07
    3134  -1.279726631E-07
    3135  -1.278910479E-07
    3136  -1.318667739E-07
    3137  -1.317827288E-07
    3138  -1.316987640E-07
    3139  -1.316148794E-07
    3140  -1.315310750E-07
    3141  -1.312201301E-07
    3142  -1.311366302E-07
    3143  -1.310532099E-07
    3144  -1.309698693E-07
    3145  -1.308866081E-07
    3146  -1.333588841E-07
    3147  -1.332741580E-07
    3148  -1.331895126E-07
    3149  -1.331049478E-07
    3150  -1.330204636E-07
    3151  -1.382818845E-07
    3152  -1.381941700E-07
    3153  -1.381065389E-07
    3154  -1.380189912E-07
    3155  -1.379315267E-07
    3156  -1.376695118E-07
    3157  -1.375823240E-07
    3158  -1.374952190E-07
    3159  -1.374081968E-07
    3160  -1.373212571E-07
    3161  -1.396487710E-07
    3162  -1.395604695E-07
    3163  -1.394722518E-07
    3164  -1.393841177E-07
    3165  -1.392960671E-07
    3166  -1.382474263E-07
    3167  -1.381601488E-07
    3168  -1.380729541E-07
    3169  -1.379858418E-07
    3170  -1.378988119E-07
    3171  -1.376274468E-07
    3172  -1.375406977E-07
    3173  -1.374540306E-07
    3174  -1.373674454E-07
    3175  -1.372809420E-07
    3176  -1.363521456E-07
    3177  -1.362663356E-07
    3178  -1.361806065E-07
    3179  -1.360949583E-07
    3180  -1.360093909E-07
    3181  -1.280553293E-07
    3182  -1.279748672E-07
    3183  -1.278944810E-07
    3184  -1.278141705E-07
    3185  -1.277339356E-07
    3186  -1.215447565E-07
    3187  -1.214685051E-07
    3188  -1.213923254E-07
    3189  -1.213162174E-07
    3190  -1.212401809E-07
    3191  -1.026199488E-07
    3192  -1.025556707E-07
    3193  -1.024914530E-07
    3194  -1.024272956E-07
    3195  -1.023631984E-07
    3196  -8.241804165E-08
    3197  -8.236649815E-08
    3198  -8.231500300E-08
    3199  -8.226355612E-08
    3200  -8.221215746E-08
    3201  -5.609495386E-08
    3202  -5.605992735E-08
    3203  -5.602493364E-08
    3204  -5.598997268E-08
    3205  -5.595504444E-08
    3206  -3.253562784E-08
    3207  -3.251534378E-08
    3208  -3.249507869E-08
    3209  -3.247483253E-08
    3210  -3.245460529E-08
    3211  -1.714591042E-08
    3212  -1.713523759E-08
    3213  -1.712457472E-08
    3214  -1.711392179E-08
    3215  -1.710327881E-08
    3216  -7.320740640E-09
    3217  -7.316190770E-09
    3218  -7.311645140E-09
    3219  -7.307103746E-09
    3220  -7.302566581E-09
    3221  -2.108521588E-09
    3222  -2.107213166E-09
    3223  -2.105905962E-09
    3224  -2.104599974E-09
    3225  -2.103295200E-09
    3226   7.965241482E-10
    3227   7.960306389E-10
    3228   7.955375880E-10
    3229   7.950449950E-10
    3230   7.945528595E-10
    3231   2.378123286E-09
    3232   2.376652131E-09
    3233   2.375182340E-09
    3234   2.373713912E-09
    3235   2.372246845E-09
    3236   3.538578829E-09
    3237   3.536393172E-09
    3238   3.534209539E-09
    3239   3.532027928E-09
    3240   3.529848337E-09
    3241   4.283559270E-09
    3242   4.280917543E-09
    3243   4.278278260E-09
    3244   4.275641417E-09
    3245   4.273007010E-09
    3246   5.069258342E-09
    3247   5.066136878E-09
    3248   5.063018296E-09
    3249   5.059902592E-09
    3250   5.056789764E-09
    3251   5.514220068E-09
    3252   5.510829832E-09
    3253   5.507442720E-09
    3254   5.504058731E-09
    3255   5.500677860E-09
    3256   5.832073829E-09
    3257   5.828493673E-09
    3258   5.824916813E-09
    3259   5.821343244E-09
    3260   5.817772963E-09
    3261   6.174051249E-09
    3262   6.170266970E-09
    3263   6.166486169E-09
    3264   6.162708842E-09
    3265   6.158934985E-09
    3266   6.072258848E-09
    3267   6.068542655E-09
    3268   6.064829873E-09
    3269   6.061120497E-09
    3270   6.057414523E-09
    3271   6.292170194E-09
    3272   6.288325299E-09
    3273   6.284483928E-09
    3274   6.280646075E-09
    3275   6.276811737E-09
    3276   6.263877132E-09
    3277   6.260055364E-09
    3278   6.256237093E-09
    3279   6.252422314E-09
    3280   6.248611024E-09
    3281   6.403188336E-09
    3282   6.399287520E-09
    3283   6.395390268E-09
    3284   6.391496576E-09
    3285   6.387606438E-09
    3286   6.477791575E-09
    3287   6.473851312E-09
    3288   6.469914644E-09
    3289   6.465981565E-09
    3290   6.462052071E-09
    3291   6.321193674E-09
    3292   6.317354504E-09
    3293   6.313518830E-09
    3294   6.309686649E-09
    3295   6.305857955E-09
    3296   6.519256942E-09
    3297   6.515303482E-09
    3298   6.511353616E-09
    3299   6.507407341E-09
    3300   6.503464653E-09
    3301   6.353372164E-09
    3302   6.349525132E-09
    3303   6.345681594E-09
    3304   6.341841545E-09
    3305   6.338004980E-09
    3306   6.291589155E-09
    3307   6.287785292E-09
    3308   6.283984878E-09
    3309   6.280187908E-09
    3310   6.276394379E-09
    3311   6.278736633E-09
    3312   6.274946270E-09
    3313   6.271159338E-09
    3314   6.267375833E-09
    3315   6.263595751E-09
    3316   6.173189841E-09
    3317   6.169468811E-09
    3318   6.165751143E-09
    3319   6.162036835E-09
    3320   6.158325883E-09
    3321   6.165373439E-09
    3322   6.161662712E-09
    3323   6.157955334E-09
    3324   6.154251300E-09
    3325   6.150550608E-09
    3326   6.078317320E-09
    3327   6.074664485E-09
    3328   6.071014942E-09
    3329   6.067368686E-09
    3330   6.063725715E-09
    3331   5.950683124E-09
    3332   5.947112357E-09
    3333   5.943544803E-09
    3334   5.939980458E-09
    3335   5.936419319E-09
    3336   5.808694650E-09
    3337   5.805214306E-09
    3338   5.801737089E-09
    3339   5.798262994E-09
    3340   5.794792020E-09
    3341   5.751214975E-09
    3342   5.747774224E-09
    3343   5.744336560E-09
    3344   5.740901980E-09
    3345   5.737470478E-09
    3346   5.730245930E-09
    3347   5.726822844E-09
    3348   5.723402824E-09
    3349   5.719985867E-09
    3350   5.716571970E-09
    3351   5.526959009E-09
    3352   5.523662284E-09
    3353   5.520368508E-09
    3354   5.517077677E-09
    3355   5.513789788E-09
    3356   5.477762929E-09
    3357   5.474500414E-09
    3358   5.471240812E-09
    3359   5.467984121E-09
    3360   5.464730337E-09
    3361   5.340997873E-09
    3362   5.337821543E-09
    3363   5.334648047E-09
    3364   5.331477379E-09
    3365   5.328309538E-09
    3366   5.291700291E-09
    3367   5.288557952E-09
    3368   5.285418410E-09
    3369   5.282281663E-09
    3370   5.279147708E-09
    3371   5.107011715E-09
    3372   5.103983544E-09
    3373   5.100958064E-09
    3374   5.097935274E-09
    3375   5.094915171E-09
    3376   4.961161184E-09
    3377   4.958223848E-09
    3378   4.955289119E-09
    3379   4.952356996E-09
    3380   4.949427474E-09
    3381   4.867835139E-09
    3382   4.864957317E-09
    3383   4.862082047E-09
    3384   4.859209325E-09
    3385   4.856339148E-09
    3386   4.777205646E-09
    3387   4.774385572E-09
    3388   4.771567994E-09
    3389   4.768752910E-09
    3390   4.765940316E-09
    3391   4.657628017E-09
    3392   4.654882584E-09
    3393   4.652139577E-09
    3394   4.649398994E-09
    3395   4.646660832E-09
    3396   4.521177630E-09
    3397   4.518516548E-09
    3398   4.515857815E-09
    3399   4.513201429E-09
    3400   4.510547385E-09
    3401   4.430262062E-09
    3402   4.427658323E-09
    3403   4.425056878E-09
    3404   4.422457726E-09
    3405   4.419860863E-09
    3406   4.277517532E-09
    3407   4.275007251E-09
    3408   4.272499180E-09
    3409   4.269993316E-09
    3410   4.267489655E-09
    3411   4.212466954E-09
    3412   4.209998471E-09
    3413   4.207532157E-09
    3414   4.205068009E-09
    3415   4.202606025E-09
    3416   4.108353648E-09
    3417   4.105949696E-09
    3418   4.103547854E-09
    3419   4.101148118E-09
    3420   4.098750487E-09
    3421   3.949550459E-09
    3422   3.947242805E-09
    3423   3.944937172E-09
    3424   3.942633560E-09
    3425   3.940331964E-09
    3426   3.890042797E-09
    3427   3.887773228E-09
    3428   3.885505643E-09
    3429   3.883240042E-09
    3430   3.880976422E-09
    3431   3.756755910E-09
    3432   3.754567296E-09
    3433   3.752380594E-09
    3434   3.750195802E-09
    3435   3.748012917E-09
    3436   3.661457368E-09
    3437   3.659327376E-09
    3438   3.657199241E-09
    3439   3.655072962E-09
    3440   3.652948538E-09
    3441   3.601606716E-09
    3442   3.599514583E-09
    3443   3.597424273E-09
    3444   3.595335782E-09
    3445   3.593249110E-09
    3446   3.414300601E-09
    3447   3.412320149E-09
    3448   3.410341418E-09
    3449   3.408364409E-09
    3450   3.406389118E-09
    3451   3.406930503E-09
    3452   3.404957187E-09
    3453   3.402985585E-09
    3454   3.401015694E-09
    3455   3.399047514E-09
    3456   3.245714775E-09
    3457   3.243837554E-09
    3458   3.241961961E-09
    3459   3.240087995E-09
    3460   3.238215653E-09
    3461   3.204101179E-09
    3462   3.202250702E-09
    3463   3.200401828E-09
    3464   3.198554554E-09
    3465   3.196708879E-09
    3466   3.103023586E-09
    3467   3.101234068E-09
    3468   3.099446098E-09
    3469   3.097659674E-09
    3470   3.095874794E-09
    3471   2.993649421E-09
    3472   2.991925465E-09
    3473   2.990202998E-09
    3474   2.988482018E-09
    3475   2.986762523E-09
    3476   2.959545843E-09
    3477   2.957843977E-09
    3478   2.956143578E-09
    3479   2.954444645E-09
    3480   2.952747176E-09
    3481   2.829975966E-09
    3482   2.828350944E-09
    3483   2.826727321E-09
    3484   2.825105096E-09
    3485   2.823484267E-09
    3486   2.771185374E-09
    3487   2.769596392E-09
    3488   2.768008776E-09
    3489   2.766422524E-09
    3490   2.764837636E-09
    3491   2.694697460E-09
    3492   2.693154547E-09
    3493   2.691612959E-09
    3494   2.690072694E-09
    3495   2.688533751E-09
    3496   2.616029222E-09
    3497   2.614533493E-09
    3498   2.613039047E-09
    3499   2.611545882E-09
    3500   2.610053996E-09
