      50   2.420401207E-14
      51   2.110429775E-14
      52   2.030790915E-14
      53   1.955576437E-14
      54   1.884464566E-14
      55   1.817162260E-14
      56   7.927987837E-15
      57   7.654608946E-15
      58   7.395130677E-15
      59   7.148626321E-15
      60   6.914245130E-15
      61   7.682798002E-15
      62   7.438899652E-15
      63   7.206434038E-15
      64   6.984697606E-15
      65   6.773040103E-15
      66   1.491295200E-14
      67   1.447433576E-14
      68   1.405478980E-14
      69   1.365322438E-14
      70   1.326862651E-14
      71   7.662421060E-15
      72   7.452491716E-15
      73   7.251073021E-15
      74   7.057711073E-15
      75   6.871981835E-15
      76   1.404836630E-14
      77   1.368815178E-14
      78   1.334161629E-14
      79   1.300807588E-14
      80   1.268688882E-14
      81   1.665744799E-14
      82   1.625606370E-14
      83   1.586901457E-14
      84   1.549562599E-14
      85   1.513526259E-14
      86   1.757347449E-14
      87   1.717407734E-14
      88   1.678814302E-14
      89   1.641507318E-14
      90   1.605430234E-14
      91   3.230184862E-14
      92   3.160718521E-14
      93   3.093469190E-14
      94   3.028343523E-14
      95   2.965253033E-14
      96   2.560303354E-14
      97   2.508052265E-14
      98   2.457384543E-14
      99   2.408236852E-14
     100   2.360548994E-14
     101   2.512232791E-14
     102   2.463451571E-14
     103   2.416077503E-14
     104   2.370056979E-14
     105   2.325338923E-14
     106   2.494769138E-14
     107   2.448569709E-14
     108   2.403641825E-14
     109   2.359939246E-14
     110   2.317417818E-14
     111   2.469148574E-14
     112   2.425446829E-14
     113   2.382895131E-14
     114   2.341453476E-14
     115   2.301083589E-14
     116   2.138406896E-14
     117   2.102162711E-14
     118   2.066832245E-14
     119   2.032385041E-14
     120   1.998791900E-14
     121   1.568754472E-14
     122   1.543246269E-14
     123   1.518355200E-14
     124   1.494061517E-14
     125   1.470346255E-14
     126   1.284796466E-14
     127   1.264721522E-14
     128   1.245113436E-14
     129   1.225957845E-14
     130   1.207240931E-14
     131   1.335240717E-14
     132   1.315161909E-14
     133   1.295532627E-14
     134   1.276339551E-14
     135   1.257569852E-14
     136   7.887899928E-15
     137   7.773582538E-15
     138   7.661732429E-15
     139   7.552279109E-15
     140   7.445154583E-15
     141   0.000000000E+00
     142   0.000000000E+00
     143   0.000000000E+00
     144   0.000000000E+00
     145   0.000000000E+00
     146   5.817328586E-15
     147   5.738716038E-15
     148   5.661686292E-15
     149   5.586197142E-15
     150   5.512207776E-15
     151   2.987623387E-16
     152   2.948569486E-16
     153   2.910276376E-16
     154   2.872724423E-16
     155   2.835894622E-16
     156   4.712741078E-15
     157   4.653086128E-15
     158   4.594556743E-15
     159   4.537124783E-15
     160   4.480762985E-15
     161   8.169446359E-15
     162   8.069207754E-15
     163   7.970802781E-15
     164   7.874186990E-15
     165   7.779317267E-15
     166   2.478375851E-15
     167   2.448871377E-15
     168   2.419890650E-15
     169   2.391421349E-15
     170   2.363451508E-15
     171   3.453083342E-15
     172   3.413163304E-15
     173   3.373931541E-15
     174   3.335372324E-15
     175   3.297470366E-15
     176   1.854886580E-14
     177   1.834045158E-14
     178   1.813553033E-14
     179   1.793402444E-14
     180   1.773585843E-14
     181   8.245480080E-15
     182   8.155365544E-15
     183   8.066720266E-15
     184   7.979512479E-15
     185   7.893711270E-15
     186   2.773552779E-14
     187   2.744046899E-14
     188   2.715009365E-14
     189   2.686430319E-14
     190   2.658300159E-14
     191   2.151884752E-14
     192   2.129585428E-14
     193   2.107630939E-14
     194   2.086014211E-14
     195   2.064728352E-14
     196   3.263084776E-14
     197   3.230124324E-14
     198   3.197660763E-14
     199   3.165684155E-14
     200   3.134184811E-14
     201   3.002753641E-14
     202   2.973169862E-14
     203   2.944021138E-14
     204   2.915298980E-14
     205   2.886995106E-14
     206   0.000000000E+00
     207   0.000000000E+00
     208   0.000000000E+00
     209   0.000000000E+00
     210   0.000000000E+00
     211   0.000000000E+00
     212   0.000000000E+00
     213   0.000000000E+00
     214   0.000000000E+00
     215   0.000000000E+00
     216   0.000000000E+00
     217   0.000000000E+00
     218   0.000000000E+00
     219   0.000000000E+00
     220   0.000000000E+00
     221   0.000000000E+00
     222   0.000000000E+00
     223   0.000000000E+00
     224   0.000000000E+00
     225   0.000000000E+00
     226   0.000000000E+00
     227   0.000000000E+00
     228   0.000000000E+00
     229   0.000000000E+00
     230   0.000000000E+00
     231   0.000000000E+00
     232   0.000000000E+00
     233   0.000000000E+00
     234   0.000000000E+00
     235   0.000000000E+00
     236   0.000000000E+00
     237   0.000000000E+00
     238   0.000000000E+00
     239   0.000000000E+00
     240   0.000000000E+00
     241   0.000000000E+00
     242   0.000000000E+00
     243   0.000000000E+00
     244   0.000000000E+00
     245   0.000000000E+00
     246   0.000000000E+00
     247   0.000000000E+00
     248   0.000000000E+00
     249   0.000000000E+00
     250   0.000000000E+00
     251   6.245834253E-14
     252   6.196460069E-14
     253   6.147669045E-14
     254   6.099452033E-14
     255   6.051800064E-14
     256   1.454624975E-13
     257   1.443348812E-13
     258   1.432203262E-13
     259   1.421186313E-13
     260   1.410295997E-13
     261   9.058552414E-13
     262   8.989666084E-13
     263   8.921562553E-13
     264   8.854230005E-13
     265   8.787656847E-13
     266   9.929881762E-13
     267   9.855778167E-13
     268   9.782501006E-13
     269   9.710038035E-13
     270   9.638377238E-13
     271   2.038528197E-12
     272   2.023593925E-12
     273   2.008823166E-12
     274   1.994213543E-12
     275   1.979762720E-12
     276   2.166487468E-12
     277   2.150901227E-12
     278   2.135482580E-12
     279   2.120229133E-12
     280   2.105138534E-12
     281   1.326116493E-11
     282   1.316744645E-11
     283   1.307471795E-11
     284   1.298296554E-11
     285   1.289217558E-11
     286   2.328992540E-11
     287   2.312818981E-11
     288   2.296813313E-11
     289   2.280973221E-11
     290   2.265296429E-11
     291   3.638987874E-11
     292   3.614148366E-11
     293   3.589562323E-11
     294   3.565226307E-11
     295   3.541136940E-11
     296   4.901842152E-11
     297   4.868943883E-11
     298   4.836375696E-11
     299   4.804133192E-11
     300   4.772212041E-11
     301   6.568624505E-11
     302   6.525267247E-11
     303   6.482337858E-11
     304   6.439830724E-11
     305   6.397740327E-11
     306   1.130432306E-10
     307   1.123091837E-10
     308   1.115822634E-10
     309   1.108623778E-10
     310   1.101494365E-10
     311   1.108772550E-10
     312   1.101687742E-10
     313   1.094670622E-10
     314   1.087720333E-10
     315   1.080836027E-10
     316   1.301326978E-10
     317   1.293142532E-10
     318   1.285035055E-10
     319   1.277003586E-10
     320   1.269047177E-10
     321   1.651233416E-10
     322   1.641009061E-10
     323   1.630879375E-10
     324   1.620843195E-10
     325   1.610899371E-10
     326   1.768776999E-10
     327   1.757991774E-10
     328   1.747304894E-10
     329   1.736715167E-10
     330   1.726221420E-10
     331   2.220191577E-10
     332   2.206857093E-10
     333   2.193642380E-10
     334   2.180546008E-10
     335   2.167566567E-10
     336   2.261929502E-10
     337   2.248545303E-10
     338   2.235279549E-10
     339   2.222130846E-10
     340   2.209097821E-10
     341   2.885295233E-10
     342   2.868471354E-10
     343   2.851794195E-10
     344   2.835262055E-10
     345   2.818873257E-10
     346   3.324871151E-10
     347   3.305762696E-10
     348   3.286818498E-10
     349   3.268036678E-10
     350   3.249415386E-10
     351   3.122484626E-10
     352   3.104793495E-10
     353   3.087252288E-10
     354   3.069859318E-10
     355   3.052612917E-10
     356   4.020924895E-10
     357   3.998461627E-10
     358   3.976186075E-10
     359   3.954096152E-10
     360   3.932189803E-10
     361   3.666486175E-10
     362   3.646285150E-10
     363   3.626250616E-10
     364   3.606380749E-10
     365   3.586673751E-10
     366   5.101770845E-10
     367   5.074043830E-10
     368   5.046542237E-10
     369   5.019263630E-10
     370   4.992205605E-10
     371   4.828473184E-10
     372   4.802583248E-10
     373   4.776900984E-10
     374   4.751424179E-10
     375   4.726150646E-10
     376   5.345403935E-10
     377   5.317121374E-10
     378   5.289062686E-10
     379   5.261225514E-10
     380   5.233607533E-10
     381   6.203677180E-10
     382   6.171281999E-10
     383   6.139139905E-10
     384   6.107248269E-10
     385   6.075604496E-10
     386   5.790488439E-10
     387   5.760640560E-10
     388   5.731022871E-10
     389   5.701633010E-10
     390   5.672468647E-10
     391   7.169963691E-10
     392   7.133475326E-10
     393   7.097264791E-10
     394   7.061329273E-10
     395   7.025665994E-10
     396   7.067385349E-10
     397   7.031870850E-10
     398   6.996623377E-10
     399   6.961640260E-10
     400   6.926918862E-10
     401   8.131380551E-10
     402   8.091026305E-10
     403   8.050971720E-10
     404   8.011213835E-10
     405   7.971749727E-10
     406   8.965613749E-10
     407   8.921664662E-10
     408   8.878037940E-10
     409   8.834730438E-10
     410   8.791739049E-10
     411   9.088117696E-10
     412   9.044107441E-10
     413   9.000416100E-10
     414   8.957040601E-10
     415   8.913977906E-10
     416   1.011044779E-09
     417   1.006207244E-09
     418   1.001404346E-09
     419   9.966357536E-10
     420   9.919011419E-10
     421   1.064472954E-09
     422   1.059439985E-09
     423   1.054442626E-09
     424   1.049480543E-09
     425   1.044553405E-09
     426   1.151905590E-09
     427   1.146522854E-09
     428   1.141177759E-09
     429   1.135869956E-09
     430   1.130599097E-09
     431   1.231599962E-09
     432   1.225911279E-09
     433   1.220261918E-09
     434   1.214651518E-09
     435   1.209079722E-09
     436   1.367152380E-09
     437   1.360909675E-09
     438   1.354709631E-09
     439   1.348551860E-09
     440   1.342435978E-09
     441   1.395143026E-09
     442   1.388844412E-09
     443   1.382588356E-09
     444   1.376374476E-09
     445   1.370202393E-09
     446   1.559347342E-09
     447   1.552385970E-09
     448   1.545471110E-09
     449   1.538602350E-09
     450   1.531779279E-09
     451   1.614015230E-09
     452   1.606889335E-09
     453   1.599810527E-09
     454   1.592778393E-09
     455   1.585792523E-09
     456   1.752908268E-09
     457   1.745253647E-09
     458   1.737649056E-09
     459   1.730094060E-09
     460   1.722588229E-09
     461   1.895803411E-09
     462   1.887614195E-09
     463   1.879477927E-09
     464   1.871394151E-09
     465   1.863362417E-09
     466   1.865586535E-09
     467   1.857613943E-09
     468   1.849692348E-09
     469   1.841821317E-09
     470   1.834000419E-09
     471   2.290060412E-09
     472   2.280377281E-09
     473   2.270755436E-09
     474   2.261194361E-09
     475   2.251693544E-09
     476   2.217158193E-09
     477   2.207881380E-09
     478   2.198662669E-09
     479   2.189501574E-09
     480   2.180397618E-09
     481   2.535525323E-09
     482   2.525026253E-09
     483   2.514592261E-09
     484   2.504222808E-09
     485   2.493917364E-09
     486   2.517808012E-09
     487   2.507489127E-09
     488   2.497233547E-09
     489   2.487040757E-09
     490   2.476910245E-09
     491   2.597350454E-09
     492   2.586813535E-09
     493   2.576340606E-09
     494   2.565931149E-09
     495   2.555584652E-09
     496   3.131267018E-09
     497   3.118691648E-09
     498   3.106191882E-09
     499   3.093767115E-09
     500   3.081416747E-09
     501   2.943724852E-09
     502   2.932020180E-09
     503   2.920385180E-09
     504   2.908819298E-09
     505   2.897321988E-09
     506   3.432125043E-09
     507   3.418612740E-09
     508   3.405180077E-09
     509   3.391826430E-09
     510   3.378551179E-09
     511   3.450630178E-09
     512   3.437177428E-09
     513   3.423803197E-09
     514   3.410506874E-09
     515   3.397287855E-09
     516   3.664611210E-09
     517   3.650462132E-09
     518   3.636394841E-09
     519   3.622408707E-09
     520   3.608503107E-09
     521   4.174696325E-09
     522   4.158731903E-09
     523   4.142858880E-09
     524   4.127076561E-09
     525   4.111384254E-09
     526   3.760777981E-09
     527   3.746532610E-09
     528   3.732368026E-09
     529   3.718283618E-09
     530   3.704278783E-09
     531   4.625269296E-09
     532   4.607913689E-09
     533   4.590655585E-09
     534   4.573494256E-09
     535   4.556428979E-09
     536   4.577558559E-09
     537   4.560541613E-09
     538   4.543619381E-09
     539   4.526791161E-09
     540   4.510056258E-09
     541   5.253339396E-09
     542   5.233990080E-09
     543   5.214747469E-09
     544   5.195610781E-09
     545   5.176579240E-09
     546   5.482320439E-09
     547   5.462311971E-09
     548   5.442412838E-09
     549   5.422622246E-09
     550   5.402939406E-09
     551   5.039847119E-09
     552   5.021619824E-09
     553   5.003491232E-09
     554   4.985460633E-09
     555   4.967527322E-09
     556   6.186045555E-09
     557   6.163873349E-09
     558   6.141820135E-09
     559   6.119885063E-09
     560   6.098067291E-09
     561   5.984670681E-09
     562   5.963410750E-09
     563   5.942263903E-09
     564   5.921229340E-09
     565   5.900306269E-09
     566   6.794778652E-09
     567   6.770853375E-09
     568   6.747054242E-09
     569   6.723380368E-09
     570   6.699830874E-09
     571   6.808811906E-09
     572   6.785046419E-09
     573   6.761405143E-09
     574   6.737887212E-09
     575   6.714491770E-09
     576   7.103682617E-09
     577   7.079102400E-09
     578   7.054649542E-09
     579   7.030323165E-09
     580   7.006122396E-09
     581   7.844316357E-09
     582   7.817406181E-09
     583   7.790634242E-09
     584   7.763999595E-09
     585   7.737501303E-09
     586   7.645730798E-09
     587   7.619724911E-09
     588   7.593851482E-09
     589   7.568109613E-09
     590   7.542498413E-09
     591   8.661216280E-09
     592   8.632004758E-09
     593   8.602940769E-09
     594   8.574023321E-09
     595   8.545251431E-09
     596   8.999408912E-09
     597   8.969310554E-09
     598   8.939362939E-09
     599   8.909565063E-09
     600   8.879915928E-09
     601   9.478300095E-09
     602   9.446862947E-09
     603   9.415581944E-09
     604   9.384456053E-09
     605   9.353484251E-09
     606   9.809024377E-09
     607   9.776757850E-09
     608   9.744650271E-09
     609   9.712700598E-09
     610   9.680907797E-09
     611   9.537793237E-09
     612   9.506674825E-09
     613   9.475708457E-09
     614   9.444893145E-09
     615   9.414227908E-09
     616   1.123201096E-08
     617   1.119566141E-08
     618   1.115948803E-08
     619   1.112348968E-08
     620   1.108766524E-08
     621   1.110214964E-08
     622   1.106650871E-08
     623   1.103103913E-08
     624   1.099573980E-08
     625   1.096060964E-08
     626   1.195542892E-08
     627   1.191735431E-08
     628   1.187946129E-08
     629   1.184174871E-08
     630   1.180421544E-08
     631   1.190751834E-08
     632   1.186989585E-08
     633   1.183245138E-08
     634   1.179518382E-08
     635   1.175809204E-08
     636   1.281753607E-08
     637   1.277735571E-08
     638   1.273736398E-08
     639   1.269755972E-08
     640   1.265794175E-08
     641   1.384486890E-08
     642   1.380180554E-08
     643   1.375894279E-08
     644   1.371627940E-08
     645   1.367381414E-08
     646   1.336963319E-08
     647   1.332836889E-08
     648   1.328729534E-08
     649   1.324641135E-08
     650   1.320571577E-08
     651   1.502317630E-08
     652   1.497716351E-08
     653   1.493136179E-08
     654   1.488576984E-08
     655   1.484038640E-08
     656   1.489689261E-08
     657   1.485161330E-08
     658   1.480654012E-08
     659   1.476167181E-08
     660   1.471700715E-08
     661   1.595717676E-08
     662   1.590904048E-08
     663   1.586112168E-08
     664   1.581341906E-08
     665   1.576593132E-08
     666   1.702664187E-08
     667   1.697566390E-08
     668   1.692491454E-08
     669   1.687439240E-08
     670   1.682409615E-08
     671   1.681451373E-08
     672   1.676454489E-08
     673   1.671479846E-08
     674   1.666527314E-08
     675   1.661596759E-08
     676   1.884719888E-08
     677   1.879160242E-08
     678   1.873625161E-08
     679   1.868114498E-08
     680   1.862628112E-08
     681   1.852856724E-08
     682   1.847431082E-08
     683   1.842029237E-08
     684   1.836651049E-08
     685   1.831296382E-08
     686   2.076514117E-08
     687   2.070477739E-08
     688   2.064467644E-08
     689   2.058483680E-08
     690   2.052525695E-08
     691   2.052861858E-08
     692   2.046937293E-08
     693   2.041038338E-08
     694   2.035164846E-08
     695   2.029316671E-08
     696   2.082577153E-08
     697   2.076609883E-08
     698   2.070668224E-08
     699   2.064752029E-08
     700   2.058861153E-08
     701   2.375332612E-08
     702   2.368574909E-08
     703   2.361846003E-08
     704   2.355145731E-08
     705   2.348473930E-08
     706   2.192125654E-08
     707   2.185933209E-08
     708   2.179766966E-08
     709   2.173626777E-08
     710   2.167512497E-08
     711   2.496988751E-08
     712   2.489984575E-08
     713   2.483009828E-08
     714   2.476064346E-08
     715   2.469147965E-08
     716   2.433426912E-08
     717   2.426648564E-08
     718   2.419898499E-08
     719   2.413176559E-08
     720   2.406482587E-08
     721   2.633802600E-08
     722   2.626516839E-08
     723   2.619261268E-08
     724   2.612035720E-08
     725   2.604840029E-08
     726   2.776018378E-08
     727   2.768391954E-08
     728   2.760796914E-08
     729   2.753233087E-08
     730   2.745700301E-08
     731   2.673734106E-08
     732   2.666438788E-08
     733   2.659173287E-08
     734   2.651937442E-08
     735   2.644731090E-08
     736   3.012016700E-08
     737   3.003854053E-08
     738   2.995724543E-08
     739   2.987627990E-08
     740   2.979564217E-08
     741   3.000233989E-08
     742   2.992157989E-08
     743   2.984114553E-08
     744   2.976103507E-08
     745   2.968124678E-08
     746   3.250276703E-08
     747   3.241586124E-08
     748   3.232930353E-08
     749   3.224309206E-08
     750   3.215722497E-08
     751   3.310209160E-08
     752   3.301417104E-08
     753   3.292660029E-08
     754   3.283937751E-08
     755   3.275250085E-08
     756   3.199697264E-08
     757   3.191254791E-08
     758   3.182845688E-08
     759   3.174469778E-08
     760   3.166126888E-08
     761   3.768811173E-08
     762   3.758932245E-08
     763   3.749092108E-08
     764   3.739290560E-08
     765   3.729527399E-08
     766   3.594613950E-08
     767   3.585252977E-08
     768   3.575928522E-08
     769   3.566640395E-08
     770   3.557388410E-08
     771   3.850910695E-08
     772   3.840947148E-08
     773   3.831022220E-08
     774   3.821135711E-08
     775   3.811287423E-08
     776   3.860523422E-08
     777   3.850599197E-08
     778   3.840713192E-08
     779   3.830865209E-08
     780   3.821055055E-08
     781   4.113694290E-08
     782   4.103186770E-08
     783   4.092719457E-08
     784   4.082292146E-08
     785   4.071904634E-08
     786   4.236253713E-08
     787   4.225501800E-08
     788   4.214790768E-08
     789   4.204120412E-08
     790   4.193490525E-08
     791   4.310011071E-08
     792   4.299140930E-08
     793   4.288311859E-08
     794   4.277523653E-08
     795   4.266776106E-08
     796   4.578746844E-08
     797   4.567271288E-08
     798   4.555838819E-08
     799   4.544449222E-08
     800   4.533102283E-08
     801   4.696419520E-08
     802   4.684722336E-08
     803   4.673068798E-08
     804   4.661458689E-08
     805   4.649891794E-08
     806   4.828256699E-08
     807   4.816305569E-08
     808   4.804398757E-08
     809   4.792536044E-08
     810   4.780717213E-08
     811   4.904057884E-08
     812   4.891993781E-08
     813   4.879974141E-08
     814   4.867998744E-08
     815   4.856067374E-08
     816   4.949298237E-08
     817   4.937197263E-08
     818   4.925140616E-08
     819   4.913128077E-08
     820   4.901159434E-08
     821   5.382816333E-08
     822   5.369735370E-08
     823   5.356702032E-08
     824   5.343716088E-08
     825   5.330777308E-08
     826   5.401215897E-08
     827   5.388169482E-08
     828   5.375170280E-08
     829   5.362218062E-08
     830   5.349312603E-08
     831   5.796639238E-08
     832   5.782721736E-08
     833   5.768854298E-08
     834   5.755036683E-08
     835   5.741268653E-08
     836   5.677454421E-08
     837   5.663904410E-08
     838   5.650402850E-08
     839   5.636949510E-08
     840   5.623544160E-08
     841   5.810052270E-08
     842   5.796268041E-08
     843   5.782532809E-08
     844   5.768846341E-08
     845   5.755208406E-08
     846   6.361599969E-08
     847   6.346596196E-08
     848   6.331645439E-08
     849   6.316747450E-08
     850   6.301901980E-08
     851   6.207189640E-08
     852   6.192635854E-08
     853   6.178133194E-08
     854   6.163681420E-08
     855   6.149280295E-08
     856   6.615256235E-08
     857   6.599836057E-08
     858   6.584469733E-08
     859   6.569157013E-08
     860   6.553897647E-08
     861   6.397326036E-08
     862   6.382500252E-08
     863   6.367725946E-08
     864   6.353002880E-08
     865   6.338330818E-08
     866   6.877746883E-08
     867   6.861899539E-08
     868   6.846106905E-08
     869   6.830368729E-08
     870   6.814684759E-08
     871   7.249550099E-08
     872   7.232941736E-08
     873   7.216390382E-08
     874   7.199895776E-08
     875   7.183457657E-08
     876   7.082673482E-08
     877   7.066539829E-08
     878   7.050461240E-08
     879   7.034437465E-08
     880   7.018468254E-08
     881   7.575050029E-08
     882   7.557892497E-08
     883   7.540793193E-08
     884   7.523751853E-08
     885   7.506768214E-08
     886   7.538415387E-08
     887   7.521436974E-08
     888   7.504515856E-08
     889   7.487651775E-08
     890   7.470844476E-08
     891   7.908645301E-08
     892   7.890932769E-08
     893   7.873279676E-08
     894   7.855685755E-08
     895   7.838150742E-08
     896   8.007645362E-08
     897   7.989810963E-08
     898   7.972036078E-08
     899   7.954320442E-08
     900   7.936663793E-08
     901   7.966717520E-08
     902   7.949072520E-08
     903   7.931486077E-08
     904   7.913957931E-08
     905   7.896487825E-08
     906   8.625617760E-08
     907   8.606618602E-08
     908   8.587682147E-08
     909   8.568808121E-08
     910   8.549996248E-08
     911   8.386180924E-08
     912   8.367810319E-08
     913   8.349500012E-08
     914   8.331249739E-08
     915   8.313059237E-08
     916   8.995943756E-08
     917   8.976344750E-08
     918   8.956809723E-08
     919   8.937338398E-08
     920   8.917930497E-08
     921   8.816413082E-08
     922   8.797309262E-08
     923   8.778267467E-08
     924   8.759287429E-08
     925   8.740368882E-08
     926   8.911922721E-08
     927   8.892715991E-08
     928   8.873571284E-08
     929   8.854488336E-08
     930   8.835466878E-08
     931   9.816547609E-08
     932   9.795504634E-08
     933   9.774529250E-08
     934   9.753621166E-08
     935   9.732780095E-08
     936   9.178401541E-08
     937   9.158831388E-08
     938   9.139323760E-08
     939   9.119878390E-08
     940   9.100495014E-08
     941   1.005221923E-07
     942   1.003089957E-07
     943   1.000964766E-07
     944   9.988463225E-08
     945   9.967345967E-08
     946   1.000822851E-07
     947   9.987114099E-08
     948   9.966066440E-08
     949   9.945085248E-08
     950   9.924170242E-08
     951   1.044091677E-07
     952   1.041900509E-07
     953   1.039716231E-07
     954   1.037538815E-07
     955   1.035368232E-07
     956   1.067123429E-07
     957   1.064895614E-07
     958   1.062674768E-07
     959   1.060460862E-07
     960   1.058253868E-07
     961   1.032076126E-07
     962   1.029932666E-07
     963   1.027795876E-07
     964   1.025665729E-07
     965   1.023542198E-07
     966   1.150062138E-07
     967   1.147685977E-07
     968   1.145317172E-07
     969   1.142955693E-07
     970   1.140601511E-07
     971   1.077919290E-07
     972   1.075703629E-07
     973   1.073494792E-07
     974   1.071292751E-07
     975   1.069097479E-07
     976   1.177205108E-07
     977   1.174797735E-07
     978   1.172397740E-07
     979   1.170005091E-07
     980   1.167619760E-07
     981   1.155634159E-07
     982   1.153282920E-07
     983   1.150938849E-07
     984   1.148601917E-07
     985   1.146272096E-07
     986   1.142575396E-07
     987   1.140262490E-07
     988   1.137956601E-07
     989   1.135657699E-07
     990   1.133365756E-07
     991   1.237776164E-07
     992   1.235283160E-07
     993   1.232797681E-07
     994   1.230319696E-07
     995   1.227849174E-07
     996   1.241175024E-07
     997   1.238687699E-07
     998   1.236207844E-07
     999   1.233735428E-07
    1000   1.231270422E-07
    1001   1.255817887E-07
    1002   1.253313764E-07
    1003   1.250817123E-07
    1004   1.248327935E-07
    1005   1.245846169E-07
    1006   1.249341505E-07
    1007   1.246862653E-07
    1008   1.244391171E-07
    1009   1.241927030E-07
    1010   1.239470201E-07
    1011   1.263055312E-07
    1012   1.260561619E-07
    1013   1.258075304E-07
    1014   1.255596338E-07
    1015   1.253124692E-07
    1016   1.339816290E-07
    1017   1.337184038E-07
    1018   1.334559535E-07
    1019   1.331942752E-07
    1020   1.329333657E-07
    1021   1.308649118E-07
    1022   1.306090664E-07
    1023   1.303539705E-07
    1024   1.300996213E-07
    1025   1.298460158E-07
    1026   1.340540362E-07
    1027   1.337932307E-07
    1028   1.335331856E-07
    1029   1.332738978E-07
    1030   1.330153646E-07
    1031   1.349740969E-07
    1032   1.347127724E-07
    1033   1.344522062E-07
    1034   1.341923951E-07
    1035   1.339333364E-07
    1036   1.385763943E-07
    1037   1.383093878E-07
    1038   1.380431522E-07
    1039   1.377776846E-07
    1040   1.375129820E-07
    1041   1.438540309E-07
    1042   1.435781843E-07
    1043   1.433031303E-07
    1044   1.430288659E-07
    1045   1.427553882E-07
    1046   1.404508845E-07
    1047   1.401828485E-07
    1048   1.399155790E-07
    1049   1.396490731E-07
    1050   1.393833280E-07
    1051   1.433534321E-07
    1052   1.430811559E-07
    1053   1.428096546E-07
    1054   1.425389254E-07
    1055   1.422689654E-07
    1056   1.419892150E-07
    1057   1.417208044E-07
    1058   1.414531542E-07
    1059   1.411862614E-07
    1060   1.409201233E-07
    1061   1.470795325E-07
    1062   1.468028071E-07
    1063   1.465268620E-07
    1064   1.462516942E-07
    1065   1.459773008E-07
    1066   1.507614040E-07
    1067   1.504790793E-07
    1068   1.501975469E-07
    1069   1.499168038E-07
    1070   1.496368471E-07
    1071   1.515053413E-07
    1072   1.512229455E-07
    1073   1.509413386E-07
    1074   1.506605175E-07
    1075   1.503804793E-07
    1076   1.496054066E-07
    1077   1.493278456E-07
    1078   1.490510563E-07
    1079   1.487750358E-07
    1080   1.484997813E-07
    1081   1.586928155E-07
    1082   1.583997540E-07
    1083   1.581075036E-07
    1084   1.578160612E-07
    1085   1.575254238E-07
    1086   1.582771120E-07
    1087   1.579861615E-07
    1088   1.576960124E-07
    1089   1.574066619E-07
    1090   1.571181071E-07
    1091   1.573245663E-07
    1092   1.570366897E-07
    1093   1.567496025E-07
    1094   1.564633018E-07
    1095   1.561777849E-07
    1096   1.601315520E-07
    1097   1.598398734E-07
    1098   1.595489910E-07
    1099   1.592589019E-07
    1100   1.589696033E-07
    1101   1.635839196E-07
    1102   1.632873033E-07
    1103   1.629914929E-07
    1104   1.626964857E-07
    1105   1.624022787E-07
    1106   1.583193691E-07
    1107   1.580335941E-07
    1108   1.577485921E-07
    1109   1.574643604E-07
    1110   1.571808962E-07
    1111   1.643556088E-07
    1112   1.640602708E-07
    1113   1.637657281E-07
    1114   1.634719779E-07
    1115   1.631790174E-07
    1116   1.628862263E-07
    1117   1.625948377E-07
    1118   1.623042303E-07
    1119   1.620144013E-07
    1120   1.617253480E-07
    1121   1.710261512E-07
    1122   1.707215632E-07
    1123   1.704177882E-07
    1124   1.701148232E-07
    1125   1.698126655E-07
    1126   1.667646865E-07
    1127   1.664690045E-07
    1128   1.661741081E-07
    1129   1.658799946E-07
    1130   1.655866613E-07
    1131   1.692555652E-07
    1132   1.689567910E-07
    1133   1.686588073E-07
    1134   1.683616112E-07
    1135   1.680651999E-07
    1136   1.706084601E-07
    1137   1.703086210E-07
    1138   1.700095716E-07
    1139   1.697113092E-07
    1140   1.694138310E-07
    1141   1.710281630E-07
    1142   1.707289011E-07
    1143   1.704304240E-07
    1144   1.701327290E-07
    1145   1.698358132E-07
    1146   1.781052264E-07
    1147   1.777949385E-07
    1148   1.774854608E-07
    1149   1.771767904E-07
    1150   1.768689246E-07
    1151   1.695342241E-07
    1152   1.692401491E-07
    1153   1.689468386E-07
    1154   1.686542900E-07
    1155   1.683625005E-07
    1156   1.756378756E-07
    1157   1.753345287E-07
    1158   1.750319669E-07
    1159   1.747301877E-07
    1160   1.744291882E-07
    1161   1.716234883E-07
    1162   1.713283491E-07
    1163   1.710339705E-07
    1164   1.707403499E-07
    1165   1.704474848E-07
    1166   1.761139106E-07
    1167   1.758123457E-07
    1168   1.755115547E-07
    1169   1.752115349E-07
    1170   1.749122838E-07
    1171   1.804902820E-07
    1172   1.801825407E-07
    1173   1.798755858E-07
    1174   1.795694146E-07
    1175   1.792640244E-07
    1176   1.705614623E-07
    1177   1.702718842E-07
    1178   1.699830430E-07
    1179   1.696949362E-07
    1180   1.694075612E-07
    1181   1.761851487E-07
    1182   1.758872871E-07
    1183   1.755901802E-07
    1184   1.752938255E-07
    1185   1.749982203E-07
    1186   1.792146754E-07
    1187   1.789129672E-07
    1188   1.786120202E-07
    1189   1.783118320E-07
    1190   1.780123998E-07
    1191   1.731765721E-07
    1192   1.728862509E-07
    1193   1.725966592E-07
    1194   1.723077945E-07
    1195   1.720196544E-07
    1196   1.796419157E-07
    1197   1.793420127E-07
    1198   1.790428600E-07
    1199   1.787444553E-07
    1200   1.784467959E-07
    1201   1.721123555E-07
    1202   1.718262170E-07
    1203   1.715407914E-07
    1204   1.712560763E-07
    1205   1.709720696E-07
    1206   1.798456560E-07
    1207   1.795478983E-07
    1208   1.792508795E-07
    1209   1.789545970E-07
    1210   1.786590486E-07
    1211   1.723166707E-07
    1212   1.720325542E-07
    1213   1.717491398E-07
    1214   1.714664251E-07
    1215   1.711844080E-07
    1216   1.746222713E-07
    1217   1.743355352E-07
    1218   1.740495048E-07
    1219   1.737641778E-07
    1220   1.734795518E-07
    1221   1.775654654E-07
    1222   1.772750885E-07
    1223   1.769854233E-07
    1224   1.766964675E-07
    1225   1.764082188E-07
    1226   1.702876567E-07
    1227   1.700103152E-07
    1228   1.697336507E-07
    1229   1.694576611E-07
    1230   1.691823440E-07
    1231   1.817322807E-07
    1232   1.814375000E-07
    1233   1.811434360E-07
    1234   1.808500863E-07
    1235   1.805574486E-07
    1236   1.738548635E-07
    1237   1.735739994E-07
    1238   1.732938154E-07
    1239   1.730143092E-07
    1240   1.727354787E-07
    1241   1.727585423E-07
    1242   1.724805720E-07
    1243   1.722032721E-07
    1244   1.719266403E-07
    1245   1.716506746E-07
    1246   1.771648053E-07
    1247   1.768808873E-07
    1248   1.765976513E-07
    1249   1.763150951E-07
    1250   1.760332164E-07
    1251   1.691283904E-07
    1252   1.688584329E-07
    1253   1.685891212E-07
    1254   1.683204533E-07
    1255   1.680524271E-07
    1256   1.785713856E-07
    1257   1.782874883E-07
    1258   1.780042675E-07
    1259   1.777217211E-07
    1260   1.774398468E-07
    1261   1.676878407E-07
    1262   1.674223018E-07
    1263   1.671573931E-07
    1264   1.668931126E-07
    1265   1.666294584E-07
    1266   1.728195050E-07
    1267   1.725469191E-07
    1268   1.722749775E-07
    1269   1.720036783E-07
    1270   1.717330195E-07
    1271   1.731708262E-07
    1272   1.728987589E-07
    1273   1.726273323E-07
    1274   1.723565444E-07
    1275   1.720863930E-07
    1276   1.689253999E-07
    1277   1.686610409E-07
    1278   1.683973020E-07
    1279   1.681341812E-07
    1280   1.678716766E-07
    1281   1.695511784E-07
    1282   1.692868742E-07
    1283   1.690231875E-07
    1284   1.687601163E-07
    1285   1.684976589E-07
    1286   1.647883224E-07
    1287   1.645324399E-07
    1288   1.642771529E-07
    1289   1.640224597E-07
    1290   1.637683582E-07
    1291   1.710990501E-07
    1292   1.708343957E-07
    1293   1.705703549E-07
    1294   1.703069258E-07
    1295   1.700441064E-07
    1296   1.646663075E-07
    1297   1.644125843E-07
    1298   1.641594472E-07
    1299   1.639068942E-07
    1300   1.636549235E-07
    1301   1.637629084E-07
    1302   1.635115455E-07
    1303   1.632607609E-07
    1304   1.630105529E-07
    1305   1.627609196E-07
    1306   1.615612595E-07
    1307   1.613142239E-07
    1308   1.610677545E-07
    1309   1.608218496E-07
    1310   1.605765073E-07
    1311   1.598365212E-07
    1312   1.595930535E-07
    1313   1.593501417E-07
    1314   1.591077841E-07
    1315   1.588659790E-07
    1316   1.614334169E-07
    1317   1.611884497E-07
    1318   1.609440396E-07
    1319   1.607001850E-07
    1320   1.604568842E-07
    1321   1.542937204E-07
    1322   1.540604722E-07
    1323   1.538277524E-07
    1324   1.535955596E-07
    1325   1.533638921E-07
    1326   1.554320840E-07
    1327   1.551979996E-07
    1328   1.549644435E-07
    1329   1.547314143E-07
    1330   1.544989103E-07
    1331   1.520437705E-07
    1332   1.518156478E-07
    1333   1.515880382E-07
    1334   1.513609400E-07
    1335   1.511343518E-07
    1336   1.504967297E-07
    1337   1.502717719E-07
    1338   1.500473182E-07
    1339   1.498233670E-07
    1340   1.495999168E-07
    1341   1.477525847E-07
    1342   1.475325511E-07
    1343   1.473130086E-07
    1344   1.470939558E-07
    1345   1.468753912E-07
    1346   1.453002510E-07
    1347   1.450846720E-07
    1348   1.448695724E-07
    1349   1.446549508E-07
    1350   1.444408058E-07
    1351   1.449560605E-07
    1352   1.447417869E-07
    1353   1.445279881E-07
    1354   1.443146627E-07
    1355   1.441018092E-07
    1356   1.450715715E-07
    1357   1.448579168E-07
    1358   1.446447337E-07
    1359   1.444320209E-07
    1360   1.442197769E-07
    1361   1.414735581E-07
    1362   1.412659667E-07
    1363   1.410588319E-07
    1364   1.408521523E-07
    1365   1.406459266E-07
    1366   1.364200511E-07
    1367   1.362206066E-07
    1368   1.360215991E-07
    1369   1.358230275E-07
    1370   1.356248903E-07
    1371   1.343607124E-07
    1372   1.341649940E-07
    1373   1.339697029E-07
    1374   1.337748379E-07
    1375   1.335803977E-07
    1376   1.375472990E-07
    1377   1.373476658E-07
    1378   1.371484668E-07
    1379   1.369497009E-07
    1380   1.367513668E-07
    1381   1.306715689E-07
    1382   1.304826006E-07
    1383   1.302940420E-07
    1384   1.301058917E-07
    1385   1.299181487E-07
    1386   1.315672324E-07
    1387   1.313776543E-07
    1388   1.311884856E-07
    1389   1.309997252E-07
    1390   1.308113719E-07
    1391   1.244899301E-07
    1392   1.243111937E-07
    1393   1.241328419E-07
    1394   1.239548737E-07
    1395   1.237772879E-07
    1396   1.269115759E-07
    1397   1.267300143E-07
    1398   1.265488420E-07
    1399   1.263680579E-07
    1400   1.261876610E-07
    1401   1.254725188E-07
    1402   1.252936557E-07
    1403   1.251151747E-07
    1404   1.249370748E-07
    1405   1.247593549E-07
    1406   1.191329747E-07
    1407   1.189637517E-07
    1408   1.187948891E-07
    1409   1.186263857E-07
    1410   1.184582406E-07
    1411   1.197436135E-07
    1412   1.195741250E-07
    1413   1.194049961E-07
    1414   1.192362258E-07
    1415   1.190678130E-07
    1416   1.158093116E-07
    1417   1.156459698E-07
    1418   1.154829734E-07
    1419   1.153203213E-07
    1420   1.151580126E-07
    1421   1.156209729E-07
    1422   1.154584697E-07
    1423   1.152963090E-07
    1424   1.151344896E-07
    1425   1.149730106E-07
    1426   1.150338394E-07
    1427   1.148727276E-07
    1428   1.147119540E-07
    1429   1.145515177E-07
    1430   1.143914177E-07
    1431   1.095688836E-07
    1432   1.094159613E-07
    1433   1.092633588E-07
    1434   1.091110754E-07
    1435   1.089591101E-07
    1436   1.097694121E-07
    1437   1.096167425E-07
    1438   1.094643912E-07
    1439   1.093123574E-07
    1440   1.091606400E-07
    1441   1.064624923E-07
    1442   1.063149351E-07
    1443   1.061676845E-07
    1444   1.060207396E-07
    1445   1.058740996E-07
    1446   1.055187147E-07
    1447   1.053729706E-07
    1448   1.052275282E-07
    1449   1.050823868E-07
    1450   1.049375455E-07
    1451   1.057402923E-07
    1452   1.055947448E-07
    1453   1.054494976E-07
    1454   1.053045498E-07
    1455   1.051599007E-07
    1456   1.002411241E-07
    1457   1.001036191E-07
    1458   9.996639689E-08
    1459   9.982945662E-08
    1460   9.969279754E-08
    1461   1.044308444E-07
    1462   1.042880818E-07
    1463   1.041456117E-07
    1464   1.040034334E-07
    1465   1.038615460E-07
    1466   9.841263114E-08
    1467   9.827855399E-08
    1468   9.814475065E-08
    1469   9.801122038E-08
    1470   9.787796243E-08
    1471   9.929957567E-08
    1472   9.916474936E-08
    1473   9.903019746E-08
    1474   9.889591923E-08
    1475   9.876191392E-08
    1476   9.596546353E-08
    1477   9.583560499E-08
    1478   9.570600985E-08
    1479   9.557667741E-08
    1480   9.544760694E-08
    1481   9.685502128E-08
    1482   9.672440088E-08
    1483   9.659404455E-08
    1484   9.646395156E-08
    1485   9.633412121E-08
    1486   9.804387218E-08
    1487   9.791209278E-08
    1488   9.778057889E-08
    1489   9.764932979E-08
    1490   9.751834477E-08
    1491   9.422641049E-08
    1492   9.410018623E-08
    1493   9.397421544E-08
    1494   9.384849742E-08
    1495   9.372303152E-08
    1496   9.403855513E-08
    1497   9.391300299E-08
    1498   9.378770211E-08
    1499   9.366265184E-08
    1500   9.353785151E-08
    1501   9.412163738E-08
    1502   9.399639235E-08
    1503   9.387139715E-08
    1504   9.374665111E-08
    1505   9.362215356E-08
    1506   9.420038730E-08
    1507   9.407545310E-08
    1508   9.395076727E-08
    1509   9.382632917E-08
    1510   9.370213813E-08
    1511   9.547228743E-08
    1512   9.534608480E-08
    1513   9.522013224E-08
    1514   9.509442910E-08
    1515   9.496897471E-08
    1516   9.382896747E-08
    1517   9.370534564E-08
    1518   9.358196796E-08
    1519   9.345883379E-08
    1520   9.333594249E-08
    1521   9.526413288E-08
    1522   9.513903225E-08
    1523   9.501417787E-08
    1524   9.488956912E-08
    1525   9.476520533E-08
    1526   9.804354729E-08
    1527   9.791521804E-08
    1528   9.778714058E-08
    1529   9.765931425E-08
    1530   9.753173840E-08
    1531   9.837356136E-08
    1532   9.824522012E-08
    1533   9.811712987E-08
    1534   9.798928996E-08
    1535   9.786169974E-08
    1536   9.819611064E-08
    1537   9.806841739E-08
    1538   9.794097305E-08
    1539   9.781377698E-08
    1540   9.768682853E-08
    1541   9.823485253E-08
    1542   9.810752285E-08
    1543   9.798044056E-08
    1544   9.785360504E-08
    1545   9.772701564E-08
    1546   1.031862675E-07
    1547   1.030529519E-07
    1548   1.029198945E-07
    1549   1.027870946E-07
    1550   1.026545516E-07
    1551   1.008666824E-07
    1552   1.007367832E-07
    1553   1.006071349E-07
    1554   1.004777366E-07
    1555   1.003485878E-07
    1556   1.059501942E-07
    1557   1.058141862E-07
    1558   1.056784400E-07
    1559   1.055429548E-07
    1560   1.054077300E-07
    1561   1.064342046E-07
    1562   1.062980124E-07
    1563   1.061620815E-07
    1564   1.060264111E-07
    1565   1.058910006E-07
    1566   1.096915677E-07
    1567   1.095516550E-07
    1568   1.094120098E-07
    1569   1.092726314E-07
    1570   1.091335192E-07
    1571   1.132233914E-07
    1572   1.130794329E-07
    1573   1.129357487E-07
    1574   1.127923383E-07
    1575   1.126492008E-07
    1576   1.156727465E-07
    1577   1.155261398E-07
    1578   1.153798115E-07
    1579   1.152337611E-07
    1580   1.150879879E-07
    1581   1.194706225E-07
    1582   1.193196805E-07
    1583   1.191690243E-07
    1584   1.190186533E-07
    1585   1.188685668E-07
    1586   1.241376514E-07
    1587   1.239813068E-07
    1588   1.238252573E-07
    1589   1.236695023E-07
    1590   1.235140409E-07
    1591   1.295366129E-07
    1592   1.293739806E-07
    1593   1.292116544E-07
    1594   1.290496335E-07
    1595   1.288879172E-07
    1596   1.311890402E-07
    1597   1.310248486E-07
    1598   1.308609652E-07
    1599   1.306973889E-07
    1600   1.305341193E-07
    1601   1.365792145E-07
    1602   1.364088100E-07
    1603   1.362387242E-07
    1604   1.360689563E-07
    1605   1.358995055E-07
    1606   1.428693412E-07
    1607   1.426916430E-07
    1608   1.425142762E-07
    1609   1.423372398E-07
    1610   1.421605331E-07
    1611   1.497184329E-07
    1612   1.495327932E-07
    1613   1.493474985E-07
    1614   1.491625481E-07
    1615   1.489779409E-07
    1616   1.549545696E-07
    1617   1.547630312E-07
    1618   1.545718477E-07
    1619   1.543810183E-07
    1620   1.541905420E-07
    1621   1.595932916E-07
    1622   1.593966270E-07
    1623   1.592003257E-07
    1624   1.590043869E-07
    1625   1.588088095E-07
    1626   1.707465499E-07
    1627   1.705367875E-07
    1628   1.703274115E-07
    1629   1.701184208E-07
    1630   1.699098145E-07
    1631   1.821639862E-07
    1632   1.819408827E-07
    1633   1.817181888E-07
    1634   1.814959036E-07
    1635   1.812740260E-07
    1636   1.867269771E-07
    1637   1.864989832E-07
    1638   1.862714067E-07
    1639   1.860442464E-07
    1640   1.858175014E-07
    1641   1.986353556E-07
    1642   1.983935597E-07
    1643   1.981522050E-07
    1644   1.979112905E-07
    1645   1.976708150E-07
    1646   2.061707082E-07
    1647   2.059205010E-07
    1648   2.056707490E-07
    1649   2.054214511E-07
    1650   2.051726063E-07
    1651   2.189850421E-07
    1652   2.187200874E-07
    1653   2.184556133E-07
    1654   2.181916186E-07
    1655   2.179281022E-07
    1656   2.271817584E-07
    1657   2.269077152E-07
    1658   2.266341677E-07
    1659   2.263611144E-07
    1660   2.260885544E-07
    1661   2.366706897E-07
    1662   2.363860587E-07
    1663   2.361019408E-07
    1664   2.358183349E-07
    1665   2.355352397E-07
    1666   2.542993911E-07
    1667   2.539944758E-07
    1668   2.536901085E-07
    1669   2.533862880E-07
    1670   2.530830130E-07
    1671   2.690102227E-07
    1672   2.686886325E-07
    1673   2.683676186E-07
    1674   2.680471796E-07
    1675   2.677273143E-07
    1676   2.866283627E-07
    1677   2.862867318E-07
    1678   2.859457112E-07
    1679   2.856052997E-07
    1680   2.852654956E-07
    1681   2.997233718E-07
    1682   2.993671943E-07
    1683   2.990116513E-07
    1684   2.986567413E-07
    1685   2.983024628E-07
    1686   3.092903896E-07
    1687   3.089239318E-07
    1688   3.085581248E-07
    1689   3.081929673E-07
    1690   3.078284576E-07
    1691   3.265037499E-07
    1692   3.261180396E-07
    1693   3.257330124E-07
    1694   3.253486667E-07
    1695   3.249650008E-07
    1696   3.323486699E-07
    1697   3.319572109E-07
    1698   3.315664432E-07
    1699   3.311763650E-07
    1700   3.307869748E-07
    1701   3.499902290E-07
    1702   3.495792012E-07
    1703   3.491688969E-07
    1704   3.487593146E-07
    1705   3.483504526E-07
    1706   3.544086598E-07
    1707   3.539936614E-07
    1708   3.535793914E-07
    1709   3.531658483E-07
    1710   3.527530302E-07
    1711   3.663731233E-07
    1712   3.659453671E-07
    1713   3.655183597E-07
    1714   3.650920992E-07
    1715   3.646665839E-07
    1716   3.919675027E-07
    1717   3.915111959E-07
    1718   3.910556855E-07
    1719   3.906009696E-07
    1720   3.901470463E-07
    1721   4.003047149E-07
    1722   3.998400548E-07
    1723   3.993762032E-07
    1724   3.989131583E-07
    1725   3.984509183E-07
    1726   4.352959403E-07
    1727   4.347921255E-07
    1728   4.342891850E-07
    1729   4.337871165E-07
    1730   4.332859182E-07
    1731   4.453072180E-07
    1732   4.447933031E-07
    1733   4.442802774E-07
    1734   4.437681388E-07
    1735   4.432568852E-07
    1736   4.724610094E-07
    1737   4.719173258E-07
    1738   4.713745802E-07
    1739   4.708327703E-07
    1740   4.702918941E-07
    1741   4.975167442E-07
    1742   4.969458701E-07
    1743   4.963759780E-07
    1744   4.958070658E-07
    1745   4.952391310E-07
    1746   5.062356929E-07
    1747   5.056564758E-07
    1748   5.050782523E-07
    1749   5.045010200E-07
    1750   5.039247767E-07
    1751   5.407659616E-07
    1752   5.401490010E-07
    1753   5.395330956E-07
    1754   5.389182431E-07
    1755   5.383044410E-07
    1756   5.534335183E-07
    1757   5.528039011E-07
    1758   5.521753577E-07
    1759   5.515478857E-07
    1760   5.509214827E-07
    1761   5.931932970E-07
    1762   5.925203607E-07
    1763   5.918485689E-07
    1764   5.911779190E-07
    1765   5.905084083E-07
    1766   6.013649988E-07
    1767   6.006847216E-07
    1768   6.000055981E-07
    1769   5.993276257E-07
    1770   5.986508017E-07
    1771   6.365162828E-07
    1772   6.357982723E-07
    1773   6.350814761E-07
    1774   6.343658913E-07
    1775   6.336515153E-07
    1776   6.811096910E-07
    1777   6.803435384E-07
    1778   6.795786778E-07
    1779   6.788151062E-07
    1780   6.780528209E-07
    1781   7.046239714E-07
    1782   7.038335912E-07
    1783   7.030445401E-07
    1784   7.022568151E-07
    1785   7.014704133E-07
    1786   7.390232104E-07
    1787   7.381965625E-07
    1788   7.373713008E-07
    1789   7.365474223E-07
    1790   7.357249238E-07
    1791   7.523199880E-07
    1792   7.514808135E-07
    1793   7.506430422E-07
    1794   7.498066711E-07
    1795   7.489716971E-07
    1796   7.831887665E-07
    1797   7.823175888E-07
    1798   7.814478638E-07
    1799   7.805795884E-07
    1800   7.797127593E-07
    1801   8.039637186E-07
    1802   8.030719119E-07
    1803   8.021815883E-07
    1804   8.012927444E-07
    1805   8.004053770E-07
    1806   8.152772588E-07
    1807   8.143754034E-07
    1808   8.134750436E-07
    1809   8.125761762E-07
    1810   8.116787977E-07
    1811   8.541100421E-07
    1812   8.531678357E-07
    1813   8.522271876E-07
    1814   8.512880943E-07
    1815   8.503505523E-07
    1816   8.734906266E-07
    1817   8.725296908E-07
    1818   8.715703399E-07
    1819   8.706125703E-07
    1820   8.696563785E-07
    1821   9.354435851E-07
    1822   9.344173168E-07
    1823   9.333927364E-07
    1824   9.323698402E-07
    1825   9.313486246E-07
    1826   9.529175393E-07
    1827   9.518749599E-07
    1828   9.508340906E-07
    1829   9.497949277E-07
    1830   9.487574673E-07
    1831   9.831103495E-07
    1832   9.820376705E-07
    1833   9.809667461E-07
    1834   9.798975725E-07
    1835   9.788301460E-07
    1836   1.033168414E-06
    1837   1.032044183E-06
    1838   1.030921786E-06
    1839   1.029801219E-06
    1840   1.028682477E-06
    1841   1.070478503E-06
    1842   1.069316834E-06
    1843   1.068157054E-06
    1844   1.066999160E-06
    1845   1.065843148E-06
    1846   1.105373257E-06
    1847   1.104176965E-06
    1848   1.102982615E-06
    1849   1.101790201E-06
    1850   1.100599720E-06
    1851   1.117800774E-06
    1852   1.116594297E-06
    1853   1.115389772E-06
    1854   1.114187196E-06
    1855   1.112986563E-06
    1856   1.146161451E-06
    1857   1.144927692E-06
    1858   1.143695925E-06
    1859   1.142466145E-06
    1860   1.141238347E-06
    1861   1.202095308E-06
    1862   1.200804814E-06
    1863   1.199516397E-06
    1864   1.198230052E-06
    1865   1.196945776E-06
    1866   1.245015600E-06
    1867   1.243682607E-06
    1868   1.242351753E-06
    1869   1.241023035E-06
    1870   1.239696447E-06
    1871   1.319333873E-06
    1872   1.317925080E-06
    1873   1.316518544E-06
    1874   1.315114257E-06
    1875   1.313712216E-06
    1876   1.335485413E-06
    1877   1.334063171E-06
    1878   1.332643200E-06
    1879   1.331225494E-06
    1880   1.329810050E-06
    1881   1.419808874E-06
    1882   1.418300845E-06
    1883   1.416795218E-06
    1884   1.415291987E-06
    1885   1.413791147E-06
    1886   1.446852250E-06
    1887   1.445319567E-06
    1888   1.443789319E-06
    1889   1.442261499E-06
    1890   1.440736104E-06
    1891   1.489754724E-06
    1892   1.488180762E-06
    1893   1.486609293E-06
    1894   1.485040313E-06
    1895   1.483473814E-06
    1896   1.555316671E-06
    1897   1.553677770E-06
    1898   1.552041459E-06
    1899   1.550407731E-06
    1900   1.548776581E-06
    1901   1.517864077E-06
    1902   1.516268844E-06
    1903   1.514676124E-06
    1904   1.513085913E-06
    1905   1.511498205E-06
    1906   1.582347804E-06
    1907   1.580689158E-06
    1908   1.579033120E-06
    1909   1.577379682E-06
    1910   1.575728840E-06
    1911   1.593365836E-06
    1912   1.591700006E-06
    1913   1.590036788E-06
    1914   1.588376175E-06
    1915   1.586718162E-06
    1916   1.635024982E-06
    1917   1.633320055E-06
    1918   1.631617794E-06
    1919   1.629918192E-06
    1920   1.628221244E-06
    1921   1.671571534E-06
    1922   1.669833031E-06
    1923   1.668097237E-06
    1924   1.666364149E-06
    1925   1.664633761E-06
    1926   1.729753166E-06
    1927   1.727958816E-06
    1928   1.726167257E-06
    1929   1.724378482E-06
    1930   1.722592487E-06
    1931   1.824765121E-06
    1932   1.822877107E-06
    1933   1.820992022E-06
    1934   1.819109860E-06
    1935   1.817230614E-06
    1936   1.836528117E-06
    1937   1.834632835E-06
    1938   1.832740486E-06
    1939   1.830851063E-06
    1940   1.828964560E-06
    1941   1.871330383E-06
    1942   1.869404156E-06
    1943   1.867480900E-06
    1944   1.865560611E-06
    1945   1.863643283E-06
    1946   1.928220924E-06
    1947   1.926241231E-06
    1948   1.924264585E-06
    1949   1.922290980E-06
    1950   1.920320410E-06
    1951   1.913424134E-06
    1952   1.911464662E-06
    1953   1.909508199E-06
    1954   1.907554738E-06
    1955   1.905604273E-06
    1956   2.025852283E-06
    1957   2.023782975E-06
    1958   2.021716837E-06
    1959   2.019653860E-06
    1960   2.017594040E-06
    1961   1.996064474E-06
    1962   1.994030787E-06
    1963   1.992000205E-06
    1964   1.989972724E-06
    1965   1.987948337E-06
    1966   2.115512366E-06
    1967   2.113362455E-06
    1968   2.111215819E-06
    1969   2.109072453E-06
    1970   2.106932349E-06
    1971   2.210965848E-06
    1972   2.208724626E-06
    1973   2.206486810E-06
    1974   2.204252393E-06
    1975   2.202021368E-06
    1976   2.248359378E-06
    1977   2.246086011E-06
    1978   2.243816091E-06
    1979   2.241549610E-06
    1980   2.239286562E-06
    1981   2.346468680E-06
    1982   2.344102095E-06
    1983   2.341739089E-06
    1984   2.339379654E-06
    1985   2.337023783E-06
    1986   2.337800659E-06
    1987   2.335448747E-06
    1988   2.333100382E-06
    1989   2.330755558E-06
    1990   2.328414266E-06
    1991   2.464682266E-06
    1992   2.462208927E-06
    1993   2.459739309E-06
    1994   2.457273405E-06
    1995   2.454811208E-06
    1996   2.453758815E-06
    1997   2.451302600E-06
    1998   2.448850071E-06
    1999   2.446401221E-06
    2000   2.443956042E-06
    2001   2.422888066E-06
    2002   2.420468806E-06
    2003   2.418053169E-06
    2004   2.415641146E-06
    2005   2.413232730E-06
    2006   2.475066131E-06
    2007   2.472600926E-06
    2008   2.470139402E-06
    2009   2.467681552E-06
    2010   2.465227368E-06
    2011   2.466896714E-06
    2012   2.464445749E-06
    2013   2.461998434E-06
    2014   2.459554764E-06
    2015   2.457114729E-06
    2016   2.559101560E-06
    2017   2.556565285E-06
    2018   2.554032779E-06
    2019   2.551504033E-06
    2020   2.548979042E-06
    2021   2.584400297E-06
    2022   2.581845279E-06
    2023   2.579294049E-06
    2024   2.576746598E-06
    2025   2.574202919E-06
    2026   2.633248165E-06
    2027   2.630651273E-06
    2028   2.628058221E-06
    2029   2.625469001E-06
    2030   2.622883606E-06
    2031   2.765163577E-06
    2032   2.762443298E-06
    2033   2.759727032E-06
    2034   2.757014769E-06
    2035   2.754306503E-06
    2036   2.751179304E-06
    2037   2.748479423E-06
    2038   2.745783514E-06
    2039   2.743091569E-06
    2040   2.740403581E-06
    2041   2.886563281E-06
    2042   2.883737472E-06
    2043   2.880915812E-06
    2044   2.878098290E-06
    2045   2.875284900E-06
    2046   2.851871630E-06
    2047   2.849086599E-06
    2048   2.846305645E-06
    2049   2.843528762E-06
    2050   2.840755940E-06
    2051   2.888850961E-06
    2052   2.886036689E-06
    2053   2.883226526E-06
    2054   2.880420467E-06
    2055   2.877618501E-06
    2056   2.950559031E-06
    2057   2.947691627E-06
    2058   2.944828401E-06
    2059   2.941969344E-06
    2060   2.939114449E-06
    2061   2.993438864E-06
    2062   2.990536839E-06
    2063   2.987639032E-06
    2064   2.984745435E-06
    2065   2.981856039E-06
    2066   3.087352035E-06
    2067   3.084366201E-06
    2068   3.081384697E-06
    2069   3.078407514E-06
    2070   3.075434643E-06
    2071   3.108023664E-06
    2072   3.105025088E-06
    2073   3.102030850E-06
    2074   3.099040941E-06
    2075   3.096055352E-06
    2076   3.264703722E-06
    2077   3.261561563E-06
    2078   3.258423937E-06
    2079   3.255290837E-06
    2080   3.252162254E-06
    2081   3.329871204E-06
    2082   3.326674016E-06
    2083   3.323481431E-06
    2084   3.320293439E-06
    2085   3.317110032E-06
    2086   3.402722485E-06
    2087   3.399463172E-06
    2088   3.396208540E-06
    2089   3.392958580E-06
    2090   3.389713282E-06
    2091   3.363839314E-06
    2092   3.360624943E-06
    2093   3.357415177E-06
    2094   3.354210007E-06
    2095   3.351009425E-06
    2096   3.424002479E-06
    2097   3.420738415E-06
    2098   3.417479017E-06
    2099   3.414224275E-06
    2100   3.410974181E-06
    2101   3.455408400E-06
    2102   3.452122230E-06
    2103   3.448840745E-06
    2104   3.445563936E-06
    2105   3.442291796E-06
    2106   3.360909819E-06
    2107   3.357721100E-06
    2108   3.354536917E-06
    2109   3.351357261E-06
    2110   3.348182124E-06
    2111   3.452091368E-06
    2112   3.448823889E-06
    2113   3.445561048E-06
    2114   3.442302834E-06
    2115   3.439049239E-06
    2116   3.493169192E-06
    2117   3.489870637E-06
    2118   3.486576753E-06
    2119   3.483287529E-06
    2120   3.480002958E-06
    2121   3.572144408E-06
    2122   3.568779223E-06
    2123   3.565418790E-06
    2124   3.562063102E-06
    2125   3.558712149E-06
    2126   3.599254025E-06
    2127   3.595871267E-06
    2128   3.592493276E-06
    2129   3.589120043E-06
    2130   3.585751559E-06
    2131   3.672519944E-06
    2132   3.669076418E-06
    2133   3.665637734E-06
    2134   3.662203881E-06
    2135   3.658774851E-06
    2136   3.769060508E-06
    2137   3.765534727E-06
    2138   3.762013890E-06
    2139   3.758497989E-06
    2140   3.754987015E-06
    2141   3.749689151E-06
    2142   3.746189674E-06
    2143   3.742695094E-06
    2144   3.739205402E-06
    2145   3.735720588E-06
    2146   3.757728502E-06
    2147   3.754229686E-06
    2148   3.750735754E-06
    2149   3.747246697E-06
    2150   3.743762507E-06
    2151   3.677384763E-06
    2152   3.673968706E-06
    2153   3.670557408E-06
    2154   3.667150858E-06
    2155   3.663749048E-06
    2156   3.649793747E-06
    2157   3.646411176E-06
    2158   3.643033306E-06
    2159   3.639660127E-06
    2160   3.636291631E-06
    2161   3.800158279E-06
    2162   3.796644494E-06
    2163   3.793135581E-06
    2164   3.789631529E-06
    2165   3.786132331E-06
    2166   3.755658560E-06
    2167   3.752193930E-06
    2168   3.748734093E-06
    2169   3.745279038E-06
    2170   3.741828758E-06
    2171   3.868036185E-06
    2172   3.864476096E-06
    2173   3.860920920E-06
    2174   3.857370648E-06
    2175   3.853825271E-06
    2176   3.925295086E-06
    2177   3.921690590E-06
    2178   3.918091058E-06
    2179   3.914496479E-06
    2180   3.910906845E-06
    2181   4.083166976E-06
    2182   4.079426099E-06
    2183   4.075690361E-06
    2184   4.071959752E-06
    2185   4.068234263E-06
    2186   4.147588554E-06
    2187   4.143797340E-06
    2188   4.140011321E-06
    2189   4.136230489E-06
    2190   4.132454833E-06
    2191   4.078443552E-06
    2192   4.074724041E-06
    2193   4.071009616E-06
    2194   4.067300268E-06
    2195   4.063595987E-06
    2196   4.153955373E-06
    2197   4.150175613E-06
    2198   4.146401011E-06
    2199   4.142631555E-06
    2200   4.138867238E-06
    2201   4.022949604E-06
    2202   4.019297357E-06
    2203   4.015650082E-06
    2204   4.012007769E-06
    2205   4.008370409E-06
    2206   4.074074151E-06
    2207   4.070383867E-06
    2208   4.066698594E-06
    2209   4.063018324E-06
    2210   4.059343047E-06
    2211   4.067601832E-06
    2212   4.063925735E-06
    2213   4.060254618E-06
    2214   4.056588474E-06
    2215   4.052927293E-06
    2216   4.090115947E-06
    2217   4.086427835E-06
    2218   4.082744709E-06
    2219   4.079066561E-06
    2220   4.075393381E-06
    2221   4.312681879E-06
    2222   4.308801824E-06
    2223   4.304927002E-06
    2224   4.301057405E-06
    2225   4.297193022E-06
    2226   4.298686903E-06
    2227   4.294828118E-06
    2228   4.290974526E-06
    2229   4.287126118E-06
    2230   4.283282885E-06
    2231   4.489569730E-06
    2232   4.485548620E-06
    2233   4.481532909E-06
    2234   4.477522589E-06
    2235   4.473517649E-06
    2236   4.548326198E-06
    2237   4.544261563E-06
    2238   4.540202374E-06
    2239   4.536148622E-06
    2240   4.532100297E-06
    2241   4.524612259E-06
    2242   4.520577830E-06
    2243   4.516548794E-06
    2244   4.512525143E-06
    2245   4.508506866E-06
    2246   4.702393734E-06
    2247   4.698210110E-06
    2248   4.694032066E-06
    2249   4.689859593E-06
    2250   4.685692681E-06
    2251   4.528157645E-06
    2252   4.524137976E-06
    2253   4.520123656E-06
    2254   4.516114677E-06
    2255   4.512111030E-06
    2256   4.532925721E-06
    2257   4.528910729E-06
    2258   4.524901070E-06
    2259   4.520896732E-06
    2260   4.516897708E-06
    2261   4.434957421E-06
    2262   4.431037883E-06
    2263   4.427123538E-06
    2264   4.423214379E-06
    2265   4.419310394E-06
    2266   4.483841330E-06
    2267   4.479887326E-06
    2268   4.475938549E-06
    2269   4.471994991E-06
    2270   4.468056642E-06
    2271   4.646984379E-06
    2272   4.642895523E-06
    2273   4.638812062E-06
    2274   4.634733985E-06
    2275   4.630661284E-06
    2276   4.652399706E-06
    2277   4.648315071E-06
    2278   4.644235812E-06
    2279   4.640161921E-06
    2280   4.636093388E-06
    2281   4.883195279E-06
    2282   4.878917403E-06
    2283   4.874645146E-06
    2284   4.870378498E-06
    2285   4.866117449E-06
    2286   4.870171114E-06
    2287   4.865913972E-06
    2288   4.861662409E-06
    2289   4.857416415E-06
    2290   4.853175982E-06
    2291   4.779563559E-06
    2292   4.775394729E-06
    2293   4.771231351E-06
    2294   4.767073415E-06
    2295   4.762920912E-06
    2296   4.622698899E-06
    2297   4.618675663E-06
    2298   4.614657676E-06
    2299   4.610644930E-06
    2300   4.606637416E-06
    2301   4.473699999E-06
    2302   4.469814893E-06
    2303   4.465934845E-06
    2304   4.462059847E-06
    2305   4.458189891E-06
    2306   4.758029823E-06
    2307   4.753906747E-06
    2308   4.749789028E-06
    2309   4.745676656E-06
    2310   4.741569623E-06
    2311   5.006050325E-06
    2312   5.001721704E-06
    2313   4.997398695E-06
    2314   4.993081288E-06
    2315   4.988769473E-06
    2316   5.460622258E-06
    2317   5.455910763E-06
    2318   5.451205364E-06
    2319   5.446506049E-06
    2320   5.441812808E-06
    2321   5.746224491E-06
    2322   5.741277247E-06
    2323   5.736336388E-06
    2324   5.731401905E-06
    2325   5.726473787E-06
    2326   5.911931667E-06
    2327   5.906852688E-06
    2328   5.901780252E-06
    2329   5.896714346E-06
    2330   5.891654960E-06
    2331   6.048536538E-06
    2332   6.043351338E-06
    2333   6.038172802E-06
    2334   6.033000919E-06
    2335   6.027835679E-06
    2336   5.936687587E-06
    2337   5.931609154E-06
    2338   5.926537235E-06
    2339   5.921471819E-06
    2340   5.916412894E-06
    2341   5.945448831E-06
    2342   5.940373758E-06
    2343   5.935305179E-06
    2344   5.930243085E-06
    2345   5.925187465E-06
    2346   5.731897775E-06
    2347   5.727015409E-06
    2348   5.722139278E-06
    2349   5.717269372E-06
    2350   5.712405681E-06
    2351   5.466634377E-06
    2352   5.461987854E-06
    2353   5.457347253E-06
    2354   5.452712563E-06
    2355   5.448083775E-06
    2356   4.959971522E-06
    2357   4.955764591E-06
    2358   4.951563011E-06
    2359   4.947366771E-06
    2360   4.943175863E-06
    2361   4.634729643E-06
    2362   4.630806892E-06
    2363   4.626889120E-06
    2364   4.622976317E-06
    2365   4.619068476E-06
    2366   4.711573592E-06
    2367   4.707594223E-06
    2368   4.703619892E-06
    2369   4.699650593E-06
    2370   4.695686316E-06
    2371   5.239633444E-06
    2372   5.235217402E-06
    2373   5.230806941E-06
    2374   5.226402051E-06
    2375   5.222002723E-06
    2376   6.435767899E-06
    2377   6.430355142E-06
    2378   6.424949211E-06
    2379   6.419550094E-06
    2380   6.414157780E-06
    2381   7.992622324E-06
    2382   7.985914290E-06
    2383   7.979214697E-06
    2384   7.972523532E-06
    2385   7.965840780E-06
    2386   9.208544437E-06
    2387   9.200832088E-06
    2388   9.193129424E-06
    2389   9.185436429E-06
    2390   9.177753086E-06
    2391   1.011099333E-05
    2392   1.010254286E-05
    2393   1.009410297E-05
    2394   1.008567366E-05
    2395   1.007725490E-05
    2396   1.001227586E-05
    2397   1.000392534E-05
    2398   9.995585260E-06
    2399   9.987255605E-06
    2400   9.978936359E-06
    2401   1.021522459E-05
    2402   1.020672253E-05
    2403   1.019823108E-05
    2404   1.018975022E-05
    2405   1.018127994E-05
    2406   1.068756756E-05
    2407   1.067869084E-05
    2408   1.066982518E-05
    2409   1.066097055E-05
    2410   1.065212694E-05
    2411   1.214448469E-05
    2412   1.213441881E-05
    2413   1.212436544E-05
    2414   1.211432456E-05
    2415   1.210429615E-05
    2416   1.389845326E-05
    2417   1.388695744E-05
    2418   1.387547587E-05
    2419   1.386400853E-05
    2420   1.385255541E-05
    2421   1.467755590E-05
    2422   1.466544071E-05
    2423   1.465334051E-05
    2424   1.464125528E-05
    2425   1.462918500E-05
    2426   1.453522734E-05
    2427   1.452325433E-05
    2428   1.451129612E-05
    2429   1.449935266E-05
    2430   1.448742395E-05
    2431   1.185679214E-05
    2432   1.184704550E-05
    2433   1.183731086E-05
    2434   1.182758823E-05
    2435   1.181787756E-05
    2436   7.869863517E-06
    2437   7.863407518E-06
    2438   7.856959459E-06
    2439   7.850519328E-06
    2440   7.844087112E-06
    2441   2.104972289E-06
    2442   2.103249020E-06
    2443   2.101527867E-06
    2444   2.099808826E-06
    2445   2.098091893E-06
    2446  -4.987346879E-06
    2447  -4.983272249E-06
    2448  -4.979202611E-06
    2449  -4.975137956E-06
    2450  -4.971078275E-06
    2451  -1.303010229E-05
    2452  -1.301947848E-05
    2453  -1.300886766E-05
    2454  -1.299826980E-05
    2455  -1.298768489E-05
    2456  -2.021236386E-05
    2457  -2.019591768E-05
    2458  -2.017949155E-05
    2459  -2.016308546E-05
    2460  -2.014669937E-05
    2461  -2.610943010E-05
    2462  -2.608822878E-05
    2463  -2.606705327E-05
    2464  -2.604590353E-05
    2465  -2.602477952E-05
    2466  -2.921719180E-05
    2467  -2.919351498E-05
    2468  -2.916986694E-05
    2469  -2.914624761E-05
    2470  -2.912265696E-05
    2471  -2.716134614E-05
    2472  -2.713937983E-05
    2473  -2.711744015E-05
    2474  -2.709552707E-05
    2475  -2.707364053E-05
    2476  -1.686397531E-05
    2477  -1.685036435E-05
    2478  -1.683676986E-05
    2479  -1.682319182E-05
    2480  -1.680963020E-05
    2481   5.797337432E-06
    2482   5.792667809E-06
    2483   5.788003825E-06
    2484   5.783345472E-06
    2485   5.778692740E-06
    2486   4.180809454E-05
    2487   4.177448675E-05
    2488   4.174091946E-05
    2489   4.170739262E-05
    2490   4.167390616E-05
    2491   9.004988177E-05
    2492   8.997763958E-05
    2493   8.990548430E-05
    2494   8.983341578E-05
    2495   8.976143387E-05
    2496   1.505685078E-04
    2497   1.504479565E-04
    2498   1.503275500E-04
    2499   1.502072880E-04
    2500   1.500871702E-04
    2501   2.147076562E-04
    2502   2.145360959E-04
    2503   2.143647412E-04
    2504   2.141935917E-04
    2505   2.140226471E-04
    2506   2.671051537E-04
    2507   2.668921512E-04
    2508   2.666794034E-04
    2509   2.664669098E-04
    2510   2.662546701E-04
    2511   3.199449481E-04
    2512   3.196903163E-04
    2513   3.194359883E-04
    2514   3.191819636E-04
    2515   3.189282419E-04
    2516   3.437519798E-04
    2517   3.434789440E-04
    2518   3.432062335E-04
    2519   3.429338476E-04
    2520   3.426617858E-04
    2521   3.477689453E-04
    2522   3.474932663E-04
    2523   3.472179151E-04
    2524   3.469428910E-04
    2525   3.466681936E-04
    2526   2.880012804E-04
    2527   2.877734313E-04
    2528   2.875458525E-04
    2529   2.873185435E-04
    2530   2.870915039E-04
    2531   1.501640117E-04
    2532   1.500454456E-04
    2533   1.499270198E-04
    2534   1.498087342E-04
    2535   1.496905885E-04
    2536  -1.111244591E-04
    2537  -1.110368906E-04
    2538  -1.109494255E-04
    2539  -1.108620638E-04
    2540  -1.107748052E-04
    2541  -5.243980068E-04
    2542  -5.239855821E-04
    2543  -5.235736437E-04
    2544  -5.231621910E-04
    2545  -5.227512230E-04
    2546  -1.088793599E-03
    2547  -1.087938973E-03
    2548  -1.087085353E-03
    2549  -1.086232737E-03
    2550  -1.085381123E-03
    2551  -1.675043463E-03
    2552  -1.673731247E-03
    2553  -1.672420573E-03
    2554  -1.671111437E-03
    2555  -1.669803839E-03
    2556  -2.179477216E-03
    2557  -2.177773168E-03
    2558  -2.176071118E-03
    2559  -2.174371062E-03
    2560  -2.172672998E-03
    2561  -2.449240553E-03
    2562  -2.447329324E-03
    2563  -2.445420331E-03
    2564  -2.443513570E-03
    2565  -2.441609039E-03
    2566  -2.508374416E-03
    2567  -2.506420854E-03
    2568  -2.504469572E-03
    2569  -2.502520569E-03
    2570  -2.500573839E-03
    2571  -2.362030161E-03
    2572  -2.360194148E-03
    2573  -2.358360275E-03
    2574  -2.356528539E-03
    2575  -2.354698936E-03
    2576  -1.805579186E-03
    2577  -1.804178426E-03
    2578  -1.802779296E-03
    2579  -1.801381793E-03
    2580  -1.799985914E-03
    2581  -7.435278884E-04
    2582  -7.429521796E-04
    2583  -7.423771392E-04
    2584  -7.418027662E-04
    2585  -7.412290595E-04
    2586   1.252220358E-03
    2587   1.251252645E-03
    2588   1.250286054E-03
    2589   1.249320582E-03
    2590   1.248356228E-03
    2591   4.460287248E-03
    2592   4.456846996E-03
    2593   4.453410722E-03
    2594   4.449978421E-03
    2595   4.446550086E-03
    2596   9.002458871E-03
    2597   8.995528571E-03
    2598   8.988606272E-03
    2599   8.981691959E-03
    2600   8.974785622E-03
    2601   1.375683643E-02
    2602   1.374626645E-02
    2603   1.373570864E-02
    2604   1.372516299E-02
    2605   1.371462948E-02
    2606   1.849890822E-02
    2607   1.848472194E-02
    2608   1.847055197E-02
    2609   1.845639829E-02
    2610   1.844226088E-02
    2611   2.117077263E-02
    2612   2.115456844E-02
    2613   2.113838285E-02
    2614   2.112221583E-02
    2615   2.110606735E-02
    2616   2.323668465E-02
    2617   2.321893317E-02
    2618   2.320120202E-02
    2619   2.318349118E-02
    2620   2.316580061E-02
    2621   2.364727644E-02
    2622   2.362924573E-02
    2623   2.361123563E-02
    2624   2.359324612E-02
    2625   2.357527716E-02
    2626   2.386052469E-02
    2627   2.384236600E-02
    2628   2.382422802E-02
    2629   2.380611074E-02
    2630   2.378801411E-02
    2631   2.316979898E-02
    2632   2.315219944E-02
    2633   2.313461994E-02
    2634   2.311706046E-02
    2635   2.309952096E-02
    2636   2.106523600E-02
    2637   2.104926539E-02
    2638   2.103331294E-02
    2639   2.101737861E-02
    2640   2.100146238E-02
    2641   1.817975050E-02
    2642   1.816599360E-02
    2643   1.815225230E-02
    2644   1.813852659E-02
    2645   1.812481644E-02
    2646   1.363713873E-02
    2647   1.362683877E-02
    2648   1.361655048E-02
    2649   1.360627384E-02
    2650   1.359600883E-02
    2651   8.566615596E-03
    2652   8.560157537E-03
    2653   8.553706777E-03
    2654   8.547263307E-03
    2655   8.540827115E-03
    2656   4.206698173E-03
    2657   4.203532862E-03
    2658   4.200371122E-03
    2659   4.197212948E-03
    2660   4.194058335E-03
    2661   9.760278440E-04
    2662   9.752948152E-04
    2663   9.745626119E-04
    2664   9.738312328E-04
    2665   9.731006767E-04
    2666  -9.664232131E-04
    2667  -9.656987579E-04
    2668  -9.649751170E-04
    2669  -9.642522892E-04
    2670  -9.635302733E-04
    2671  -2.015651602E-03
    2672  -2.014143445E-03
    2673  -2.012636980E-03
    2674  -2.011132205E-03
    2675  -2.009629116E-03
    2676  -2.478861507E-03
    2677  -2.477010228E-03
    2678  -2.475161023E-03
    2679  -2.473313888E-03
    2680  -2.471468820E-03
    2681  -2.668730568E-03
    2682  -2.666741205E-03
    2683  -2.664754066E-03
    2684  -2.662769146E-03
    2685  -2.660786444E-03
    2686  -2.537592978E-03
    2687  -2.535704888E-03
    2688  -2.533818904E-03
    2689  -2.531935024E-03
    2690  -2.530053244E-03
    2691  -2.299033817E-03
    2692  -2.297326402E-03
    2693  -2.295620889E-03
    2694  -2.293917274E-03
    2695  -2.292215555E-03
    2696  -1.743051968E-03
    2697  -1.741759861E-03
    2698  -1.740469190E-03
    2699  -1.739179954E-03
    2700  -1.737892149E-03
    2701  -1.139774498E-03
    2702  -1.138931157E-03
    2703  -1.138088752E-03
    2704  -1.137247282E-03
    2705  -1.136406744E-03
    2706  -5.702646921E-04
    2707  -5.698435217E-04
    2708  -5.694228177E-04
    2709  -5.690025795E-04
    2710  -5.685828063E-04
    2711  -1.479197603E-04
    2712  -1.478107151E-04
    2713  -1.477017905E-04
    2714  -1.475929863E-04
    2715  -1.474843022E-04
    2716   1.138721322E-04
    2717   1.137883410E-04
    2718   1.137046424E-04
    2719   1.136210360E-04
    2720   1.135375218E-04
    2721   2.454792768E-04
    2722   2.452989762E-04
    2723   2.451188741E-04
    2724   2.449389704E-04
    2725   2.447592646E-04
    2726   3.028888310E-04
    2727   3.026667717E-04
    2728   3.024449566E-04
    2729   3.022233852E-04
    2730   3.020020572E-04
    2731   3.094522139E-04
    2732   3.092257578E-04
    2733   3.089995502E-04
    2734   3.087735908E-04
    2735   3.085478791E-04
    2736   2.754977765E-04
    2737   2.752965363E-04
    2738   2.750955166E-04
    2739   2.748947170E-04
    2740   2.746941371E-04
    2741   2.400596299E-04
    2742   2.398845955E-04
    2743   2.397097525E-04
    2744   2.395351006E-04
    2745   2.393606395E-04
    2746   1.767902039E-04
    2747   1.766615356E-04
    2748   1.765330078E-04
    2749   1.764046201E-04
    2750   1.762763725E-04
    2751   1.161888857E-04
    2752   1.161044768E-04
    2753   1.160201598E-04
    2754   1.159359346E-04
    2755   1.158518011E-04
    2756   5.588923058E-05
    2757   5.584870177E-05
    2758   5.580821703E-05
    2759   5.576777629E-05
    2760   5.572737949E-05
    2761   8.288288256E-06
    2762   8.282288771E-06
    2763   8.276295798E-06
    2764   8.270309327E-06
    2765   8.264329349E-06
    2766  -2.566915352E-05
    2767  -2.565060645E-05
    2768  -2.563207947E-05
    2769  -2.561357255E-05
    2770  -2.559508567E-05
    2771  -4.562859226E-05
    2772  -4.559568307E-05
    2773  -4.556280947E-05
    2774  -4.552997141E-05
    2775  -4.549716884E-05
    2776  -5.665457120E-05
    2777  -5.661378317E-05
    2778  -5.657303917E-05
    2779  -5.653233914E-05
    2780  -5.649168302E-05
    2781  -5.663776886E-05
    2782  -5.659706619E-05
    2783  -5.655640737E-05
    2784  -5.651579236E-05
    2785  -5.647522108E-05
    2786  -5.324535800E-05
    2787  -5.320716191E-05
    2788  -5.316900689E-05
    2789  -5.313089291E-05
    2790  -5.309281990E-05
    2791  -4.667370539E-05
    2792  -4.664028347E-05
    2793  -4.660689744E-05
    2794  -4.657354725E-05
    2795  -4.654023284E-05
    2796  -3.721009186E-05
    2797  -3.718349422E-05
    2798  -3.715692509E-05
    2799  -3.713038443E-05
    2800  -3.710387220E-05
    2801  -2.711320959E-05
    2802  -2.709386374E-05
    2803  -2.707453859E-05
    2804  -2.705523410E-05
    2805  -2.703595026E-05
    2806  -1.742726659E-05
    2807  -1.741485400E-05
    2808  -1.740245468E-05
    2809  -1.739006859E-05
    2810  -1.737769572E-05
    2811  -1.056721536E-05
    2812  -1.055970223E-05
    2813  -1.055219711E-05
    2814  -1.054469999E-05
    2815  -1.053721085E-05
    2816  -5.812407160E-06
    2817  -5.808281959E-06
    2818  -5.804161149E-06
    2819  -5.800044723E-06
    2820  -5.795932674E-06
    2821  -3.040373980E-06
    2822  -3.038219978E-06
    2823  -3.036068264E-06
    2824  -3.033918835E-06
    2825  -3.031771688E-06
    2826  -2.197158531E-06
    2827  -2.195604670E-06
    2828  -2.194052458E-06
    2829  -2.192501891E-06
    2830  -2.190952967E-06
    2831  -2.715054435E-06
    2832  -2.713137701E-06
    2833  -2.711222995E-06
    2834  -2.709310316E-06
    2835  -2.707399660E-06
    2836  -3.775971664E-06
    2837  -3.773310655E-06
    2838  -3.770652458E-06
    2839  -3.767997069E-06
    2840  -3.765344484E-06
    2841  -4.524014336E-06
    2842  -4.520831772E-06
    2843  -4.517652565E-06
    2844  -4.514476711E-06
    2845  -4.511304205E-06
    2846  -4.611108324E-06
    2847  -4.607870186E-06
    2848  -4.604635458E-06
    2849  -4.601404135E-06
    2850  -4.598176212E-06
    2851  -4.285743025E-06
    2852  -4.282738648E-06
    2853  -4.279737430E-06
    2854  -4.276739365E-06
    2855  -4.273744449E-06
    2856  -4.112304402E-06
    2857  -4.109426652E-06
    2858  -4.106551922E-06
    2859  -4.103680207E-06
    2860  -4.100811504E-06
    2861  -4.454177294E-06
    2862  -4.451065749E-06
    2863  -4.447957463E-06
    2864  -4.444852431E-06
    2865  -4.441750650E-06
    2866  -5.275862559E-06
    2867  -5.272183436E-06
    2868  -5.268508160E-06
    2869  -5.264836726E-06
    2870  -5.261169128E-06
    2871  -6.276211997E-06
    2872  -6.271842898E-06
    2873  -6.267478358E-06
    2874  -6.263118373E-06
    2875  -6.258762936E-06
    2876  -6.987397301E-06
    2877  -6.982541570E-06
    2878  -6.977690898E-06
    2879  -6.972845280E-06
    2880  -6.968004707E-06
    2881  -7.352264088E-06
    2882  -7.347163662E-06
    2883  -7.342068541E-06
    2884  -7.336978719E-06
    2885  -7.331894188E-06
    2886  -7.240446448E-06
    2887  -7.235432289E-06
    2888  -7.230423336E-06
    2889  -7.225419583E-06
    2890  -7.220421022E-06
    2891  -6.710887019E-06
    2892  -6.706247623E-06
    2893  -6.701613036E-06
    2894  -6.696983251E-06
    2895  -6.692358263E-06
    2896  -6.038227717E-06
    2897  -6.034060548E-06
    2898  -6.029897691E-06
    2899  -6.025739141E-06
    2900  -6.021584892E-06
    2901  -5.312815851E-06
    2902  -5.309155627E-06
    2903  -5.305499183E-06
    2904  -5.301846516E-06
    2905  -5.298197620E-06
    2906  -4.864351108E-06
    2907  -4.861005613E-06
    2908  -4.857663567E-06
    2909  -4.854324966E-06
    2910  -4.850989807E-06
    2911  -4.507327018E-06
    2912  -4.504232389E-06
    2913  -4.501140946E-06
    2914  -4.498052685E-06
    2915  -4.494967600E-06
    2916  -4.305152829E-06
    2917  -4.302202073E-06
    2918  -4.299254350E-06
    2919  -4.296309655E-06
    2920  -4.293367984E-06
    2921  -4.300006357E-06
    2922  -4.297064170E-06
    2923  -4.294125001E-06
    2924  -4.291188847E-06
    2925  -4.288255704E-06
    2926  -4.235808172E-06
    2927  -4.232914860E-06
    2928  -4.230024512E-06
    2929  -4.227137123E-06
    2930  -4.224252690E-06
    2931  -4.452526137E-06
    2932  -4.449489979E-06
    2933  -4.446456925E-06
    2934  -4.443426971E-06
    2935  -4.440400114E-06
    2936  -4.531534671E-06
    2937  -4.528449896E-06
    2938  -4.525368269E-06
    2939  -4.522289788E-06
    2940  -4.519214446E-06
    2941  -4.590276285E-06
    2942  -4.587156831E-06
    2943  -4.584040556E-06
    2944  -4.580927455E-06
    2945  -4.577817525E-06
    2946  -4.558848433E-06
    2947  -4.555755591E-06
    2948  -4.552665896E-06
    2949  -4.549579343E-06
    2950  -4.546495928E-06
    2951  -4.147522412E-06
    2952  -4.144713389E-06
    2953  -4.141907219E-06
    2954  -4.139103898E-06
    2955  -4.136303422E-06
    2956  -3.917433357E-06
    2957  -3.914784653E-06
    2958  -3.912138634E-06
    2959  -3.909495297E-06
    2960  -3.906854638E-06
    2961  -3.680728326E-06
    2962  -3.678243865E-06
    2963  -3.675761919E-06
    2964  -3.673282484E-06
    2965  -3.670805558E-06
    2966  -3.638844464E-06
    2967  -3.636392412E-06
    2968  -3.633942839E-06
    2969  -3.631495739E-06
    2970  -3.629051110E-06
    2971  -3.658323297E-06
    2972  -3.655862265E-06
    2973  -3.653403716E-06
    2974  -3.650947646E-06
    2975  -3.648494053E-06
    2976  -3.641414616E-06
    2977  -3.638969072E-06
    2978  -3.636525991E-06
    2979  -3.634085370E-06
    2980  -3.631647205E-06
    2981  -3.780687752E-06
    2982  -3.778152930E-06
    2983  -3.775620656E-06
    2984  -3.773090927E-06
    2985  -3.770563739E-06
    2986  -3.728753299E-06
    2987  -3.726257480E-06
    2988  -3.723764166E-06
    2989  -3.721273354E-06
    2990  -3.718785040E-06
    2991  -3.671979740E-06
    2992  -3.669526028E-06
    2993  -3.667074775E-06
    2994  -3.664625977E-06
    2995  -3.662179631E-06
    2996  -3.515204268E-06
    2997  -3.512859235E-06
    2998  -3.510516548E-06
    2999  -3.508176204E-06
    3000  -3.505838199E-06
    3001  -3.339092109E-06
    3002  -3.336868271E-06
    3003  -3.334646654E-06
    3004  -3.332427256E-06
    3005  -3.330210072E-06
    3006  -3.375390921E-06
    3007  -3.373146646E-06
    3008  -3.370904607E-06
    3009  -3.368664803E-06
    3010  -3.366427231E-06
    3011  -3.313332830E-06
    3012  -3.311133472E-06
    3013  -3.308936303E-06
    3014  -3.306741320E-06
    3015  -3.304548521E-06
    3016  -3.352802552E-06
    3017  -3.350580682E-06
    3018  -3.348361019E-06
    3019  -3.346143561E-06
    3020  -3.343928306E-06
    3021  -3.385639549E-06
    3022  -3.383399629E-06
    3023  -3.381161930E-06
    3024  -3.378926452E-06
    3025  -3.376693189E-06
    3026  -3.392174021E-06
    3027  -3.389933484E-06
    3028  -3.387695165E-06
    3029  -3.385459063E-06
    3030  -3.383225174E-06
    3031  -3.521183068E-06
    3032  -3.518861154E-06
    3033  -3.516541535E-06
    3034  -3.514224210E-06
    3035  -3.511909174E-06
    3036  -3.465325821E-06
    3037  -3.463044501E-06
    3038  -3.460765432E-06
    3039  -3.458488613E-06
    3040  -3.456214040E-06
    3041  -3.412421188E-06
    3042  -3.410178387E-06
    3043  -3.407937797E-06
    3044  -3.405699414E-06
    3045  -3.403463236E-06
    3046  -3.260630512E-06
    3047  -3.258490991E-06
    3048  -3.256353575E-06
    3049  -3.254218261E-06
    3050  -3.252085046E-06
    3051  -3.137003456E-06
    3052  -3.134948426E-06
    3053  -3.132895414E-06
    3054  -3.130844419E-06
    3055  -3.128795437E-06
    3056  -3.026483692E-06
    3057  -3.024504304E-06
    3058  -3.022526858E-06
    3059  -3.020551350E-06
    3060  -3.018577778E-06
    3061  -2.917319820E-06
    3062  -2.915414943E-06
    3063  -2.913511930E-06
    3064  -2.911610781E-06
    3065  -2.909711491E-06
    3066  -2.921817514E-06
    3067  -2.919912809E-06
    3068  -2.918009965E-06
    3069  -2.916108982E-06
    3070  -2.914209855E-06
    3071  -2.940328969E-06
    3072  -2.938415315E-06
    3073  -2.936503529E-06
    3074  -2.934593608E-06
    3075  -2.932685550E-06
    3076  -3.001116582E-06
    3077  -2.999166539E-06
    3078  -2.997218396E-06
    3079  -2.995272150E-06
    3080  -2.993327800E-06
    3081  -2.989002163E-06
    3082  -2.987063141E-06
    3083  -2.985126005E-06
    3084  -2.983190753E-06
    3085  -2.981257383E-06
    3086  -2.986839899E-06
    3087  -2.984905418E-06
    3088  -2.982972815E-06
    3089  -2.981042088E-06
    3090  -2.979113235E-06
    3091  -2.991857605E-06
    3092  -2.989923006E-06
    3093  -2.987990283E-06
    3094  -2.986059433E-06
    3095  -2.984130454E-06
    3096  -2.850191734E-06
    3097  -2.848351714E-06
    3098  -2.846513475E-06
    3099  -2.844677014E-06
    3100  -2.842842331E-06
    3101  -2.769493318E-06
    3102  -2.767708276E-06
    3103  -2.765924958E-06
    3104  -2.764143364E-06
    3105  -2.762363491E-06
    3106  -2.617477120E-06
    3107  -2.615792772E-06
    3108  -2.614110049E-06
    3109  -2.612428949E-06
    3110  -2.610749471E-06
    3111  -2.632664388E-06
    3112  -2.630972987E-06
    3113  -2.629283217E-06
    3114  -2.627595073E-06
    3115  -2.625908555E-06
    3116  -2.595148666E-06
    3117  -2.593484042E-06
    3118  -2.591821019E-06
    3119  -2.590159595E-06
    3120  -2.588499769E-06
    3121  -2.605870822E-06
    3122  -2.604201997E-06
    3123  -2.602534774E-06
    3124  -2.600869152E-06
    3125  -2.599205128E-06
    3126  -2.645495621E-06
    3127  -2.643804127E-06
    3128  -2.642114256E-06
    3129  -2.640426004E-06
    3130  -2.638739370E-06
    3131  -2.638956265E-06
    3132  -2.637271645E-06
    3133  -2.635588638E-06
    3134  -2.633907242E-06
    3135  -2.632227454E-06
    3136  -2.712568698E-06
    3137  -2.710839846E-06
    3138  -2.709112646E-06
    3139  -2.707387097E-06
    3140  -2.705663195E-06
    3141  -2.663749375E-06
    3142  -2.662054339E-06
    3143  -2.660360920E-06
    3144  -2.658669117E-06
    3145  -2.656978927E-06
    3146  -2.639777285E-06
    3147  -2.638100171E-06
    3148  -2.636424655E-06
    3149  -2.634750735E-06
    3150  -2.633078408E-06
    3151  -2.655366444E-06
    3152  -2.653682101E-06
    3153  -2.651999360E-06
    3154  -2.650318219E-06
    3155  -2.648638677E-06
    3156  -2.576802523E-06
    3157  -2.575170602E-06
    3158  -2.573540232E-06
    3159  -2.571911409E-06
    3160  -2.570284132E-06
    3161  -2.581544341E-06
    3162  -2.579912002E-06
    3163  -2.578281211E-06
    3164  -2.576651965E-06
    3165  -2.575024263E-06
    3166  -2.551204562E-06
    3167  -2.549593953E-06
    3168  -2.547984869E-06
    3169  -2.546377307E-06
    3170  -2.544771267E-06
    3171  -2.548727323E-06
    3172  -2.547120814E-06
    3173  -2.545515822E-06
    3174  -2.543912348E-06
    3175  -2.542310388E-06
    3176  -2.531521617E-06
    3177  -2.529928463E-06
    3178  -2.528336812E-06
    3179  -2.526746663E-06
    3180  -2.525158014E-06
    3181  -2.361817731E-06
    3182  -2.360333711E-06
    3183  -2.358851090E-06
    3184  -2.357369864E-06
    3185  -2.355890034E-06
    3186  -2.179508670E-06
    3187  -2.178141349E-06
    3188  -2.176775315E-06
    3189  -2.175410566E-06
    3190  -2.174047099E-06
    3191  -1.697365953E-06
    3192  -1.696302773E-06
    3193  -1.695240593E-06
    3194  -1.694179409E-06
    3195  -1.693119222E-06
    3196  -1.100404000E-06
    3197  -1.099715818E-06
    3198  -1.099028281E-06
    3199  -1.098341388E-06
    3200  -1.097655139E-06
    3201  -3.666491084E-07
    3202  -3.664201674E-07
    3203  -3.661914407E-07
    3204  -3.659629281E-07
    3205  -3.657346293E-07
    3206   2.640663845E-07
    3207   2.639017546E-07
    3208   2.637372786E-07
    3209   2.635729563E-07
    3210   2.634087875E-07
    3211   7.068848682E-07
    3212   7.064448527E-07
    3213   7.060052480E-07
    3214   7.055660534E-07
    3215   7.051272686E-07
    3216   9.355657362E-07
    3217   9.349842783E-07
    3218   9.344033623E-07
    3219   9.338229875E-07
    3220   9.332431533E-07
    3221   1.068870943E-06
    3222   1.068207666E-06
    3223   1.067545006E-06
    3224   1.066882963E-06
    3225   1.066221535E-06
    3226   1.112411740E-06
    3227   1.111722513E-06
    3228   1.111033927E-06
    3229   1.110345980E-06
    3230   1.109658672E-06
    3231   1.098259592E-06
    3232   1.097580186E-06
    3233   1.096901410E-06
    3234   1.096223264E-06
    3235   1.095545747E-06
    3236   1.130164954E-06
    3237   1.129466891E-06
    3238   1.128769473E-06
    3239   1.128072702E-06
    3240   1.127376576E-06
    3241   1.096723017E-06
    3242   1.096046654E-06
    3243   1.095370916E-06
    3244   1.094695803E-06
    3245   1.094021314E-06
    3246   1.113426920E-06
    3247   1.112741312E-06
    3248   1.112056337E-06
    3249   1.111371995E-06
    3250   1.110688284E-06
    3251   1.086594496E-06
    3252   1.085926439E-06
    3253   1.085258998E-06
    3254   1.084592172E-06
    3255   1.083925961E-06
    3256   1.065027661E-06
    3257   1.064373869E-06
    3258   1.063720678E-06
    3259   1.063068089E-06
    3260   1.062416100E-06
    3261   1.067024960E-06
    3262   1.066370945E-06
    3263   1.065717532E-06
    3264   1.065064719E-06
    3265   1.064412505E-06
    3266   1.006863944E-06
    3267   1.006247748E-06
    3268   1.005632118E-06
    3269   1.005017053E-06
    3270   1.004402551E-06
    3271   1.002012424E-06
    3272   1.001400134E-06
    3273   1.000788405E-06
    3274   1.000177237E-06
    3275   9.995666279E-07
    3276   9.545930825E-07
    3277   9.540106584E-07
    3278   9.534287672E-07
    3279   9.528474082E-07
    3280   9.522665808E-07
    3281   9.322073335E-07
    3282   9.316394338E-07
    3283   9.310720529E-07
    3284   9.305051902E-07
    3285   9.299388450E-07
    3286   9.015154510E-07
    3287   9.009670840E-07
    3288   9.004192171E-07
    3289   8.998718498E-07
    3290   8.993249815E-07
    3291   8.454115149E-07
    3292   8.448980551E-07
    3293   8.443850629E-07
    3294   8.438725379E-07
    3295   8.433604793E-07
    3296   8.417191288E-07
    3297   8.412086866E-07
    3298   8.406987086E-07
    3299   8.401891943E-07
    3300   8.396801430E-07
    3301   7.948134681E-07
    3302   7.943322005E-07
    3303   7.938513699E-07
    3304   7.933709757E-07
    3305   7.928910175E-07
    3306   7.650915997E-07
    3307   7.646290292E-07
    3308   7.641668780E-07
    3309   7.637051458E-07
    3310   7.632438319E-07
    3311   7.429915320E-07
    3312   7.425430011E-07
    3313   7.420948761E-07
    3314   7.416471568E-07
    3315   7.411998424E-07
    3316   7.120230079E-07
    3317   7.115938198E-07
    3318   7.111650197E-07
    3319   7.107366070E-07
    3320   7.103085814E-07
    3321   6.942778716E-07
    3322   6.938600095E-07
    3323   6.934425246E-07
    3324   6.930254163E-07
    3325   6.926086842E-07
    3326   6.697730901E-07
    3327   6.693705823E-07
    3328   6.689684371E-07
    3329   6.685666543E-07
    3330   6.681652333E-07
    3331   6.437230718E-07
    3332   6.433367993E-07
    3333   6.429508744E-07
    3334   6.425652967E-07
    3335   6.421800657E-07
    3336   6.178533365E-07
    3337   6.174831427E-07
    3338   6.171132816E-07
    3339   6.167437527E-07
    3340   6.163745556E-07
    3341   6.019448892E-07
    3342   6.015847667E-07
    3343   6.012249672E-07
    3344   6.008654904E-07
    3345   6.005063359E-07
    3346   5.897493752E-07
    3347   5.893970757E-07
    3348   5.890450917E-07
    3349   5.886934230E-07
    3350   5.883420692E-07
    3351   5.590869618E-07
    3352   5.587534772E-07
    3353   5.584202909E-07
    3354   5.580874025E-07
    3355   5.577548117E-07
    3356   5.439751960E-07
    3357   5.436512084E-07
    3358   5.433275102E-07
    3359   5.430041009E-07
    3360   5.426809804E-07
    3361   5.199640758E-07
    3362   5.196548494E-07
    3363   5.193458989E-07
    3364   5.190372238E-07
    3365   5.187288237E-07
    3366   5.049850961E-07
    3367   5.046852238E-07
    3368   5.043856184E-07
    3369   5.040862798E-07
    3370   5.037872075E-07
    3371   4.777077310E-07
    3372   4.774244771E-07
    3373   4.771414750E-07
    3374   4.768587245E-07
    3375   4.765762253E-07
    3376   4.549141629E-07
    3377   4.546448236E-07
    3378   4.543757233E-07
    3379   4.541068620E-07
    3380   4.538382391E-07
    3381   4.370914415E-07
    3382   4.368330368E-07
    3383   4.365748613E-07
    3384   4.363169145E-07
    3385   4.360591963E-07
    3386   4.195609201E-07
    3387   4.193132454E-07
    3388   4.190657900E-07
    3389   4.188185535E-07
    3390   4.185715358E-07
    3391   3.994518224E-07
    3392   3.992163660E-07
    3393   3.989811177E-07
    3394   3.987460773E-07
    3395   3.985112445E-07
    3396   3.780591039E-07
    3397   3.778365853E-07
    3398   3.776142631E-07
    3399   3.773921371E-07
    3400   3.771702070E-07
    3401   3.612319092E-07
    3402   3.610196072E-07
    3403   3.608074923E-07
    3404   3.605955642E-07
    3405   3.603838229E-07
    3406   3.406519961E-07
    3407   3.404520829E-07
    3408   3.402523457E-07
    3409   3.400527842E-07
    3410   3.398533982E-07
    3411   3.283943451E-07
    3412   3.282019077E-07
    3413   3.280096395E-07
    3414   3.278175401E-07
    3415   3.276256095E-07
    3416   3.140723637E-07
    3417   3.138885882E-07
    3418   3.137049739E-07
    3419   3.135215207E-07
    3420   3.133382284E-07
    3421   2.961895218E-07
    3422   2.960164634E-07
    3423   2.958435566E-07
    3424   2.956708012E-07
    3425   2.954981971E-07
    3426   2.860083889E-07
    3427   2.858415228E-07
    3428   2.856748028E-07
    3429   2.855082285E-07
    3430   2.853418000E-07
    3431   2.707691095E-07
    3432   2.706113646E-07
    3433   2.704537575E-07
    3434   2.702962881E-07
    3435   2.701389561E-07
    3436   2.588287843E-07
    3437   2.586782149E-07
    3438   2.585277768E-07
    3439   2.583774700E-07
    3440   2.582272942E-07
    3441   2.498308744E-07
    3442   2.496857504E-07
    3443   2.495407529E-07
    3444   2.493958816E-07
    3445   2.492511365E-07
    3446   2.326672845E-07
    3447   2.325323266E-07
    3448   2.323974862E-07
    3449   2.322627630E-07
    3450   2.321281570E-07
    3451   2.279743929E-07
    3452   2.278423487E-07
    3453   2.277104191E-07
    3454   2.275786041E-07
    3455   2.274469035E-07
    3456   2.131730593E-07
    3457   2.130497666E-07
    3458   2.129265808E-07
    3459   2.128035019E-07
    3460   2.126805296E-07
    3461   2.061846397E-07
    3462   2.060655611E-07
    3463   2.059465856E-07
    3464   2.058277131E-07
    3465   2.057089435E-07
    3466   1.951742919E-07
    3467   1.950617346E-07
    3468   1.949492747E-07
    3469   1.948369120E-07
    3470   1.947246464E-07
    3471   1.836911310E-07
    3472   1.835853486E-07
    3473   1.834796576E-07
    3474   1.833740578E-07
    3475   1.832685491E-07
    3476   1.767747670E-07
    3477   1.766731139E-07
    3478   1.765715485E-07
    3479   1.764700706E-07
    3480   1.763686801E-07
    3481   1.643140086E-07
    3482   1.642196566E-07
    3483   1.641253859E-07
    3484   1.640311963E-07
    3485   1.639370877E-07
    3486   1.563595932E-07
    3487   1.562699374E-07
    3488   1.561803588E-07
    3489   1.560908572E-07
    3490   1.560014324E-07
    3491   1.477461920E-07
    3492   1.476615964E-07
    3493   1.475770734E-07
    3494   1.474926230E-07
    3495   1.474082451E-07
    3496   1.394260874E-07
    3497   1.393463698E-07
    3498   1.392667206E-07
    3499   1.391871396E-07
    3500   1.391076268E-07
