      50   2.348722228E-14
      51   1.950499852E-14
      52   1.876896084E-14
      53   1.807381414E-14
      54   1.741658453E-14
      55   1.679456366E-14
      56   7.123101876E-15
      57   6.877477673E-15
      58   6.644342837E-15
      59   6.422864742E-15
      60   6.212279013E-15
      61   6.860633258E-15
      62   6.642835376E-15
      63   6.435246771E-15
      64   6.237239178E-15
      65   6.048231930E-15
      66   1.811776314E-14
      67   1.758488775E-14
      68   1.707518086E-14
      69   1.658731855E-14
      70   1.612007014E-14
      71   9.052893402E-15
      72   8.804868925E-15
      73   8.566899495E-15
      74   8.338448841E-15
      75   8.119015977E-15
      76   1.456658612E-14
      77   1.419308391E-14
      78   1.383376533E-14
      79   1.348792120E-14
      80   1.315488610E-14
      81   1.826523075E-14
      82   1.782510471E-14
      83   1.740069746E-14
      84   1.699126928E-14
      85   1.659612348E-14
      86   2.115876750E-14
      87   2.067788642E-14
      88   2.021321481E-14
      89   1.976403226E-14
      90   1.932965793E-14
      91   4.297421168E-14
      92   4.205003509E-14
      93   4.115535349E-14
      94   4.028892500E-14
      95   3.944957239E-14
      96   3.769228156E-14
      97   3.692305132E-14
      98   3.617713109E-14
      99   3.545358847E-14
     100   3.475153721E-14
     101   4.079218356E-14
     102   4.000010232E-14
     103   3.923086958E-14
     104   3.848361493E-14
     105   3.775750898E-14
     106   4.428977388E-14
     107   4.346959288E-14
     108   4.267198567E-14
     109   4.189613138E-14
     110   4.114124613E-14
     111   4.745328819E-14
     112   4.661340699E-14
     113   4.579562792E-14
     114   4.499918221E-14
     115   4.422333424E-14
     116   4.275197335E-14
     117   4.202736364E-14
     118   4.132102139E-14
     119   4.063233770E-14
     120   3.996072881E-14
     121   3.275755363E-14
     122   3.222491049E-14
     123   3.170515387E-14
     124   3.119787140E-14
     125   3.070266710E-14
     126   2.720093087E-14
     127   2.677591633E-14
     128   2.636078584E-14
     129   2.595523529E-14
     130   2.555897216E-14
     131   2.826546327E-14
     132   2.784041871E-14
     133   2.742489007E-14
     134   2.701859541E-14
     135   2.662126312E-14
     136   1.656983714E-14
     137   1.632969458E-14
     138   1.609473494E-14
     139   1.586481016E-14
     140   1.563977739E-14
     141   0.000000000E+00
     142   0.000000000E+00
     143   0.000000000E+00
     144   0.000000000E+00
     145   0.000000000E+00
     146   1.200024845E-14
     147   1.183808293E-14
     148   1.167918249E-14
     149   1.152346006E-14
     150   1.137083145E-14
     151   6.136367419E-16
     152   6.056153466E-16
     153   5.977502122E-16
     154   5.900373062E-16
     155   5.824727254E-16
     156   9.692262959E-15
     157   9.569576086E-15
     158   9.449204059E-15
     159   9.331089009E-15
     160   9.215174860E-15
     161   1.693666598E-14
     162   1.672885412E-14
     163   1.652484371E-14
     164   1.632454257E-14
     165   1.612786134E-14
     166   5.216025186E-15
     167   5.153929648E-15
     168   5.092936398E-15
     169   5.033019499E-15
     170   4.974153774E-15
     171   7.425657248E-15
     172   7.339811500E-15
     173   7.255445850E-15
     174   7.172526469E-15
     175   7.091020487E-15
     176   4.097768559E-14
     177   4.051726215E-14
     178   4.006455531E-14
     179   3.961939359E-14
     180   3.918161023E-14
     181   1.879350997E-14
     182   1.858811642E-14
     183   1.838607168E-14
     184   1.818730333E-14
     185   1.799174093E-14
     186   6.544290785E-14
     187   6.474670670E-14
     188   6.406155637E-14
     189   6.338722420E-14
     190   6.272348363E-14
     191   5.269895787E-14
     192   5.215285468E-14
     193   5.161519638E-14
     194   5.108580975E-14
     195   5.056452598E-14
     196   8.307201900E-14
     197   8.223290770E-14
     198   8.140644631E-14
     199   8.059238185E-14
     200   7.979046760E-14
     201   7.949525613E-14
     202   7.871205164E-14
     203   7.794036486E-14
     204   7.717997105E-14
     205   7.643065095E-14
     206   0.000000000E+00
     207   0.000000000E+00
     208   0.000000000E+00
     209   0.000000000E+00
     210   0.000000000E+00
     211   0.000000000E+00
     212   0.000000000E+00
     213   0.000000000E+00
     214   0.000000000E+00
     215   0.000000000E+00
     216   0.000000000E+00
     217   0.000000000E+00
     218   0.000000000E+00
     219   0.000000000E+00
     220   0.000000000E+00
     221   0.000000000E+00
     222   0.000000000E+00
     223   0.000000000E+00
     224   0.000000000E+00
     225   0.000000000E+00
     226   0.000000000E+00
     227   0.000000000E+00
     228   0.000000000E+00
     229   0.000000000E+00
     230   0.000000000E+00
     231   0.000000000E+00
     232   0.000000000E+00
     233   0.000000000E+00
     234   0.000000000E+00
     235   0.000000000E+00
     236   0.000000000E+00
     237   0.000000000E+00
     238   0.000000000E+00
     239   0.000000000E+00
     240   0.000000000E+00
     241   0.000000000E+00
     242   0.000000000E+00
     243   0.000000000E+00
     244   0.000000000E+00
     245   0.000000000E+00
     246   0.000000000E+00
     247   0.000000000E+00
     248   0.000000000E+00
     249   0.000000000E+00
     250   0.000000000E+00
     251   2.148436488E-13
     252   2.131452800E-13
     253   2.114669707E-13
     254   2.098084062E-13
     255   2.081692781E-13
     256   5.050381704E-13
     257   5.011231458E-13
     258   4.972534690E-13
     259   4.934284423E-13
     260   4.896473815E-13
     261   3.174422734E-12
     262   3.150282637E-12
     263   3.126416859E-12
     264   3.102821260E-12
     265   3.079491777E-12
     266   3.518102961E-12
     267   3.491848462E-12
     268   3.465886763E-12
     269   3.440213528E-12
     270   3.414824498E-12
     271   7.513558294E-12
     272   7.458513911E-12
     273   7.404072203E-12
     274   7.350224406E-12
     275   7.296961910E-12
     276   8.204741068E-12
     277   8.145714154E-12
     278   8.087321938E-12
     279   8.029555352E-12
     280   7.972405492E-12
     281   5.410159025E-11
     282   5.371924685E-11
     283   5.334094230E-11
     284   5.296661990E-11
     285   5.259622395E-11
     286   9.831650123E-11
     287   9.763374775E-11
     288   9.695808168E-11
     289   9.628940525E-11
     290   9.562762240E-11
     291   1.580230643E-10
     292   1.569444086E-10
     293   1.558767595E-10
     294   1.548199679E-10
     295   1.537738871E-10
     296   2.163959018E-10
     297   2.149435804E-10
     298   2.135058307E-10
     299   2.120824585E-10
     300   2.106732727E-10
     301   2.946458061E-10
     302   2.927009493E-10
     303   2.907752852E-10
     304   2.888685620E-10
     305   2.869805322E-10
     306   5.158376164E-10
     307   5.124880215E-10
     308   5.091709469E-10
     309   5.058859731E-10
     310   5.026326871E-10
     311   5.147014393E-10
     312   5.114126122E-10
     313   5.081552070E-10
     314   5.049288248E-10
     315   5.017330727E-10
     316   6.135290762E-10
     317   6.096704027E-10
     318   6.058480178E-10
     319   6.020614676E-10
     320   5.983103059E-10
     321   7.881626679E-10
     322   7.832824037E-10
     323   7.784473272E-10
     324   7.736568821E-10
     325   7.689105208E-10
     326   8.532823368E-10
     327   8.480793958E-10
     328   8.429238979E-10
     329   8.378152682E-10
     330   8.327529403E-10
     331   1.081077771E-09
     332   1.074584811E-09
     333   1.068150171E-09
     334   1.061773156E-09
     335   1.055453077E-09
     336   1.106404104E-09
     337   1.099857334E-09
     338   1.093368500E-09
     339   1.086936921E-09
     340   1.080561924E-09
     341   1.423620031E-09
     342   1.415319040E-09
     343   1.407090441E-09
     344   1.398933395E-09
     345   1.390847074E-09
     346   1.649079029E-09
     347   1.639601563E-09
     348   1.630205566E-09
     349   1.620890106E-09
     350   1.611654265E-09
     351   1.556998806E-09
     352   1.548177283E-09
     353   1.539430519E-09
     354   1.530757671E-09
     355   1.522157909E-09
     356   2.011477694E-09
     357   2.000240388E-09
     358   1.989096988E-09
     359   1.978046449E-09
     360   1.967087743E-09
     361   1.838579283E-09
     362   1.828449369E-09
     363   1.818402944E-09
     364   1.808439092E-09
     365   1.798556912E-09
     366   2.557598837E-09
     367   2.543698843E-09
     368   2.529911858E-09
     369   2.516236659E-09
     370   2.502672040E-09
     371   2.420309850E-09
     372   2.407332317E-09
     373   2.394458882E-09
     374   2.381688435E-09
     375   2.369019879E-09
     376   2.688320971E-09
     377   2.674097051E-09
     378   2.659985721E-09
     379   2.645985796E-09
     380   2.632096107E-09
     381   3.122216119E-09
     382   3.105912118E-09
     383   3.089735493E-09
     384   3.073684919E-09
     385   3.057759090E-09
     386   2.928939754E-09
     387   2.913842126E-09
     388   2.898860933E-09
     389   2.883994980E-09
     390   2.869243087E-09
     391   3.626736305E-09
     392   3.608279631E-09
     393   3.589963491E-09
     394   3.571786461E-09
     395   3.553747135E-09
     396   3.581346732E-09
     397   3.563350015E-09
     398   3.545488611E-09
     399   3.527761168E-09
     400   3.510166349E-09
     401   4.123219041E-09
     402   4.102756416E-09
     403   4.082445740E-09
     404   4.062285514E-09
     405   4.042274256E-09
     406   4.549331398E-09
     407   4.527030754E-09
     408   4.504893684E-09
     409   4.482918593E-09
     410   4.461103904E-09
     411   4.619477105E-09
     412   4.597106756E-09
     413   4.574898511E-09
     414   4.552850807E-09
     415   4.530962101E-09
     416   5.136001473E-09
     417   5.111427303E-09
     418   5.087029082E-09
     419   5.062805134E-09
     420   5.038753803E-09
     421   5.398951968E-09
     422   5.373425009E-09
     423   5.348078664E-09
     424   5.322911235E-09
     425   5.297921042E-09
     426   5.824251178E-09
     427   5.797035051E-09
     428   5.770009247E-09
     429   5.743171995E-09
     430   5.716521545E-09
     431   6.205261569E-09
     432   6.176599853E-09
     433   6.148136259E-09
     434   6.119868966E-09
     435   6.091796173E-09
     436   6.845690833E-09
     437   6.814431971E-09
     438   6.783386723E-09
     439   6.752553147E-09
     440   6.721929323E-09
     441   6.953229928E-09
     442   6.921838371E-09
     443   6.890658919E-09
     444   6.859689666E-09
     445   6.828928725E-09
     446   7.689894649E-09
     447   7.655564762E-09
     448   7.621464251E-09
     449   7.587591076E-09
     450   7.553943222E-09
     451   7.911651456E-09
     452   7.876721428E-09
     453   7.842022215E-09
     454   7.807551787E-09
     455   7.773308139E-09
     456   8.508963810E-09
     457   8.471806763E-09
     458   8.434892573E-09
     459   8.398219127E-09
     460   8.361784336E-09
     461   9.136063664E-09
     462   9.096599026E-09
     463   9.057389547E-09
     464   9.018433033E-09
     465   8.979727312E-09
     466   8.951618860E-09
     467   8.913364078E-09
     468   8.875353997E-09
     469   8.837586533E-09
     470   8.800059627E-09
     471   1.084749547E-08
     472   1.080162868E-08
     473   1.075605219E-08
     474   1.071076354E-08
     475   1.066576034E-08
     476   1.045397908E-08
     477   1.041023858E-08
     478   1.036677203E-08
     479   1.032357715E-08
     480   1.028065167E-08
     481   1.188053421E-08
     482   1.183133945E-08
     483   1.178244962E-08
     484   1.173386220E-08
     485   1.168557470E-08
     486   1.178945453E-08
     487   1.174113709E-08
     488   1.169311608E-08
     489   1.164538907E-08
     490   1.159795368E-08
     491   1.211316539E-08
     492   1.206402476E-08
     493   1.201518255E-08
     494   1.196663636E-08
     495   1.191838380E-08
     496   1.449953447E-08
     497   1.444130341E-08
     498   1.438342243E-08
     499   1.432588874E-08
     500   1.426869957E-08
     501   1.359204298E-08
     502   1.353799907E-08
     503   1.348427685E-08
     504   1.343087378E-08
     505   1.337778732E-08
     506   1.574542828E-08
     507   1.568343841E-08
     508   1.562181389E-08
     509   1.556055188E-08
     510   1.549964952E-08
     511   1.578060493E-08
     512   1.571908210E-08
     513   1.565791836E-08
     514   1.559711091E-08
     515   1.553665699E-08
     516   1.665798284E-08
     517   1.659366630E-08
     518   1.652972154E-08
     519   1.646614569E-08
     520   1.640293592E-08
     521   1.885586682E-08
     522   1.878376025E-08
     523   1.871206651E-08
     524   1.864078245E-08
     525   1.856990495E-08
     526   1.689909352E-08
     527   1.683508181E-08
     528   1.677143310E-08
     529   1.670814468E-08
     530   1.664521381E-08
     531   2.054970459E-08
     532   2.047259501E-08
     533   2.039591862E-08
     534   2.031967220E-08
     535   2.024385253E-08
     536   2.016582745E-08
     537   2.009086154E-08
     538   2.001631289E-08
     539   1.994217840E-08
     540   1.986845501E-08
     541   2.291617618E-08
     542   2.283177037E-08
     543   2.274783004E-08
     544   2.266435176E-08
     545   2.258133216E-08
     546   2.368312243E-08
     547   2.359668768E-08
     548   2.351072525E-08
     549   2.342523170E-08
     550   2.334020364E-08
     551   2.161870479E-08
     552   2.154051779E-08
     553   2.146275419E-08
     554   2.138541093E-08
     555   2.130848499E-08
     556   2.620710364E-08
     557   2.611317137E-08
     558   2.601974321E-08
     559   2.592681556E-08
     560   2.583438484E-08
     561   2.514883695E-08
     562   2.505949828E-08
     563   2.497063481E-08
     564   2.488224318E-08
     565   2.479432006E-08
     566   2.828553614E-08
     567   2.818593918E-08
     568   2.808686733E-08
     569   2.798831692E-08
     570   2.789028429E-08
     571   2.813032664E-08
     572   2.803214050E-08
     573   2.793446754E-08
     574   2.783730418E-08
     575   2.774064687E-08
     576   2.912947061E-08
     577   2.902867659E-08
     578   2.892840482E-08
     579   2.882865170E-08
     580   2.872941366E-08
     581   3.188654747E-08
     582   3.177715965E-08
     583   3.166833377E-08
     584   3.156006596E-08
     585   3.145235242E-08
     586   3.086770381E-08
     587   3.076271162E-08
     588   3.065825419E-08
     589   3.055432791E-08
     590   3.045092917E-08
     591   3.477263161E-08
     592   3.465535461E-08
     593   3.453866991E-08
     594   3.442257354E-08
     595   3.430706155E-08
     596   3.587951007E-08
     597   3.575951171E-08
     598   3.564011434E-08
     599   3.552131396E-08
     600   3.540310659E-08
     601   3.753729682E-08
     602   3.741279500E-08
     603   3.728891158E-08
     604   3.716564245E-08
     605   3.704298356E-08
     606   3.857677743E-08
     607   3.844988014E-08
     608   3.832360795E-08
     609   3.819795678E-08
     610   3.807292255E-08
     611   3.726109844E-08
     612   3.713952879E-08
     613   3.701855313E-08
     614   3.689816759E-08
     615   3.677836834E-08
     616   4.355108047E-08
     617   4.341013847E-08
     618   4.326987954E-08
     619   4.313029928E-08
     620   4.299139333E-08
     621   4.264748706E-08
     622   4.251057699E-08
     623   4.237432514E-08
     624   4.223872730E-08
     625   4.210377929E-08
     626   4.549305682E-08
     627   4.534817447E-08
     628   4.520398314E-08
     629   4.506047843E-08
     630   4.491765599E-08
     631   4.483026337E-08
     632   4.468861957E-08
     633   4.454764601E-08
     634   4.440733846E-08
     635   4.426769274E-08
     636   4.769761002E-08
     637   4.754808773E-08
     638   4.739926743E-08
     639   4.725114472E-08
     640   4.710371525E-08
     641   5.087260540E-08
     642   5.071437024E-08
     643   5.055687219E-08
     644   5.040010670E-08
     645   5.024406922E-08
     646   4.854742533E-08
     647   4.839758760E-08
     648   4.824844249E-08
     649   4.809998574E-08
     650   4.795221313E-08
     651   5.388722855E-08
     652   5.372218344E-08
     653   5.355789541E-08
     654   5.339435986E-08
     655   5.323157217E-08
     656   5.281771766E-08
     657   5.265717748E-08
     658   5.249736814E-08
     659   5.233828521E-08
     660   5.217992429E-08
     661   5.586615001E-08
     662   5.569762467E-08
     663   5.552986074E-08
     664   5.536285364E-08
     665   5.519659883E-08
     666   5.886090107E-08
     667   5.868467083E-08
     668   5.850923085E-08
     669   5.833457643E-08
     670   5.816070288E-08
     671   5.745065262E-08
     672   5.727992260E-08
     673   5.710995250E-08
     674   5.694073783E-08
     675   5.677227411E-08
     676   6.369928696E-08
     677   6.351138346E-08
     678   6.332431016E-08
     679   6.313806219E-08
     680   6.295263469E-08
     681   6.201009850E-08
     682   6.182851695E-08
     683   6.164773181E-08
     684   6.146773844E-08
     685   6.128853220E-08
     686   6.880955562E-08
     687   6.860952784E-08
     688   6.841037101E-08
     689   6.821208008E-08
     690   6.801465003E-08
     691   6.748977391E-08
     692   6.729499823E-08
     693   6.710106451E-08
     694   6.690796792E-08
     695   6.671570365E-08
     696   6.793261744E-08
     697   6.773796811E-08
     698   6.754415418E-08
     699   6.735117088E-08
     700   6.715901347E-08
     701   7.679618176E-08
     702   7.657770045E-08
     703   7.636015016E-08
     704   7.614352562E-08
     705   7.592782158E-08
     706   7.032075010E-08
     707   7.012210392E-08
     708   6.992429827E-08
     709   6.972732841E-08
     710   6.953118965E-08
     711   7.940493850E-08
     712   7.918220375E-08
     713   7.896040486E-08
     714   7.873953659E-08
     715   7.851959375E-08
     716   7.676655256E-08
     717   7.655271815E-08
     718   7.633977596E-08
     719   7.612772103E-08
     720   7.591654843E-08
     721   8.237043368E-08
     722   8.214257632E-08
     723   8.191566313E-08
     724   8.168968888E-08
     725   8.146464842E-08
     726   8.601892555E-08
     727   8.578260983E-08
     728   8.554726659E-08
     729   8.531289052E-08
     730   8.507947631E-08
     731   8.199395546E-08
     732   8.177023389E-08
     733   8.154742672E-08
     734   8.132552896E-08
     735   8.110453567E-08
     736   9.133641127E-08
     737   9.108888712E-08
     738   9.084236780E-08
     739   9.059684789E-08
     740   9.035232198E-08
     741   8.985592824E-08
     742   8.961405495E-08
     743   8.937315695E-08
     744   8.913322901E-08
     745   8.889426593E-08
     746   9.606105372E-08
     747   9.580420599E-08
     748   9.554838701E-08
     749   9.529359131E-08
     750   9.503981344E-08
     751   9.643234344E-08
     752   9.617621503E-08
     753   9.592110571E-08
     754   9.566701007E-08
     755   9.541392274E-08
     756   9.182601165E-08
     757   9.158372666E-08
     758   9.134239932E-08
     759   9.110202458E-08
     760   9.086259745E-08
     761   1.065410659E-07
     762   1.062617970E-07
     763   1.059836248E-07
     764   1.057065434E-07
     765   1.054305472E-07
     766   1.001393065E-07
     767   9.987852702E-08
     768   9.961876492E-08
     769   9.936001488E-08
     770   9.910227165E-08
     771   1.057630875E-07
     772   1.054894444E-07
     773   1.052168618E-07
     774   1.049453344E-07
     775   1.046748568E-07
     776   1.045158672E-07
     777   1.042471889E-07
     778   1.039795453E-07
     779   1.037129311E-07
     780   1.034473410E-07
     781   1.099114348E-07
     782   1.096306904E-07
     783   1.093510203E-07
     784   1.090724189E-07
     785   1.087948810E-07
     786   1.117610222E-07
     787   1.114773647E-07
     788   1.111947859E-07
     789   1.109132801E-07
     790   1.106328420E-07
     791   1.122886415E-07
     792   1.120054419E-07
     793   1.117233123E-07
     794   1.114422474E-07
     795   1.111622418E-07
     796   1.178879632E-07
     797   1.175925046E-07
     798   1.172981554E-07
     799   1.170049100E-07
     800   1.167127630E-07
     801   1.195143119E-07
     802   1.192166423E-07
     803   1.189200835E-07
     804   1.186246299E-07
     805   1.183302760E-07
     806   1.215121979E-07
     807   1.212114252E-07
     808   1.209117677E-07
     809   1.206132202E-07
     810   1.203157770E-07
     811   1.220226286E-07
     812   1.217224499E-07
     813   1.214233775E-07
     814   1.211254060E-07
     815   1.208285301E-07
     816   1.216408780E-07
     817   1.213434675E-07
     818   1.210471465E-07
     819   1.207519095E-07
     820   1.204577514E-07
     821   1.305194643E-07
     822   1.302022846E-07
     823   1.298862596E-07
     824   1.295713838E-07
     825   1.292576517E-07
     826   1.291067007E-07
     827   1.287948487E-07
     828   1.284841253E-07
     829   1.281745250E-07
     830   1.278660424E-07
     831   1.365060472E-07
     832   1.361783016E-07
     833   1.358517349E-07
     834   1.355263415E-07
     835   1.352021158E-07
     836   1.317892408E-07
     837   1.314747080E-07
     838   1.311612998E-07
     839   1.308490110E-07
     840   1.305378362E-07
     841   1.329950199E-07
     842   1.326794920E-07
     843   1.323650856E-07
     844   1.320517955E-07
     845   1.317396163E-07
     846   1.436209977E-07
     847   1.432822689E-07
     848   1.429447371E-07
     849   1.426083965E-07
     850   1.422732416E-07
     851   1.382959399E-07
     852   1.379716822E-07
     853   1.376485635E-07
     854   1.373265785E-07
     855   1.370057220E-07
     856   1.454073796E-07
     857   1.450684347E-07
     858   1.447306735E-07
     859   1.443940905E-07
     860   1.440586803E-07
     861   1.387501282E-07
     862   1.384285752E-07
     863   1.381081387E-07
     864   1.377888135E-07
     865   1.374705945E-07
     866   1.472839628E-07
     867   1.469445988E-07
     868   1.466064064E-07
     869   1.462693802E-07
     870   1.459335148E-07
     871   1.533811587E-07
     872   1.530297700E-07
     873   1.526795875E-07
     874   1.523306056E-07
     875   1.519828188E-07
     876   1.482146165E-07
     877   1.478769977E-07
     878   1.475405313E-07
     879   1.472052119E-07
     880   1.468710344E-07
     881   1.567464840E-07
     882   1.563914523E-07
     883   1.560376255E-07
     884   1.556849981E-07
     885   1.553335647E-07
     886   1.542278879E-07
     887   1.538805278E-07
     888   1.535343399E-07
     889   1.531893189E-07
     890   1.528454596E-07
     891   1.597448062E-07
     892   1.593870351E-07
     893   1.590304645E-07
     894   1.586750892E-07
     895   1.583209037E-07
     896   1.594210327E-07
     897   1.590659747E-07
     898   1.587121016E-07
     899   1.583594081E-07
     900   1.580078888E-07
     901   1.561272743E-07
     902   1.557814775E-07
     903   1.554368282E-07
     904   1.550933214E-07
     905   1.547509521E-07
     906   1.662227606E-07
     907   1.658566312E-07
     908   1.654917101E-07
     909   1.651279921E-07
     910   1.647654718E-07
     911   1.588980772E-07
     912   1.585499982E-07
     913   1.582030617E-07
     914   1.578572626E-07
     915   1.575125961E-07
     916   1.676414552E-07
     917   1.672762232E-07
     918   1.669121836E-07
     919   1.665493310E-07
     920   1.661876604E-07
     921   1.616271514E-07
     922   1.612769300E-07
     923   1.609278457E-07
     924   1.605798936E-07
     925   1.602330688E-07
     926   1.606704843E-07
     927   1.603242117E-07
     928   1.599790573E-07
     929   1.596350163E-07
     930   1.592920840E-07
     931   1.739335359E-07
     932   1.735606880E-07
     933   1.731890377E-07
     934   1.728185799E-07
     935   1.724493094E-07
     936   1.596848895E-07
     937   1.593444100E-07
     938   1.590050183E-07
     939   1.586667097E-07
     940   1.583294798E-07
     941   1.717936122E-07
     942   1.714292567E-07
     943   1.710660592E-07
     944   1.707040146E-07
     945   1.703431181E-07
     946   1.681301111E-07
     947   1.677754062E-07
     948   1.674218227E-07
     949   1.670693557E-07
     950   1.667180006E-07
     951   1.724893856E-07
     952   1.721273931E-07
     953   1.717665391E-07
     954   1.714068186E-07
     955   1.710482269E-07
     956   1.733388971E-07
     957   1.729770205E-07
     958   1.726162759E-07
     959   1.722566587E-07
     960   1.718981641E-07
     961   1.648480987E-07
     962   1.645057351E-07
     963   1.641644369E-07
     964   1.638241997E-07
     965   1.634850191E-07
     966   1.803695473E-07
     967   1.799968829E-07
     968   1.796253723E-07
     969   1.792550108E-07
     970   1.788857934E-07
     971   1.659703285E-07
     972   1.656291767E-07
     973   1.652890758E-07
     974   1.649500212E-07
     975   1.646120089E-07
     976   1.779085174E-07
     977   1.775446963E-07
     978   1.771819901E-07
     979   1.768203942E-07
     980   1.764599041E-07
     981   1.714947960E-07
     982   1.711458747E-07
     983   1.707980173E-07
     984   1.704512193E-07
     985   1.701054764E-07
     986   1.665932659E-07
     987   1.662560326E-07
     988   1.659198222E-07
     989   1.655846306E-07
     990   1.652504538E-07
     991   1.773842052E-07
     992   1.770269359E-07
     993   1.766707449E-07
     994   1.763156278E-07
     995   1.759615803E-07
     996   1.749544620E-07
     997   1.746038519E-07
     998   1.742542946E-07
     999   1.739057861E-07
    1000   1.735583219E-07
    1001   1.741461322E-07
    1002   1.737988817E-07
    1003   1.734526688E-07
    1004   1.731074893E-07
    1005   1.727633393E-07
    1006   1.705739956E-07
    1007   1.702355551E-07
    1008   1.698981209E-07
    1009   1.695616890E-07
    1010   1.692262554E-07
    1011   1.697815816E-07
    1012   1.694463761E-07
    1013   1.691121623E-07
    1014   1.687789364E-07
    1015   1.684466944E-07
    1016   1.773090278E-07
    1017   1.769606800E-07
    1018   1.766133578E-07
    1019   1.762670570E-07
    1020   1.759217739E-07
    1021   1.704104004E-07
    1022   1.700772422E-07
    1023   1.697450601E-07
    1024   1.694138502E-07
    1025   1.690836088E-07
    1026   1.716089546E-07
    1027   1.712750851E-07
    1028   1.709421889E-07
    1029   1.706102623E-07
    1030   1.702793016E-07
    1031   1.697474895E-07
    1032   1.694188400E-07
    1033   1.690911440E-07
    1034   1.687643978E-07
    1035   1.684385978E-07
    1036   1.711608513E-07
    1037   1.708310616E-07
    1038   1.705022241E-07
    1039   1.701743352E-07
    1040   1.698473913E-07
    1041   1.745672178E-07
    1042   1.742324772E-07
    1043   1.738986985E-07
    1044   1.735658780E-07
    1045   1.732340121E-07
    1046   1.673417645E-07
    1047   1.670224100E-07
    1048   1.667039688E-07
    1049   1.663864374E-07
    1050   1.660698124E-07
    1051   1.675407158E-07
    1052   1.672224998E-07
    1053   1.669051896E-07
    1054   1.665887817E-07
    1055   1.662732726E-07
    1056   1.625898977E-07
    1057   1.622825444E-07
    1058   1.619760617E-07
    1059   1.616704465E-07
    1060   1.613656955E-07
    1061   1.648783305E-07
    1062   1.645681173E-07
    1063   1.642587787E-07
    1064   1.639503115E-07
    1065   1.636427125E-07
    1066   1.653758553E-07
    1067   1.650661627E-07
    1068   1.647573392E-07
    1069   1.644493816E-07
    1070   1.641422866E-07
    1071   1.627110066E-07
    1072   1.624077242E-07
    1073   1.621052889E-07
    1074   1.618036977E-07
    1075   1.615029473E-07
    1076   1.574412311E-07
    1077   1.571491324E-07
    1078   1.568578457E-07
    1079   1.565673682E-07
    1080   1.562776969E-07
    1081   1.637099611E-07
    1082   1.634076343E-07
    1083   1.631061442E-07
    1084   1.628054877E-07
    1085   1.625056618E-07
    1086   1.600321402E-07
    1087   1.597379635E-07
    1088   1.594445972E-07
    1089   1.591520383E-07
    1090   1.588602839E-07
    1091   1.558561724E-07
    1092   1.555709827E-07
    1093   1.552865750E-07
    1094   1.550029466E-07
    1095   1.547200945E-07
    1096   1.553502552E-07
    1097   1.550672857E-07
    1098   1.547850887E-07
    1099   1.545036612E-07
    1100   1.542230006E-07
    1101   1.554287487E-07
    1102   1.551469196E-07
    1103   1.548658564E-07
    1104   1.545855562E-07
    1105   1.543060163E-07
    1106   1.472508277E-07
    1107   1.469850319E-07
    1108   1.467199552E-07
    1109   1.464555950E-07
    1110   1.461919485E-07
    1111   1.495875586E-07
    1112   1.493187580E-07
    1113   1.490506812E-07
    1114   1.487833258E-07
    1115   1.485166890E-07
    1116   1.450814060E-07
    1117   1.448218686E-07
    1118   1.445630270E-07
    1119   1.443048787E-07
    1120   1.440474213E-07
    1121   1.490025410E-07
    1122   1.487371758E-07
    1123   1.484725190E-07
    1124   1.482085678E-07
    1125   1.479453199E-07
    1126   1.421165536E-07
    1127   1.418645739E-07
    1128   1.416132638E-07
    1129   1.413626208E-07
    1130   1.411126427E-07
    1131   1.410305041E-07
    1132   1.407815535E-07
    1133   1.405332615E-07
    1134   1.402856258E-07
    1135   1.400386441E-07
    1136   1.390859575E-07
    1137   1.388415182E-07
    1138   1.385977228E-07
    1139   1.383545689E-07
    1140   1.381120543E-07
    1141   1.365452323E-07
    1142   1.363063080E-07
    1143   1.360680102E-07
    1144   1.358303368E-07
    1145   1.355932856E-07
    1146   1.394432826E-07
    1147   1.392003500E-07
    1148   1.389580518E-07
    1149   1.387163856E-07
    1150   1.384753493E-07
    1151   1.302178177E-07
    1152   1.299919412E-07
    1153   1.297666519E-07
    1154   1.295419477E-07
    1155   1.293178267E-07
    1156   1.324624740E-07
    1157   1.322336960E-07
    1158   1.320055102E-07
    1159   1.317779145E-07
    1160   1.315509068E-07
    1161   1.270150668E-07
    1162   1.267966402E-07
    1163   1.265787766E-07
    1164   1.263614740E-07
    1165   1.261447304E-07
    1166   1.278584958E-07
    1167   1.276395600E-07
    1168   1.274211860E-07
    1169   1.272033721E-07
    1170   1.269861161E-07
    1171   1.285559518E-07
    1172   1.283367601E-07
    1173   1.281181285E-07
    1174   1.279000551E-07
    1175   1.276825380E-07
    1176   1.191916714E-07
    1177   1.189893086E-07
    1178   1.187874608E-07
    1179   1.185861261E-07
    1180   1.183853028E-07
    1181   1.210476524E-07
    1182   1.208430072E-07
    1183   1.206388805E-07
    1184   1.204352706E-07
    1185   1.202321757E-07
    1186   1.211150032E-07
    1187   1.209111059E-07
    1188   1.207077231E-07
    1189   1.205048530E-07
    1190   1.203024938E-07
    1191   1.152777572E-07
    1192   1.150845003E-07
    1193   1.148917289E-07
    1194   1.146994415E-07
    1195   1.145076364E-07
    1196   1.178887268E-07
    1197   1.176919175E-07
    1198   1.174956007E-07
    1199   1.172997747E-07
    1200   1.171044379E-07
    1201   1.114251284E-07
    1202   1.112398829E-07
    1203   1.110550991E-07
    1204   1.108707753E-07
    1205   1.106869100E-07
    1206   1.149375318E-07
    1207   1.147472379E-07
    1208   1.145574162E-07
    1209   1.143680651E-07
    1210   1.141791830E-07
    1211   1.087365222E-07
    1212   1.085572370E-07
    1213   1.083783947E-07
    1214   1.081999941E-07
    1215   1.080220335E-07
    1216   1.089194192E-07
    1217   1.087405696E-07
    1218   1.085621601E-07
    1219   1.083841893E-07
    1220   1.082066559E-07
    1221   1.095935305E-07
    1222   1.094143096E-07
    1223   1.092355281E-07
    1224   1.090571844E-07
    1225   1.088792770E-07
    1226   1.041640836E-07
    1227   1.039944352E-07
    1228   1.038252010E-07
    1229   1.036563795E-07
    1230   1.034879695E-07
    1231   1.103246191E-07
    1232   1.101456660E-07
    1233   1.099671479E-07
    1234   1.097890634E-07
    1235   1.096114112E-07
    1236   1.048261403E-07
    1237   1.046567927E-07
    1238   1.044878552E-07
    1239   1.043193264E-07
    1240   1.041512050E-07
    1241   1.037039994E-07
    1242   1.035371386E-07
    1243   1.033706802E-07
    1244   1.032046229E-07
    1245   1.030389654E-07
    1246   1.060577363E-07
    1247   1.058877720E-07
    1248   1.057182159E-07
    1249   1.055490667E-07
    1250   1.053803232E-07
    1251   1.013245147E-07
    1252   1.011627836E-07
    1253   1.010014395E-07
    1254   1.008404810E-07
    1255   1.006799070E-07
    1256   1.072921803E-07
    1257   1.071216045E-07
    1258   1.069514352E-07
    1259   1.067816710E-07
    1260   1.066123107E-07
    1261   1.013536512E-07
    1262   1.011931546E-07
    1263   1.010330388E-07
    1264   1.008733028E-07
    1265   1.007139453E-07
    1266   1.053323178E-07
    1267   1.051661785E-07
    1268   1.050004319E-07
    1269   1.048350769E-07
    1270   1.046701122E-07
    1271   1.067267523E-07
    1272   1.065590748E-07
    1273   1.063917921E-07
    1274   1.062249030E-07
    1275   1.060584063E-07
    1276   1.055169408E-07
    1277   1.053518126E-07
    1278   1.051870717E-07
    1279   1.050227169E-07
    1280   1.048587470E-07
    1281   1.076082602E-07
    1282   1.074405154E-07
    1283   1.072731626E-07
    1284   1.071062005E-07
    1285   1.069396278E-07
    1286   1.066079368E-07
    1287   1.064423965E-07
    1288   1.062772415E-07
    1289   1.061124706E-07
    1290   1.059480826E-07
    1291   1.130766473E-07
    1292   1.129017415E-07
    1293   1.127272411E-07
    1294   1.125531450E-07
    1295   1.123794518E-07
    1296   1.113887170E-07
    1297   1.112170857E-07
    1298   1.110458508E-07
    1299   1.108750110E-07
    1300   1.107045652E-07
    1301   1.136430127E-07
    1302   1.134685799E-07
    1303   1.132945483E-07
    1304   1.131209168E-07
    1305   1.129476842E-07
    1306   1.153117177E-07
    1307   1.151354001E-07
    1308   1.149594866E-07
    1309   1.147839759E-07
    1310   1.146088669E-07
    1311   1.177105198E-07
    1312   1.175312197E-07
    1313   1.173523290E-07
    1314   1.171738464E-07
    1315   1.169957706E-07
    1316   1.230675431E-07
    1317   1.228807942E-07
    1318   1.226944700E-07
    1319   1.225085693E-07
    1320   1.223230907E-07
    1321   1.222366643E-07
    1322   1.220518772E-07
    1323   1.218675088E-07
    1324   1.216835578E-07
    1325   1.215000230E-07
    1326   1.283137312E-07
    1327   1.281204877E-07
    1328   1.279276803E-07
    1329   1.277353079E-07
    1330   1.275433690E-07
    1331   1.311842621E-07
    1332   1.309874365E-07
    1333   1.307910536E-07
    1334   1.305951119E-07
    1335   1.303996102E-07
    1336   1.360418104E-07
    1337   1.358384594E-07
    1338   1.356355640E-07
    1339   1.354331228E-07
    1340   1.352311346E-07
    1341   1.400200244E-07
    1342   1.398115061E-07
    1343   1.396034533E-07
    1344   1.393958645E-07
    1345   1.391887384E-07
    1346   1.443179345E-07
    1347   1.441038130E-07
    1348   1.438901676E-07
    1349   1.436769970E-07
    1350   1.434642997E-07
    1351   1.510713661E-07
    1352   1.508480529E-07
    1353   1.506252345E-07
    1354   1.504029094E-07
    1355   1.501810762E-07
    1356   1.593233102E-07
    1357   1.590886662E-07
    1358   1.588545401E-07
    1359   1.586209305E-07
    1360   1.583878358E-07
    1361   1.645228402E-07
    1362   1.642814274E-07
    1363   1.640405455E-07
    1364   1.638001931E-07
    1365   1.635603685E-07
    1366   1.685512453E-07
    1367   1.683048253E-07
    1368   1.680589454E-07
    1369   1.678136039E-07
    1370   1.675687992E-07
    1371   1.768045440E-07
    1372   1.765469991E-07
    1373   1.762900166E-07
    1374   1.760335947E-07
    1375   1.757777319E-07
    1376   1.931430836E-07
    1377   1.928627598E-07
    1378   1.925830459E-07
    1379   1.923039400E-07
    1380   1.920254405E-07
    1381   1.958660523E-07
    1382   1.955828042E-07
    1383   1.953001701E-07
    1384   1.950181482E-07
    1385   1.947367367E-07
    1386   2.102964097E-07
    1387   2.099933889E-07
    1388   2.096910227E-07
    1389   2.093893089E-07
    1390   2.090882460E-07
    1391   2.118473318E-07
    1392   2.115431720E-07
    1393   2.112396667E-07
    1394   2.109368141E-07
    1395   2.106346124E-07
    1396   2.295846301E-07
    1397   2.292561828E-07
    1398   2.289284399E-07
    1399   2.286013992E-07
    1400   2.282750589E-07
    1401   2.416283452E-07
    1402   2.412838999E-07
    1403   2.409401907E-07
    1404   2.405972153E-07
    1405   2.402549718E-07
    1406   2.452112453E-07
    1407   2.448629338E-07
    1408   2.445153640E-07
    1409   2.441685337E-07
    1410   2.438224408E-07
    1411   2.646557325E-07
    1412   2.642811314E-07
    1413   2.639073249E-07
    1414   2.635343111E-07
    1415   2.631620875E-07
    1416   2.755445735E-07
    1417   2.751559352E-07
    1418   2.747681185E-07
    1419   2.743811211E-07
    1420   2.739949408E-07
    1421   2.960720173E-07
    1422   2.956558936E-07
    1423   2.952406466E-07
    1424   2.948262737E-07
    1425   2.944127727E-07
    1426   3.164008348E-07
    1427   3.159576964E-07
    1428   3.155154883E-07
    1429   3.150742079E-07
    1430   3.146338526E-07
    1431   3.226152400E-07
    1432   3.221649745E-07
    1433   3.217156510E-07
    1434   3.212672668E-07
    1435   3.208198193E-07
    1436   3.440705832E-07
    1437   3.435920427E-07
    1438   3.431144999E-07
    1439   3.426379520E-07
    1440   3.421623962E-07
    1441   3.528929659E-07
    1442   3.524038558E-07
    1443   3.519157618E-07
    1444   3.514286812E-07
    1445   3.509426111E-07
    1446   3.673766723E-07
    1447   3.668692460E-07
    1448   3.663628702E-07
    1449   3.658575421E-07
    1450   3.653532588E-07
    1451   3.855332955E-07
    1452   3.850026234E-07
    1453   3.844730462E-07
    1454   3.839445609E-07
    1455   3.834171645E-07
    1456   3.836300339E-07
    1457   3.831037924E-07
    1458   3.825786330E-07
    1459   3.820545527E-07
    1460   3.815315485E-07
    1461   4.205198016E-07
    1462   4.199449283E-07
    1463   4.193712330E-07
    1464   4.187987126E-07
    1465   4.182273637E-07
    1466   4.187325720E-07
    1467   4.181620916E-07
    1468   4.175927763E-07
    1469   4.170246229E-07
    1470   4.164576282E-07
    1471   4.475452250E-07
    1472   4.469375600E-07
    1473   4.463311319E-07
    1474   4.457259371E-07
    1475   4.451219724E-07
    1476   4.587442397E-07
    1477   4.581234762E-07
    1478   4.575039718E-07
    1479   4.568857232E-07
    1480   4.562687270E-07
    1481   4.908245238E-07
    1482   4.901625892E-07
    1483   4.895019927E-07
    1484   4.888427307E-07
    1485   4.881847997E-07
    1486   5.260638204E-07
    1487   5.253567454E-07
    1488   5.246510949E-07
    1489   5.239468653E-07
    1490   5.232440526E-07
    1491   5.330688770E-07
    1492   5.323547861E-07
    1493   5.316421291E-07
    1494   5.309309022E-07
    1495   5.302211015E-07
    1496   5.575976766E-07
    1497   5.568532205E-07
    1498   5.561102542E-07
    1499   5.553687739E-07
    1500   5.546287755E-07
    1501   5.828133210E-07
    1502   5.820377876E-07
    1503   5.812638012E-07
    1504   5.804913576E-07
    1505   5.797204527E-07
    1506   6.083613654E-07
    1507   6.075545201E-07
    1508   6.067492788E-07
    1509   6.059456374E-07
    1510   6.051435916E-07
    1511   6.439314157E-07
    1512   6.430802176E-07
    1513   6.422307061E-07
    1514   6.413828767E-07
    1515   6.405367252E-07
    1516   6.611903855E-07
    1517   6.603192519E-07
    1518   6.594498388E-07
    1519   6.585821416E-07
    1520   6.577161559E-07
    1521   7.002520593E-07
    1522   6.993324900E-07
    1523   6.984147308E-07
    1524   6.974987770E-07
    1525   6.965846240E-07
    1526   7.490224559E-07
    1527   7.480420600E-07
    1528   7.470635877E-07
    1529   7.460870340E-07
    1530   7.451123938E-07
    1531   7.770963989E-07
    1532   7.760825745E-07
    1533   7.750707328E-07
    1534   7.740608687E-07
    1535   7.730529769E-07
    1536   7.968748504E-07
    1537   7.958386022E-07
    1538   7.948043740E-07
    1539   7.937721605E-07
    1540   7.927419566E-07
    1541   8.121471831E-07
    1542   8.110944972E-07
    1543   8.100438567E-07
    1544   8.089952562E-07
    1545   8.079486906E-07
    1546   8.643050687E-07
    1547   8.631883955E-07
    1548   8.620738850E-07
    1549   8.609615316E-07
    1550   8.598513298E-07
    1551   8.535249085E-07
    1552   8.524257135E-07
    1553   8.513286405E-07
    1554   8.502336841E-07
    1555   8.491408387E-07
    1556   9.063472408E-07
    1557   9.051837655E-07
    1558   9.040225292E-07
    1559   9.028635259E-07
    1560   9.017067501E-07
    1561   9.228434064E-07
    1562   9.216625447E-07
    1563   9.204839481E-07
    1564   9.193076108E-07
    1565   9.181335270E-07
    1566   9.643776011E-07
    1567   9.631475276E-07
    1568   9.619198061E-07
    1569   9.606944305E-07
    1570   9.594713950E-07
    1571   1.006985940E-06
    1572   1.005705602E-06
    1573   1.004427704E-06
    1574   1.003152241E-06
    1575   1.001879205E-06
    1576   1.038632162E-06
    1577   1.037315772E-06
    1578   1.036001882E-06
    1579   1.034690487E-06
    1580   1.033381581E-06
    1581   1.077549954E-06
    1582   1.076188552E-06
    1583   1.074829728E-06
    1584   1.073473476E-06
    1585   1.072119789E-06
    1586   1.119870922E-06
    1587   1.118460505E-06
    1588   1.117052752E-06
    1589   1.115647654E-06
    1590   1.114245205E-06
    1591   1.166161504E-06
    1592   1.164697397E-06
    1593   1.163236045E-06
    1594   1.161777442E-06
    1595   1.160321581E-06
    1596   1.176161266E-06
    1597   1.174689224E-06
    1598   1.173219944E-06
    1599   1.171753419E-06
    1600   1.170289642E-06
    1601   1.217677000E-06
    1602   1.216157753E-06
    1603   1.214641347E-06
    1604   1.213127775E-06
    1605   1.211617030E-06
    1606   1.265412859E-06
    1607   1.263838963E-06
    1608   1.262268001E-06
    1609   1.260699966E-06
    1610   1.259134851E-06
    1611   1.316070813E-06
    1612   1.314438983E-06
    1613   1.312810186E-06
    1614   1.311184415E-06
    1615   1.309561662E-06
    1616   1.350268072E-06
    1617   1.348599014E-06
    1618   1.346933049E-06
    1619   1.345270168E-06
    1620   1.343610366E-06
    1621   1.375861045E-06
    1622   1.374165591E-06
    1623   1.372473269E-06
    1624   1.370784071E-06
    1625   1.369097989E-06
    1626   1.454380679E-06
    1627   1.452593970E-06
    1628   1.450810552E-06
    1629   1.449030417E-06
    1630   1.447253555E-06
    1631   1.531131716E-06
    1632   1.529256478E-06
    1633   1.527384683E-06
    1634   1.525516322E-06
    1635   1.523651388E-06
    1636   1.546469435E-06
    1637   1.544581194E-06
    1638   1.542696409E-06
    1639   1.540815072E-06
    1640   1.538937174E-06
    1641   1.615548385E-06
    1642   1.613581802E-06
    1643   1.611618807E-06
    1644   1.609659392E-06
    1645   1.607703548E-06
    1646   1.637374740E-06
    1647   1.635387634E-06
    1648   1.633404144E-06
    1649   1.631424260E-06
    1650   1.629447974E-06
    1651   1.688703521E-06
    1652   1.686660323E-06
    1653   1.684620830E-06
    1654   1.682585035E-06
    1655   1.680552927E-06
    1656   1.694608143E-06
    1657   1.692563983E-06
    1658   1.690523521E-06
    1659   1.688486745E-06
    1660   1.686453649E-06
    1661   1.705731213E-06
    1662   1.703679823E-06
    1663   1.701632131E-06
    1664   1.699588128E-06
    1665   1.697547806E-06
    1666   1.772680237E-06
    1667   1.770554721E-06
    1668   1.768433026E-06
    1669   1.766315142E-06
    1670   1.764201060E-06
    1671   1.821165333E-06
    1672   1.818988208E-06
    1673   1.816814984E-06
    1674   1.814645653E-06
    1675   1.812480205E-06
    1676   1.890867459E-06
    1677   1.888613743E-06
    1678   1.886364054E-06
    1679   1.884118383E-06
    1680   1.881876719E-06
    1681   1.933762907E-06
    1682   1.931464912E-06
    1683   1.929171011E-06
    1684   1.926881193E-06
    1685   1.924595451E-06
    1686   1.955963766E-06
    1687   1.953646273E-06
    1688   1.951332897E-06
    1689   1.949023627E-06
    1690   1.946718455E-06
    1691   2.027454129E-06
    1692   2.025059027E-06
    1693   2.022668166E-06
    1694   2.020281537E-06
    1695   2.017899130E-06
    1696   2.031520265E-06
    1697   2.029127426E-06
    1698   2.026738813E-06
    1699   2.024354414E-06
    1700   2.021974221E-06
    1701   2.112169225E-06
    1702   2.109688698E-06
    1703   2.107212537E-06
    1704   2.104740734E-06
    1705   2.102273277E-06
    1706   2.118121917E-06
    1707   2.115641681E-06
    1708   2.113165798E-06
    1709   2.110694259E-06
    1710   2.108227054E-06
    1711   2.173119884E-06
    1712   2.170582675E-06
    1713   2.168049906E-06
    1714   2.165521568E-06
    1715   2.162997650E-06
    1716   2.306734642E-06
    1717   2.304049270E-06
    1718   2.301368585E-06
    1719   2.298692575E-06
    1720   2.296021229E-06
    1721   2.326522148E-06
    1722   2.323821600E-06
    1723   2.321125751E-06
    1724   2.318434591E-06
    1725   2.315748108E-06
    1726   2.484410745E-06
    1727   2.481535270E-06
    1728   2.478664783E-06
    1729   2.475799275E-06
    1730   2.472938733E-06
    1731   2.482533075E-06
    1732   2.479668063E-06
    1733   2.476808007E-06
    1734   2.473952897E-06
    1735   2.471102721E-06
    1736   2.562305754E-06
    1737   2.559357186E-06
    1738   2.556413704E-06
    1739   2.553475298E-06
    1740   2.550541955E-06
    1741   2.619263664E-06
    1742   2.616258198E-06
    1743   2.613257902E-06
    1744   2.610262764E-06
    1745   2.607272772E-06
    1746   2.582965236E-06
    1747   2.580009898E-06
    1748   2.577059630E-06
    1749   2.574114419E-06
    1750   2.571174254E-06
    1751   2.670286735E-06
    1752   2.667240201E-06
    1753   2.664198878E-06
    1754   2.661162754E-06
    1755   2.658131817E-06
    1756   2.641892682E-06
    1757   2.638887116E-06
    1758   2.635886675E-06
    1759   2.632891350E-06
    1760   2.629901127E-06
    1761   2.734666095E-06
    1762   2.731563808E-06
    1763   2.728466797E-06
    1764   2.725375049E-06
    1765   2.722288554E-06
    1766   2.680377945E-06
    1767   2.677345843E-06
    1768   2.674318884E-06
    1769   2.671297054E-06
    1770   2.668280344E-06
    1771   2.754093087E-06
    1772   2.750986383E-06
    1773   2.747884932E-06
    1774   2.744788724E-06
    1775   2.741697746E-06
    1776   2.877379521E-06
    1777   2.874142874E-06
    1778   2.870911685E-06
    1779   2.867685941E-06
    1780   2.864465631E-06
    1781   2.923183632E-06
    1782   2.919904683E-06
    1783   2.916631247E-06
    1784   2.913363313E-06
    1785   2.910100868E-06
    1786   3.020198624E-06
    1787   3.016820326E-06
    1788   3.013447693E-06
    1789   3.010080712E-06
    1790   3.006719372E-06
    1791   3.032454171E-06
    1792   3.029071623E-06
    1793   3.025694731E-06
    1794   3.022323484E-06
    1795   3.018957867E-06
    1796   3.111107255E-06
    1797   3.107646624E-06
    1798   3.104191764E-06
    1799   3.100742662E-06
    1800   3.097299306E-06
    1801   3.145598021E-06
    1802   3.142108728E-06
    1803   3.138625237E-06
    1804   3.135147536E-06
    1805   3.131675612E-06
    1806   3.144043049E-06
    1807   3.140565125E-06
    1808   3.137092969E-06
    1809   3.133626568E-06
    1810   3.130165909E-06
    1811   3.248642321E-06
    1812   3.245058601E-06
    1813   3.241480807E-06
    1814   3.237908928E-06
    1815   3.234342949E-06
    1816   3.277439276E-06
    1817   3.273833732E-06
    1818   3.270234135E-06
    1819   3.266640471E-06
    1820   3.263052728E-06
    1821   3.456242883E-06
    1822   3.452451064E-06
    1823   3.448665482E-06
    1824   3.444886122E-06
    1825   3.441112972E-06
    1826   3.460923298E-06
    1827   3.457136729E-06
    1828   3.453356372E-06
    1829   3.449582212E-06
    1830   3.445814236E-06
    1831   3.508876017E-06
    1832   3.505047457E-06
    1833   3.501225158E-06
    1834   3.497409109E-06
    1835   3.493599295E-06
    1836   3.622575636E-06
    1837   3.618633769E-06
    1838   3.614698332E-06
    1839   3.610769313E-06
    1840   3.606846695E-06
    1841   3.682468259E-06
    1842   3.678472092E-06
    1843   3.674482426E-06
    1844   3.670499247E-06
    1845   3.666522541E-06
    1846   3.717199092E-06
    1847   3.713176149E-06
    1848   3.709159734E-06
    1849   3.705149831E-06
    1850   3.701146428E-06
    1851   3.663001923E-06
    1852   3.659048332E-06
    1853   3.655101139E-06
    1854   3.651160329E-06
    1855   3.647225889E-06
    1856   3.654062811E-06
    1857   3.650129482E-06
    1858   3.646202500E-06
    1859   3.642281852E-06
    1860   3.638367524E-06
    1861   3.727988981E-06
    1862   3.723986846E-06
    1863   3.719991152E-06
    1864   3.716001885E-06
    1865   3.712019032E-06
    1866   3.759267195E-06
    1867   3.755242284E-06
    1868   3.751223833E-06
    1869   3.747211829E-06
    1870   3.743206258E-06
    1871   3.885799529E-06
    1872   3.881650250E-06
    1873   3.877507614E-06
    1874   3.873371606E-06
    1875   3.869242212E-06
    1876   3.842839554E-06
    1877   3.838747073E-06
    1878   3.834661127E-06
    1879   3.830581700E-06
    1880   3.826508779E-06
    1881   3.995818237E-06
    1882   3.991574139E-06
    1883   3.987336799E-06
    1884   3.983106203E-06
    1885   3.978882337E-06
    1886   3.984330420E-06
    1887   3.980109731E-06
    1888   3.975895745E-06
    1889   3.971688448E-06
    1890   3.967487825E-06
    1891   4.013826794E-06
    1892   4.009586090E-06
    1893   4.005352102E-06
    1894   4.001124818E-06
    1895   3.996904222E-06
    1896   4.102591277E-06
    1897   4.098268209E-06
    1898   4.093951971E-06
    1899   4.089642548E-06
    1900   4.085339925E-06
    1901   3.923888018E-06
    1902   3.919764121E-06
    1903   3.915646721E-06
    1904   3.911535806E-06
    1905   3.907431361E-06
    1906   4.018583702E-06
    1907   4.014371350E-06
    1908   4.010165618E-06
    1909   4.005966491E-06
    1910   4.001773957E-06
    1911   3.992509621E-06
    1912   3.988335538E-06
    1913   3.984167999E-06
    1914   3.980006988E-06
    1915   3.975852492E-06
    1916   4.061666044E-06
    1917   4.057430730E-06
    1918   4.053202037E-06
    1919   4.048979951E-06
    1920   4.044764459E-06
    1921   4.125448472E-06
    1922   4.121157834E-06
    1923   4.116873886E-06
    1924   4.112596614E-06
    1925   4.108326005E-06
    1926   4.238455134E-06
    1927   4.234058396E-06
    1928   4.229668496E-06
    1929   4.225285420E-06
    1930   4.220909154E-06
    1931   4.425598469E-06
    1932   4.421019474E-06
    1933   4.416447582E-06
    1934   4.411882778E-06
    1935   4.407325048E-06
    1936   4.394387794E-06
    1937   4.389852822E-06
    1938   4.385324866E-06
    1939   4.380803913E-06
    1940   4.376289947E-06
    1941   4.396229911E-06
    1942   4.391704713E-06
    1943   4.387186499E-06
    1944   4.382675253E-06
    1945   4.378170962E-06
    1946   4.435023277E-06
    1947   4.430469865E-06
    1948   4.425923461E-06
    1949   4.421384053E-06
    1950   4.416851624E-06
    1951   4.307306091E-06
    1952   4.302895127E-06
    1953   4.298490935E-06
    1954   4.294093502E-06
    1955   4.289702813E-06
    1956   4.471022418E-06
    1957   4.466455490E-06
    1958   4.461895556E-06
    1959   4.457342601E-06
    1960   4.452796612E-06
    1961   4.324672921E-06
    1962   4.320266733E-06
    1963   4.315867277E-06
    1964   4.311474536E-06
    1965   4.307088499E-06
    1966   4.498733335E-06
    1967   4.494161451E-06
    1968   4.489596533E-06
    1969   4.485038567E-06
    1970   4.480487539E-06
    1971   4.620699815E-06
    1972   4.616015882E-06
    1973   4.611339067E-06
    1974   4.606669357E-06
    1975   4.602006736E-06
    1976   4.634326604E-06
    1977   4.629640733E-06
    1978   4.624961965E-06
    1979   4.620290286E-06
    1980   4.615625682E-06
    1981   4.802453074E-06
    1982   4.797609450E-06
    1983   4.792773150E-06
    1984   4.787944160E-06
    1985   4.783122464E-06
    1986   4.776111484E-06
    1987   4.771306543E-06
    1988   4.766508849E-06
    1989   4.761718388E-06
    1990   4.756935145E-06
    1991   5.037631432E-06
    1992   5.032576107E-06
    1993   5.027528388E-06
    1994   5.022488259E-06
    1995   5.017455706E-06
    1996   5.000510858E-06
    1997   4.995505341E-06
    1998   4.990507337E-06
    1999   4.985516830E-06
    2000   4.980533804E-06
    2001   4.886883368E-06
    2002   4.882003804E-06
    2003   4.877131545E-06
    2004   4.872266576E-06
    2005   4.867408882E-06
    2006   4.906768399E-06
    2007   4.901881180E-06
    2008   4.897001258E-06
    2009   4.892128620E-06
    2010   4.887263251E-06
    2011   4.804593030E-06
    2012   4.799819465E-06
    2013   4.795053011E-06
    2014   4.790293653E-06
    2015   4.785541378E-06
    2016   4.924133057E-06
    2017   4.919252846E-06
    2018   4.914379886E-06
    2019   4.909514163E-06
    2020   4.904655663E-06
    2021   4.954271087E-06
    2022   4.949373143E-06
    2023   4.944482458E-06
    2024   4.939599018E-06
    2025   4.934722810E-06
    2026   5.048442818E-06
    2027   5.043464077E-06
    2028   5.038492698E-06
    2029   5.033528666E-06
    2030   5.028571966E-06
    2031   5.269322759E-06
    2032   5.264138969E-06
    2033   5.258962824E-06
    2034   5.253794310E-06
    2035   5.248633412E-06
    2036   5.138479420E-06
    2037   5.133436752E-06
    2038   5.128401502E-06
    2039   5.123373658E-06
    2040   5.118353203E-06
    2041   5.211946134E-06
    2042   5.206843886E-06
    2043   5.201749127E-06
    2044   5.196661842E-06
    2045   5.191582016E-06
    2046   4.976220320E-06
    2047   4.971360730E-06
    2048   4.966508255E-06
    2049   4.961662881E-06
    2050   4.956824594E-06
    2051   4.969499250E-06
    2052   4.964658043E-06
    2053   4.959823907E-06
    2054   4.954996828E-06
    2055   4.950176792E-06
    2056   5.173850026E-06
    2057   5.168821989E-06
    2058   5.163801278E-06
    2059   5.158787879E-06
    2060   5.153781777E-06
    2061   5.490490442E-06
    2062   5.485167620E-06
    2063   5.479852535E-06
    2064   5.474545172E-06
    2065   5.469245516E-06
    2066   5.936150798E-06
    2067   5.930409840E-06
    2068   5.924677206E-06
    2069   5.918952880E-06
    2070   5.913236846E-06
    2071   6.140347615E-06
    2072   6.134423498E-06
    2073   6.128507950E-06
    2074   6.122600954E-06
    2075   6.116702495E-06
    2076   6.448484240E-06
    2077   6.442277806E-06
    2078   6.436080329E-06
    2079   6.429891790E-06
    2080   6.423712173E-06
    2081   6.470881934E-06
    2082   6.464668894E-06
    2083   6.458464797E-06
    2084   6.452269627E-06
    2085   6.446083366E-06
    2086   6.498329248E-06
    2087   6.492104795E-06
    2088   6.485889280E-06
    2089   6.479682688E-06
    2090   6.473485000E-06
    2091   6.323480788E-06
    2092   6.317438283E-06
    2093   6.311404436E-06
    2094   6.305379229E-06
    2095   6.299362646E-06
    2096   6.271915594E-06
    2097   6.265936647E-06
    2098   6.259966245E-06
    2099   6.254004372E-06
    2100   6.248051012E-06
    2101   6.022321747E-06
    2102   6.016594385E-06
    2103   6.010875188E-06
    2104   6.005164143E-06
    2105   5.999461233E-06
    2106   5.456863808E-06
    2107   5.451686518E-06
    2108   5.446516593E-06
    2109   5.441354018E-06
    2110   5.436198779E-06
    2111   5.250761637E-06
    2112   5.245791679E-06
    2113   5.240828772E-06
    2114   5.235872906E-06
    2115   5.230924066E-06
    2116   5.251640164E-06
    2117   5.246681108E-06
    2118   5.241729073E-06
    2119   5.236784045E-06
    2120   5.231846012E-06
    2121   5.865729649E-06
    2122   5.860203761E-06
    2123   5.854685679E-06
    2124   5.849175386E-06
    2125   5.843672869E-06
    2126   6.995921440E-06
    2127   6.989346326E-06
    2128   6.982780477E-06
    2129   6.976223875E-06
    2130   6.969676504E-06
    2131   8.532252096E-06
    2132   8.524251860E-06
    2133   8.516262870E-06
    2134   8.508285106E-06
    2135   8.500318547E-06
    2136   1.000134621E-05
    2137   9.991990415E-06
    2138   9.982647741E-06
    2139   9.973318163E-06
    2140   9.964001659E-06
    2141   1.065370859E-05
    2142   1.064376579E-05
    2143   1.063383690E-05
    2144   1.062392190E-05
    2145   1.061402077E-05
    2146   1.087355948E-05
    2147   1.086343512E-05
    2148   1.085332490E-05
    2149   1.084322878E-05
    2150   1.083314675E-05
    2151   1.078243270E-05
    2152   1.077241650E-05
    2153   1.076241426E-05
    2154   1.075242594E-05
    2155   1.074245152E-05
    2156   1.135913624E-05
    2157   1.134860878E-05
    2158   1.133809594E-05
    2159   1.132759770E-05
    2160   1.131711404E-05
    2161   1.319126147E-05
    2162   1.317906428E-05
    2163   1.316688400E-05
    2164   1.315472060E-05
    2165   1.314257404E-05
    2166   1.453408701E-05
    2167   1.452067918E-05
    2168   1.450728989E-05
    2169   1.449391912E-05
    2170   1.448056682E-05
    2171   1.570932392E-05
    2172   1.569486527E-05
    2173   1.568042658E-05
    2174   1.566600779E-05
    2175   1.565160889E-05
    2176   1.508569285E-05
    2177   1.507184005E-05
    2178   1.505800633E-05
    2179   1.504419165E-05
    2180   1.503039596E-05
    2181   1.294989523E-05
    2182   1.293803092E-05
    2183   1.292618290E-05
    2184   1.291435116E-05
    2185   1.290253565E-05
    2186   8.839532320E-06
    2187   8.831452309E-06
    2188   8.823383371E-06
    2189   8.815325487E-06
    2190   8.807278636E-06
    2191   3.187997935E-06
    2192   3.185090504E-06
    2193   3.182187049E-06
    2194   3.179287562E-06
    2195   3.176392036E-06
    2196  -3.839060836E-06
    2197  -3.835567605E-06
    2198  -3.832079140E-06
    2199  -3.828595432E-06
    2200  -3.825116472E-06
    2201  -1.146080719E-05
    2202  -1.145040246E-05
    2203  -1.144001190E-05
    2204  -1.142963547E-05
    2205  -1.141927315E-05
    2206  -1.880434971E-05
    2207  -1.878731679E-05
    2208  -1.877030699E-05
    2209  -1.875332029E-05
    2210  -1.873635663E-05
    2211  -2.407005367E-05
    2212  -2.404830034E-05
    2213  -2.402657649E-05
    2214  -2.400488207E-05
    2215  -2.398321701E-05
    2216  -2.687302294E-05
    2217  -2.684879118E-05
    2218  -2.682459218E-05
    2219  -2.680042588E-05
    2220  -2.677629223E-05
    2221  -2.593008053E-05
    2222  -2.590675162E-05
    2223  -2.588345418E-05
    2224  -2.586018816E-05
    2225  -2.583695349E-05
    2226  -1.485568636E-05
    2227  -1.484235092E-05
    2228  -1.482903342E-05
    2229  -1.481573384E-05
    2230  -1.480245214E-05
    2231   7.423751625E-06
    2232   7.417102497E-06
    2233   7.410462298E-06
    2234   7.403831012E-06
    2235   7.397208623E-06
    2236   4.276693091E-05
    2237   4.272871203E-05
    2238   4.269054435E-05
    2239   4.265242779E-05
    2240   4.261436226E-05
    2241   8.919017294E-05
    2242   8.911064537E-05
    2243   8.903122411E-05
    2244   8.895190899E-05
    2245   8.887269981E-05
    2246   1.529060652E-04
    2247   1.527700278E-04
    2248   1.526341718E-04
    2249   1.524984970E-04
    2250   1.523630030E-04
    2251   2.115785440E-04
    2252   2.113907246E-04
    2253   2.112031552E-04
    2254   2.110158354E-04
    2255   2.108287646E-04
    2256   2.715647793E-04
    2257   2.713242437E-04
    2258   2.710840274E-04
    2259   2.708441301E-04
    2260   2.706045510E-04
    2261   3.115539628E-04
    2262   3.112786169E-04
    2263   3.110036357E-04
    2264   3.107290189E-04
    2265   3.104547655E-04
    2266   3.410307662E-04
    2267   3.407300336E-04
    2268   3.404296986E-04
    2269   3.401297605E-04
    2270   3.398302187E-04
    2271   3.462051458E-04
    2272   3.459005218E-04
    2273   3.455962997E-04
    2274   3.452924788E-04
    2275   3.449890584E-04
    2276   2.857266644E-04
    2277   2.854758070E-04
    2278   2.852252797E-04
    2279   2.849750821E-04
    2280   2.847252135E-04
    2281   1.549120269E-04
    2282   1.547763177E-04
    2283   1.546407868E-04
    2284   1.545054338E-04
    2285   1.543702584E-04
    2286  -1.062351990E-04
    2287  -1.061423361E-04
    2288  -1.060495949E-04
    2289  -1.059569751E-04
    2290  -1.058644767E-04
    2291  -5.187319080E-04
    2292  -5.182794597E-04
    2293  -5.178276032E-04
    2294  -5.173763373E-04
    2295  -5.169256611E-04
    2296  -1.070469676E-03
    2297  -1.069538023E-03
    2298  -1.068607585E-03
    2299  -1.067678361E-03
    2300  -1.066750349E-03
    2301  -1.634480253E-03
    2302  -1.633060817E-03
    2303  -1.631643230E-03
    2304  -1.630227487E-03
    2305  -1.628813587E-03
    2306  -2.173894869E-03
    2307  -2.172011078E-03
    2308  -2.170129735E-03
    2309  -2.168250834E-03
    2310  -2.166374373E-03
    2311  -2.413319502E-03
    2312  -2.411232758E-03
    2313  -2.409148719E-03
    2314  -2.407067381E-03
    2315  -2.404988739E-03
    2316  -2.499662489E-03
    2317  -2.497505748E-03
    2318  -2.495351798E-03
    2319  -2.493200632E-03
    2320  -2.491052248E-03
    2321  -2.307658571E-03
    2322  -2.305671779E-03
    2323  -2.303687552E-03
    2324  -2.301705886E-03
    2325  -2.299726775E-03
    2326  -1.790373207E-03
    2327  -1.788835085E-03
    2328  -1.787298945E-03
    2329  -1.785764783E-03
    2330  -1.784232595E-03
    2331  -7.276828309E-04
    2332  -7.270590137E-04
    2333  -7.264359982E-04
    2334  -7.258137833E-04
    2335  -7.251923673E-04
    2336   1.248999145E-03
    2337   1.247930712E-03
    2338   1.246863648E-03
    2339   1.245797953E-03
    2340   1.244733623E-03
    2341   4.487490864E-03
    2342   4.483660313E-03
    2343   4.479834664E-03
    2344   4.476013910E-03
    2345   4.472198041E-03
    2346   8.900313068E-03
    2347   8.892731881E-03
    2348   8.885160377E-03
    2349   8.877598538E-03
    2350   8.870046349E-03
    2351   1.404430793E-02
    2352   1.403237057E-02
    2353   1.402044842E-02
    2354   1.400854145E-02
    2355   1.399664965E-02
    2356   1.814766878E-02
    2357   1.813227635E-02
    2358   1.811690350E-02
    2359   1.810155020E-02
    2360   1.808621640E-02
    2361   2.117376612E-02
    2362   2.115584503E-02
    2363   2.113794668E-02
    2364   2.112007104E-02
    2365   2.110221807E-02
    2366   2.329138480E-02
    2367   2.327171302E-02
    2368   2.325206616E-02
    2369   2.323244416E-02
    2370   2.321284699E-02
    2371   2.383523508E-02
    2372   2.381514638E-02
    2373   2.379508308E-02
    2374   2.377504511E-02
    2375   2.375503245E-02
    2376   2.380484261E-02
    2377   2.378482172E-02
    2378   2.376482607E-02
    2379   2.374485563E-02
    2380   2.372491035E-02
    2381   2.310522314E-02
    2382   2.308583143E-02
    2383   2.306646413E-02
    2384   2.304712118E-02
    2385   2.302780255E-02
    2386   2.103413689E-02
    2387   2.101652036E-02
    2388   2.099892595E-02
    2389   2.098135363E-02
    2390   2.096380335E-02
    2391   1.829580582E-02
    2392   1.828051472E-02
    2393   1.826524278E-02
    2394   1.824998997E-02
    2395   1.823475625E-02
    2396   1.351606114E-02
    2397   1.350478836E-02
    2398   1.349352968E-02
    2399   1.348228507E-02
    2400   1.347105451E-02
    2401   8.666576307E-03
    2402   8.659363177E-03
    2403   8.652159047E-03
    2404   8.644963905E-03
    2405   8.637777734E-03
    2406   4.138751612E-03
    2407   4.135314110E-03
    2408   4.131880890E-03
    2409   4.128451943E-03
    2410   4.125027263E-03
    2411   9.761045145E-04
    2412   9.752954764E-04
    2413   9.744874437E-04
    2414   9.736804148E-04
    2415   9.728743879E-04
    2416  -9.795623352E-04
    2417  -9.787521099E-04
    2418  -9.779428895E-04
    2419  -9.771346722E-04
    2420  -9.763274565E-04
    2421  -1.998540176E-03
    2422  -1.996890535E-03
    2423  -1.995242936E-03
    2424  -1.993597375E-03
    2425  -1.991953848E-03
    2426  -2.547403330E-03
    2427  -2.545304975E-03
    2428  -2.543209211E-03
    2429  -2.541116035E-03
    2430  -2.539025442E-03
    2431  -2.655464104E-03
    2432  -2.653281231E-03
    2433  -2.651101049E-03
    2434  -2.648923554E-03
    2435  -2.646748740E-03
    2436  -2.622001853E-03
    2437  -2.619850908E-03
    2438  -2.617702609E-03
    2439  -2.615556951E-03
    2440  -2.613413930E-03
    2441  -2.292582199E-03
    2442  -2.290705341E-03
    2443  -2.288830787E-03
    2444  -2.286958532E-03
    2445  -2.285088574E-03
    2446  -1.749046475E-03
    2447  -1.747617516E-03
    2448  -1.746190307E-03
    2449  -1.744764845E-03
    2450  -1.743341128E-03
    2451  -1.150393630E-03
    2452  -1.149455682E-03
    2453  -1.148518880E-03
    2454  -1.147583223E-03
    2455  -1.146648709E-03
    2456  -5.722474722E-04
    2457  -5.717818518E-04
    2458  -5.713167995E-04
    2459  -5.708523143E-04
    2460  -5.703883953E-04
    2461  -1.540921549E-04
    2462  -1.539670294E-04
    2463  -1.538420561E-04
    2464  -1.537172350E-04
    2465  -1.535925657E-04
    2466   1.101274745E-04
    2467   1.100382302E-04
    2468   1.099490943E-04
    2469   1.098600667E-04
    2470   1.097711472E-04
    2471   2.468400655E-04
    2472   2.466404375E-04
    2473   2.464410515E-04
    2474   2.462419073E-04
    2475   2.460430043E-04
    2476   3.052580436E-04
    2477   3.050116691E-04
    2478   3.047655927E-04
    2479   3.045198140E-04
    2480   3.042743325E-04
    2481   3.022032164E-04
    2482   3.019597985E-04
    2483   3.017166747E-04
    2484   3.014738444E-04
    2485   3.012313071E-04
    2486   2.813996285E-04
    2487   2.811734230E-04
    2488   2.809474902E-04
    2489   2.807218295E-04
    2490   2.804964407E-04
    2491   2.364240882E-04
    2492   2.362344178E-04
    2493   2.360449756E-04
    2494   2.358557612E-04
    2495   2.356667742E-04
    2496   1.798551824E-04
    2497   1.797111830E-04
    2498   1.795673565E-04
    2499   1.794237027E-04
    2500   1.792802211E-04
    2501   1.147739732E-04
    2502   1.146822641E-04
    2503   1.145906649E-04
    2504   1.144991753E-04
    2505   1.144077953E-04
    2506   5.371727013E-05
    2507   5.367443339E-05
    2508   5.363164787E-05
    2509   5.358891349E-05
    2510   5.354623017E-05
    2511   7.141366033E-06
    2512   7.135682495E-06
    2513   7.130005739E-06
    2514   7.124335754E-06
    2515   7.118672530E-06
    2516  -2.701315625E-05
    2517  -2.699170021E-05
    2518  -2.697026972E-05
    2519  -2.694886474E-05
    2520  -2.692748524E-05
    2521  -4.859086480E-05
    2522  -4.855234647E-05
    2523  -4.851387393E-05
    2524  -4.847544710E-05
    2525  -4.843706591E-05
    2526  -5.705634122E-05
    2527  -5.701120171E-05
    2528  -5.696611574E-05
    2529  -5.692108324E-05
    2530  -5.687610411E-05
    2531  -5.815367248E-05
    2532  -5.810775564E-05
    2533  -5.806189317E-05
    2534  -5.801608497E-05
    2535  -5.797033096E-05
    2536  -5.507138175E-05
    2537  -5.502798428E-05
    2538  -5.498463809E-05
    2539  -5.494134310E-05
    2540  -5.489809923E-05
    2541  -4.766613117E-05
    2542  -4.762864306E-05
    2543  -4.759119916E-05
    2544  -4.755379939E-05
    2545  -4.751644370E-05
    2546  -3.856146469E-05
    2547  -3.853119667E-05
    2548  -3.850096426E-05
    2549  -3.847076743E-05
    2550  -3.844060611E-05
    2551  -2.780344397E-05
    2552  -2.778166297E-05
    2553  -2.775990755E-05
    2554  -2.773817769E-05
    2555  -2.771647332E-05
    2556  -1.872781715E-05
    2557  -1.871317460E-05
    2558  -1.869854922E-05
    2559  -1.868394098E-05
    2560  -1.866934985E-05
    2561  -1.156259183E-05
    2562  -1.155356913E-05
    2563  -1.154455699E-05
    2564  -1.153555538E-05
    2565  -1.152656431E-05
    2566  -6.660525691E-06
    2567  -6.655338366E-06
    2568  -6.650157098E-06
    2569  -6.644981878E-06
    2570  -6.639812698E-06
    2571  -3.941084255E-06
    2572  -3.938020839E-06
    2573  -3.934960994E-06
    2574  -3.931904713E-06
    2575  -3.928851992E-06
    2576  -3.028706950E-06
    2577  -3.026357294E-06
    2578  -3.024010371E-06
    2579  -3.021666176E-06
    2580  -3.019324707E-06
    2581  -3.588645531E-06
    2582  -3.585866867E-06
    2583  -3.583091428E-06
    2584  -3.580319210E-06
    2585  -3.577550208E-06
    2586  -4.591579089E-06
    2587  -4.588030728E-06
    2588  -4.584486479E-06
    2589  -4.580946335E-06
    2590  -4.577410290E-06
    2591  -5.273958938E-06
    2592  -5.269891095E-06
    2593  -5.265827956E-06
    2594  -5.261769514E-06
    2595  -5.257715763E-06
    2596  -5.391507744E-06
    2597  -5.387357238E-06
    2598  -5.383211522E-06
    2599  -5.379070590E-06
    2600  -5.374934435E-06
    2601  -4.947798581E-06
    2602  -4.943996968E-06
    2603  -4.940199736E-06
    2604  -4.936406876E-06
    2605  -4.932618382E-06
    2606  -4.852714015E-06
    2607  -4.848992609E-06
    2608  -4.845275482E-06
    2609  -4.841562627E-06
    2610  -4.837854038E-06
    2611  -5.050578978E-06
    2612  -5.046713246E-06
    2613  -5.042851950E-06
    2614  -5.038995085E-06
    2615  -5.035142642E-06
    2616  -5.939273927E-06
    2617  -5.934736667E-06
    2618  -5.930204604E-06
    2619  -5.925677730E-06
    2620  -5.921156038E-06
    2621  -6.828862931E-06
    2622  -6.823656021E-06
    2623  -6.818455063E-06
    2624  -6.813260050E-06
    2625  -6.808070972E-06
    2626  -7.662961773E-06
    2627  -7.657129991E-06
    2628  -7.651304864E-06
    2629  -7.645486381E-06
    2630  -7.639674533E-06
    2631  -8.005478911E-06
    2632  -7.999398031E-06
    2633  -7.993324076E-06
    2634  -7.987257037E-06
    2635  -7.981196903E-06
    2636  -7.737307722E-06
    2637  -7.731441681E-06
    2638  -7.725582309E-06
    2639  -7.719729595E-06
    2640  -7.713883530E-06
    2641  -7.314359997E-06
    2642  -7.308825105E-06
    2643  -7.303296493E-06
    2644  -7.297774151E-06
    2645  -7.292258071E-06
    2646  -6.574144275E-06
    2647  -6.569178909E-06
    2648  -6.564219167E-06
    2649  -6.559265039E-06
    2650  -6.554316518E-06
    2651  -5.849342453E-06
    2652  -5.844932847E-06
    2653  -5.840528225E-06
    2654  -5.836128581E-06
    2655  -5.831733905E-06
    2656  -5.402197749E-06
    2657  -5.398132890E-06
    2658  -5.394072617E-06
    2659  -5.390016923E-06
    2660  -5.385965802E-06
    2661  -4.943047797E-06
    2662  -4.939335407E-06
    2663  -4.935627197E-06
    2664  -4.931923161E-06
    2665  -4.928223294E-06
    2666  -4.902179210E-06
    2667  -4.898504413E-06
    2668  -4.894833747E-06
    2669  -4.891167204E-06
    2670  -4.887504780E-06
    2671  -4.771232616E-06
    2672  -4.767662671E-06
    2673  -4.764096730E-06
    2674  -4.760534788E-06
    2675  -4.756976840E-06
    2676  -4.727489729E-06
    2677  -4.723959117E-06
    2678  -4.720432458E-06
    2679  -4.716909748E-06
    2680  -4.713390979E-06
    2681  -4.918975891E-06
    2682  -4.915309118E-06
    2683  -4.911646444E-06
    2684  -4.907987862E-06
    2685  -4.904333366E-06
    2686  -4.975311875E-06
    2687  -4.971610006E-06
    2688  -4.967912267E-06
    2689  -4.964218652E-06
    2690  -4.960529155E-06
    2691  -5.145322271E-06
    2692  -5.141501014E-06
    2693  -5.137684012E-06
    2694  -5.133871260E-06
    2695  -5.130062750E-06
    2696  -4.882675172E-06
    2697  -4.879055695E-06
    2698  -4.875440240E-06
    2699  -4.871828803E-06
    2700  -4.868221377E-06
    2701  -4.643061457E-06
    2702  -4.639625970E-06
    2703  -4.636194294E-06
    2704  -4.632766424E-06
    2705  -4.629342354E-06
    2706  -4.338322322E-06
    2707  -4.335118243E-06
    2708  -4.331917713E-06
    2709  -4.328720726E-06
    2710  -4.325527276E-06
    2711  -4.065892292E-06
    2712  -4.062894952E-06
    2713  -4.059900925E-06
    2714  -4.056910206E-06
    2715  -4.053922790E-06
    2716  -4.095691909E-06
    2717  -4.092678155E-06
    2718  -4.089667726E-06
    2719  -4.086660617E-06
    2720  -4.083656824E-06
    2721  -3.988609325E-06
    2722  -3.985679755E-06
    2723  -3.982753412E-06
    2724  -3.979830290E-06
    2725  -3.976910385E-06
    2726  -4.113095802E-06
    2727  -4.110080335E-06
    2728  -4.107068184E-06
    2729  -4.104059343E-06
    2730  -4.101053807E-06
    2731  -4.195442412E-06
    2732  -4.192372201E-06
    2733  -4.189305360E-06
    2734  -4.186241882E-06
    2735  -4.183181764E-06
    2736  -4.055761633E-06
    2737  -4.052799061E-06
    2738  -4.049839734E-06
    2739  -4.046883646E-06
    2740  -4.043930794E-06
    2741  -4.092219646E-06
    2742  -4.089235891E-06
    2743  -4.086255398E-06
    2744  -4.083278163E-06
    2745  -4.080304180E-06
    2746  -3.844924934E-06
    2747  -3.842126590E-06
    2748  -3.839331299E-06
    2749  -3.836539058E-06
    2750  -3.833749862E-06
    2751  -3.805719210E-06
    2752  -3.802954430E-06
    2753  -3.800192662E-06
    2754  -3.797433902E-06
    2755  -3.794678144E-06
    2756  -3.710260860E-06
    2757  -3.707570316E-06
    2758  -3.704882697E-06
    2759  -3.702197999E-06
    2760  -3.699516219E-06
    2761  -3.656119498E-06
    2762  -3.653473013E-06
    2763  -3.650829400E-06
    2764  -3.648188655E-06
    2765  -3.645550775E-06
    2766  -3.732263157E-06
    2767  -3.729566435E-06
    2768  -3.726872635E-06
    2769  -3.724181752E-06
    2770  -3.721493782E-06
    2771  -3.691863127E-06
    2772  -3.689200405E-06
    2773  -3.686540564E-06
    2774  -3.683883598E-06
    2775  -3.681229503E-06
    2776  -3.839617449E-06
    2777  -3.836853145E-06
    2778  -3.834091826E-06
    2779  -3.831333486E-06
    2780  -3.828578123E-06
    2781  -3.784448964E-06
    2782  -3.781729274E-06
    2783  -3.779012514E-06
    2784  -3.776298681E-06
    2785  -3.773587770E-06
    2786  -3.812493704E-06
    2787  -3.809758773E-06
    2788  -3.807026784E-06
    2789  -3.804297732E-06
    2790  -3.801571614E-06
    2791  -3.780802529E-06
    2792  -3.778095188E-06
    2793  -3.775390753E-06
    2794  -3.772689221E-06
    2795  -3.769990588E-06
    2796  -3.644115047E-06
    2797  -3.641510247E-06
    2798  -3.638908239E-06
    2799  -3.636309019E-06
    2800  -3.633712583E-06
    2801  -3.512698479E-06
    2802  -3.510192094E-06
    2803  -3.507688391E-06
    2804  -3.505187365E-06
    2805  -3.502689014E-06
    2806  -3.295452016E-06
    2807  -3.293104828E-06
    2808  -3.290760147E-06
    2809  -3.288417969E-06
    2810  -3.286078290E-06
    2811  -3.229370399E-06
    2812  -3.227074366E-06
    2813  -3.224780781E-06
    2814  -3.222489640E-06
    2815  -3.220200940E-06
    2816  -3.242815376E-06
    2817  -3.240513875E-06
    2818  -3.238214822E-06
    2819  -3.235918216E-06
    2820  -3.233624052E-06
    2821  -3.258555640E-06
    2822  -3.256247064E-06
    2823  -3.253940940E-06
    2824  -3.251637265E-06
    2825  -3.249336035E-06
    2826  -3.286614076E-06
    2827  -3.284289738E-06
    2828  -3.281967864E-06
    2829  -3.279648452E-06
    2830  -3.277331498E-06
    2831  -3.304042882E-06
    2832  -3.301710342E-06
    2833  -3.299380271E-06
    2834  -3.297052666E-06
    2835  -3.294727523E-06
    2836  -3.322524762E-06
    2837  -3.320183307E-06
    2838  -3.317844326E-06
    2839  -3.315507816E-06
    2840  -3.313173773E-06
    2841  -3.281157013E-06
    2842  -3.278848777E-06
    2843  -3.276542976E-06
    2844  -3.274239607E-06
    2845  -3.271938666E-06
    2846  -3.175130097E-06
    2847  -3.172900371E-06
    2848  -3.170672992E-06
    2849  -3.168447959E-06
    2850  -3.166225266E-06
    2851  -3.052223298E-06
    2852  -3.050083639E-06
    2853  -3.047946229E-06
    2854  -3.045811066E-06
    2855  -3.043678145E-06
    2856  -2.970734230E-06
    2857  -2.968655339E-06
    2858  -2.966578631E-06
    2859  -2.964504100E-06
    2860  -2.962431745E-06
    2861  -2.937022993E-06
    2862  -2.934971283E-06
    2863  -2.932921722E-06
    2864  -2.930874307E-06
    2865  -2.928829036E-06
    2866  -2.922297814E-06
    2867  -2.920259949E-06
    2868  -2.918224216E-06
    2869  -2.916190610E-06
    2870  -2.914159129E-06
    2871  -2.935377683E-06
    2872  -2.933334259E-06
    2873  -2.931292969E-06
    2874  -2.929253809E-06
    2875  -2.927216775E-06
    2876  -2.927175219E-06
    2877  -2.925141046E-06
    2878  -2.923108992E-06
    2879  -2.921079055E-06
    2880  -2.919051232E-06
    2881  -2.960808039E-06
    2882  -2.958754062E-06
    2883  -2.956702222E-06
    2884  -2.954652515E-06
    2885  -2.952604939E-06
    2886  -2.966956957E-06
    2887  -2.964902277E-06
    2888  -2.962849732E-06
    2889  -2.960799317E-06
    2890  -2.958751029E-06
    2891  -2.899979287E-06
    2892  -2.897974462E-06
    2893  -2.895971716E-06
    2894  -2.893971044E-06
    2895  -2.891972446E-06
    2896  -2.804507579E-06
    2897  -2.802572102E-06
    2898  -2.800638626E-06
    2899  -2.798707152E-06
    2900  -2.796777674E-06
    2901  -2.660717075E-06
    2902  -2.658883994E-06
    2903  -2.657052806E-06
    2904  -2.655223510E-06
    2905  -2.653396102E-06
    2906  -2.601978367E-06
    2907  -2.600188836E-06
    2908  -2.598401150E-06
    2909  -2.596615308E-06
    2910  -2.594831305E-06
    2911  -2.531511638E-06
    2912  -2.529773559E-06
    2913  -2.528037270E-06
    2914  -2.526302768E-06
    2915  -2.524570050E-06
    2916  -2.507768023E-06
    2917  -2.506049196E-06
    2918  -2.504332136E-06
    2919  -2.502616840E-06
    2920  -2.500903306E-06
    2921  -2.560948362E-06
    2922  -2.559196088E-06
    2923  -2.557445612E-06
    2924  -2.555696931E-06
    2925  -2.553950043E-06
    2926  -2.518261087E-06
    2927  -2.516540964E-06
    2928  -2.514822602E-06
    2929  -2.513105999E-06
    2930  -2.511391154E-06
    2931  -2.572794471E-06
    2932  -2.571040094E-06
    2933  -2.569287510E-06
    2934  -2.567536718E-06
    2935  -2.565787715E-06
    2936  -2.512845463E-06
    2937  -2.511134881E-06
    2938  -2.509426044E-06
    2939  -2.507718952E-06
    2940  -2.506013601E-06
    2941  -2.458643245E-06
    2942  -2.456972404E-06
    2943  -2.455303265E-06
    2944  -2.453635826E-06
    2945  -2.451970086E-06
    2946  -2.407085532E-06
    2947  -2.405452502E-06
    2948  -2.403821134E-06
    2949  -2.402191425E-06
    2950  -2.400563372E-06
    2951  -2.211830205E-06
    2952  -2.210332182E-06
    2953  -2.208835681E-06
    2954  -2.207340699E-06
    2955  -2.205847235E-06
    2956  -2.139727806E-06
    2957  -2.138281066E-06
    2958  -2.136835793E-06
    2959  -2.135391985E-06
    2960  -2.133949640E-06
    2961  -2.054219983E-06
    2962  -2.052833401E-06
    2963  -2.051448224E-06
    2964  -2.050064447E-06
    2965  -2.048682071E-06
    2966  -2.045723993E-06
    2967  -2.044345473E-06
    2968  -2.042968346E-06
    2969  -2.041592610E-06
    2970  -2.040218263E-06
    2971  -2.042641288E-06
    2972  -2.041267160E-06
    2973  -2.039894418E-06
    2974  -2.038523061E-06
    2975  -2.037153085E-06
    2976  -2.005926328E-06
    2977  -2.004579164E-06
    2978  -2.003233358E-06
    2979  -2.001888906E-06
    2980  -2.000545807E-06
    2981  -2.062316070E-06
    2982  -2.060933357E-06
    2983  -2.059552035E-06
    2984  -2.058172101E-06
    2985  -2.056793553E-06
    2986  -2.025097169E-06
    2987  -2.023741682E-06
    2988  -2.022387556E-06
    2989  -2.021034788E-06
    2990  -2.019683378E-06
    2991  -1.990291572E-06
    2992  -1.988961608E-06
    2993  -1.987632976E-06
    2994  -1.986305676E-06
    2995  -1.984979704E-06
    2996  -1.894194923E-06
    2997  -1.892931284E-06
    2998  -1.891668909E-06
    2999  -1.890407796E-06
    3000  -1.889147944E-06
    3001  -1.773732976E-06
    3002  -1.772551669E-06
    3003  -1.771371541E-06
    3004  -1.770192592E-06
    3005  -1.769014819E-06
    3006  -1.754209578E-06
    3007  -1.753043215E-06
    3008  -1.751878016E-06
    3009  -1.750713977E-06
    3010  -1.749551098E-06
    3011  -1.682415396E-06
    3012  -1.681298625E-06
    3013  -1.680182966E-06
    3014  -1.679068416E-06
    3015  -1.677954976E-06
    3016  -1.669474173E-06
    3017  -1.668367829E-06
    3018  -1.667262583E-06
    3019  -1.666158436E-06
    3020  -1.665055385E-06
    3021  -1.661659485E-06
    3022  -1.660560140E-06
    3023  -1.659461886E-06
    3024  -1.658364721E-06
    3025  -1.657268644E-06
    3026  -1.648577501E-06
    3027  -1.647488613E-06
    3028  -1.646400802E-06
    3029  -1.645314069E-06
    3030  -1.644228412E-06
    3031  -1.696870867E-06
    3032  -1.695751928E-06
    3033  -1.694634095E-06
    3034  -1.693517368E-06
    3035  -1.692401743E-06
    3036  -1.652862303E-06
    3037  -1.651774178E-06
    3038  -1.650687126E-06
    3039  -1.649601148E-06
    3040  -1.648516241E-06
    3041  -1.605247131E-06
    3042  -1.604192088E-06
    3043  -1.603138086E-06
    3044  -1.602085122E-06
    3045  -1.601033194E-06
    3046  -1.507588221E-06
    3047  -1.506598990E-06
    3048  -1.505610732E-06
    3049  -1.504623446E-06
    3050  -1.503637131E-06
    3051  -1.423310771E-06
    3052  -1.422378369E-06
    3053  -1.421446884E-06
    3054  -1.420516313E-06
    3055  -1.419586656E-06
    3056  -1.348986197E-06
    3057  -1.348103930E-06
    3058  -1.347222528E-06
    3059  -1.346341990E-06
    3060  -1.345462316E-06
    3061  -1.279883312E-06
    3062  -1.279047606E-06
    3063  -1.278212719E-06
    3064  -1.277378649E-06
    3065  -1.276545395E-06
    3066  -1.263292306E-06
    3067  -1.262468777E-06
    3068  -1.261646054E-06
    3069  -1.260824135E-06
    3070  -1.260003019E-06
    3071  -1.253272178E-06
    3072  -1.252456511E-06
    3073  -1.251641640E-06
    3074  -1.250827564E-06
    3075  -1.250014282E-06
    3076  -1.259836930E-06
    3077  -1.259018323E-06
    3078  -1.258200513E-06
    3079  -1.257383500E-06
    3080  -1.256567282E-06
    3081  -1.236435784E-06
    3082  -1.235633685E-06
    3083  -1.234832366E-06
    3084  -1.234031826E-06
    3085  -1.233232065E-06
    3086  -1.216693674E-06
    3087  -1.215905660E-06
    3088  -1.215118411E-06
    3089  -1.214331926E-06
    3090  -1.213546205E-06
    3091  -1.197898815E-06
    3092  -1.197124228E-06
    3093  -1.196350392E-06
    3094  -1.195577306E-06
    3095  -1.194804969E-06
    3096  -1.118659455E-06
    3097  -1.117937274E-06
    3098  -1.117215791E-06
    3099  -1.116495007E-06
    3100  -1.115774920E-06
    3101  -1.061871635E-06
    3102  -1.061187219E-06
    3103  -1.060503465E-06
    3104  -1.059820371E-06
    3105  -1.059137936E-06
    3106  -9.807153252E-07
    3107  -9.800842342E-07
    3108  -9.794537522E-07
    3109  -9.788238784E-07
    3110  -9.781946120E-07
    3111  -9.674467316E-07
    3112  -9.668251789E-07
    3113  -9.662042251E-07
    3114  -9.655838692E-07
    3115  -9.649641106E-07
    3116  -9.400811601E-07
    3117  -9.394781574E-07
    3118  -9.388757347E-07
    3119  -9.382738913E-07
    3120  -9.376726264E-07
    3121  -9.337652539E-07
    3122  -9.331672614E-07
    3123  -9.325698432E-07
    3124  -9.319729985E-07
    3125  -9.313767266E-07
    3126  -9.377758281E-07
    3127  -9.371762272E-07
    3128  -9.365772012E-07
    3129  -9.359787493E-07
    3130  -9.353808708E-07
    3131  -9.236484855E-07
    3132  -9.230588599E-07
    3133  -9.224697988E-07
    3134  -9.218813013E-07
    3135  -9.212933668E-07
    3136  -9.312212416E-07
    3137  -9.306277290E-07
    3138  -9.300347837E-07
    3139  -9.294424048E-07
    3140  -9.288505918E-07
    3141  -8.883031516E-07
    3142  -8.877378935E-07
    3143  -8.871731747E-07
    3144  -8.866089946E-07
    3145  -8.860453525E-07
    3146  -8.447557664E-07
    3147  -8.442190728E-07
    3148  -8.436828905E-07
    3149  -8.431472188E-07
    3150  -8.426120571E-07
    3151  -8.089851127E-07
    3152  -8.084719601E-07
    3153  -8.079592955E-07
    3154  -8.074471185E-07
    3155  -8.069354283E-07
    3156  -7.488312166E-07
    3157  -7.483569727E-07
    3158  -7.478831791E-07
    3159  -7.474098353E-07
    3160  -7.469369407E-07
    3161  -7.228727629E-07
    3162  -7.224156824E-07
    3163  -7.219590353E-07
    3164  -7.215028211E-07
    3165  -7.210470392E-07
    3166  -6.974771639E-07
    3167  -6.970368374E-07
    3168  -6.965969278E-07
    3169  -6.961574344E-07
    3170  -6.957183569E-07
    3171  -6.879743783E-07
    3172  -6.875407355E-07
    3173  -6.871075025E-07
    3174  -6.866746789E-07
    3175  -6.862422641E-07
    3176  -6.805018235E-07
    3177  -6.800735655E-07
    3178  -6.796457118E-07
    3179  -6.792182616E-07
    3180  -6.787912146E-07
    3181  -6.381778603E-07
    3182  -6.377768688E-07
    3183  -6.373762552E-07
    3184  -6.369760190E-07
    3185  -6.365761596E-07
    3186  -6.006584058E-07
    3187  -6.002815812E-07
    3188  -5.999051111E-07
    3189  -5.995289950E-07
    3190  -5.991532326E-07
    3191  -4.936417393E-07
    3192  -4.933325368E-07
    3193  -4.930236248E-07
    3194  -4.927150028E-07
    3195  -4.924066705E-07
    3196  -3.708283254E-07
    3197  -3.705964127E-07
    3198  -3.703647176E-07
    3199  -3.701332396E-07
    3200  -3.699019786E-07
    3201  -2.148432902E-07
    3202  -2.147091389E-07
    3203  -2.145751132E-07
    3204  -2.144412130E-07
    3205  -2.143074381E-07
    3206  -7.832553068E-08
    3207  -7.827669930E-08
    3208  -7.822791357E-08
    3209  -7.817917344E-08
    3210  -7.813047884E-08
    3211   1.259089729E-08
    3212   1.258305982E-08
    3213   1.257522966E-08
    3214   1.256740681E-08
    3215   1.255959126E-08
    3216   6.408344450E-08
    3217   6.404361638E-08
    3218   6.400382538E-08
    3219   6.396407145E-08
    3220   6.392435455E-08
    3221   9.063227697E-08
    3222   9.057603602E-08
    3223   9.051984742E-08
    3224   9.046371108E-08
    3225   9.040762694E-08
    3226   1.007023314E-07
    3227   1.006399384E-07
    3228   1.005776033E-07
    3229   1.005153262E-07
    3230   1.004531068E-07
    3231   1.008118971E-07
    3232   1.007495327E-07
    3233   1.006872263E-07
    3234   1.006249776E-07
    3235   1.005627867E-07
    3236   1.030253855E-07
    3237   1.029617503E-07
    3238   1.028981740E-07
    3239   1.028346566E-07
    3240   1.027711980E-07
    3241   9.879720232E-08
    3242   9.873627280E-08
    3243   9.867539964E-08
    3244   9.861458275E-08
    3245   9.855382207E-08
    3246   9.875023958E-08
    3247   9.868943279E-08
    3248   9.862868213E-08
    3249   9.856798756E-08
    3250   9.850734900E-08
    3251   9.457177719E-08
    3252   9.451363284E-08
    3253   9.445554210E-08
    3254   9.439750490E-08
    3255   9.433952118E-08
    3256   9.057428095E-08
    3257   9.051867979E-08
    3258   9.046312982E-08
    3259   9.040763097E-08
    3260   9.035218317E-08
    3261   8.836692261E-08
    3262   8.831275962E-08
    3263   8.825864641E-08
    3264   8.820458292E-08
    3265   8.815056909E-08
    3266   8.113007600E-08
    3267   8.108042479E-08
    3268   8.103081915E-08
    3269   8.098125902E-08
    3270   8.093174434E-08
    3271   7.890276836E-08
    3272   7.885455402E-08
    3273   7.880638386E-08
    3274   7.875825783E-08
    3275   7.871017586E-08
    3276   7.401070625E-08
    3277   7.396555024E-08
    3278   7.392043554E-08
    3279   7.387536210E-08
    3280   7.383032988E-08
    3281   7.160497710E-08
    3282   7.156135543E-08
    3283   7.151777361E-08
    3284   7.147423158E-08
    3285   7.143072931E-08
    3286   6.897616518E-08
    3287   6.893420888E-08
    3288   6.889229084E-08
    3289   6.885041103E-08
    3290   6.880856939E-08
    3291   6.442443512E-08
    3292   6.438530701E-08
    3293   6.434621453E-08
    3294   6.430715765E-08
    3295   6.426813632E-08
    3296   6.382848541E-08
    3297   6.378977802E-08
    3298   6.375110583E-08
    3299   6.371246879E-08
    3300   6.367386687E-08
    3301   5.983936388E-08
    3302   5.980313054E-08
    3303   5.976693010E-08
    3304   5.973076251E-08
    3305   5.969462775E-08
    3306   5.695360435E-08
    3307   5.691917049E-08
    3308   5.688476784E-08
    3309   5.685039638E-08
    3310   5.681605607E-08
    3311   5.446722373E-08
    3312   5.443434282E-08
    3313   5.440149168E-08
    3314   5.436867026E-08
    3315   5.433587854E-08
    3316   5.118335715E-08
    3317   5.115250522E-08
    3318   5.112168117E-08
    3319   5.109088498E-08
    3320   5.106011661E-08
    3321   4.873084071E-08
    3322   4.870151129E-08
    3323   4.867220833E-08
    3324   4.864293182E-08
    3325   4.861368171E-08
    3326   4.568944665E-08
    3327   4.566198905E-08
    3328   4.563455619E-08
    3329   4.560714805E-08
    3330   4.557976459E-08
    3331   4.247745595E-08
    3332   4.245196693E-08
    3333   4.242650085E-08
    3334   4.240105767E-08
    3335   4.237563737E-08
    3336   3.931351153E-08
    3337   3.928995640E-08
    3338   3.926642243E-08
    3339   3.924290961E-08
    3340   3.921941789E-08
    3341   3.686341084E-08
    3342   3.684135675E-08
    3343   3.681932244E-08
    3344   3.679730790E-08
    3345   3.677531310E-08
    3346   3.478330629E-08
    3347   3.476252773E-08
    3348   3.474176779E-08
    3349   3.472102643E-08
    3350   3.470030365E-08
    3351   3.183276286E-08
    3352   3.181377523E-08
    3353   3.179480458E-08
    3354   3.177585090E-08
    3355   3.175691416E-08
    3356   3.005882018E-08
    3357   3.004091737E-08
    3358   3.002303054E-08
    3359   3.000515969E-08
    3360   2.998730479E-08
    3361   2.803144297E-08
    3362   2.801477247E-08
    3363   2.799811684E-08
    3364   2.798147606E-08
    3365   2.796485011E-08
    3366   2.662877978E-08
    3367   2.661296697E-08
    3368   2.659716824E-08
    3369   2.658138357E-08
    3370   2.656561294E-08
    3371   2.468467720E-08
    3372   2.467004057E-08
    3373   2.465541696E-08
    3374   2.464080634E-08
    3375   2.462620870E-08
    3376   2.308422884E-08
    3377   2.307056145E-08
    3378   2.305690619E-08
    3379   2.304326305E-08
    3380   2.302963201E-08
    3381   2.184726781E-08
    3382   2.183435190E-08
    3383   2.182144743E-08
    3384   2.180855441E-08
    3385   2.179567280E-08
    3386   2.071994446E-08
    3387   2.070771309E-08
    3388   2.069549255E-08
    3389   2.068328282E-08
    3390   2.067108389E-08
    3391   1.955159396E-08
    3392   1.954006930E-08
    3393   1.952855482E-08
    3394   1.951705052E-08
    3395   1.950555638E-08
    3396   1.839833110E-08
    3397   1.838750218E-08
    3398   1.837668282E-08
    3399   1.836587301E-08
    3400   1.835507273E-08
    3401   1.751289396E-08
    3402   1.750260133E-08
    3403   1.749231778E-08
    3404   1.748204330E-08
    3405   1.747177786E-08
    3406   1.646281523E-08
    3407   1.645315395E-08
    3408   1.644350118E-08
    3409   1.643385689E-08
    3410   1.642422109E-08
    3411   1.582887652E-08
    3412   1.581960088E-08
    3413   1.581033339E-08
    3414   1.580107405E-08
    3415   1.579182283E-08
    3416   1.511501543E-08
    3417   1.510617107E-08
    3418   1.509733447E-08
    3419   1.508850562E-08
    3420   1.507968451E-08
    3421   1.428841890E-08
    3422   1.428007043E-08
    3423   1.427172926E-08
    3424   1.426339541E-08
    3425   1.425506885E-08
    3426   1.390626341E-08
    3427   1.389815007E-08
    3428   1.389004382E-08
    3429   1.388194467E-08
    3430   1.387385260E-08
    3431   1.333484440E-08
    3432   1.332707578E-08
    3433   1.331931394E-08
    3434   1.331155888E-08
    3435   1.330381059E-08
    3436   1.295746039E-08
    3437   1.294992260E-08
    3438   1.294239139E-08
    3439   1.293486674E-08
    3440   1.292734866E-08
    3441   1.273571517E-08
    3442   1.272831714E-08
    3443   1.272092555E-08
    3444   1.271354040E-08
    3445   1.270616167E-08
    3446   1.209673710E-08
    3447   1.208972043E-08
    3448   1.208270986E-08
    3449   1.207570539E-08
    3450   1.206870701E-08
    3451   1.210602039E-08
    3452   1.209900850E-08
    3453   1.209200271E-08
    3454   1.208500300E-08
    3455   1.207800936E-08
    3456   1.159298980E-08
    3457   1.158628477E-08
    3458   1.157958556E-08
    3459   1.157289216E-08
    3460   1.156620456E-08
    3461   1.152031528E-08
    3462   1.151366190E-08
    3463   1.150701429E-08
    3464   1.150037244E-08
    3465   1.149373633E-08
    3466   1.127548477E-08
    3467   1.126898218E-08
    3468   1.126248522E-08
    3469   1.125599387E-08
    3470   1.124950814E-08
    3471   1.102690065E-08
    3472   1.102055058E-08
    3473   1.101420599E-08
    3474   1.100786688E-08
    3475   1.100153324E-08
    3476   1.108196223E-08
    3477   1.107558962E-08
    3478   1.106922251E-08
    3479   1.106286089E-08
    3480   1.105650475E-08
    3481   1.080060095E-08
    3482   1.079439905E-08
    3483   1.078820249E-08
    3484   1.078201127E-08
    3485   1.077582538E-08
    3486   1.081554004E-08
    3487   1.080933847E-08
    3488   1.080314223E-08
    3489   1.079695132E-08
    3490   1.079076573E-08
    3491   1.079633242E-08
    3492   1.079015073E-08
    3493   1.078397434E-08
    3494   1.077780325E-08
    3495   1.077163746E-08
    3496   1.079740837E-08
    3497   1.079123490E-08
    3498   1.078506671E-08
    3499   1.077890382E-08
    3500   1.077274620E-08
